Segment 1,Segment 2,Segment 3,Segment 4,Segment 5,Segment 6,Segment 7,Segment 8,Segment 9,Segment 10,Segment 11,Segment 12,Segment 13,Segment 14,Segment 15,Segment 16,Segment 17,Segment 18,Segment 19,Segment 20,Segment 21,Segment 22,Segment 23,Segment 24,Segment 25,Segment 26,Segment 27,Segment 28,Segment 29,Segment 30,Segment 31,Segment 32,Segment 33,Segment 34,Segment 35,Segment 36,Segment 37,Segment 38,Segment 39,Segment 40,Segment 41,Segment 42,Segment 43,Segment 44,Segment 45,Segment 46,Segment 47,Segment 48,Segment 49,Segment 50,Segment 51,Segment 52,Segment 53,Segment 54,Segment 55,Segment 56,Segment 57,Segment 58,Segment 59,Segment 60,Segment 61,Segment 62,Segment 63,Segment 64,Segment 65,Segment 66,Segment 67,Segment 68,Segment 69,Segment 70,Segment 71,Segment 72,Segment 73,Segment 74,Segment 75,Segment 76,Segment 77,Segment 78,Segment 79
0.18534798534798536,0.38168498168498166,0.1076923076923077,0.7076923076923077,0.19316239316239317,0.29743589743589743,0.27765567765567767,0.4095238095238095,0.4796092796092796,0.4166056166056166,0.13235653235653236,0.6280830280830281,0.40805860805860805,0.2507936507936508,0.45885225885225883,0.6207570207570208,0.3562881562881563,0.5721611721611721,0.46715506715506716,0.20927960927960929,0.2993894993894994,0.5929181929181929,0.23443223443223443,0.4695970695970696,0.5201465201465202,0.4117216117216117,0.6256410256410256,0.3474969474969475,0.2004884004884005,0.15189255189255188,0.14188034188034188,0.5106227106227106,0.45714285714285713,0.18534798534798536,0.15946275946275945,0.23296703296703297,0.15384615384615385,0.29426129426129427,0.48644688644688644,0.07521367521367521,0.2903540903540904,0.31355311355311355,0.5306471306471306,0.4261294261294261,0.32063492063492066,0.2920634920634921,0.33015873015873015,0.34945054945054943,0.12942612942612944,0.12136752136752137,0.5018315018315018,0.23321123321123322,0.3426129426129426,0.2105006105006105,0.6261294261294261,0.3992673992673993,0.39487179487179486,0.41782661782661784,0.23443223443223443,0.15897435897435896,0.10622710622710622,0.6153846153846154,0.5877899877899878,0.6122100122100123,0.5396825396825397,0.4800976800976801,0.2744810744810745,0.16483516483516483,0.12527472527472527,0.18021978021978022,0.515018315018315,0.21733821733821734,0.9545787545787546,0.10915750915750916,0.38754578754578756,0.6810744810744811,0.44175824175824174,0.22026862026862026,0.49474969474969477
0.1807081807081807,0.3724053724053724,0.1054945054945055,0.738949938949939,0.1772893772893773,0.28815628815628813,0.2717948717948718,0.39487179487179486,0.49401709401709404,0.4065934065934066,0.14334554334554334,0.6507936507936508,0.39584859584859583,0.24151404151404152,0.44664224664224667,0.6083028083028083,0.3452991452991453,0.5582417582417583,0.5137973137973137,0.2043956043956044,0.2910866910866911,0.6068376068376068,0.2463980463980464,0.5467643467643467,0.5047619047619047,0.4,0.642002442002442,0.3326007326007326,0.22954822954822954,0.147985347985348,0.13821733821733823,0.5362637362637362,0.4432234432234432,0.18021978021978022,0.15653235653235653,0.2275946275946276,0.16800976800976802,0.28595848595848594,0.47545787545787543,0.0735042735042735,0.28205128205128205,0.3045177045177045,0.5125763125763125,0.41367521367521365,0.3440781440781441,0.284004884004884,0.35775335775335776,0.33724053724053726,0.13015873015873017,0.14896214896214896,0.48644688644688644,0.2681318681318681,0.3338217338217338,0.2043956043956044,0.63003663003663,0.3851037851037851,0.42417582417582417,0.4056166056166056,0.22515262515262516,0.15506715506715507,0.10744810744810745,0.5956043956043956,0.6661782661782661,0.6258852258852259,0.5435897435897435,0.5203907203907204,0.2669108669108669,0.1934065934065934,0.11892551892551892,0.17264957264957265,0.544078144078144,0.24664224664224665,0.9504273504273504,0.10598290598290598,0.3733821733821734,0.6713064713064713,0.42735042735042733,0.2126984126984127,0.5384615384615384
0.17606837606837608,0.36434676434676433,0.10329670329670329,0.7667887667887668,0.1623931623931624,0.28034188034188035,0.26544566544566545,0.3797313797313797,0.5067155067155067,0.3968253968253968,0.1597069597069597,0.6727716727716728,0.38266178266178263,0.23272283272283273,0.43443223443223444,0.5943833943833944,0.33577533577533575,0.5433455433455433,0.5601953601953602,0.19926739926739928,0.283028083028083,0.6183150183150183,0.2605616605616606,0.6112332112332113,0.4891330891330891,0.38803418803418804,0.6559218559218559,0.31746031746031744,0.25811965811965815,0.14383394383394382,0.1343101343101343,0.5594627594627595,0.4302808302808303,0.17509157509157508,0.1536019536019536,0.2231990231990232,0.189010989010989,0.27692307692307694,0.4634920634920635,0.07203907203907203,0.27472527472527475,0.29426129426129427,0.4967032967032967,0.4014652014652015,0.3682539682539683,0.2761904761904762,0.38412698412698415,0.326007326007326,0.13284493284493284,0.18168498168498168,0.47106227106227105,0.3045177045177045,0.3247863247863248,0.1978021978021978,0.631013431013431,0.3711843711843712,0.4669108669108669,0.3934065934065934,0.21733821733821734,0.15067155067155066,0.11086691086691086,0.5765567765567765,0.7416361416361417,0.6356532356532356,0.5452991452991452,0.550915750915751,0.2595848595848596,0.22661782661782662,0.11330891330891331,0.16556776556776556,0.566056166056166,0.2818070818070818,0.9438339438339438,0.1028083028083028,0.35946275946275946,0.6583638583638584,0.41367521367521365,0.20683760683760682,0.5841269841269842
0.1711843711843712,0.3584859584859585,0.10134310134310134,0.7909645909645909,0.1514041514041514,0.27106227106227104,0.25934065934065936,0.3648351648351648,0.5172161172161173,0.3877899877899878,0.18192918192918192,0.6925518925518925,0.3694749694749695,0.22417582417582418,0.4227106227106227,0.5807081807081808,0.32722832722832723,0.5284493284493285,0.6048840048840048,0.1943833943833944,0.274969474969475,0.6273504273504273,0.2744810744810745,0.6673992673992674,0.47374847374847373,0.37655677655677655,0.6673992673992674,0.30378510378510376,0.2905982905982906,0.13968253968253969,0.13015873015873017,0.5797313797313798,0.41782661782661784,0.17045177045177046,0.1509157509157509,0.21782661782661783,0.21636141636141637,0.2681318681318681,0.4503052503052503,0.07203907203907203,0.26666666666666666,0.28376068376068375,0.48547008547008547,0.38925518925518926,0.3921855921855922,0.2681318681318681,0.40634920634920635,0.31404151404151404,0.1387057387057387,0.21831501831501832,0.45616605616605616,0.34114774114774116,0.315995115995116,0.1916971916971917,0.6293040293040293,0.3572649572649573,0.47912087912087914,0.3811965811965812,0.2105006105006105,0.1457875457875458,0.11819291819291819,0.5582417582417583,0.8112332112332112,0.6407814407814408,0.5443223443223443,0.5746031746031746,0.2525030525030525,0.26202686202686204,0.10818070818070818,0.15897435897435896,0.5836385836385837,0.3201465201465201,0.9343101343101343,0.09987789987789988,0.346031746031746,0.6417582417582418,0.400976800976801,0.20170940170940171,0.6278388278388278
0.16678876678876678,0.3553113553113553,0.09914529914529914,0.8080586080586081,0.1443223443223443,0.2612942612942613,0.25347985347985347,0.35018315018315016,0.525030525030525,0.3785103785103785,0.20927960927960929,0.7103785103785104,0.35653235653235654,0.21611721611721613,0.41098901098901097,0.5667887667887668,0.3177045177045177,0.5137973137973137,0.6461538461538462,0.1894993894993895,0.2673992673992674,0.6336996336996337,0.28815628815628813,0.7255189255189255,0.45885225885225883,0.36507936507936506,0.6761904761904762,0.2932844932844933,0.3247863247863248,0.13553113553113552,0.126007326007326,0.5975579975579975,0.40586080586080586,0.16605616605616605,0.1492063492063492,0.21245421245421245,0.24981684981684982,0.2595848595848596,0.4371184371184371,0.07252747252747253,0.25860805860805863,0.27350427350427353,0.4735042735042735,0.37704517704517704,0.41562881562881565,0.2612942612942613,0.4256410256410256,0.30158730158730157,0.1492063492063492,0.2571428571428571,0.442002442002442,0.37655677655677655,0.3086691086691087,0.18534798534798536,0.6244200244200244,0.34383394383394383,0.4783882783882784,0.37094017094017095,0.20293040293040293,0.14114774114774115,0.13162393162393163,0.5411477411477411,0.873992673992674,0.6434676434676435,0.5406593406593406,0.5978021978021978,0.2463980463980464,0.2979242979242979,0.10305250305250305,0.15384615384615385,0.6012210012210012,0.35946275946275946,0.9223443223443224,0.0971916971916972,0.33308913308913307,0.6222222222222222,0.3904761904761905,0.19584859584859585,0.6673992673992674
0.16312576312576313,0.3550671550671551,0.0971916971916972,0.82002442002442,0.13968253968253969,0.2512820512820513,0.24786324786324787,0.33601953601953605,0.5306471306471306,0.3694749694749695,0.24126984126984127,0.7252747252747253,0.34383394383394383,0.20854700854700856,0.400976800976801,0.5518925518925519,0.30793650793650795,0.49963369963369964,0.684004884004884,0.1851037851037851,0.2595848595848596,0.6363858363858363,0.30427350427350425,0.780952380952381,0.44517704517704515,0.3536019536019536,0.6808302808302809,0.28376068376068375,0.3584859584859585,0.13162393162393163,0.12234432234432234,0.6126984126984127,0.3938949938949939,0.16312576312576313,0.14822954822954823,0.20683760683760682,0.28766788766788765,0.2512820512820513,0.42417582417582417,0.07228327228327229,0.2507936507936508,0.26324786324786326,0.45836385836385835,0.3653235653235653,0.43736263736263736,0.2554334554334554,0.44517704517704515,0.28888888888888886,0.1641025641025641,0.29645909645909646,0.42857142857142855,0.41025641025641024,0.3018315018315018,0.17924297924297924,0.6166056166056166,0.3304029304029304,0.4742368742368742,0.3614163614163614,0.19487179487179487,0.1365079365079365,0.15384615384615385,0.525030525030525,0.9274725274725275,0.6437118437118438,0.5347985347985348,0.6180708180708181,0.24102564102564103,0.3333333333333333,0.09816849816849817,0.1496947496947497,0.6178266178266179,0.3978021978021978,0.9072039072039072,0.0945054945054945,0.32063492063492066,0.6004884004884005,0.38046398046398044,0.18998778998778998,0.7023199023199023
0.1597069597069597,0.357997557997558,0.09621489621489622,0.8322344322344323,0.13943833943833944,0.24102564102564103,0.24224664224664225,0.3218559218559219,0.5340659340659341,0.36117216117216117,0.27643467643467645,0.7374847374847375,0.3311355311355311,0.20073260073260074,0.3916971916971917,0.5372405372405372,0.2979242979242979,0.4862026862026862,0.7181929181929182,0.1807081807081807,0.252014652014652,0.6361416361416361,0.32112332112332115,0.8312576312576313,0.431990231990232,0.3423687423687424,0.6815628815628816,0.27350427350427353,0.3907203907203907,0.1291819291819292,0.11941391941391942,0.6251526251526252,0.3824175824175824,0.1606837606837607,0.14676434676434677,0.20122100122100123,0.32844932844932845,0.24346764346764346,0.4117216117216117,0.07155067155067155,0.24273504273504273,0.25347985347985347,0.44468864468864466,0.35384615384615387,0.4547008547008547,0.2490842490842491,0.46373626373626375,0.2761904761904762,0.18437118437118438,0.33528693528693526,0.4158730158730159,0.43736263736263736,0.29426129426129427,0.17313797313797313,0.6063492063492063,0.31746031746031744,0.46593406593406594,0.35115995115995113,0.18705738705738706,0.13162393162393163,0.18608058608058609,0.5101343101343101,0.9636141636141636,0.6407814407814408,0.526984126984127,0.6356532356532356,0.2358974358974359,0.36678876678876676,0.09474969474969475,0.14505494505494507,0.6327228327228327,0.43394383394383396,0.8896214896214896,0.0927960927960928,0.3086691086691087,0.5794871794871795,0.3694749694749695,0.1838827838827839,0.7321123321123321
0.15775335775335775,0.36434676434676433,0.09645909645909646,0.8422466422466423,0.14505494505494507,0.23076923076923078,0.23687423687423687,0.30793650793650795,0.5343101343101343,0.3536019536019536,0.31306471306471306,0.746031746031746,0.3184371184371184,0.1934065934065934,0.38095238095238093,0.5223443223443224,0.28766788766788765,0.473015873015873,0.748962148962149,0.17655677655677657,0.24444444444444444,0.6344322344322344,0.3374847374847375,0.8759462759462759,0.4197802197802198,0.33284493284493283,0.6813186813186813,0.26275946275946277,0.42075702075702076,0.12844932844932844,0.11819291819291819,0.6349206349206349,0.37264957264957266,0.15775335775335775,0.1452991452991453,0.1956043956043956,0.36996336996337,0.2358974358974359,0.4,0.07057387057387057,0.23467643467643468,0.2442002442002442,0.4354090354090354,0.3423687423687424,0.46935286935286935,0.24175824175824176,0.48083028083028084,0.263980463980464,0.20903540903540904,0.37216117216117217,0.40366300366300367,0.4603174603174603,0.28595848595848594,0.16727716727716727,0.5936507936507937,0.3045177045177045,0.45567765567765567,0.3404151404151404,0.178998778998779,0.12722832722832722,0.22832722832722832,0.4954822954822955,0.9819291819291819,0.6356532356532356,0.5167277167277168,0.6493284493284494,0.23101343101343103,0.39755799755799753,0.09255189255189256,0.13992673992673993,0.6451770451770452,0.4669108669108669,0.8693528693528694,0.09255189255189256,0.29865689865689865,0.5594627594627595,0.3584859584859585,0.17826617826617827,0.7575091575091575
0.15677655677655677,0.3724053724053724,0.09572649572649573,0.8493284493284493,0.15653235653235653,0.22002442002442002,0.2315018315018315,0.2945054945054945,0.5321123321123321,0.34505494505494505,0.35018315018315016,0.7506715506715507,0.30573870573870576,0.1873015873015873,0.36996336996337,0.5081807081807082,0.27765567765567767,0.4603174603174603,0.7765567765567766,0.1724053724053724,0.23833943833943835,0.6305250305250305,0.3528693528693529,0.9145299145299145,0.4078144078144078,0.32405372405372407,0.6783882783882784,0.25225885225885225,0.4485958485958486,0.13113553113553114,0.12014652014652015,0.6417582417582418,0.3636141636141636,0.15433455433455434,0.14481074481074482,0.19023199023199022,0.41147741147741146,0.2288156288156288,0.389010989010989,0.07008547008547009,0.22686202686202686,0.23565323565323565,0.42466422466422465,0.33235653235653234,0.484004884004884,0.23467643467643468,0.495970695970696,0.25225885225885225,0.23785103785103784,0.40634920634920635,0.39316239316239315,0.48376068376068376,0.27765567765567767,0.16166056166056167,0.5792429792429793,0.29352869352869354,0.4427350427350427,0.3299145299145299,0.17094017094017094,0.12283272283272283,0.27912087912087913,0.48131868131868133,0.9912087912087912,0.6278388278388278,0.505006105006105,0.6598290598290598,0.22661782661782662,0.4253968253968254,0.08937728937728938,0.13528693528693528,0.6559218559218559,0.5081807081807082,0.8473748473748474,0.09474969474969475,0.29010989010989013,0.5372405372405372,0.34725274725274724,0.17264957264957265,0.7787545787545788
0.15775335775335775,0.38217338217338215,0.0945054945054945,0.8532356532356532,0.17313797313797313,0.20976800976800977,0.22661782661782662,0.28327228327228327,0.5277167277167277,0.33601953601953605,0.3865689865689866,0.7518925518925519,0.29474969474969476,0.18192918192918192,0.3584859584859585,0.49474969474969477,0.2678876678876679,0.44835164835164837,0.8007326007326008,0.16947496947496948,0.23296703296703297,0.6239316239316239,0.367032967032967,0.947985347985348,0.39755799755799753,0.3142857142857143,0.6727716727716728,0.24175824175824176,0.47374847374847373,0.13797313797313798,0.12673992673992673,0.6446886446886447,0.3536019536019536,0.15115995115995115,0.1452991452991453,0.18534798534798536,0.45103785103785105,0.22173382173382172,0.37948717948717947,0.06910866910866911,0.2188034188034188,0.2271062271062271,0.4122100122100122,0.3230769230769231,0.49792429792429793,0.22808302808302808,0.5086691086691086,0.2407814407814408,0.2691086691086691,0.4398046398046398,0.38363858363858366,0.5062271062271062,0.26935286935286934,0.15604395604395604,0.5628815628815629,0.2835164835164835,0.42857142857142855,0.31965811965811963,0.16336996336996337,0.11868131868131868,0.336996336996337,0.4678876678876679,0.9956043956043956,0.6180708180708181,0.4913308913308913,0.6669108669108669,0.22197802197802197,0.44981684981684983,0.0862026862026862,0.13064713064713065,0.6644688644688644,0.5526251526251527,0.8239316239316239,0.10036630036630037,0.28034188034188035,0.5147741147741147,0.33601953601953605,0.1675213675213675,0.796092796092796
0.16092796092796094,0.3946275946275946,0.09328449328449329,0.8542124542124542,0.19365079365079366,0.19926739926739928,0.22173382173382172,0.27326007326007323,0.5203907203907204,0.32673992673992674,0.42173382173382173,0.7492063492063492,0.28498168498168497,0.17533577533577532,0.347008547008547,0.48131868131868133,0.2583638583638584,0.4363858363858364,0.8212454212454212,0.1675213675213675,0.22686202686202686,0.6151404151404152,0.3797313797313797,0.9726495726495726,0.3877899877899878,0.3045177045177045,0.6642246642246642,0.23223443223443224,0.49621489621489623,0.1496947496947497,0.1365079365079365,0.6444444444444445,0.3431013431013431,0.147985347985348,0.147985347985348,0.18095238095238095,0.48815628815628814,0.21636141636141637,0.3711843711843712,0.06813186813186813,0.2105006105006105,0.21904761904761905,0.4017094017094017,0.3128205128205128,0.5103785103785103,0.22173382173382172,0.5191697191697192,0.22979242979242978,0.3018315018315018,0.46544566544566546,0.37362637362637363,0.5264957264957265,0.26105006105006107,0.1509157509157509,0.5472527472527473,0.2725274725274725,0.41440781440781443,0.3094017094017094,0.15604395604395604,0.11452991452991453,0.3987789987789988,0.4559218559218559,0.998046398046398,0.6056166056166056,0.4766788766788767,0.671062271062271,0.21733821733821734,0.4713064713064713,0.08302808302808302,0.1264957264957265,0.671062271062271,0.5853479853479854,0.8012210012210013,0.10989010989010989,0.2703296703296703,0.4932844932844933,0.32454212454212455,0.16263736263736264,0.81001221001221
0.16654456654456654,0.40854700854700854,0.09181929181929183,0.8522588522588522,0.2175824175824176,0.18925518925518925,0.2170940170940171,0.2622710622710623,0.5106227106227106,0.3172161172161172,0.4547008547008547,0.7431013431013431,0.273992673992674,0.16874236874236875,0.3355311355311355,0.4683760683760684,0.24932844932844933,0.42466422466422465,0.8351648351648352,0.1645909645909646,0.2205128205128205,0.6039072039072039,0.3904761904761905,0.9863247863247864,0.37777777777777777,0.29474969474969476,0.6527472527472528,0.22271062271062272,0.5162393162393163,0.1675213675213675,0.15115995115995115,0.6427350427350428,0.33235653235653234,0.1443223443223443,0.15384615384615385,0.1768009768009768,0.5223443223443224,0.21196581196581196,0.36214896214896214,0.0673992673992674,0.2026862026862027,0.21123321123321123,0.3868131868131868,0.30207570207570206,0.5208791208791209,0.2170940170940171,0.5274725274725275,0.21904761904761905,0.3347985347985348,0.4835164835164835,0.3636141636141636,0.5445665445665445,0.252991452991453,0.14725274725274726,0.5321123321123321,0.26105006105006107,0.40073260073260075,0.29987789987789987,0.1492063492063492,0.11086691086691086,0.4537240537240537,0.44468864468864466,0.999023199023199,0.5912087912087912,0.4612942612942613,0.6717948717948717,0.2126984126984127,0.4874236874236874,0.07985347985347985,0.12234432234432234,0.6752136752136753,0.6107448107448108,0.778998778998779,0.12551892551892552,0.2605616605616606,0.47277167277167276,0.31306471306471306,0.157997557997558,0.821001221001221
0.17606837606837608,0.4227106227106227,0.0905982905982906,0.8488400488400488,0.24346764346764346,0.1794871794871795,0.21343101343101342,0.2507936507936508,0.4989010989010989,0.3076923076923077,0.4852258852258852,0.7335775335775335,0.2625152625152625,0.16166056166056167,0.32454212454212455,0.4559218559218559,0.24004884004884006,0.4129426129426129,0.8446886446886447,0.16092796092796094,0.2144078144078144,0.5907203907203907,0.39902319902319905,0.9931623931623932,0.367032967032967,0.2852258852258852,0.6385836385836385,0.2139194139194139,0.5340659340659341,0.1873015873015873,0.17362637362637362,0.6383394383394383,0.32161172161172163,0.14114774114774115,0.16361416361416362,0.17313797313797313,0.5496947496947497,0.20634920634920634,0.35262515262515265,0.06642246642246642,0.1943833943833944,0.20488400488400488,0.36996336996337,0.2915750915750916,0.5294261294261294,0.2144078144078144,0.5333333333333333,0.20903540903540904,0.36336996336996336,0.5023199023199023,0.3536019536019536,0.5601953601953602,0.2454212454212454,0.1443223443223443,0.515995115995116,0.24981684981684982,0.38803418803418804,0.2903540903540904,0.14236874236874236,0.1072039072039072,0.5032967032967033,0.43272283272283274,0.9997557997557998,0.5743589743589743,0.44590964590964594,0.6698412698412698,0.20757020757020758,0.4993894993894994,0.07667887667887668,0.11868131868131868,0.6771672771672772,0.6280830280830281,0.756043956043956,0.14822954822954823,0.25103785103785103,0.45396825396825397,0.30158730158730157,0.1536019536019536,0.8268620268620268
0.1894993894993895,0.4358974358974359,0.08937728937728938,0.8446886446886447,0.2695970695970696,0.17191697191697192,0.2105006105006105,0.23931623931623933,0.4852258852258852,0.29865689865689865,0.5096459096459096,0.7216117216117216,0.2515262515262515,0.15384615384615385,0.31404151404151404,0.44346764346764345,0.2315018315018315,0.4021978021978022,0.8542124542124542,0.1575091575091575,0.2083028083028083,0.5755799755799755,0.4056166056166056,0.9968253968253968,0.35653235653235654,0.2761904761904762,0.621978021978022,0.2056166056166056,0.5467643467643467,0.20976800976800977,0.20317460317460317,0.6315018315018315,0.31135531135531136,0.13821733821733823,0.17826617826617827,0.17045177045177046,0.5724053724053724,0.2004884004884005,0.3435897435897436,0.06568986568986569,0.18608058608058609,0.2,0.35555555555555557,0.2810744810744811,0.5362637362637362,0.2144078144078144,0.536996336996337,0.19926739926739928,0.3882783882783883,0.5201465201465202,0.3435897435897436,0.5736263736263736,0.23809523809523808,0.14017094017094017,0.4993894993894994,0.2385836385836386,0.37655677655677655,0.2810744810744811,0.13626373626373625,0.10525030525030525,0.5567765567765568,0.4202686202686203,1.0,0.5567765567765568,0.4307692307692308,0.6642246642246642,0.20341880341880342,0.5108669108669108,0.07423687423687424,0.115995115995116,0.6774114774114774,0.6405372405372405,0.7333333333333333,0.17875457875457876,0.24175824175824176,0.4368742368742369,0.2905982905982906,0.1492063492063492,0.8295482295482296
0.20757020757020758,0.44761904761904764,0.0884004884004884,0.8407814407814408,0.29572649572649573,0.16532356532356532,0.20683760683760682,0.22808302808302808,0.4700854700854701,0.2893772893772894,0.5301587301587302,0.7067155067155068,0.24102564102564103,0.1457875457875458,0.30378510378510376,0.4315018315018315,0.22466422466422467,0.3924297924297924,0.8612942612942613,0.1540903540903541,0.20195360195360196,0.5597069597069597,0.4095238095238095,0.9985347985347985,0.3457875457875458,0.26764346764346764,0.6039072039072039,0.19755799755799755,0.5560439560439561,0.2385836385836386,0.23882783882783884,0.6217338217338217,0.30085470085470084,0.13528693528693528,0.19853479853479852,0.16800976800976802,0.5960927960927961,0.19462759462759463,0.3343101343101343,0.06471306471306472,0.1794871794871795,0.19413919413919414,0.3423687423687424,0.27106227106227104,0.5411477411477411,0.21782661782661783,0.5374847374847375,0.1916971916971917,0.4146520146520147,0.536019536019536,0.3338217338217338,0.5843711843711844,0.23101343101343103,0.13577533577533576,0.4835164835164835,0.2275946275946276,0.3663003663003663,0.2725274725274725,0.13015873015873017,0.10451770451770452,0.6092796092796092,0.4078144078144078,1.0,0.5384615384615384,0.41611721611721614,0.6559218559218559,0.2,0.5206349206349207,0.07179487179487179,0.11526251526251527,0.6754578754578755,0.6525030525030525,0.7108669108669109,0.21587301587301588,0.23321123321123322,0.42075702075702076,0.2800976800976801,0.1452991452991453,0.831990231990232
0.22979242979242978,0.45738705738705737,0.08742368742368742,0.8376068376068376,0.3177045177045177,0.15775335775335775,0.20170940170940171,0.2170940170940171,0.45445665445665445,0.2805860805860806,0.5514041514041514,0.6893772893772894,0.23076923076923078,0.1391941391941392,0.2945054945054945,0.4192918192918193,0.21904761904761905,0.3819291819291819,0.8652014652014652,0.15067155067155066,0.1960927960927961,0.5431013431013431,0.41147741147741146,0.9995115995115995,0.33528693528693526,0.25934065934065936,0.5851037851037851,0.18998778998778998,0.5658119658119658,0.2717948717948718,0.2783882783882784,0.6092796092796092,0.2903540903540904,0.13235653235653236,0.22344322344322345,0.16507936507936508,0.6188034188034188,0.189010989010989,0.32551892551892553,0.06495726495726496,0.17362637362637362,0.1877899877899878,0.3326007326007326,0.2612942612942613,0.5435897435897435,0.22564102564102564,0.5357753357753358,0.18534798534798536,0.4402930402930403,0.5492063492063493,0.32405372405372407,0.5934065934065934,0.22393162393162394,0.13113553113553114,0.4678876678876679,0.21733821733821734,0.3567765567765568,0.2647130647130647,0.1264957264957265,0.10476190476190476,0.6581196581196581,0.39584859584859583,1.0,0.5201465201465202,0.40195360195360197,0.6456654456654457,0.1956043956043956,0.5274725274725275,0.07057387057387057,0.11672771672771673,0.671062271062271,0.6625152625152625,0.6891330891330891,0.2583638583638584,0.22515262515262516,0.4056166056166056,0.2695970695970696,0.1426129426129426,0.8327228327228328
0.25518925518925517,0.4644688644688645,0.0862026862026862,0.834920634920635,0.33724053724053726,0.14945054945054945,0.1973137973137973,0.20683760683760682,0.4388278388278388,0.272039072039072,0.5716727716727716,0.6698412698412698,0.221001221001221,0.1330891330891331,0.2852258852258852,0.40854700854700854,0.21294261294261294,0.3706959706959707,0.8656898656898657,0.14725274725274726,0.19047619047619047,0.5262515262515263,0.41074481074481073,0.9997557997557998,0.3247863247863248,0.2512820512820513,0.5655677655677656,0.18437118437118438,0.5743589743589743,0.3064713064713065,0.3203907203907204,0.5943833943833944,0.2800976800976801,0.12967032967032968,0.24835164835164836,0.1619047619047619,0.6393162393162393,0.18363858363858365,0.31648351648351647,0.06568986568986569,0.16727716727716727,0.18144078144078143,0.3218559218559219,0.25225885225885225,0.544078144078144,0.23809523809523808,0.5316239316239316,0.17826617826617827,0.463980463980464,0.55995115995116,0.3142857142857143,0.5995115995115995,0.21684981684981686,0.1264957264957265,0.45274725274725275,0.20757020757020758,0.34798534798534797,0.2583638583638584,0.12356532356532357,0.10744810744810745,0.7018315018315018,0.3838827838827839,1.0,0.5018315018315018,0.38974358974358975,0.6322344322344322,0.19096459096459095,0.5316239316239316,0.07057387057387057,0.12112332112332112,0.6647130647130647,0.6703296703296703,0.6681318681318681,0.3045177045177045,0.2170940170940171,0.39096459096459096,0.26105006105006107,0.14065934065934066,0.831990231990232
0.28253968253968254,0.4686202686202686,0.08522588522588523,0.8310134310134311,0.357997557997558,0.1413919413919414,0.19413919413919414,0.19658119658119658,0.4236874236874237,0.263980463980464,0.5904761904761905,0.6485958485958486,0.21147741147741148,0.12747252747252746,0.2761904761904762,0.39829059829059826,0.20634920634920634,0.3592185592185592,0.8617826617826618,0.14407814407814407,0.1851037851037851,0.5101343101343101,0.40805860805860805,1.0,0.31477411477411477,0.24346764346764346,0.5467643467643467,0.17997557997557997,0.5811965811965812,0.3418803418803419,0.36288156288156287,0.5777777777777777,0.2698412698412698,0.12747252747252746,0.273992673992674,0.15848595848595848,0.6576312576312576,0.17826617826617827,0.3076923076923077,0.06495726495726496,0.16043956043956045,0.17484737484737484,0.30793650793650795,0.24297924297924298,0.5416361416361416,0.2515262515262515,0.5257631257631258,0.17094017094017094,0.48547008547008547,0.5675213675213675,0.3047619047619048,0.6031746031746031,0.21147741147741148,0.12161172161172161,0.43833943833943834,0.1978021978021978,0.33943833943833945,0.252991452991453,0.11965811965811966,0.11404151404151404,0.7401709401709402,0.37216117216117217,1.0,0.484004884004884,0.378998778998779,0.6163614163614164,0.18656898656898657,0.5326007326007326,0.07301587301587302,0.12967032967032968,0.6571428571428571,0.6757020757020757,0.6476190476190476,0.3516483516483517,0.20927960927960929,0.37704517704517704,0.25347985347985347,0.13797313797313798,0.8293040293040294
0.3108669108669109,0.46984126984126984,0.08571428571428572,0.8256410256410256,0.378021978021978,0.13406593406593406,0.19047619047619047,0.1873015873015873,0.40927960927960927,0.2571428571428571,0.6068376068376068,0.6263736263736264,0.2026862026862027,0.12234432234432234,0.26886446886446885,0.38754578754578756,0.2,0.3474969474969475,0.8542124542124542,0.1409035409035409,0.18021978021978022,0.4954822954822955,0.40366300366300367,1.0,0.3052503052503053,0.23565323565323565,0.5299145299145299,0.1746031746031746,0.5858363858363859,0.3768009768009768,0.4043956043956044,0.5594627594627595,0.25982905982905985,0.12722832722832722,0.3045177045177045,0.15531135531135531,0.6730158730158731,0.17338217338217338,0.2989010989010989,0.06398046398046398,0.15335775335775337,0.16825396825396827,0.29523809523809524,0.2341880341880342,0.536996336996337,0.2673992673992674,0.5174603174603175,0.16336996336996337,0.5045177045177045,0.5724053724053724,0.29572649572649573,0.6036630036630036,0.20634920634920634,0.11721611721611722,0.4244200244200244,0.18852258852258852,0.33137973137973137,0.24395604395604395,0.11575091575091576,0.12503052503052503,0.7733821733821734,0.3606837606837607,1.0,0.4673992673992674,0.3672771672771673,0.5982905982905983,0.18217338217338216,0.5304029304029304,0.07814407814407814,0.14358974358974358,0.6476190476190476,0.6783882783882784,0.6280830280830281,0.39829059829059826,0.20195360195360196,0.36556776556776555,0.24493284493284492,0.13504273504273503,0.8239316239316239
0.3396825396825397,0.46813186813186813,0.08644688644688645,0.821001221001221,0.39658119658119656,0.12722832722832722,0.1873015873015873,0.17826617826617827,0.39584859584859583,0.2512820512820513,0.621001221001221,0.6041514041514041,0.1943833943833944,0.11746031746031746,0.2622710622710623,0.37606837606837606,0.1934065934065934,0.33601953601953605,0.8424908424908425,0.13724053724053725,0.17533577533577532,0.48253968253968255,0.3973137973137973,1.0,0.2962148962148962,0.22954822954822954,0.5145299145299145,0.168986568986569,0.588034188034188,0.4095238095238095,0.4432234432234432,0.5404151404151404,0.252014652014652,0.1291819291819292,0.336996336996337,0.1523809523809524,0.6857142857142857,0.16874236874236875,0.2903540903540904,0.06324786324786325,0.14652014652014653,0.1619047619047619,0.2862026862026862,0.22564102564102564,0.5304029304029304,0.28766788766788765,0.5074481074481074,0.15604395604395604,0.5208791208791209,0.5743589743589743,0.28669108669108667,0.6012210012210012,0.20073260073260074,0.11282051282051282,0.41098901098901097,0.178998778998779,0.32454212454212455,0.2336996336996337,0.11233211233211234,0.1413919413919414,0.8021978021978022,0.3492063492063492,1.0,0.45323565323565324,0.3562881562881563,0.5785103785103786,0.17777777777777778,0.5247863247863248,0.08717948717948718,0.16385836385836386,0.6363858363858363,0.6781440781440782,0.6092796092796092,0.4427350427350427,0.19511599511599512,0.3550671550671551,0.2358974358974359,0.13162393162393163,0.8163614163614163
0.3677655677655678,0.46422466422466424,0.08717948717948718,0.8148962148962149,0.41318681318681316,0.1203907203907204,0.18363858363858365,0.16971916971916973,0.38412698412698415,0.24444444444444444,0.6327228327228327,0.5826617826617827,0.18632478632478633,0.11428571428571428,0.2549450549450549,0.3648351648351648,0.1873015873015873,0.3247863247863248,0.8275946275946275,0.13406593406593406,0.17191697191697192,0.46935286935286935,0.389010989010989,0.9987789987789988,0.2874236874236874,0.22442002442002443,0.49914529914529915,0.16336996336996337,0.6136752136752137,0.44004884004884004,0.4793650793650794,0.5216117216117216,0.24493284493284492,0.1330891330891331,0.36971916971916974,0.1496947496947497,0.6954822954822955,0.1645909645909646,0.2818070818070818,0.063003663003663,0.13992673992673993,0.15531135531135531,0.2761904761904762,0.21855921855921856,0.5223443223443224,0.31062271062271063,0.49523809523809526,0.14847374847374847,0.5347985347985348,0.5736263736263736,0.27936507936507937,0.5963369963369963,0.19511599511599512,0.10891330891330891,0.398046398046398,0.17191697191697192,0.31868131868131866,0.22661782661782662,0.10866910866910867,0.16336996336996337,0.8261294261294261,0.337973137973138,1.0,0.4405372405372405,0.3452991452991453,0.557997557997558,0.17338217338217338,0.515995115995116,0.10061050061050061,0.19047619047619047,0.6234432234432234,0.6747252747252748,0.5907203907203907,0.4832722832722833,0.19047619047619047,0.3435897435897436,0.2271062271062271,0.1291819291819292,0.8058608058608059
0.39438339438339437,0.4586080586080586,0.0884004884004884,0.8063492063492064,0.42735042735042733,0.11404151404151404,0.18046398046398046,0.16166056166056167,0.3738705738705739,0.23785103785103784,0.6415140415140416,0.5616605616605617,0.178998778998779,0.11184371184371185,0.24737484737484738,0.3536019536019536,0.18168498168498168,0.31404151404151404,0.8095238095238095,0.13064713064713065,0.168986568986569,0.45616605616605616,0.3797313797313797,0.9916971916971917,0.2800976800976801,0.21855921855921856,0.48424908424908425,0.1575091575091575,0.6490842490842491,0.4673992673992674,0.512087912087912,0.5045177045177045,0.23687423687423687,0.14114774114774115,0.4014652014652015,0.14725274725274726,0.7023199023199023,0.16117216117216118,0.27472527472527475,0.06471306471306472,0.1343101343101343,0.1492063492063492,0.2634920634920635,0.2126984126984127,0.512087912087912,0.33528693528693526,0.4822954822954823,0.1413919413919414,0.546031746031746,0.5697191697191697,0.27277167277167275,0.5885225885225885,0.1894993894993895,0.10525030525030525,0.3855921855921856,0.16605616605616605,0.3120879120879121,0.22173382173382172,0.10525030525030525,0.19047619047619047,0.8456654456654457,0.326984126984127,0.9946275946275946,0.4278388278388278,0.3343101343101343,0.536996336996337,0.16923076923076924,0.5045177045177045,0.1199023199023199,0.22271062271062272,0.609035409035409,0.6683760683760683,0.5726495726495726,0.515018315018315,0.18656898656898657,0.3311355311355311,0.21855921855921856,0.12698412698412698,0.7931623931623931
0.4163614163614164,0.4503052503052503,0.09206349206349207,0.7941391941391941,0.43907203907203907,0.10818070818070818,0.1772893772893773,0.15506715506715507,0.3636141636141636,0.23101343101343103,0.6473748473748474,0.5418803418803418,0.17362637362637362,0.10866910866910867,0.2407814407814408,0.3418803418803419,0.17606837606837608,0.30305250305250303,0.789010989010989,0.12844932844932844,0.16556776556776556,0.4432234432234432,0.36971916971916974,0.977045177045177,0.27350427350427353,0.2126984126984127,0.4700854700854701,0.15213675213675212,0.6615384615384615,0.49230769230769234,0.5413919413919414,0.4888888888888889,0.22832722832722832,0.15482295482295483,0.4307692307692308,0.14505494505494507,0.7057387057387058,0.15995115995115994,0.2681318681318681,0.0695970695970696,0.13015873015873017,0.14285714285714285,0.25225885225885225,0.20586080586080585,0.5001221001221001,0.35995115995115995,0.4686202686202686,0.1347985347985348,0.5545787545787546,0.5628815628815629,0.2656898656898657,0.5787545787545788,0.18437118437118438,0.10183150183150183,0.37484737484737485,0.15897435897435896,0.3052503052503053,0.21953601953601953,0.10183150183150183,0.22173382173382172,0.8608058608058609,0.3177045177045177,0.9802197802197802,0.41562881562881565,0.32405372405372407,0.5162393162393163,0.16507936507936508,0.4905982905982906,0.14481074481074482,0.2595848595848596,0.5929181929181929,0.6588522588522588,0.5553113553113553,0.5411477411477411,0.18168498168498168,0.3181929181929182,0.21001221001221002,0.1264957264957265,0.7782661782661783
0.43492063492063493,0.4398046398046398,0.10012210012210013,0.7782661782661783,0.4485958485958486,0.10256410256410256,0.17435897435897435,0.14993894993894993,0.35311355311355314,0.22442002442002443,0.6500610500610501,0.5230769230769231,0.16947496947496948,0.10525030525030525,0.23516483516483516,0.3304029304029304,0.17045177045177046,0.29255189255189257,0.7684981684981685,0.12698412698412698,0.1619047619047619,0.43052503052503055,0.35946275946275946,0.9567765567765568,0.2661782661782662,0.20683760683760682,0.45665445665445664,0.14725274725274726,0.6605616605616605,0.5145299145299145,0.5638583638583639,0.4725274725274725,0.22002442002442002,0.1746031746031746,0.45836385836385835,0.1426129426129426,0.7057387057387058,0.16166056166056167,0.2608058608058608,0.07936507936507936,0.12796092796092795,0.136996336996337,0.2459096459096459,0.19853479853479852,0.4866910866910867,0.3838827838827839,0.4547008547008547,0.1282051282051282,0.5604395604395604,0.5543345543345544,0.2583638583638584,0.5667887667887668,0.1794871794871795,0.09865689865689865,0.36507936507936506,0.15115995115995115,0.29816849816849816,0.21978021978021978,0.09865689865689865,0.25567765567765566,0.8725274725274725,0.3094017094017094,0.9601953601953602,0.40341880341880343,0.31355311355311355,0.49645909645909647,0.16166056166056167,0.4752136752136752,0.17484737484737484,0.29914529914529914,0.5765567765567765,0.6468864468864469,0.5396825396825397,0.5667887667887668,0.17655677655677657,0.30500610500610503,0.20170940170940171,0.12869352869352868,0.7606837606837606
0.45445665445665445,0.4275946275946276,0.1137973137973138,0.7577533577533577,0.4559218559218559,0.0971916971916972,0.1724053724053724,0.14481074481074482,0.3435897435897436,0.21831501831501832,0.6493284493284494,0.5067155067155067,0.1645909645909646,0.10158730158730159,0.23174603174603176,0.3189255189255189,0.16507936507936508,0.2822954822954823,0.7474969474969475,0.12503052503052503,0.15824175824175823,0.41855921855921857,0.3487179487179487,0.9335775335775336,0.2583638583638584,0.20073260073260074,0.4432234432234432,0.1426129426129426,0.652014652014652,0.5308913308913309,0.5816849816849817,0.45665445665445664,0.21172161172161172,0.20122100122100123,0.4832722832722833,0.13992673992673993,0.702075702075702,0.1663003663003663,0.25347985347985347,0.09572649572649573,0.12844932844932844,0.13113553113553114,0.24004884004884006,0.19096459096459095,0.47277167277167276,0.4065934065934066,0.44126984126984126,0.12185592185592185,0.5631257631257631,0.544078144078144,0.25103785103785103,0.5526251526251527,0.17509157509157508,0.0971916971916972,0.35433455433455435,0.14383394383394382,0.29084249084249086,0.2231990231990232,0.09572649572649573,0.29084249084249086,0.8781440781440781,0.3001221001221001,0.9374847374847375,0.3912087912087912,0.3035409035409035,0.4778998778998779,0.157997557997558,0.46007326007326005,0.20903540903540904,0.3396825396825397,0.5597069597069597,0.631990231990232,0.5247863247863248,0.5904761904761905,0.1711843711843712,0.29181929181929184,0.19413919413919414,0.13504273504273503,0.7416361416361417
0.473015873015873,0.4148962148962149,0.1343101343101343,0.7326007326007326,0.4612942612942613,0.09206349206349207,0.17167277167277167,0.14017094017094017,0.33406593406593404,0.21245421245421245,0.645909645909646,0.4918192918192918,0.15946275946275945,0.0989010989010989,0.2315018315018315,0.3076923076923077,0.16043956043956045,0.2737484737484738,0.7252747252747253,0.12307692307692308,0.15482295482295483,0.4065934065934066,0.3387057387057387,0.9081807081807082,0.2507936507936508,0.19487179487179487,0.4302808302808303,0.13821733821733823,0.6385836385836385,0.5443223443223443,0.5997557997557997,0.44126984126984126,0.20366300366300366,0.23321123321123322,0.5052503052503052,0.13724053724053725,0.6952380952380952,0.17484737484737484,0.2459096459096459,0.11941391941391942,0.1326007326007326,0.12722832722832722,0.23296703296703297,0.1838827838827839,0.45836385836385835,0.4275946275946276,0.4283272283272283,0.115995115995116,0.5628815628815629,0.5316239316239316,0.24395604395604395,0.536996336996337,0.1711843711843712,0.09645909645909646,0.3431013431013431,0.1365079365079365,0.2835164835164835,0.23003663003663002,0.0927960927960928,0.32161172161172163,0.8791208791208791,0.2905982905982906,0.9128205128205128,0.37948717948717947,0.29352869352869354,0.4603174603174603,0.15531135531135531,0.44542124542124545,0.2459096459096459,0.37924297924297923,0.5433455433455433,0.6166056166056166,0.5091575091575091,0.6112332112332113,0.16605616605616605,0.2783882783882784,0.18656898656898657,0.14652014652014653,0.7223443223443223
0.4908424908424908,0.4021978021978022,0.16263736263736264,0.7023199023199023,0.46495726495726497,0.08913308913308914,0.16971916971916973,0.13797313797313798,0.3247863247863248,0.20683760683760682,0.6398046398046398,0.4757020757020757,0.15433455433455434,0.09816849816849817,0.2354090354090354,0.29645909645909646,0.15604395604395604,0.2664224664224664,0.7025641025641025,0.12283272283272283,0.15115995115995115,0.39487179487179486,0.32893772893772893,0.8818070818070818,0.24297924297924298,0.18925518925518925,0.41733821733821735,0.13406593406593406,0.6236874236874237,0.557997557997558,0.6166056166056166,0.42686202686202684,0.1960927960927961,0.2698412698412698,0.5247863247863248,0.13577533577533576,0.6854700854700855,0.18876678876678876,0.23882783882783884,0.1509157509157509,0.13968253968253969,0.12405372405372406,0.2253968253968254,0.1768009768009768,0.4442002442002442,0.4461538461538462,0.41611721611721614,0.11233211233211234,0.5609279609279609,0.5177045177045178,0.23663003663003662,0.5201465201465202,0.16800976800976802,0.09548229548229548,0.33186813186813185,0.12942612942612944,0.27594627594627597,0.2402930402930403,0.0905982905982906,0.3492063492063492,0.8796092796092796,0.28083028083028083,0.8874236874236874,0.3677655677655678,0.284004884004884,0.44395604395604393,0.1536019536019536,0.4288156288156288,0.2835164835164835,0.4163614163614164,0.5277167277167277,0.6007326007326007,0.4673992673992674,0.629059829059829,0.16092796092796094,0.2652014652014652,0.1794871794871795,0.1641025641025641,0.7032967032967034
0.5067155067155067,0.3894993894993895,0.19877899877899877,0.6659340659340659,0.46642246642246643,0.08717948717948718,0.1675213675213675,0.1387057387057387,0.31575091575091574,0.20122100122100123,0.6307692307692307,0.4598290598290598,0.14945054945054945,0.10012210012210013,0.24395604395604395,0.2857142857142857,0.1536019536019536,0.25811965811965815,0.6800976800976801,0.12551892551892552,0.147985347985348,0.3833943833943834,0.3199023199023199,0.8566544566544566,0.2354090354090354,0.1838827838827839,0.40463980463980465,0.13015873015873017,0.6078144078144078,0.5706959706959707,0.6315018315018315,0.4129426129426129,0.18876678876678876,0.30915750915750917,0.5416361416361416,0.13528693528693528,0.6727716727716728,0.2083028083028083,0.23174603174603176,0.1894993894993895,0.1496947496947497,0.11965811965811966,0.21733821733821734,0.1702075702075702,0.4302808302808303,0.46251526251526254,0.40463980463980465,0.10915750915750916,0.5565323565323566,0.5025641025641026,0.22954822954822954,0.503052503052503,0.16483516483516483,0.0945054945054945,0.32063492063492066,0.12234432234432234,0.26837606837606837,0.25396825396825395,0.09035409035409035,0.378021978021978,0.8776556776556776,0.2713064713064713,0.8622710622710623,0.3557997557997558,0.274969474969475,0.4297924297924298,0.1509157509157509,0.41196581196581195,0.3203907203907204,0.4507936507936508,0.5137973137973137,0.5824175824175825,0.4141636141636142,0.6437118437118438,0.15604395604395604,0.2525030525030525,0.17264957264957265,0.18437118437118438,0.6825396825396826
0.5216117216117216,0.37777777777777777,0.24126984126984127,0.6231990231990232,0.4656898656898657,0.08424908424908426,0.16532356532356532,0.14407814407814407,0.3064713064713065,0.19584859584859585,0.6192918192918193,0.44395604395604393,0.1443223443223443,0.10598290598290598,0.2578754578754579,0.2766788766788767,0.15286935286935288,0.24957264957264957,0.6581196581196581,0.13235653235653236,0.14481074481074482,0.37216117216117217,0.3125763125763126,0.8322344322344323,0.22808302808302808,0.178998778998779,0.3921855921855922,0.12673992673992673,0.58998778998779,0.5814407814407815,0.6434676434676435,0.3992673992673993,0.18168498168498168,0.3492063492063492,0.5560439560439561,0.13406593406593406,0.6576312576312576,0.23296703296703297,0.2253968253968254,0.2275946275946276,0.16483516483516483,0.11452991452991453,0.20927960927960929,0.16532356532356532,0.41733821733821735,0.4766788766788767,0.39487179487179486,0.1054945054945055,0.5492063492063493,0.4874236874236874,0.22246642246642245,0.4857142857142857,0.16166056166056167,0.09474969474969475,0.30915750915750917,0.11526251526251527,0.26105006105006107,0.27057387057387056,0.09255189255189256,0.40634920634920635,0.873015873015873,0.26202686202686204,0.8380952380952381,0.3443223443223443,0.2661782661782662,0.41733821733821735,0.147985347985348,0.3951159951159951,0.35555555555555557,0.48131868131868133,0.5010989010989011,0.5631257631257631,0.38217338217338215,0.6554334554334554,0.1509157509157509,0.24004884004884006,0.16654456654456654,0.20757020757020758,0.6615384615384615
0.5345543345543345,0.36678876678876676,0.28888888888888886,0.5807081807081808,0.4634920634920635,0.08058608058608059,0.16385836385836386,0.15482295482295483,0.29743589743589743,0.1907203907203907,0.6056166056166056,0.4278388278388278,0.13943833943833944,0.11697191697191697,0.27692307692307694,0.26886446886446885,0.15384615384615385,0.24126984126984127,0.6363858363858363,0.1443223443223443,0.14212454212454212,0.36117216117216117,0.30622710622710625,0.8073260073260073,0.221001221001221,0.17435897435897435,0.3797313797313797,0.12454212454212454,0.5714285714285714,0.5904761904761905,0.652991452991453,0.38632478632478634,0.17509157509157508,0.38803418803418804,0.566056166056166,0.1330891330891331,0.6405372405372405,0.2625152625152625,0.21904761904761905,0.2664224664224664,0.1838827838827839,0.10964590964590964,0.20170940170940171,0.16166056166056167,0.4056166056166056,0.4866910866910867,0.3860805860805861,0.1010989010989011,0.5399267399267399,0.47155067155067154,0.2148962148962149,0.4691086691086691,0.15946275946275945,0.09768009768009768,0.2976800976800977,0.10818070818070818,0.2537240537240537,0.28644688644688643,0.09621489621489622,0.43272283272283274,0.8656898656898657,0.252991452991453,0.8144078144078144,0.3326007326007326,0.2583638583638584,0.4039072039072039,0.14505494505494507,0.37924297924297923,0.3877899877899878,0.5052503052503052,0.4884004884004884,0.544078144078144,0.3614163614163614,0.6634920634920635,0.14627594627594628,0.22832722832722832,0.1619047619047619,0.23833943833943835,0.6405372405372405
0.5457875457875457,0.35702075702075703,0.33943833943833945,0.5362637362637362,0.4586080586080586,0.07667887667887668,0.16214896214896216,0.1706959706959707,0.2879120879120879,0.18632478632478633,0.5904761904761905,0.4122100122100122,0.1343101343101343,0.13357753357753357,0.28595848595848594,0.2600732600732601,0.157997557997558,0.23321123321123322,0.6153846153846154,0.16263736263736264,0.13943833943833944,0.3516483516483517,0.3001221001221001,0.7826617826617827,0.21416361416361415,0.16971916971916973,0.36923076923076925,0.12307692307692308,0.5528693528693529,0.5968253968253968,0.6598290598290598,0.37362637362637363,0.168986568986569,0.4205128205128205,0.5731379731379731,0.13406593406593406,0.6217338217338217,0.295970695970696,0.21343101343101342,0.31184371184371185,0.20683760683760682,0.10476190476190476,0.19413919413919414,0.15653235653235653,0.3946275946275946,0.4937728937728938,0.3768009768009768,0.09645909645909646,0.5286935286935287,0.45616605616605616,0.20781440781440783,0.45274725274725275,0.15775335775335775,0.10573870573870574,0.28669108669108667,0.10134310134310134,0.24664224664224665,0.3028083028083028,0.10402930402930403,0.45616605616605616,0.8549450549450549,0.24444444444444444,0.7921855921855921,0.3203907203907204,0.2515262515262515,0.39023199023199023,0.14212454212454212,0.36434676434676433,0.4166056166056166,0.5242979242979243,0.47619047619047616,0.525030525030525,0.3465201465201465,0.6691086691086691,0.14212454212454212,0.21904761904761905,0.157997557997558,0.273992673992674,0.6202686202686203
0.5553113553113553,0.34847374847374846,0.38412698412698415,0.4835164835164835,0.45152625152625153,0.07301587301587302,0.1606837606837607,0.19145299145299147,0.2788766788766789,0.18315018315018314,0.5738705738705738,0.39658119658119656,0.12967032967032968,0.1562881562881563,0.2893772893772894,0.2515262515262515,0.16654456654456654,0.22564102564102564,0.5956043956043956,0.18705738705738706,0.136996336996337,0.3431013431013431,0.29426129426129427,0.7582417582417582,0.20757020757020758,0.16532356532356532,0.35873015873015873,0.12087912087912088,0.5345543345543345,0.600976800976801,0.6632478632478632,0.36117216117216117,0.16312576312576313,0.44835164835164837,0.5802197802197803,0.13797313797313798,0.6021978021978022,0.33186813186813185,0.20781440781440783,0.3601953601953602,0.23174603174603176,0.10012210012210013,0.18705738705738706,0.15115995115995115,0.3855921855921856,0.5003663003663004,0.3677655677655678,0.09255189255189256,0.515995115995116,0.44126984126984126,0.20146520146520147,0.4388278388278388,0.15555555555555556,0.1199023199023199,0.2761904761904762,0.09474969474969475,0.24102564102564103,0.3213675213675214,0.11672771672771673,0.4766788766788767,0.8417582417582418,0.23614163614163614,0.7702075702075702,0.31013431013431014,0.24395604395604395,0.37606837606837606,0.13943833943833944,0.3509157509157509,0.43956043956043955,0.5433455433455433,0.463980463980464,0.5067155067155067,0.3343101343101343,0.6722832722832723,0.1387057387057387,0.21123321123321123,0.15335775335775337,0.3125763125763126,0.600976800976801
0.5626373626373626,0.3418803418803419,0.42588522588522587,0.42686202686202684,0.44175824175824174,0.06910866910866911,0.1592185592185592,0.21684981684981686,0.27106227106227104,0.1807081807081807,0.5567765567765568,0.3811965811965812,0.12503052503052503,0.18485958485958487,0.30378510378510376,0.24297924297924298,0.18021978021978022,0.21831501831501832,0.5765567765567765,0.21684981684981686,0.13504273504273503,0.3338217338217338,0.2886446886446886,0.7343101343101343,0.20122100122100123,0.1619047619047619,0.34725274725274724,0.11843711843711843,0.5172161172161173,0.6021978021978022,0.6642246642246642,0.3487179487179487,0.15897435897435896,0.47692307692307695,0.5858363858363859,0.14652014652014653,0.5826617826617827,0.368986568986569,0.2026862026862027,0.40854700854700854,0.2583638583638584,0.09572649572649573,0.18021978021978022,0.14627594627594628,0.37777777777777777,0.5052503052503052,0.3584859584859585,0.0884004884004884,0.5020757020757021,0.4271062271062271,0.19487179487179487,0.4261294261294261,0.15384615384615385,0.14212454212454212,0.2661782661782662,0.08864468864468865,0.23614163614163614,0.3404151404151404,0.1347985347985348,0.49401709401709404,0.8256410256410256,0.22832722832722832,0.7492063492063492,0.3006105006105006,0.23565323565323565,0.36166056166056165,0.13675213675213677,0.3384615384615385,0.45787545787545786,0.5609279609279609,0.45225885225885226,0.4891330891330891,0.3235653235653236,0.6722832722832723,0.13772893772893774,0.20170940170940171,0.14822954822954823,0.3516483516483517,0.582905982905983
0.568009768009768,0.336996336996337,0.472039072039072,0.37094017094017095,0.4297924297924298,0.06568986568986569,0.15775335775335775,0.24566544566544565,0.26422466422466423,0.17753357753357754,0.5396825396825397,0.3658119658119658,0.1203907203907204,0.21343101343101342,0.3242979242979243,0.23467643467643468,0.19926739926739928,0.21147741147741148,0.5582417582417583,0.2512820512820513,0.13382173382173382,0.3235653235653236,0.283028083028083,0.7111111111111111,0.19487179487179487,0.1592185592185592,0.33528693528693526,0.115995115995116,0.5003663003663004,0.6004884004884005,0.6617826617826618,0.33650793650793653,0.15604395604395604,0.504029304029304,0.5897435897435898,0.16117216117216118,0.5638583638583639,0.4056166056166056,0.19877899877899877,0.4547008547008547,0.28498168498168497,0.09133089133089133,0.1724053724053724,0.14334554334554334,0.3694749694749695,0.5079365079365079,0.3492063492063492,0.0844932844932845,0.4879120879120879,0.4134310134310134,0.19023199023199022,0.4134310134310134,0.15262515262515264,0.17264957264957265,0.25665445665445663,0.0844932844932845,0.23101343101343103,0.3592185592185592,0.15824175824175823,0.5089133089133089,0.8078144078144078,0.22026862026862026,0.7296703296703296,0.28962148962148965,0.22735042735042735,0.3474969474969475,0.13406593406593406,0.326984126984127,0.47545787545787543,0.576068376068376,0.4405372405372405,0.472039072039072,0.31404151404151404,0.6691086691086691,0.13797313797313798,0.19194139194139195,0.14334554334554334,0.38974358974358975,0.566056166056166
0.5702075702075702,0.3311355311355311,0.518925518925519,0.3199023199023199,0.41514041514041516,0.06227106227106227,0.15653235653235653,0.27326007326007323,0.2564102564102564,0.17387057387057386,0.5228327228327229,0.3509157509157509,0.11794871794871795,0.24346764346764346,0.347008547008547,0.22686202686202686,0.22417582417582418,0.20488400488400488,0.5401709401709401,0.2835164835164835,0.1330891330891331,0.31355311355311355,0.2774114774114774,0.6884004884004884,0.19023199023199022,0.15531135531135531,0.32283272283272285,0.11428571428571428,0.48424908424908425,0.5960927960927961,0.6561660561660562,0.32576312576312577,0.15213675213675212,0.5291819291819292,0.5914529914529915,0.1829059829059829,0.5457875457875457,0.4405372405372405,0.19584859584859585,0.4984126984126984,0.31062271062271063,0.08717948717948718,0.16605616605616605,0.1426129426129426,0.3609279609279609,0.5081807081807082,0.3396825396825397,0.08083028083028083,0.4735042735042735,0.4004884004884005,0.18632478632478633,0.4004884004884005,0.15286935286935288,0.21172161172161172,0.24786324786324787,0.0822954822954823,0.22515262515262516,0.37655677655677655,0.1873015873015873,0.5208791208791209,0.7875457875457875,0.21294261294261294,0.7111111111111111,0.2783882783882784,0.21953601953601953,0.3338217338217338,0.13162393162393163,0.315995115995116,0.4913308913308913,0.589010989010989,0.4293040293040293,0.45567765567765567,0.3047619047619048,0.6634920634920635,0.13943833943833944,0.18217338217338216,0.13846153846153847,0.42588522588522587,0.5501831501831502
0.5699633699633699,0.3247863247863248,0.5645909645909646,0.2761904761904762,0.39902319902319905,0.05885225885225885,0.15555555555555556,0.29987789987789987,0.24786324786324787,0.17045177045177046,0.5064713064713064,0.33601953601953605,0.115995115995116,0.2788766788766789,0.37045177045177047,0.21953601953601953,0.2537240537240537,0.199023199023199,0.5228327228327229,0.315018315018315,0.13211233211233211,0.30378510378510376,0.2717948717948718,0.6659340659340659,0.18608058608058609,0.1514041514041514,0.31062271062271063,0.11428571428571428,0.4691086691086691,0.589010989010989,0.6478632478632479,0.3162393162393162,0.14847374847374847,0.5518925518925519,0.590964590964591,0.21147741147741148,0.5286935286935287,0.46984126984126984,0.19194139194139195,0.5389499389499389,0.33455433455433453,0.08351648351648351,0.16263736263736264,0.14358974358974358,0.35262515262515265,0.505982905982906,0.33015873015873015,0.0778998778998779,0.4593406593406593,0.389010989010989,0.18192918192918192,0.3877899877899878,0.1562881562881563,0.2571428571428571,0.24102564102564103,0.08131868131868132,0.21953601953601953,0.3921855921855922,0.22002442002442002,0.5301587301587302,0.7663003663003664,0.20732600732600734,0.6923076923076923,0.2673992673992674,0.21172161172161172,0.3199023199023199,0.12942612942612944,0.30500610500610503,0.505006105006105,0.599023199023199,0.4183150183150183,0.4405372405372405,0.2971916971916972,0.6556776556776557,0.14358974358974358,0.17264957264957265,0.13382173382173382,0.4586080586080586,0.5347985347985348
0.5682539682539682,0.3184371184371184,0.6083028083028083,0.24102564102564103,0.38168498168498166,0.05543345543345543,0.15531135531135531,0.3299145299145299,0.23882783882783884,0.1675213675213675,0.49108669108669106,0.3235653235653236,0.11306471306471307,0.31697191697191696,0.39267399267399267,0.21245421245421245,0.28669108669108667,0.19365079365079366,0.5069597069597069,0.3509157509157509,0.13113553113553114,0.29426129426129427,0.2661782661782662,0.6437118437118438,0.18095238095238095,0.14725274725274726,0.2993894993894994,0.11721611721611722,0.45396825396825397,0.5794871794871795,0.6371184371184371,0.305982905982906,0.14505494505494507,0.5724053724053724,0.588034188034188,0.2463980463980464,0.5125763125763125,0.4954822954822955,0.1877899877899878,0.5758241758241758,0.3562881562881563,0.08083028083028083,0.1597069597069597,0.147985347985348,0.3443223443223443,0.5010989010989011,0.32063492063492066,0.07521367521367521,0.4456654456654457,0.37826617826617825,0.1768009768009768,0.3755799755799756,0.16312576312576313,0.3006105006105006,0.2354090354090354,0.08302808302808302,0.2139194139194139,0.4056166056166056,0.2564102564102564,0.536996336996337,0.7452991452991453,0.2026862026862027,0.6730158730158731,0.25616605616605614,0.2043956043956044,0.305982905982906,0.12722832722832722,0.295970695970696,0.5162393162393163,0.6063492063492063,0.4073260073260073,0.4261294261294261,0.29010989010989013,0.6451770451770452,0.15115995115995115,0.16336996336996337,0.12942612942612944,0.48815628815628814,0.5199023199023199
0.5641025641025641,0.3115995115995116,0.6498168498168498,0.21343101343101342,0.36385836385836384,0.05225885225885226,0.15653235653235653,0.36117216117216117,0.23028083028083027,0.16556776556776556,0.4764346764346764,0.3125763125763126,0.10964590964590964,0.3557997557997558,0.4141636141636142,0.20586080586080585,0.3221001221001221,0.189010989010989,0.49230769230769234,0.38754578754578756,0.1308913308913309,0.2844932844932845,0.2605616605616606,0.6222222222222222,0.17582417582417584,0.14358974358974358,0.28962148962148965,0.12405372405372406,0.43956043956043955,0.5687423687423687,0.6234432234432234,0.29523809523809524,0.1413919413919414,0.5907203907203907,0.5826617826617827,0.2862026862026862,0.49914529914529915,0.5228327228327229,0.18363858363858365,0.6092796092796092,0.3750915750915751,0.08083028083028083,0.15433455433455434,0.15677655677655677,0.33650793650793653,0.4937728937728938,0.3115995115995116,0.07252747252747253,0.43345543345543347,0.367032967032967,0.17191697191697192,0.3636141636141636,0.17435897435897435,0.34285714285714286,0.2288156288156288,0.08913308913308914,0.2083028083028083,0.4163614163614164,0.29352869352869354,0.5413919413919414,0.7247863247863248,0.19706959706959706,0.653968253968254,0.24517704517704517,0.1973137973137973,0.2923076923076923,0.12527472527472527,0.2874236874236874,0.5245421245421246,0.6107448107448108,0.39658119658119656,0.4134310134310134,0.28253968253968254,0.6327228327228327,0.16336996336996337,0.15384615384615385,0.12527472527472527,0.5142857142857142,0.5062271062271062
0.557997557997558,0.3047619047619048,0.6886446886446886,0.1921855921855922,0.346031746031746,0.050793650793650794,0.15897435897435896,0.3921855921855922,0.22173382173382172,0.16532356532356532,0.4634920634920635,0.3001221001221001,0.10573870573870574,0.3938949938949939,0.43394383394383396,0.19975579975579977,0.35824175824175825,0.18534798534798536,0.4766788766788767,0.4231990231990232,0.13211233211233211,0.274969474969475,0.25445665445665444,0.600976800976801,0.1702075702075702,0.13992673992673993,0.2822954822954823,0.13577533577533576,0.42637362637362636,0.5765567765567765,0.6078144078144078,0.2847374847374847,0.13772893772893774,0.6068376068376068,0.575091575091575,0.3230769230769231,0.4866910866910867,0.5492063492063493,0.1794871794871795,0.639072039072039,0.39096459096459096,0.08376068376068375,0.14945054945054945,0.17167277167277167,0.32844932844932845,0.484004884004884,0.3023199023199023,0.07008547008547009,0.4227106227106227,0.35555555555555557,0.16654456654456654,0.3516483516483517,0.19047619047619047,0.3907203907203907,0.22246642246642245,0.10061050061050061,0.20293040293040293,0.42466422466422465,0.33015873015873015,0.5428571428571428,0.7032967032967034,0.19096459096459095,0.6346764346764346,0.23443223443223443,0.19047619047619047,0.2788766788766789,0.1242979242979243,0.2778998778998779,0.5304029304029304,0.6126984126984127,0.38632478632478634,0.40195360195360197,0.27521367521367524,0.6178266178266179,0.1807081807081807,0.14481074481074482,0.12112332112332112,0.5365079365079365,0.49352869352869355
0.5492063492063493,0.2979242979242979,0.7252747252747253,0.17582417582417584,0.32893772893772893,0.05054945054945055,0.16263736263736264,0.421978021978022,0.21318681318681318,0.1675213675213675,0.4512820512820513,0.28669108669108667,0.10183150183150183,0.4302808302808303,0.4517704517704518,0.19413919413919414,0.3894993894993895,0.1829059829059829,0.4603174603174603,0.4568986568986569,0.13528693528693528,0.2656898656898657,0.2485958485958486,0.5821733821733822,0.1645909645909646,0.1365079365079365,0.27814407814407816,0.1536019536019536,0.41440781440781443,0.5912087912087912,0.5904761904761905,0.273992673992674,0.13382173382173382,0.621001221001221,0.5650793650793651,0.3584859584859585,0.4735042735042735,0.575091575091575,0.17582417582417584,0.6659340659340659,0.40293040293040294,0.09010989010989011,0.1443223443223443,0.1921855921855922,0.3203907203907204,0.47277167277167276,0.29352869352869354,0.06813186813186813,0.4117216117216117,0.34383394383394383,0.16166056166056167,0.33992673992673994,0.21147741147741148,0.4398046398046398,0.21587301587301588,0.11892551892551892,0.1978021978021978,0.43052503052503055,0.36117216117216117,0.5418803418803418,0.6810744810744811,0.18534798534798536,0.6158730158730159,0.22417582417582418,0.18363858363858365,0.2673992673992674,0.12380952380952381,0.2678876678876679,0.5333333333333333,0.6122100122100123,0.3755799755799756,0.38974358974358975,0.2678876678876679,0.6007326007326007,0.20341880341880342,0.13577533577533576,0.11721611721611722,0.5560439560439561,0.4800976800976801
0.5619047619047619,0.29084249084249086,0.7587301587301587,0.16214896214896216,0.3145299145299145,0.04908424908424908,0.168986568986569,0.45006105006105007,0.20537240537240536,0.17264957264957265,0.43833943833943834,0.27350427350427353,0.09768009768009768,0.463980463980464,0.4678876678876679,0.18852258852258852,0.4175824175824176,0.1794871794871795,0.44395604395604393,0.4879120879120879,0.1413919413919414,0.2571428571428571,0.24273504273504273,0.5643467643467643,0.1592185592185592,0.1330891330891331,0.2778998778998779,0.17753357753357754,0.4014652014652015,0.589010989010989,0.5716727716727716,0.263980463980464,0.13064713064713065,0.6329670329670329,0.5531135531135531,0.398046398046398,0.4598290598290598,0.5992673992673992,0.17216117216117216,0.6857142857142857,0.41098901098901097,0.10158730158730159,0.13943833943833944,0.21855921855921856,0.3125763125763126,0.46007326007326005,0.2862026862026862,0.06715506715506715,0.40073260073260075,0.33235653235653234,0.15677655677655677,0.32844932844932845,0.23663003663003662,0.4869352869352869,0.20976800976800977,0.1443223443223443,0.19316239316239317,0.43394383394383396,0.3882783882783883,0.5399267399267399,0.6595848595848596,0.17997557997557997,0.5970695970695971,0.21416361416361415,0.17753357753357754,0.2571428571428571,0.12258852258852258,0.2578754578754579,0.5335775335775336,0.609035409035409,0.3663003663003663,0.3775335775335775,0.2605616605616606,0.5821733821733822,0.23101343101343103,0.12747252747252746,0.11404151404151404,0.5702075702075702,0.4669108669108669
0.5838827838827839,0.2835164835164835,0.7887667887667887,0.1509157509157509,0.3018315018315018,0.04737484737484737,0.17875457875457876,0.4766788766788767,0.19755799755799755,0.18217338217338216,0.4249084249084249,0.2605616605616606,0.09352869352869353,0.49523809523809526,0.48205128205128206,0.18437118437118438,0.4473748473748474,0.17606837606837608,0.42735042735042733,0.5162393162393163,0.1514041514041514,0.2485958485958486,0.23785103785103784,0.5452991452991452,0.15384615384615385,0.12991452991452992,0.28205128205128205,0.2026862026862027,0.3877899877899878,0.578021978021978,0.5526251526251527,0.25445665445665444,0.12796092796092795,0.6427350427350428,0.5413919413919414,0.43833943833943834,0.4461538461538462,0.6214896214896215,0.168986568986569,0.701098901098901,0.4175824175824176,0.12014652014652015,0.1347985347985348,0.24957264957264957,0.30500610500610503,0.44664224664224667,0.27936507936507937,0.06495726495726496,0.38974358974358975,0.3213675213675214,0.1523809523809524,0.31697191697191696,0.2652014652014652,0.5308913308913309,0.20366300366300366,0.17655677655677657,0.18876678876678876,0.4346764346764347,0.4163614163614164,0.5357753357753358,0.6388278388278388,0.1746031746031746,0.5787545787545788,0.20463980463980463,0.17264957264957265,0.2463980463980464,0.12112332112332112,0.24786324786324787,0.5308913308913309,0.6031746031746031,0.35775335775335776,0.36434676434676433,0.2537240537240537,0.5623931623931624,0.2625152625152625,0.11965811965811966,0.11184371184371185,0.5807081807081808,0.45396825396825397
0.5851037851037851,0.27643467643467645,0.8156288156288156,0.14334554334554334,0.28815628815628813,0.045177045177045176,0.19267399267399268,0.5010989010989011,0.18998778998778998,0.1956043956043956,0.41147741147741146,0.24810744810744811,0.08986568986568987,0.5238095238095238,0.4945054945054945,0.18095238095238095,0.4766788766788767,0.17216117216117216,0.41098901098901097,0.5418803418803418,0.16556776556776556,0.24224664224664225,0.2336996336996337,0.5257631257631258,0.14896214896214896,0.12722832722832722,0.29084249084249086,0.22979242979242978,0.3741147741147741,0.5628815628815629,0.5335775335775336,0.2454212454212454,0.1264957264957265,0.6503052503052503,0.5291819291819292,0.4766788766788767,0.43272283272283274,0.6412698412698413,0.16532356532356532,0.716971916971917,0.42173382173382173,0.14652014652014653,0.13015873015873017,0.2835164835164835,0.29865689865689865,0.4341880341880342,0.2717948717948718,0.06251526251526252,0.378998778998779,0.31062271062271063,0.147985347985348,0.3052503052503053,0.29181929181929184,0.5709401709401709,0.19853479853479852,0.21416361416361415,0.18461538461538463,0.4332112332112332,0.4432234432234432,0.5294261294261294,0.6190476190476191,0.16947496947496948,0.5609279609279609,0.1956043956043956,0.168986568986569,0.23516483516483516,0.11941391941391942,0.23809523809523808,0.5257631257631258,0.5948717948717949,0.3482295482295482,0.3516483516483517,0.2468864468864469,0.5418803418803418,0.2971916971916972,0.11184371184371185,0.11086691086691086,0.590964590964591,0.4405372405372405
0.5753357753357753,0.26935286935286934,0.8351648351648352,0.13797313797313798,0.27472527472527475,0.042735042735042736,0.21782661782661783,0.5238095238095238,0.1824175824175824,0.21025641025641026,0.3978021978021978,0.23614163614163614,0.08595848595848596,0.5496947496947497,0.5032967032967033,0.1772893772893773,0.5045177045177045,0.16874236874236875,0.3951159951159951,0.5653235653235653,0.1838827838827839,0.23687423687423687,0.22832722832722832,0.505982905982906,0.14407814407814407,0.12503052503052503,0.30207570207570206,0.26324786324786326,0.3606837606837607,0.546031746031746,0.515018315018315,0.23663003663003662,0.12747252747252746,0.6542124542124542,0.515995115995116,0.5123321123321123,0.4188034188034188,0.6583638583638584,0.1619047619047619,0.7318681318681318,0.42295482295482295,0.18046398046398046,0.12722832722832722,0.31916971916971915,0.29304029304029305,0.4222222222222222,0.26373626373626374,0.06105006105006105,0.36800976800976803,0.30036630036630035,0.14407814407814407,0.29523809523809524,0.3172161172161172,0.6065934065934065,0.19316239316239317,0.2549450549450549,0.18046398046398046,0.4297924297924298,0.46813186813186813,0.5208791208791209,0.6,0.16507936507936508,0.5431013431013431,0.18656898656898657,0.1645909645909646,0.22417582417582418,0.11746031746031746,0.22832722832722832,0.5181929181929182,0.5838827838827839,0.3384615384615385,0.33894993894993897,0.24004884004884006,0.5218559218559219,0.3326007326007326,0.10622710622710622,0.10866910866910867,0.5997557997557997,0.4275946275946276
0.5609279609279609,0.2622710622710623,0.8503052503052503,0.1326007326007326,0.2612942612942613,0.04053724053724054,0.2437118437118437,0.5445665445665445,0.17533577533577532,0.2271062271062271,0.38412698412698415,0.22515262515262516,0.08205128205128205,0.5726495726495726,0.5094017094017094,0.17264957264957265,0.5301587301587302,0.16483516483516483,0.37924297924297923,0.5863247863247864,0.2061050061050061,0.23076923076923078,0.22271062271062272,0.48644688644688644,0.13968253968253969,0.12454212454212454,0.3155067155067155,0.3001221001221001,0.347008547008547,0.528937728937729,0.49694749694749696,0.22808302808302808,0.13162393162393163,0.654945054945055,0.5023199023199023,0.5452991452991452,0.40512820512820513,0.6722832722832723,0.15824175824175823,0.7445665445665446,0.42124542124542125,0.221001221001221,0.12503052503052503,0.3553113553113553,0.2893772893772894,0.41025641025641024,0.25616605616605614,0.06153846153846154,0.3572649572649573,0.2903540903540904,0.14017094017094017,0.2862026862026862,0.34554334554334554,0.6378510378510378,0.18803418803418803,0.2971916971916972,0.17802197802197803,0.42417582417582417,0.48986568986568985,0.5101343101343101,0.5816849816849817,0.1619047619047619,0.526007326007326,0.17997557997557997,0.1597069597069597,0.21416361416361415,0.115995115995116,0.21855921855921856,0.5094017094017094,0.5709401709401709,0.32893772893772893,0.32673992673992674,0.23394383394383395,0.5094017094017094,0.3672771672771673,0.10207570207570207,0.10598290598290598,0.6065934065934065,0.4148962148962149
0.5443223443223443,0.25665445665445663,0.865934065934066,0.12796092796092795,0.24835164835164836,0.0380952380952381,0.263980463980464,0.5631257631257631,0.1702075702075702,0.2485958485958486,0.3706959706959707,0.2144078144078144,0.07863247863247863,0.58998778998779,0.5157509157509158,0.16825396825396827,0.5531135531135531,0.16092796092796094,0.3636141636141636,0.6048840048840048,0.22735042735042735,0.22417582417582418,0.2170940170940171,0.46715506715506716,0.13577533577533576,0.12576312576312576,0.33308913308913307,0.3384615384615385,0.3338217338217338,0.512087912087912,0.47985347985347987,0.21978021978021978,0.13968253968253969,0.654945054945055,0.4888888888888889,0.5746031746031746,0.39194139194139194,0.683028083028083,0.15482295482295483,0.7548229548229548,0.4166056166056166,0.2664224664224664,0.12551892551892552,0.3855921855921856,0.28766788766788765,0.398046398046398,0.24835164835164836,0.06471306471306472,0.347008547008547,0.2805860805860806,0.13797313797313798,0.2761904761904762,0.37435897435897436,0.6654456654456654,0.18315018315018314,0.3338217338217338,0.17655677655677657,0.41611721611721614,0.5091575091575091,0.49743589743589745,0.5643467643467643,0.16092796092796094,0.5108669108669108,0.17435897435897435,0.15531135531135531,0.2043956043956044,0.11526251526251527,0.20903540903540904,0.4984126984126984,0.5555555555555556,0.3201465201465201,0.31477411477411477,0.2275946275946276,0.5020757020757021,0.39658119658119656,0.09743589743589744,0.10329670329670329,0.6112332112332113,0.40293040293040294
0.5274725274725275,0.252014652014652,0.8800976800976801,0.12380952380952381,0.2358974358974359,0.036141636141636145,0.29010989010989013,0.5794871794871795,0.16556776556776556,0.27350427350427353,0.3572649572649573,0.20415140415140415,0.07521367521367521,0.6036630036630036,0.5206349206349207,0.16385836385836386,0.5738705738705738,0.1575091575091575,0.34798534798534797,0.6207570207570208,0.2490842490842491,0.2175824175824176,0.21172161172161172,0.4485958485958486,0.13357753357753357,0.12869352869352868,0.3540903540903541,0.3768009768009768,0.32063492063492066,0.495970695970696,0.46373626373626375,0.21318681318681318,0.15286935286935288,0.652991452991453,0.47545787545787543,0.600976800976801,0.3785103785103785,0.6905982905982906,0.1523809523809524,0.7621489621489621,0.4095238095238095,0.3142857142857143,0.12796092796092795,0.4129426129426129,0.27521367521367524,0.3865689865689866,0.2407814407814408,0.07252747252747253,0.3367521367521368,0.2708180708180708,0.1365079365079365,0.2656898656898657,0.40244200244200246,0.6891330891330891,0.17802197802197803,0.3665445665445665,0.1746031746031746,0.40634920634920635,0.525030525030525,0.4832722832722833,0.5474969474969476,0.16336996336996337,0.49694749694749696,0.16776556776556775,0.15115995115995115,0.19487179487179487,0.11428571428571428,0.2,0.4857142857142857,0.5387057387057387,0.3115995115995116,0.30305250305250303,0.22197802197802197,0.49206349206349204,0.421978021978022,0.09206349206349207,0.10061050061050061,0.6136752136752137,0.39096459096459096
0.5125763125763125,0.24566544566544565,0.8915750915750916,0.1199023199023199,0.22344322344322345,0.03394383394383394,0.31916971916971915,0.5907203907203907,0.15995115995115994,0.29987789987789987,0.3440781440781441,0.1943833943833944,0.07374847374847375,0.6175824175824176,0.5238095238095238,0.15946275946275945,0.591941391941392,0.1540903540903541,0.3326007326007326,0.6322344322344322,0.2737484737484738,0.21147741147741148,0.2070818070818071,0.43052503052503055,0.13235653235653236,0.13528693528693528,0.37655677655677655,0.4141636141636142,0.30793650793650795,0.4805860805860806,0.4481074481074481,0.20757020757020758,0.17264957264957265,0.6483516483516484,0.4627594627594628,0.6244200244200244,0.3653235653235653,0.694993894993895,0.1509157509157509,0.7660561660561661,0.40024420024420027,0.3626373626373626,0.13211233211233211,0.44175824175824174,0.2590964590964591,0.37606837606837606,0.23321123321123322,0.0862026862026862,0.32673992673992674,0.2612942612942613,0.13406593406593406,0.25518925518925517,0.42857142857142855,0.7091575091575092,0.17435897435897435,0.40073260073260075,0.17191697191697192,0.39536019536019534,0.5384615384615384,0.4678876678876679,0.5313797313797314,0.168986568986569,0.48253968253968255,0.16117216117216118,0.147008547008547,0.18583638583638584,0.11330891330891331,0.19145299145299147,0.47155067155067154,0.5208791208791209,0.30305250305250303,0.2915750915750916,0.21684981684981686,0.48131868131868133,0.44761904761904764,0.08693528693528693,0.09865689865689865,0.6134310134310135,0.3797313797313797
0.49914529914529915,0.23882783882783884,0.8998778998778999,0.11648351648351649,0.21123321123321123,0.03247863247863248,0.3496947496947497,0.5982905982905983,0.1540903540903541,0.32673992673992674,0.3311355311355311,0.18705738705738706,0.07326007326007326,0.6302808302808303,0.525030525030525,0.15335775335775337,0.6078144078144078,0.1509157509157509,0.31916971916971915,0.6402930402930402,0.3001221001221001,0.20537240537240536,0.20317460317460317,0.4129426129426129,0.13137973137973138,0.14627594627594628,0.3992673992673993,0.4495726495726496,0.295970695970696,0.4656898656898657,0.43443223443223444,0.20122100122100123,0.199023199023199,0.6405372405372405,0.4507936507936508,0.644932844932845,0.3523809523809524,0.6952380952380952,0.14822954822954823,0.7670329670329671,0.3887667887667888,0.4095238095238095,0.13968253968253969,0.47057387057387057,0.2554334554334554,0.3658119658119658,0.22612942612942613,0.10622710622710622,0.31648351648351647,0.2537240537240537,0.13137973137973138,0.24493284493284492,0.4525030525030525,0.7255189255189255,0.17094017094017094,0.43394383394383396,0.16923076923076924,0.38363858363858366,0.548962148962149,0.45225885225885226,0.5157509157509158,0.17875457875457876,0.46813186813186813,0.15506715506715507,0.14285714285714285,0.17655677655677657,0.11257631257631258,0.18315018315018314,0.4568986568986569,0.5025641025641026,0.29474969474969476,0.2805860805860806,0.2126984126984127,0.46935286935286935,0.4713064713064713,0.08180708180708181,0.09816849816849817,0.6105006105006106,0.368986568986569
0.48547008547008547,0.23223443223443224,0.9045177045177045,0.11257631257631258,0.199023199023199,0.031013431013431014,0.37655677655677655,0.6053724053724053,0.14822954822954823,0.3536019536019536,0.3184371184371184,0.1807081807081807,0.07179487179487179,0.6412698412698413,0.5238095238095238,0.14627594627594628,0.6214896214896215,0.147985347985348,0.30744810744810747,0.6483516483516484,0.326007326007326,0.19926739926739928,0.20146520146520147,0.39584859584859583,0.13235653235653236,0.16263736263736264,0.42124542124542125,0.4827838827838828,0.284004884004884,0.452991452991453,0.42173382173382173,0.1943833943833944,0.23125763125763127,0.6302808302808303,0.4388278388278388,0.6632478632478632,0.34114774114774116,0.692063492063492,0.1452991452991453,0.7643467643467643,0.37606837606837606,0.4485958485958486,0.15824175824175823,0.4976800976800977,0.2595848595848596,0.35653235653235654,0.21953601953601953,0.13284493284493284,0.30793650793650795,0.24664224664224665,0.1291819291819292,0.23467643467643468,0.47374847374847373,0.7365079365079366,0.16678876678876678,0.46373626373626375,0.16678876678876678,0.37142857142857144,0.5567765567765568,0.4363858363858364,0.5015873015873016,0.19462759462759463,0.4537240537240537,0.14896214896214896,0.1391941391941392,0.16800976800976802,0.11184371184371185,0.17655677655677657,0.44175824175824174,0.484004884004884,0.28669108669108667,0.2698412698412698,0.20903540903540904,0.4568986568986569,0.49230769230769234,0.07741147741147741,0.10036630036630037,0.6051282051282051,0.35946275946275946
0.47228327228327227,0.22564102564102564,0.9052503052503053,0.10818070818070818,0.1873015873015873,0.029792429792429794,0.4014652014652015,0.6102564102564103,0.1426129426129426,0.37948717948717947,0.3076923076923077,0.17362637362637362,0.0695970695970696,0.6500610500610501,0.5206349206349207,0.14114774114774115,0.6327228327228327,0.14627594627594628,0.2945054945054945,0.654945054945055,0.35115995115995113,0.1934065934065934,0.20195360195360196,0.37924297924297923,0.13675213675213677,0.18461538461538463,0.44126984126984126,0.5137973137973137,0.27277167277167275,0.44126984126984126,0.40854700854700854,0.18754578754578755,0.26764346764346764,0.6175824175824176,0.4275946275946276,0.6793650793650794,0.3311355311355311,0.6866910866910867,0.14236874236874236,0.7577533577533577,0.3623931623931624,0.4822954822954823,0.17924297924297924,0.5228327228327229,0.26886446886446885,0.34725274725274724,0.21294261294261294,0.16605616605616605,0.30036630036630035,0.2385836385836386,0.1282051282051282,0.22515262515262516,0.49230769230769234,0.7435897435897436,0.1623931623931624,0.48986568986568985,0.1645909645909646,0.35946275946275946,0.5616605616605617,0.4227106227106227,0.48815628815628814,0.2175824175824176,0.4398046398046398,0.14285714285714285,0.13528693528693528,0.1597069597069597,0.11233211233211234,0.17094017094017094,0.4271062271062271,0.46593406593406594,0.27912087912087913,0.26105006105006107,0.20537240537240536,0.44468864468864466,0.5096459096459096,0.07301587301587302,0.10695970695970695,0.5968253968253968,0.35115995115995113
0.4593406593406593,0.21904761904761905,0.9013431013431014,0.10329670329670329,0.17582417582417584,0.030036630036630037,0.42857142857142855,0.6122100122100123,0.136996336996337,0.4043956043956044,0.2979242979242979,0.1663003663003663,0.06764346764346764,0.6561660561660562,0.515018315018315,0.136996336996337,0.6415140415140416,0.14505494505494507,0.28083028083028083,0.6595848595848596,0.3741147741147741,0.18754578754578755,0.2061050061050061,0.3636141636141636,0.1452991452991453,0.21172161172161172,0.4586080586080586,0.5426129426129426,0.26373626373626374,0.4288156288156288,0.3946275946275946,0.1807081807081807,0.30622710622710625,0.6026862026862027,0.4166056166056166,0.6901098901098901,0.3201465201465201,0.6788766788766789,0.13943833943833944,0.747985347985348,0.35018315018315016,0.5167277167277168,0.1978021978021978,0.5455433455433455,0.28083028083028083,0.3387057387057387,0.20683760683760682,0.199023199023199,0.29181929181929184,0.23076923076923078,0.12991452991452992,0.21587301587301588,0.5089133089133089,0.7501831501831502,0.157997557997558,0.5125763125763125,0.16214896214896216,0.3482295482295482,0.5638583638583639,0.41025641025641024,0.47448107448107446,0.2468864468864469,0.42637362637362636,0.136996336996337,0.13162393162393163,0.15189255189255188,0.11306471306471307,0.1645909645909646,0.41318681318681316,0.4485958485958486,0.2717948717948718,0.25347985347985347,0.20146520146520147,0.4324786324786325,0.5242979242979243,0.06910866910866911,0.11892551892551892,0.5863247863247864,0.3423687423687424
0.4461538461538462,0.21318681318681318,0.8937728937728938,0.09865689865689865,0.16654456654456654,0.031013431013431014,0.45665445665445664,0.610989010989011,0.13137973137973138,0.4275946275946276,0.2874236874236874,0.15897435897435896,0.06568986568986569,0.6598290598290598,0.5069597069597069,0.13357753357753357,0.6461538461538462,0.14285714285714285,0.26764346764346764,0.6615384615384615,0.39536019536019534,0.18192918192918192,0.2144078144078144,0.35067155067155065,0.15946275946275945,0.2437118437118437,0.473015873015873,0.5684981684981685,0.25567765567765566,0.41611721611721614,0.3807081807081807,0.17387057387057386,0.3457875457875458,0.5865689865689866,0.4061050061050061,0.6979242979242979,0.3086691086691087,0.6686202686202686,0.1365079365079365,0.7350427350427351,0.33943833943833945,0.5496947496947497,0.22417582417582418,0.5658119658119658,0.29426129426129427,0.33015873015873015,0.20073260073260074,0.23296703296703297,0.28253968253968254,0.22271062271062272,0.13528693528693528,0.20732600732600734,0.5230769230769231,0.7545787545787546,0.1536019536019536,0.5313797313797314,0.15995115995115994,0.33821733821733824,0.5626373626373626,0.3973137973137973,0.4603174603174603,0.2818070818070818,0.41367521367521365,0.13162393162393163,0.12869352869352868,0.1457875457875458,0.11330891330891331,0.15775335775335775,0.4,0.431990231990232,0.2656898656898657,0.24493284493284492,0.19755799755799755,0.42002442002442003,0.5355311355311355,0.06568986568986569,0.13772893772893774,0.5743589743589743,0.33308913308913307
0.4332112332112332,0.20781440781440783,0.882051282051282,0.09352869352869353,0.15848595848595848,0.031013431013431014,0.48424908424908425,0.6063492063492063,0.126007326007326,0.4490842490842491,0.2766788766788767,0.15213675213675212,0.06398046398046398,0.6603174603174603,0.4967032967032967,0.13137973137973138,0.6478632478632479,0.1409035409035409,0.25445665445665444,0.661050061050061,0.4148962148962149,0.1768009768009768,0.22442002442002443,0.33894993894993897,0.1794871794871795,0.27814407814407816,0.48473748473748474,0.5921855921855922,0.24713064713064714,0.4031746031746032,0.367032967032967,0.1675213675213675,0.3851037851037851,0.5692307692307692,0.39536019536019534,0.7054945054945055,0.29743589743589743,0.6556776556776557,0.1330891330891331,0.7203907203907204,0.3274725274725275,0.57997557997558,0.26544566544566545,0.5838827838827839,0.3076923076923077,0.32161172161172163,0.19658119658119658,0.27277167277167275,0.2737484737484738,0.21465201465201464,0.1452991452991453,0.199023199023199,0.5347985347985348,0.757020757020757,0.1492063492063492,0.5462759462759462,0.15897435897435896,0.32893772893772893,0.5587301587301587,0.3848595848595849,0.4461538461538462,0.32063492063492066,0.4017094017094017,0.12698412698412698,0.12698412698412698,0.14114774114774115,0.11306471306471307,0.1514041514041514,0.3873015873015873,0.4163614163614164,0.2608058608058608,0.2358974358974359,0.19365079365079366,0.40757020757020757,0.5433455433455433,0.06202686202686203,0.16312576312576313,0.5614163614163614,0.3242979242979243
0.42002442002442003,0.20293040293040293,0.8673992673992674,0.09035409035409035,0.14945054945054945,0.030525030525030524,0.5111111111111111,0.5982905982905983,0.12136752136752137,0.4686202686202686,0.2664224664224664,0.1457875457875458,0.06251526251526252,0.6581196581196581,0.48473748473748474,0.12991452991452992,0.6485958485958486,0.13968253968253969,0.24175824175824176,0.6573870573870574,0.4324786324786325,0.17191697191697192,0.23687423687423687,0.32673992673992674,0.2056166056166056,0.3142857142857143,0.4927960927960928,0.6097680097680098,0.23833943833943835,0.38974358974358975,0.3536019536019536,0.16117216117216118,0.4222222222222222,0.5511599511599512,0.3860805860805861,0.7118437118437119,0.28644688644688643,0.6405372405372405,0.13015873015873017,0.7040293040293041,0.315995115995116,0.6075702075702075,0.30500610500610503,0.5992673992673992,0.3203907203907204,0.3142857142857143,0.1934065934065934,0.31575091575091574,0.26495726495726496,0.2070818070818071,0.16092796092796094,0.19096459096459095,0.5428571428571428,0.7562881562881563,0.14505494505494507,0.557997557997558,0.15946275946275945,0.3218559218559219,0.5526251526251527,0.3851037851037851,0.43174603174603177,0.36166056166056165,0.38974358974358975,0.12356532356532357,0.12698412698412698,0.13528693528693528,0.11306471306471307,0.1452991452991453,0.37533577533577533,0.4031746031746032,0.25518925518925517,0.2271062271062271,0.19023199023199022,0.3951159951159951,0.5477411477411478,0.05885225885225885,0.19023199023199022,0.5462759462759462,0.31575091575091574
0.4065934065934066,0.19829059829059828,0.8505494505494505,0.08864468864468865,0.13968253968253969,0.029548229548229547,0.5365079365079365,0.5870573870573871,0.11697191697191697,0.48644688644688644,0.2564102564102564,0.13992673992673993,0.06105006105006105,0.6525030525030525,0.4725274725274725,0.12722832722832722,0.6471306471306472,0.14065934065934066,0.22979242979242978,0.6507936507936508,0.4481074481074481,0.16874236874236875,0.2537240537240537,0.3145299145299145,0.23614163614163614,0.35018315018315016,0.49694749694749696,0.6236874236874237,0.22954822954822954,0.37655677655677655,0.33992673992673994,0.15482295482295483,0.4568986568986569,0.5347985347985348,0.37704517704517704,0.7162393162393162,0.27594627594627597,0.6236874236874237,0.12747252747252746,0.6854700854700855,0.3052503052503053,0.6317460317460317,0.3431013431013431,0.6122100122100123,0.33137973137973137,0.30744810744810747,0.1894993894993895,0.35946275946275946,0.2564102564102564,0.19975579975579977,0.18315018315018314,0.18339438339438338,0.5484737484737485,0.7526251526251526,0.14114774114774115,0.566056166056166,0.16312576312576313,0.315995115995116,0.544078144078144,0.3916971916971917,0.41733821733821735,0.40341880341880343,0.3785103785103785,0.12136752136752137,0.12844932844932844,0.12869352869352868,0.11306471306471307,0.13943833943833944,0.3653235653235653,0.3912087912087912,0.24932844932844933,0.21831501831501832,0.18656898656898657,0.3831501831501832,0.548962148962149,0.057387057387057384,0.22002442002442002,0.5299145299145299,0.30744810744810747
0.39267399267399267,0.1934065934065934,0.8324786324786325,0.08717948717948718,0.12991452991452992,0.028327228327228327,0.5604395604395604,0.5736263736263736,0.11282051282051282,0.5001221001221001,0.2463980463980464,0.1343101343101343,0.06031746031746032,0.6442002442002442,0.46007326007326005,0.1242979242979243,0.6432234432234433,0.14407814407814407,0.21855921855921856,0.6415140415140416,0.46153846153846156,0.1663003663003663,0.2737484737484738,0.3028083028083028,0.2708180708180708,0.3851037851037851,0.49792429792429793,0.6383394383394383,0.221001221001221,0.3636141636141636,0.32722832722832723,0.14822954822954823,0.4884004884004884,0.5194139194139195,0.3677655677655678,0.7181929181929182,0.26544566544566545,0.6056166056166056,0.12527472527472527,0.6656898656898657,0.295970695970696,0.652991452991453,0.38046398046398044,0.6222222222222222,0.33943833943833945,0.29914529914529914,0.18534798534798536,0.4017094017094017,0.24810744810744811,0.19267399267399268,0.21172161172161172,0.17777777777777778,0.5538461538461539,0.7452991452991453,0.13724053724053725,0.5709401709401709,0.16923076923076924,0.31013431013431014,0.5330891330891331,0.3882783882783883,0.40244200244200246,0.44395604395604393,0.36800976800976803,0.12185592185592185,0.13211233211233211,0.12234432234432234,0.11306471306471307,0.13357753357753357,0.3562881562881563,0.37924297924297923,0.2437118437118437,0.21001221001221002,0.18315018315018314,0.37094017094017095,0.5467643467643467,0.0568986568986569,0.2568986568986569,0.5123321123321123,0.2993894993894994
0.37924297924297923,0.1907203907203907,0.8139194139194139,0.08717948717948718,0.1203907203907204,0.02783882783882784,0.582905982905983,0.557997557997558,0.11013431013431013,0.5108669108669108,0.23663003663003662,0.1291819291819292,0.05958485958485959,0.6329670329670329,0.4461538461538462,0.12136752136752137,0.6371184371184371,0.1514041514041514,0.20757020757020758,0.6295482295482295,0.47374847374847373,0.16312576312576313,0.295970695970696,0.2910866910866911,0.3076923076923077,0.4141636141636142,0.49621489621489623,0.6512820512820513,0.2126984126984127,0.35067155067155065,0.315018315018315,0.14212454212454212,0.5133089133089133,0.5037851037851038,0.357997557997558,0.717948717948718,0.2554334554334554,0.5873015873015873,0.12307692307692308,0.6451770451770452,0.2869352869352869,0.6715506715506715,0.4148962148962149,0.6295482295482295,0.3443223443223443,0.2903540903540904,0.18168498168498168,0.442002442002442,0.2398046398046398,0.18534798534798536,0.2454212454212454,0.17313797313797313,0.557997557997558,0.7350427350427351,0.13357753357753357,0.5724053724053724,0.17924297924297924,0.3047619047619048,0.5201465201465202,0.38046398046398044,0.38803418803418804,0.4822954822954823,0.3572649572649573,0.12551892551892552,0.13846153846153847,0.115995115995116,0.11306471306471307,0.12796092796092795,0.3465201465201465,0.36678876678876676,0.23809523809523808,0.2021978021978022,0.17997557997557997,0.3592185592185592,0.5418803418803418,0.055921855921855924,0.2976800976800977,0.494993894993895,0.2920634920634921
0.3663003663003663,0.16605616605616605,0.7941391941391941,0.09035409035409035,0.1115995115995116,0.02857142857142857,0.6036630036630036,0.5411477411477411,0.10842490842490843,0.5221001221001221,0.22735042735042735,0.12380952380952381,0.05934065934065934,0.6202686202686203,0.4315018315018315,0.11843711843711843,0.6278388278388278,0.16385836385836386,0.19755799755799755,0.6158730158730159,0.4822954822954823,0.15946275946275945,0.31868131868131866,0.28034188034188035,0.3404151404151404,0.4388278388278388,0.4913308913308913,0.6625152625152625,0.20463980463980463,0.3374847374847375,0.3023199023199023,0.13724053724053725,0.5335775335775336,0.48815628815628814,0.3482295482295482,0.715018315018315,0.2454212454212454,0.5694749694749695,0.12234432234432234,0.6251526251526252,0.2783882783882784,0.6871794871794872,0.4481074481074481,0.6332112332112332,0.34725274725274724,0.28156288156288156,0.17777777777777778,0.4796092796092796,0.2315018315018315,0.17875457875457876,0.2778998778998779,0.16776556776556775,0.5601953601953602,0.7216117216117216,0.12991452991452992,0.5709401709401709,0.19511599511599512,0.2993894993894994,0.505982905982906,0.37045177045177047,0.3738705738705739,0.5174603174603175,0.34847374847374846,0.1330891330891331,0.14847374847374847,0.11013431013431013,0.11306471306471307,0.12234432234432234,0.33650793650793653,0.35482295482295484,0.23247863247863249,0.19487179487179487,0.17655677655677657,0.3474969474969475,0.5347985347985348,0.05396825396825397,0.3396825396825397,0.4778998778998779,0.2847374847374847
0.3553113553113553,0.12844932844932844,0.7738705738705739,0.09694749694749695,0.10305250305250305,0.032722832722832725,0.6256410256410256,0.5252747252747253,0.10573870573870574,0.5326007326007326,0.21855921855921856,0.11868131868131868,0.06031746031746032,0.6063492063492063,0.4166056166056166,0.11550671550671551,0.6163614163614164,0.18168498168498168,0.18803418803418803,0.600976800976801,0.4888888888888889,0.1562881562881563,0.3413919413919414,0.2703296703296703,0.37045177045177047,0.4644688644688645,0.48376068376068376,0.671062271062271,0.19706959706959706,0.32454212454212455,0.2893772893772894,0.13406593406593406,0.5545787545787546,0.473015873015873,0.3384615384615385,0.7094017094017094,0.2354090354090354,0.5518925518925519,0.12185592185592185,0.6056166056166056,0.27057387057387056,0.6996336996336996,0.47155067155067154,0.6336996336996337,0.3474969474969475,0.27228327228327226,0.17362637362637362,0.5142857142857142,0.22393162393162394,0.17191697191697192,0.31013431013431014,0.1623931623931624,0.5601953601953602,0.7052503052503053,0.12698412698412698,0.5665445665445665,0.2175824175824176,0.29426129426129427,0.4908424908424908,0.35946275946275946,0.3601953601953602,0.5452991452991452,0.3404151404151404,0.14627594627594628,0.16263736263736264,0.10451770451770452,0.11306471306471307,0.11721611721611722,0.32625152625152626,0.3426129426129426,0.2271062271062271,0.1877899877899878,0.17362637362637362,0.33821733821733824,0.5245421245421246,0.052503052503052504,0.3807081807081807,0.4612942612942613,0.2774114774114774
0.34554334554334554,0.1076923076923077,0.7533577533577533,0.10744810744810745,0.09499389499389499,0.042002442002442006,0.6437118437118438,0.5101343101343101,0.10305250305250305,0.5416361416361416,0.20976800976800977,0.11404151404151404,0.061782661782661785,0.5907203907203907,0.40244200244200246,0.11282051282051282,0.6024420024420024,0.2043956043956044,0.178998778998779,0.5855921855921856,0.49523809523809526,0.15335775335775337,0.36288156288156287,0.2608058608058608,0.40293040293040294,0.48937728937728936,0.47277167277167276,0.6761904761904762,0.1894993894993895,0.3115995115995116,0.2783882783882784,0.13064713064713065,0.5741147741147741,0.4586080586080586,0.32893772893772893,0.7008547008547008,0.22564102564102564,0.5365079365079365,0.12087912087912088,0.5870573870573871,0.26275946275946277,0.7084249084249085,0.4932844932844933,0.6322344322344322,0.34505494505494505,0.26324786324786326,0.16947496947496948,0.5457875457875457,0.21636141636141637,0.16654456654456654,0.347008547008547,0.15702075702075702,0.5582417582417583,0.6869352869352869,0.12527472527472527,0.5594627594627595,0.2459096459096459,0.28913308913308916,0.47545787545787543,0.3482295482295482,0.34676434676434675,0.5675213675213675,0.3316239316239316,0.16532356532356532,0.18095238095238095,0.09914529914529914,0.11306471306471307,0.11233211233211234,0.315995115995116,0.3304029304029304,0.22173382173382172,0.1807081807081807,0.1711843711843712,0.3291819291819292,0.5118437118437118,0.052503052503052504,0.41904761904761906,0.4456654456654457,0.2703296703296703
0.3347985347985348,0.09572649572649573,0.7335775335775335,0.12258852258852258,0.08766788766788766,0.057631257631257635,0.6556776556776557,0.4937728937728938,0.10012210012210013,0.5487179487179488,0.20146520146520147,0.11135531135531136,0.06227106227106227,0.5738705738705738,0.389010989010989,0.11013431013431013,0.5868131868131868,0.23174603174603176,0.17216117216117216,0.5692307692307692,0.5006105006105006,0.1509157509157509,0.3833943833943834,0.2515262515262515,0.43492063492063493,0.5125763125763125,0.45958485958485956,0.6786324786324787,0.18217338217338216,0.2989010989010989,0.26886446886446885,0.12844932844932844,0.5921855921855922,0.44468864468864466,0.3199023199023199,0.6896214896214896,0.21636141636141637,0.5228327228327229,0.11892551892551892,0.5697191697191697,0.2549450549450549,0.7140415140415141,0.5186813186813187,0.6280830280830281,0.33943833943833945,0.2542124542124542,0.16605616605616605,0.5741147741147741,0.20976800976800977,0.1619047619047619,0.3851037851037851,0.15189255189255188,0.5538461538461539,0.6683760683760683,0.12405372405372406,0.5496947496947497,0.27936507936507937,0.28376068376068375,0.4603174603174603,0.33650793650793653,0.33528693528693526,0.58998778998779,0.32283272283272285,0.19145299145299147,0.20317460317460317,0.09401709401709402,0.11306471306471307,0.10866910866910867,0.305982905982906,0.31868131868131866,0.21684981684981686,0.17387057387057386,0.16947496947496948,0.31965811965811963,0.49694749694749696,0.055921855921855924,0.45396825396825397,0.4307692307692308,0.26324786324786326
0.32405372405372407,0.08791208791208792,0.7140415140415141,0.14188034188034188,0.08083028083028083,0.08083028083028083,0.6642246642246642,0.4771672771672772,0.0971916971916972,0.5540903540903541,0.1934065934065934,0.10964590964590964,0.06227106227106227,0.5565323565323566,0.3763125763125763,0.1076923076923077,0.5699633699633699,0.26275946275946277,0.1663003663003663,0.5518925518925519,0.5045177045177045,0.1496947496947497,0.4017094017094017,0.24273504273504273,0.46544566544566546,0.5343101343101343,0.4444444444444444,0.6778998778998779,0.17533577533577532,0.28815628815628813,0.2578754578754579,0.12869352869352868,0.6083028083028083,0.4315018315018315,0.31062271062271063,0.6757020757020757,0.20927960927960929,0.5086691086691086,0.11721611721611722,0.5533577533577534,0.24713064713064714,0.7152625152625153,0.5431013431013431,0.6214896214896215,0.3311355311355311,0.2459096459096459,0.1623931623931624,0.5995115995115995,0.2043956043956044,0.1562881562881563,0.4227106227106227,0.14652014652014653,0.5467643467643467,0.6498168498168498,0.12234432234432234,0.5372405372405372,0.3162393162393162,0.2783882783882784,0.44590964590964594,0.3242979242979243,0.32454212454212455,0.6107448107448108,0.31355311355311355,0.22393162393162394,0.22808302808302808,0.08888888888888889,0.11306471306471307,0.10622710622710622,0.29572649572649573,0.306959706959707,0.21172161172161172,0.16923076923076924,0.1675213675213675,0.30915750915750917,0.46544566544566546,0.06446886446886448,0.48473748473748474,0.4170940170940171,0.2576312576312576
0.3128205128205128,0.0822954822954823,0.6952380952380952,0.16507936507936508,0.07521367521367521,0.1076923076923077,0.6703296703296703,0.4610500610500611,0.0945054945054945,0.5567765567765568,0.1873015873015873,0.1076923076923077,0.061782661782661785,0.5389499389499389,0.36434676434676433,0.1054945054945055,0.5528693528693529,0.29181929181929184,0.15946275946275945,0.5347985347985348,0.5064713064713064,0.1509157509157509,0.4183150183150183,0.2341880341880342,0.49352869352869355,0.5533577533577534,0.4283272283272283,0.6732600732600733,0.17045177045177046,0.27814407814407816,0.24664224664224665,0.1330891330891331,0.6222222222222222,0.4188034188034188,0.3018315018315018,0.661050061050061,0.20341880341880342,0.49474969474969477,0.11575091575091576,0.5377289377289377,0.23956043956043957,0.7128205128205128,0.5601953601953602,0.6117216117216118,0.3203907203907204,0.23809523809523808,0.15897435897435896,0.621978021978022,0.2,0.15042735042735042,0.45787545787545786,0.1413919413919414,0.5374847374847375,0.6293040293040293,0.1203907203907204,0.5221001221001221,0.3553113553113553,0.27326007326007323,0.431990231990232,0.31355311355311355,0.3133089133089133,0.629059829059829,0.3047619047619048,0.2617826617826618,0.2549450549450549,0.08424908424908426,0.1137973137973138,0.1028083028083028,0.2852258852258852,0.29474969474969476,0.2070818070818071,0.16507936507936508,0.16507936507936508,0.2989010989010989,0.42686202686202684,0.07985347985347985,0.5108669108669108,0.40366300366300367,0.2525030525030525
0.30158730158730157,0.07814407814407814,0.676923076923077,0.1916971916971917,0.07106227106227106,0.1391941391941392,0.6761904761904762,0.44590964590964594,0.09181929181929183,0.557020757020757,0.18217338217338216,0.10744810744810745,0.06105006105006105,0.5221001221001221,0.3536019536019536,0.10329670329670329,0.5365079365079365,0.31965811965811963,0.15213675213675212,0.5181929181929182,0.5064713064713064,0.15555555555555556,0.43272283272283274,0.2275946275946276,0.518925518925519,0.5709401709401709,0.4117216117216117,0.6654456654456654,0.1663003663003663,0.2669108669108669,0.2354090354090354,0.14236874236874236,0.6336996336996337,0.40634920634920635,0.2932844932844933,0.6451770451770452,0.19633699633699633,0.48083028083028084,0.11428571428571428,0.5228327228327229,0.23296703296703297,0.7081807081807082,0.578021978021978,0.599023199023199,0.30842490842490844,0.2424908424908425,0.15555555555555556,0.6385836385836385,0.19487179487179487,0.14407814407814407,0.48986568986568985,0.13675213675213677,0.5262515262515263,0.6083028083028083,0.11843711843711843,0.5052503052503052,0.3946275946275946,0.2678876678876679,0.4202686202686203,0.30378510378510376,0.3018315018315018,0.6446886446886447,0.295970695970696,0.3028083028083028,0.28253968253968254,0.08131868131868132,0.11452991452991453,0.0989010989010989,0.274969474969475,0.283028083028083,0.2021978021978022,0.15995115995115994,0.16336996336996337,0.2886446886446886,0.4014652014652015,0.10329670329670329,0.5333333333333333,0.3912087912087912,0.24664224664224665
0.28962148962148965,0.07472527472527472,0.6588522588522588,0.2205128205128205,0.0695970695970696,0.17997557997557997,0.6808302808302809,0.4315018315018315,0.08937728937728938,0.5548229548229549,0.17631257631257632,0.10989010989010989,0.06153846153846154,0.5054945054945055,0.3431013431013431,0.10158730158730159,0.5216117216117216,0.3509157509157509,0.14481074481074482,0.5023199023199023,0.5045177045177045,0.16483516483516483,0.44468864468864466,0.22246642246642245,0.5416361416361416,0.5858363858363859,0.39584859584859583,0.653968253968254,0.16092796092796094,0.25567765567765566,0.22417582417582418,0.1575091575091575,0.6432234432234433,0.3938949938949939,0.2852258852258852,0.6280830280830281,0.189010989010989,0.4673992673992674,0.11306471306471307,0.5089133089133089,0.2271062271062271,0.7001221001221001,0.5978021978021978,0.5838827838827839,0.294993894993895,0.252991452991453,0.15384615384615385,0.6505494505494506,0.18998778998778998,0.13821733821733823,0.518925518925519,0.13211233211233211,0.5133089133089133,0.5873015873015873,0.11648351648351649,0.4866910866910867,0.431990231990232,0.2622710622710623,0.41001221001221,0.29304029304029305,0.29010989010989013,0.6571428571428571,0.28669108669108667,0.3452991452991453,0.31013431013431014,0.07936507936507936,0.11477411477411477,0.09499389499389499,0.26495726495726496,0.27106227106227104,0.19877899877899877,0.15482295482295483,0.16214896214896216,0.2783882783882784,0.3831501831501832,0.13577533577533576,0.5523809523809524,0.38046398046398044,0.2407814407814408
0.27765567765567767,0.07106227106227106,0.6412698412698413,0.2512820512820513,0.07008547008547009,0.22735042735042735,0.6827838827838828,0.4175824175824176,0.08717948717948718,0.5504273504273505,0.1702075702075702,0.11550671550671551,0.06398046398046398,0.4896214896214896,0.3333333333333333,0.10134310134310134,0.5135531135531135,0.3831501831501832,0.13772893772893774,0.48766788766788766,0.5001221001221001,0.17924297924297924,0.45323565323565324,0.21684981684981686,0.5614163614163614,0.599023199023199,0.38046398046398044,0.6407814407814408,0.15555555555555556,0.24444444444444444,0.21318681318681318,0.17826617826617827,0.6503052503052503,0.3819291819291819,0.2783882783882784,0.6102564102564103,0.18168498168498168,0.45445665445665445,0.11233211233211234,0.49621489621489623,0.22026862026862026,0.6891330891330891,0.6144078144078144,0.567032967032967,0.2818070818070818,0.25445665445665444,0.1523809523809524,0.6627594627594627,0.18485958485958487,0.1326007326007326,0.5445665445665445,0.12747252747252746,0.49914529914529915,0.567032967032967,0.11452991452991453,0.4673992673992674,0.4666666666666667,0.2576312576312576,0.39902319902319905,0.28156288156288156,0.2788766788766789,0.6669108669108669,0.2778998778998779,0.38803418803418804,0.33284493284493283,0.07667887667887668,0.11477411477411477,0.09157509157509157,0.2549450549450549,0.26105006105006107,0.19584859584859585,0.14945054945054945,0.1623931623931624,0.2691086691086691,0.368986568986569,0.1768009768009768,0.5658119658119658,0.36996336996337,0.23443223443223443
0.26544566544566545,0.06788766788766788,0.6239316239316239,0.27912087912087913,0.07203907203907203,0.27912087912087913,0.6822954822954823,0.4039072039072039,0.08498168498168499,0.5433455433455433,0.16385836385836386,0.126007326007326,0.07057387057387057,0.47448107448107446,0.3252747252747253,0.10158730158730159,0.5091575091575091,0.41440781440781443,0.13211233211233211,0.4735042735042735,0.49352869352869355,0.19633699633699633,0.4593406593406593,0.21245421245421245,0.5787545787545788,0.6095238095238096,0.3663003663003663,0.6263736263736264,0.15042735042735042,0.23394383394383395,0.20293040293040293,0.20537240537240536,0.6547008547008547,0.36971916971916974,0.2725274725274725,0.5921855921855922,0.17435897435897435,0.4415140415140415,0.11135531135531136,0.4827838827838828,0.21294261294261294,0.6747252747252748,0.6249084249084249,0.5492063492063493,0.26886446886446885,0.25274725274725274,0.14993894993894993,0.6730158730158731,0.18021978021978022,0.12722832722832722,0.567032967032967,0.12307692307692308,0.4852258852258852,0.5474969474969476,0.11282051282051282,0.4481074481074481,0.4976800976800977,0.25347985347985347,0.38803418803418804,0.2703296703296703,0.2678876678876679,0.673992673992674,0.2695970695970696,0.4293040293040293,0.35262515262515265,0.07374847374847375,0.11452991452991453,0.0884004884004884,0.24517704517704517,0.25225885225885225,0.1921855921855922,0.14407814407814407,0.16483516483516483,0.25982905982905985,0.35702075702075703,0.22515262515262516,0.5753357753357753,0.3592185592185592,0.22857142857142856
0.2537240537240537,0.06495726495726496,0.6083028083028083,0.3047619047619048,0.07716727716727717,0.33186813186813185,0.6786324786324787,0.3907203907203907,0.08278388278388278,0.5347985347985348,0.15775335775335775,0.14236874236874236,0.08302808302808302,0.46007326007326005,0.31746031746031744,0.1010989010989011,0.49914529914529915,0.4442002442002442,0.12844932844932844,0.46007326007326005,0.484981684981685,0.2170940170940171,0.46422466422466424,0.21001221001221002,0.5938949938949939,0.6180708180708181,0.35482295482295484,0.6092796092796092,0.14505494505494507,0.22344322344322345,0.19316239316239317,0.23614163614163614,0.6561660561660562,0.35946275946275946,0.2661782661782662,0.5743589743589743,0.16727716727716727,0.42857142857142855,0.11086691086691086,0.4691086691086691,0.2056166056166056,0.6586080586080586,0.6336996336996337,0.5313797313797314,0.2583638583638584,0.24957264957264957,0.14725274725274726,0.6810744810744811,0.17533577533577532,0.12234432234432234,0.5865689865689866,0.1203907203907204,0.47155067155067154,0.528937728937729,0.11135531135531136,0.42905982905982903,0.525030525030525,0.24835164835164836,0.37704517704517704,0.2590964590964591,0.2571428571428571,0.6778998778998779,0.2617826617826618,0.46813186813186813,0.3728937728937729,0.07081807081807082,0.11404151404151404,0.08522588522588523,0.23687423687423687,0.24224664224664225,0.18876678876678876,0.1391941391941392,0.16971916971916973,0.2507936507936508,0.347008547008547,0.27106227106227104,0.5841269841269842,0.34798534798534797,0.22271062271062272
0.24224664224664225,0.063003663003663,0.5936507936507937,0.3326007326007326,0.08595848595848596,0.38461538461538464,0.6722832722832723,0.37777777777777777,0.08058608058608059,0.525030525030525,0.1514041514041514,0.1645909645909646,0.1028083028083028,0.44590964590964594,0.30915750915750917,0.10012210012210013,0.4866910866910867,0.47228327228327227,0.1282051282051282,0.44713064713064715,0.47448107448107446,0.24444444444444444,0.46715506715506716,0.210989010989011,0.6068376068376068,0.622954822954823,0.34505494505494505,0.5907203907203907,0.13992673992673993,0.21343101343101342,0.18363858363858365,0.27057387057387056,0.6542124542124542,0.3499389499389499,0.25934065934065936,0.5572649572649573,0.15995115995115994,0.41562881562881565,0.11013431013431013,0.4554334554334554,0.19829059829059828,0.6407814407814408,0.64004884004884,0.5135531135531135,0.24957264957264957,0.2442002442002442,0.1443223443223443,0.6857142857142857,0.1711843711843712,0.11648351648351649,0.6031746031746031,0.11868131868131868,0.4568986568986569,0.5111111111111111,0.11013431013431013,0.41098901098901097,0.5457875457875457,0.24273504273504273,0.3658119658119658,0.24810744810744811,0.24713064713064714,0.6788766788766789,0.25396825396825395,0.49914529914529915,0.3924297924297924,0.06886446886446887,0.11330891330891331,0.0822954822954823,0.22979242979242978,0.23174603174603176,0.18583638583638584,0.13406593406593406,0.17826617826617827,0.2424908424908425,0.33821733821733824,0.3162393162393162,0.5912087912087912,0.33650793650793653,0.21636141636141637
0.23101343101343103,0.06324786324786325,0.5782661782661783,0.3601953601953602,0.0989010989010989,0.4346764346764347,0.6632478632478632,0.36507936507936506,0.07985347985347985,0.5135531135531135,0.14554334554334555,0.1921855921855922,0.13137973137973138,0.4332112332112332,0.3006105006105006,0.09914529914529914,0.473015873015873,0.49792429792429793,0.13235653235653236,0.43443223443223444,0.463980463980464,0.27692307692307694,0.46813186813186813,0.21562881562881564,0.6175824175824176,0.6249084249084249,0.33528693528693526,0.5709401709401709,0.13504273504273503,0.20366300366300366,0.17484737484737484,0.3064713064713065,0.6493284493284494,0.3396825396825397,0.25225885225885225,0.5411477411477411,0.15335775335775337,0.40244200244200246,0.10964590964590964,0.44175824175824174,0.19096459096459095,0.621978021978022,0.6422466422466423,0.49792429792429793,0.2407814407814408,0.23833943833943835,0.1413919413919414,0.6869352869352869,0.16727716727716727,0.11135531135531136,0.6148962148962149,0.11672771672771673,0.4424908424908425,0.49474969474969477,0.10891330891330891,0.39584859584859583,0.5616605616605617,0.2371184371184371,0.3550671550671551,0.23736263736263735,0.23736263736263735,0.676923076923077,0.24810744810744811,0.5247863247863248,0.41001221001221,0.06813186813186813,0.11306471306471307,0.07985347985347985,0.22197802197802197,0.22148962148962148,0.18437118437118438,0.12942612942612944,0.19047619047619047,0.23443223443223443,0.3311355311355311,0.36678876678876676,0.5963369963369963,0.3247863247863248,0.2105006105006105
0.2205128205128205,0.06593406593406594,0.5626373626373626,0.3865689865689866,0.11672771672771673,0.48205128205128206,0.652014652014652,0.35384615384615387,0.07936507936507936,0.5008547008547009,0.14017094017094017,0.22442002442002443,0.16874236874236875,0.42173382173382173,0.29181929181929184,0.09816849816849817,0.45958485958485956,0.5216117216117216,0.14212454212454212,0.421978021978022,0.45274725274725275,0.3128205128205128,0.4666666666666667,0.22515262515262516,0.6244200244200244,0.6258852258852259,0.32576312576312577,0.550915750915751,0.13064713064713065,0.19462759462759463,0.1663003663003663,0.33821733821733824,0.642002442002442,0.3286935286935287,0.2454212454212454,0.5252747252747253,0.14676434676434677,0.38925518925518926,0.11013431013431013,0.4278388278388278,0.18437118437118438,0.6026862026862027,0.6427350427350428,0.4835164835164835,0.23272283272283273,0.23223443223443224,0.13846153846153847,0.6842490842490843,0.16336996336996337,0.1076923076923077,0.6234432234432234,0.11575091575091576,0.4283272283272283,0.47863247863247865,0.10818070818070818,0.38217338217338215,0.577045177045177,0.23174603174603176,0.3443223443223443,0.2271062271062271,0.22808302808302808,0.6715506715506715,0.24297924297924298,0.550915750915751,0.4249084249084249,0.07008547008547009,0.11257631257631258,0.07716727716727717,0.21416361416361415,0.21147741147741148,0.1851037851037851,0.12503052503052503,0.2061050061050061,0.22832722832722832,0.3252747252747253,0.4183150183150183,0.5985347985347985,0.31306471306471306,0.20463980463980463
0.21294261294261294,0.07057387057387057,0.5470085470085471,0.41074481074481073,0.13846153846153847,0.5257631257631258,0.639072039072039,0.3431013431013431,0.07814407814407814,0.4874236874236874,0.1347985347985348,0.25982905982905985,0.2070818070818071,0.40927960927960927,0.283028083028083,0.0971916971916972,0.44590964590964594,0.5428571428571428,0.157997557997558,0.41074481074481073,0.4402930402930403,0.3499389499389499,0.4627594627594628,0.2398046398046398,0.6280830280830281,0.6249084249084249,0.3162393162393162,0.5308913308913309,0.1264957264957265,0.18608058608058609,0.157997557997558,0.3665445665445665,0.631990231990232,0.3181929181929182,0.23882783882783884,0.5106227106227106,0.14065934065934066,0.3763125763125763,0.11135531135531136,0.41440781440781443,0.17753357753357754,0.5838827838827839,0.6385836385836385,0.4686202686202686,0.2253968253968254,0.2258852258852259,0.13553113553113552,0.6781440781440782,0.15946275946275945,0.10427350427350428,0.6317460317460317,0.11672771672771673,0.4146520146520147,0.463003663003663,0.10818070818070818,0.3684981684981685,0.590964590964591,0.22686202686202686,0.33406593406593404,0.2170940170940171,0.21245421245421245,0.6642246642246642,0.23736263736263735,0.5753357753357753,0.43785103785103785,0.07496947496947497,0.11184371184371185,0.07472527472527472,0.2061050061050061,0.20170940170940171,0.1894993894993895,0.12087912087912088,0.22515262515262516,0.22295482295482297,0.3189255189255189,0.46715506715506716,0.5982905982905983,0.30158730158730157,0.199023199023199
0.20634920634920634,0.07912087912087912,0.5316239316239316,0.4324786324786325,0.16385836385836386,0.5658119658119658,0.6249084249084249,0.33137973137973137,0.07716727716727717,0.47374847374847373,0.12967032967032968,0.29255189255189257,0.24810744810744811,0.3963369963369963,0.2737484737484738,0.09645909645909646,0.43272283272283274,0.5614163614163614,0.17655677655677657,0.40024420024420027,0.4271062271062271,0.3873015873015873,0.45665445665445664,0.25934065934065936,0.6315018315018315,0.6217338217338217,0.306959706959707,0.5118437118437118,0.12234432234432234,0.17802197802197803,0.1514041514041514,0.39658119658119656,0.6195360195360196,0.30744810744810747,0.23321123321123322,0.49645909645909647,0.1347985347985348,0.36507936507936506,0.11184371184371185,0.40073260073260075,0.17094017094017094,0.5655677655677656,0.6293040293040293,0.45445665445665445,0.21904761904761905,0.21953601953601953,0.1326007326007326,0.6683760683760683,0.15604395604395604,0.10183150183150183,0.6385836385836385,0.12087912087912088,0.4017094017094017,0.4481074481074481,0.10866910866910867,0.35555555555555557,0.6026862026862027,0.22173382173382172,0.3235653235653236,0.20757020757020758,0.19462759462759463,0.6544566544566545,0.23125763125763127,0.5970695970695971,0.44835164835164837,0.08424908424908426,0.11135531135531136,0.07301587301587302,0.19853479853479852,0.19267399267399268,0.19755799755799755,0.11672771672771673,0.24346764346764346,0.21684981684981686,0.3128205128205128,0.512087912087912,0.5953601953601954,0.29010989010989013,0.1934065934065934
0.199023199023199,0.0927960927960928,0.5164835164835165,0.4512820512820513,0.1916971916971917,0.6031746031746031,0.6112332112332113,0.3189255189255189,0.0757020757020757,0.4603174603174603,0.12454212454212454,0.3235653235653236,0.29816849816849816,0.3831501831501832,0.2647130647130647,0.09597069597069598,0.4192918192918193,0.578021978021978,0.19853479853479852,0.3887667887667888,0.41367521367521365,0.42344322344322344,0.44835164835164837,0.28327228327228327,0.6329670329670329,0.6158730158730159,0.29743589743589743,0.49352869352869355,0.11843711843711843,0.17216117216117216,0.14627594627594628,0.4312576312576313,0.6048840048840048,0.2967032967032967,0.2288156288156288,0.4827838827838828,0.13113553113553114,0.35433455433455435,0.11257631257631258,0.3873015873015873,0.16483516483516483,0.5496947496947497,0.6178266178266179,0.441025641025641,0.2139194139194139,0.21318681318681318,0.12967032967032968,0.6554334554334554,0.1536019536019536,0.10036630036630037,0.642979242979243,0.1291819291819292,0.3894993894993895,0.4346764346764347,0.10866910866910867,0.3431013431013431,0.6124542124542125,0.21733821733821734,0.31355311355311355,0.19853479853479852,0.18363858363858365,0.642002442002442,0.22515262515262516,0.6161172161172161,0.45616605616605616,0.0989010989010989,0.1111111111111111,0.07228327228327229,0.19145299145299147,0.1838827838827839,0.20976800976800977,0.11428571428571428,0.2617826617826618,0.2105006105006105,0.3064713064713065,0.5516483516483517,0.5894993894993895,0.27814407814407816,0.1894993894993895
0.19096459096459095,0.11233211233211234,0.5018315018315018,0.4673992673992674,0.221001221001221,0.6373626373626373,0.5941391941391941,0.305982905982906,0.07423687423687424,0.4473748473748474,0.12136752136752137,0.357997557997558,0.35311355311355314,0.36971916971916974,0.25518925518925517,0.09548229548229548,0.4061050061050061,0.5897435897435898,0.2271062271062271,0.3768009768009768,0.40073260073260075,0.45787545787545786,0.43833943833943834,0.31013431013431014,0.6322344322344322,0.6073260073260073,0.28815628815628813,0.4764346764346764,0.11452991452991453,0.1675213675213675,0.14017094017094017,0.4666666666666667,0.588034188034188,0.28644688644688643,0.22686202686202686,0.4695970695970696,0.12844932844932844,0.3426129426129426,0.11306471306471307,0.3738705738705739,0.15848595848595848,0.535042735042735,0.6083028083028083,0.4278388278388278,0.20903540903540904,0.20732600732600734,0.12673992673992673,0.6398046398046398,0.15189255189255188,0.09816849816849817,0.644932844932845,0.14236874236874236,0.378021978021978,0.4222222222222222,0.10842490842490843,0.33137973137973137,0.62002442002442,0.21294261294261294,0.3032967032967033,0.19145299145299147,0.17655677655677657,0.6273504273504273,0.21904761904761905,0.6322344322344322,0.4622710622710623,0.11941391941391942,0.1115995115995116,0.07228327228327229,0.18461538461538463,0.17631257631257632,0.22612942612942613,0.11257631257631258,0.283028083028083,0.20463980463980463,0.3006105006105006,0.5858363858363859,0.580952380952381,0.26666666666666666,0.18656898656898657
0.18315018315018314,0.13797313797313798,0.463980463980464,0.4810744810744811,0.25054945054945055,0.6634920634920635,0.5785103785103786,0.29304029304029305,0.07301587301587302,0.43492063492063493,0.11892551892551892,0.39267399267399267,0.41025641025641024,0.35653235653235654,0.2459096459096459,0.09499389499389499,0.39267399267399267,0.5982905982905983,0.2605616605616606,0.36507936507936506,0.3882783882783883,0.4896214896214896,0.42686202686202684,0.3387057387057387,0.6293040293040293,0.5960927960927961,0.2788766788766789,0.4603174603174603,0.11233211233211234,0.1619047619047619,0.13382173382173382,0.49621489621489623,0.5699633699633699,0.27643467643467645,0.22735042735042735,0.45787545787545786,0.12454212454212454,0.33015873015873015,0.11330891330891331,0.3606837606837607,0.15384615384615385,0.5203907203907204,0.5992673992673992,0.41514041514041516,0.2043956043956044,0.20170940170940171,0.12380952380952381,0.6231990231990232,0.1492063492063492,0.09499389499389499,0.6442002442002442,0.16092796092796094,0.367032967032967,0.409035409035409,0.10744810744810745,0.3201465201465201,0.6249084249084249,0.2087912087912088,0.2932844932844933,0.1851037851037851,0.17045177045177046,0.610989010989011,0.21318681318681318,0.6451770451770452,0.4656898656898657,0.14554334554334555,0.11282051282051282,0.07179487179487179,0.17802197802197803,0.17045177045177046,0.24664224664224665,0.10989010989010989,0.30500610500610503,0.199023199023199,0.2945054945054945,0.6148962148962149,0.5699633699633699,0.25518925518925517,0.1829059829059829
0.17509157509157508,0.16923076923076924,0.41562881562881565,0.4918192918192918,0.27643467643467645,0.6852258852258852,0.5672771672771673,0.28034188034188035,0.07155067155067155,0.4231990231990232,0.11575091575091576,0.42686202686202684,0.4666666666666667,0.3435897435897436,0.23687423687423687,0.0945054945054945,0.3811965811965812,0.6065934065934065,0.2967032967032967,0.35311355311355314,0.37655677655677655,0.518925518925519,0.41440781440781443,0.3641025641025641,0.6236874236874237,0.5826617826617827,0.2691086691086691,0.44517704517704515,0.11086691086691086,0.15604395604395604,0.12722832722832722,0.5216117216117216,0.5514041514041514,0.26666666666666666,0.2315018315018315,0.44664224664224667,0.1203907203907204,0.3177045177045177,0.1137973137973138,0.3474969474969475,0.15042735042735042,0.5062271062271062,0.580952380952381,0.40244200244200246,0.19975579975579977,0.19633699633699633,0.12087912087912088,0.6056166056166056,0.14627594627594628,0.09206349206349207,0.6402930402930402,0.18485958485958487,0.3562881562881563,0.39536019536019534,0.10671550671550671,0.3089133089133089,0.6278388278388278,0.20463980463980463,0.2847374847374847,0.17826617826617827,0.1645909645909646,0.5934065934065934,0.20732600732600734,0.6554334554334554,0.46715506715506716,0.17313797313797313,0.11330891330891331,0.07081807081807082,0.17191697191697192,0.1663003663003663,0.2664224664224664,0.10695970695970695,0.326984126984127,0.1934065934065934,0.28815628815628813,0.6388278388278388,0.5565323565323566,0.24566544566544565,0.17875457875457876
0.1675213675213675,0.20537240537240536,0.38632478632478634,0.49963369963369964,0.3001221001221001,0.707936507936508,0.5553113553113553,0.26764346764346764,0.07057387057387057,0.41196581196581195,0.11184371184371185,0.45885225885225883,0.5208791208791209,0.3308913308913309,0.22832722832722832,0.09474969474969475,0.3706959706959707,0.6136752136752137,0.3343101343101343,0.34114774114774116,0.3653235653235653,0.5455433455433455,0.40293040293040294,0.38754578754578756,0.6158730158730159,0.5675213675213675,0.25934065934065936,0.4302808302808303,0.10842490842490843,0.14993894993894993,0.12136752136752137,0.5431013431013431,0.5326007326007326,0.2571428571428571,0.23833943833943835,0.4346764346764347,0.11648351648351649,0.30573870573870576,0.1137973137973138,0.33650793650793653,0.1457875457875458,0.49206349206349204,0.5575091575091575,0.38974358974358975,0.19487179487179487,0.19145299145299147,0.11941391941391942,0.5865689865689866,0.14358974358974358,0.08937728937728938,0.6336996336996337,0.21294261294261294,0.3457875457875458,0.3811965811965812,0.10573870573870574,0.2976800976800977,0.6288156288156288,0.20073260073260074,0.27692307692307694,0.1711843711843712,0.1592185592185592,0.5746031746031746,0.20195360195360196,0.6625152625152625,0.46593406593406594,0.2021978021978022,0.1137973137973138,0.0695970695970696,0.16556776556776556,0.16483516483516483,0.28644688644688643,0.10427350427350428,0.34725274725274724,0.18803418803418803,0.2822954822954823,0.6576312576312576,0.5411477411477411,0.23736263736263735,0.17435897435897435
0.1597069597069597,0.24395604395604395,0.3665445665445665,0.5045177045177045,0.32551892551892553,0.7296703296703296,0.5431013431013431,0.25518925518925517,0.07032967032967033,0.4014652014652015,0.10842490842490843,0.4891330891330891,0.5721611721611721,0.3177045177045177,0.21978021978021978,0.09548229548229548,0.3592185592185592,0.6190476190476191,0.37142857142857144,0.3291819291819292,0.3550671550671551,0.5694749694749695,0.39194139194139194,0.4122100122100122,0.6051282051282051,0.5516483516483517,0.24957264957264957,0.4175824175824176,0.10622710622710622,0.14407814407814407,0.11575091575091576,0.5614163614163614,0.5142857142857142,0.2485958485958486,0.24835164835164836,0.4227106227106227,0.11233211233211234,0.29426129426129427,0.1137973137973138,0.326007326007326,0.14114774114774115,0.4778998778998779,0.5411477411477411,0.3775335775335775,0.19023199023199022,0.1877899877899878,0.11868131868131868,0.5665445665445665,0.1413919413919414,0.08717948717948718,0.6249084249084249,0.24444444444444444,0.3367521367521368,0.367032967032967,0.1054945054945055,0.28669108669108667,0.6273504273504273,0.19829059829059828,0.26837606837606837,0.1641025641025641,0.15384615384615385,0.5560439560439561,0.19755799755799755,0.6671550671550671,0.463003663003663,0.23736263736263735,0.1137973137973138,0.06862026862026863,0.1597069597069597,0.16605616605616605,0.3098901098901099,0.10158730158730159,0.3658119658119658,0.1829059829059829,0.27643467643467645,0.6722832722832723,0.5257631257631258,0.22832722832722832,0.1702075702075702
0.15213675213675212,0.28376068376068375,0.3516483516483517,0.5064713064713064,0.3509157509157509,0.7494505494505495,0.5306471306471306,0.24346764346764346,0.07155067155067155,0.3907203907203907,0.10525030525030525,0.5167277167277168,0.6195360195360196,0.30500610500610503,0.21294261294261294,0.09572649572649573,0.347008547008547,0.6217338217338217,0.40757020757020757,0.31746031746031744,0.34505494505494505,0.588034188034188,0.38046398046398044,0.43614163614163615,0.5921855921855922,0.5347985347985348,0.24126984126984127,0.4061050061050061,0.10573870573870574,0.13821733821733823,0.11037851037851037,0.5768009768009768,0.4967032967032967,0.24175824175824176,0.26324786324786326,0.4105006105006105,0.10818070818070818,0.28253968253968254,0.11404151404151404,0.315018315018315,0.1365079365079365,0.463980463980464,0.5235653235653236,0.36507936507936506,0.18485958485958487,0.18534798534798536,0.11721611721611722,0.5462759462759462,0.14065934065934066,0.08473748473748474,0.6136752136752137,0.27814407814407816,0.3282051282051282,0.3528693528693529,0.10671550671550671,0.27594627594627597,0.6236874236874237,0.19584859584859585,0.25982905982905985,0.1575091575091575,0.14896214896214896,0.5374847374847375,0.1943833943833944,0.6688644688644688,0.45836385836385835,0.27594627594627597,0.11404151404151404,0.0673992673992674,0.15531135531135531,0.1702075702075702,0.33455433455433453,0.0989010989010989,0.3824175824175824,0.17777777777777778,0.27057387057387056,0.663003663003663,0.5103785103785103,0.2188034188034188,0.1663003663003663
0.14358974358974358,0.3235653235653236,0.3409035409035409,0.5062271062271062,0.37533577533577533,0.7670329670329671,0.5186813186813187,0.23174603174603176,0.07521367521367521,0.38168498168498166,0.10329670329670329,0.5421245421245421,0.6632478632478632,0.29255189255189257,0.20732600732600734,0.09694749694749695,0.3343101343101343,0.621978021978022,0.44126984126984126,0.30573870573870576,0.3355311355311355,0.6026862026862027,0.36923076923076925,0.4586080586080586,0.577045177045177,0.5177045177045178,0.23394383394383395,0.39365079365079364,0.1076923076923077,0.13284493284493284,0.10573870573870574,0.5892551892551893,0.4805860805860806,0.2358974358974359,0.2822954822954823,0.39829059829059826,0.10427350427350428,0.2717948717948718,0.11477411477411477,0.3035409035409035,0.13137973137973138,0.4503052503052503,0.5015873015873016,0.35262515262515265,0.18046398046398046,0.1824175824175824,0.11526251526251527,0.526984126984127,0.14212454212454212,0.08278388278388278,0.6,0.30842490842490844,0.31868131868131866,0.3387057387057387,0.10989010989010989,0.26495726495726496,0.6180708180708181,0.19267399267399268,0.2512820512820513,0.1509157509157509,0.14407814407814407,0.5194139194139195,0.19291819291819293,0.6671550671550671,0.45152625152625153,0.315018315018315,0.11428571428571428,0.06617826617826618,0.15189255189255188,0.1772893772893773,0.3592185592185592,0.09743589743589744,0.3968253968253968,0.17338217338217338,0.2647130647130647,0.6402930402930402,0.49352869352869355,0.21001221001221002,0.16263736263736264
0.1347985347985348,0.35775335775335776,0.3316239316239316,0.5032967032967033,0.398046398046398,0.7814407814407814,0.5067155067155067,0.221001221001221,0.08205128205128205,0.3728937728937729,0.10402930402930403,0.5650793650793651,0.7032967032967034,0.28034188034188035,0.20073260073260074,0.10012210012210013,0.32161172161172163,0.6192918192918193,0.4725274725274725,0.29426129426129427,0.32625152625152626,0.6180708180708181,0.3584859584859585,0.47863247863247865,0.5609279609279609,0.5020757020757021,0.22564102564102564,0.38095238095238093,0.11404151404151404,0.12796092796092795,0.10134310134310134,0.5985347985347985,0.4666666666666667,0.22905982905982905,0.30500610500610503,0.3865689865689866,0.1010989010989011,0.26105006105006107,0.11746031746031746,0.2923076923076923,0.12673992673992673,0.4368742368742369,0.48205128205128206,0.3401709401709402,0.17655677655677657,0.17924297924297924,0.11721611721611722,0.5081807081807082,0.14652014652014653,0.08083028083028083,0.5853479853479854,0.33601953601953605,0.3089133089133089,0.3247863247863248,0.11697191697191697,0.25396825396825395,0.6107448107448108,0.18925518925518925,0.24273504273504273,0.14481074481074482,0.13943833943833944,0.5025641025641026,0.19462759462759463,0.6627594627594627,0.44297924297924296,0.35311355311355314,0.11452991452991453,0.0652014652014652,0.14725274725274726,0.1873015873015873,0.3824175824175824,0.09768009768009768,0.40927960927960927,0.16923076923076924,0.25982905982905985,0.6295482295482295,0.47619047619047616,0.20146520146520147,0.15946275946275945
0.12527472527472527,0.38754578754578756,0.32283272283272285,0.4967032967032967,0.4188034188034188,0.7929181929181929,0.494993894993895,0.21025641025641026,0.0927960927960928,0.3636141636141636,0.10818070818070818,0.5853479853479854,0.7391941391941392,0.2698412698412698,0.1943833943833944,0.10695970695970695,0.30915750915750917,0.6136752136752137,0.5010989010989011,0.28253968253968254,0.3181929181929182,0.6327228327228327,0.3487179487179487,0.49645909645909647,0.5452991452991452,0.48766788766788766,0.2170940170940171,0.36800976800976803,0.12551892551892552,0.12307692307692308,0.09694749694749695,0.6041514041514041,0.45396825396825397,0.22246642246642245,0.33015873015873015,0.37533577533577533,0.09865689865689865,0.2512820512820513,0.12234432234432234,0.28156288156288156,0.12234432234432234,0.4231990231990232,0.4644688644688645,0.3291819291819292,0.17191697191697192,0.17606837606837608,0.12161172161172161,0.4908424908424908,0.15531135531135531,0.07912087912087912,0.5706959706959707,0.3658119658119658,0.29914529914529914,0.3115995115995116,0.1291819291819292,0.24493284493284492,0.6012210012210012,0.18656898656898657,0.23443223443223443,0.1391941391941392,0.13504273504273503,0.4866910866910867,0.199023199023199,0.6561660561660562,0.432967032967033,0.389010989010989,0.11477411477411477,0.06471306471306472,0.14285714285714285,0.2004884004884005,0.4043956043956044,0.10158730158730159,0.4197802197802198,0.16532356532356532,0.25567765567765566,0.6231990231990232,0.45885225885225883,0.19316239316239317,0.15653235653235653
0.11746031746031746,0.4188034188034188,0.31404151404151404,0.4869352869352869,0.43736263736263736,0.8014652014652015,0.4832722832722833,0.20195360195360196,0.10866910866910867,0.3536019536019536,0.11672771672771673,0.6034188034188034,0.7667887667887668,0.26105006105006107,0.1877899877899878,0.11941391941391942,0.2971916971916972,0.6175824175824176,0.526984126984127,0.27326007326007323,0.31062271062271063,0.6456654456654457,0.3396825396825397,0.5115995115995116,0.5301587301587302,0.47277167277167276,0.20854700854700856,0.35482295482295484,0.14334554334554334,0.11868131868131868,0.0927960927960928,0.6065934065934065,0.4405372405372405,0.2153846153846154,0.35653235653235654,0.36434676434676433,0.09841269841269841,0.24175824175824176,0.13064713064713065,0.27106227106227104,0.11819291819291819,0.4095238095238095,0.44981684981684983,0.31916971916971915,0.16654456654456654,0.17264957264957265,0.12356532356532357,0.4742368742368742,0.16947496947496948,0.07765567765567766,0.5560439560439561,0.39536019536019534,0.2893772893772894,0.2989010989010989,0.14407814407814407,0.23663003663003662,0.5897435897435898,0.18583638583638584,0.22686202686202686,0.13382173382173382,0.13113553113553114,0.473015873015873,0.20732600732600734,0.6471306471306472,0.42173382173382173,0.4214896214896215,0.11526251526251527,0.06373626373626373,0.1387057387057387,0.21587301587301588,0.42417582417582417,0.11037851037851037,0.4283272283272283,0.16312576312576313,0.25103785103785103,0.6175824175824176,0.4424908424908425,0.18534798534798536,0.15384615384615385
0.11086691086691086,0.44884004884004886,0.30500610500610503,0.47448107448107446,0.45323565323565324,0.8068376068376069,0.47155067155067154,0.19487179487179487,0.1308913308913309,0.3435897435897436,0.1308913308913309,0.6188034188034188,0.7887667887667887,0.25103785103785103,0.18168498168498168,0.13846153846153847,0.2857142857142857,0.6244200244200244,0.5496947496947497,0.2647130647130647,0.3023199023199023,0.6564102564102564,0.3308913308913309,0.5235653235653236,0.5137973137973137,0.45836385836385835,0.20024420024420025,0.34163614163614164,0.16800976800976802,0.11428571428571428,0.09035409035409035,0.6075702075702075,0.4275946275946276,0.20854700854700856,0.38266178266178263,0.35384615384615387,0.10158730158730159,0.23443223443223443,0.14383394383394382,0.26105006105006107,0.11452991452991453,0.39584859584859583,0.4371184371184371,0.30793650793650795,0.16092796092796094,0.16971916971916973,0.12405372405372406,0.45836385836385835,0.189010989010989,0.07716727716727717,0.5404151404151404,0.4231990231990232,0.2800976800976801,0.2869352869352869,0.16385836385836386,0.2271062271062271,0.576068376068376,0.1873015873015873,0.21953601953601953,0.1291819291819292,0.12722832722832722,0.4612942612942613,0.22124542124542124,0.6351648351648351,0.4095238095238095,0.44981684981684983,0.11526251526251527,0.06324786324786325,0.1347985347985348,0.23272283272283273,0.4415140415140415,0.12551892551892552,0.43345543345543347,0.16166056166056167,0.2459096459096459,0.6107448107448108,0.4271062271062271,0.17802197802197803,0.15189255189255188
0.10256410256410256,0.4771672771672772,0.2962148962148962,0.46007326007326005,0.4669108669108669,0.8085470085470086,0.46007326007326005,0.18705738705738706,0.1592185592185592,0.33308913308913307,0.1509157509157509,0.629059829059829,0.811965811965812,0.2407814407814408,0.17533577533577532,0.16507936507936508,0.273992673992674,0.6190476190476191,0.5667887667887668,0.25518925518925517,0.2937728937728938,0.6654456654456654,0.3225885225885226,0.5328449328449328,0.4976800976800977,0.4444444444444444,0.19194139194139195,0.32893772893772893,0.199023199023199,0.11037851037851037,0.08864468864468865,0.6061050061050061,0.4146520146520147,0.20195360195360196,0.40854700854700854,0.34383394383394383,0.10989010989010989,0.22832722832722832,0.16336996336996337,0.2515262515262515,0.11233211233211234,0.3819291819291819,0.4236874236874237,0.2962148962148962,0.15531135531135531,0.16654456654456654,0.12380952380952381,0.4427350427350427,0.21416361416361415,0.07741147741147741,0.5245421245421246,0.44835164835164837,0.27057387057387056,0.27765567765567767,0.1916971916971917,0.2170940170940171,0.5611721611721612,0.1921855921855922,0.21245421245421245,0.1242979242979243,0.12454212454212454,0.44884004884004886,0.24126984126984127,0.621001221001221,0.3973137973137973,0.4742368742368742,0.11526251526251527,0.06398046398046398,0.13064713064713065,0.24957264957264957,0.45665445665445664,0.147985347985348,0.4368742368742369,0.15897435897435896,0.24126984126984127,0.6017094017094017,0.4129426129426129,0.17094017094017094,0.14993894993894993
0.09426129426129426,0.5032967032967033,0.28766788766788765,0.4444444444444444,0.4776556776556777,0.8068376068376069,0.44981684981684983,0.17875457875457876,0.19316239316239317,0.3230769230769231,0.17313797313797313,0.6356532356532356,0.833943833943834,0.23028083028083027,0.16947496947496948,0.19926739926739928,0.26324786324786326,0.6083028083028083,0.5802197802197803,0.2454212454212454,0.2852258852258852,0.6717948717948717,0.3145299145299145,0.5387057387057387,0.48205128205128206,0.4312576312576313,0.18437118437118438,0.3162393162393162,0.23516483516483516,0.10866910866910867,0.08571428571428572,0.6017094017094017,0.4017094017094017,0.19584859584859585,0.4324786324786325,0.33455433455433453,0.12234432234432234,0.22148962148962148,0.19023199023199022,0.2424908424908425,0.11184371184371185,0.36971916971916974,0.41074481074481073,0.284004884004884,0.1496947496947497,0.16336996336996337,0.12307692307692308,0.42735042735042733,0.23931623931623933,0.07741147741147741,0.5089133089133089,0.4708180708180708,0.2617826617826618,0.27057387057387056,0.22661782661782662,0.2070818070818071,0.5452991452991452,0.20146520146520147,0.2056166056166056,0.1199023199023199,0.12258852258852258,0.4363858363858364,0.2673992673992674,0.6046398046398046,0.3851037851037851,0.4945054945054945,0.11575091575091576,0.06617826617826618,0.12673992673992673,0.26544566544566545,0.46935286935286935,0.17338217338217338,0.43956043956043955,0.15604395604395604,0.23687423687423687,0.58998778998779,0.4,0.1645909645909646,0.1492063492063492
0.08742368742368742,0.5264957264957265,0.27936507936507937,0.4288156288156288,0.48547008547008547,0.8012210012210013,0.4402930402930403,0.1706959706959707,0.23125763125763127,0.31306471306471306,0.19829059829059828,0.6407814407814408,0.8542124542124542,0.22026862026862026,0.16385836385836386,0.24004884004884006,0.2525030525030525,0.5951159951159951,0.5936507936507937,0.23565323565323565,0.27692307692307694,0.675946275946276,0.306959706959707,0.5416361416361416,0.4669108669108669,0.41855921855921857,0.1772893772893773,0.3035409035409035,0.2695970695970696,0.10866910866910867,0.0822954822954823,0.5941391941391941,0.3887667887667888,0.1894993894993895,0.4547008547008547,0.3277167277167277,0.14017094017094017,0.21465201465201464,0.22393162393162394,0.23394383394383395,0.11477411477411477,0.3584859584859585,0.3978021978021978,0.272039072039072,0.14407814407814407,0.15995115995115994,0.12234432234432234,0.4122100122100122,0.26544566544566545,0.07667887667887668,0.49352869352869355,0.4905982905982906,0.252991452991453,0.26422466422466423,0.2673992673992674,0.19658119658119658,0.5284493284493285,0.21587301587301588,0.199023199023199,0.11721611721611722,0.1199023199023199,0.4244200244200244,0.2989010989010989,0.5865689865689866,0.3733821733821734,0.5103785103785103,0.11746031746031746,0.06910866910866911,0.12307692307692308,0.2800976800976801,0.47985347985347987,0.20317460317460317,0.4405372405372405,0.15286935286935288,0.23247863247863249,0.576068376068376,0.3877899877899878,0.15848595848595848,0.1492063492063492
0.08278388278388278,0.5470085470085471,0.2708180708180708,0.41367521367521365,0.49035409035409033,0.7921855921855921,0.43003663003663006,0.16263736263736264,0.27228327228327226,0.30305250305250303,0.22979242979242978,0.6437118437118438,0.8715506715506716,0.21123321123321123,0.15848595848595848,0.2862026862026862,0.24395604395604395,0.5787545787545788,0.6053724053724053,0.22661782661782662,0.26886446886446885,0.6771672771672772,0.29914529914529914,0.5411477411477411,0.45274725274725275,0.40634920634920635,0.17045177045177046,0.2910866910866911,0.3035409035409035,0.11013431013431013,0.07912087912087912,0.5838827838827839,0.3755799755799756,0.18363858363858365,0.4752136752136752,0.3230769230769231,0.16654456654456654,0.20757020757020758,0.26324786324786326,0.2258852258852259,0.1203907203907204,0.346031746031746,0.3851037851037851,0.25982905982905985,0.13846153846153847,0.1575091575091575,0.12136752136752137,0.3987789987789988,0.2971916971916972,0.07594627594627594,0.47912087912087914,0.5074481074481074,0.24493284493284492,0.25982905982905985,0.3115995115995116,0.18656898656898657,0.5111111111111111,0.23565323565323565,0.1943833943833944,0.11526251526251527,0.11697191697191697,0.4122100122100122,0.3347985347985348,0.5675213675213675,0.36166056166056165,0.5206349206349207,0.12136752136752137,0.07472527472527472,0.1199023199023199,0.2923076923076923,0.48815628815628814,0.24151404151404152,0.44004884004884004,0.14993894993894993,0.22808302808302808,0.5604395604395604,0.3763125763125763,0.15286935286935288,0.14822954822954823
0.08131868131868132,0.5643467643467643,0.2622710622710623,0.3992673992673993,0.4913308913308913,0.77997557997558,0.4192918192918193,0.15531135531135531,0.3145299145299145,0.29352869352869354,0.2656898656898657,0.6437118437118438,0.8857142857142857,0.2026862026862027,0.15384615384615385,0.3355311355311355,0.23663003663003662,0.5611721611721612,0.6148962148962149,0.2175824175824176,0.2605616605616606,0.6754578754578755,0.2915750915750916,0.5374847374847375,0.43907203907203907,0.3946275946275946,0.1641025641025641,0.27912087912087913,0.3418803418803419,0.11477411477411477,0.0757020757020757,0.5709401709401709,0.3626373626373626,0.17777777777777778,0.4932844932844933,0.3201465201465201,0.20073260073260074,0.20122100122100123,0.3072039072039072,0.21978021978021978,0.12991452991452992,0.3333333333333333,0.37264957264957266,0.24835164835164836,0.1330891330891331,0.15482295482295483,0.12185592185592185,0.38632478632478634,0.3311355311355311,0.07496947496947497,0.4652014652014652,0.5213675213675214,0.23687423687423687,0.2590964590964591,0.35775335775335776,0.1768009768009768,0.49474969474969477,0.2600732600732601,0.19023199023199022,0.11184371184371185,0.11404151404151404,0.39023199023199023,0.37362637362637363,0.5482295482295483,0.35067155067155065,0.5272283272283272,0.12844932844932844,0.08498168498168499,0.11697191697191697,0.3018315018315018,0.4932844932844933,0.2862026862026862,0.4376068376068376,0.147008547008547,0.22393162393162394,0.5435897435897435,0.36507936507936506,0.14896214896214896,0.14676434676434677
0.08351648351648351,0.5785103785103786,0.2542124542124542,0.3860805860805861,0.48937728937728936,0.7648351648351648,0.4065934065934066,0.14847374847374847,0.3567765567765568,0.2844932844932845,0.30427350427350425,0.6402930402930402,0.896947496947497,0.1943833943833944,0.1492063492063492,0.37948717948717947,0.22808302808302808,0.5433455433455433,0.6217338217338217,0.20927960927960929,0.25225885225885225,0.6708180708180708,0.28498168498168497,0.5313797313797314,0.4261294261294261,0.38266178266178263,0.15824175824175823,0.26935286935286934,0.3819291819291819,0.1242979242979243,0.07228327228327229,0.5557997557997558,0.3496947496947497,0.17191697191697192,0.5067155067155067,0.3201465201465201,0.24224664224664225,0.19462759462759463,0.3536019536019536,0.2144078144078144,0.14481074481074482,0.32063492063492066,0.3601953601953602,0.2371184371184371,0.1282051282051282,0.15213675213675212,0.12380952380952381,0.3728937728937729,0.3658119658119658,0.07423687423687424,0.45225885225885226,0.5326007326007326,0.22905982905982905,0.26202686202686204,0.40341880341880343,0.1675213675213675,0.47863247863247865,0.2847374847374847,0.18583638583638584,0.10842490842490843,0.1115995115995116,0.36336996336996336,0.4134310134310134,0.5286935286935287,0.34114774114774116,0.5316239316239316,0.13992673992673993,0.10207570207570207,0.11404151404151404,0.30842490842490844,0.4954822954822955,0.3343101343101343,0.43345543345543347,0.14407814407814407,0.22002442002442002,0.5262515262515263,0.35555555555555557,0.14554334554334555,0.1452991452991453
0.09035409035409035,0.5892551892551893,0.24664224664224665,0.37533577533577533,0.48473748473748474,0.7474969474969475,0.3951159951159951,0.14188034188034188,0.39829059829059826,0.2754578754578755,0.3435897435897436,0.6334554334554334,0.9045177045177045,0.18656898656898657,0.14554334554334555,0.42002442002442003,0.21953601953601953,0.526007326007326,0.6251526251526252,0.20146520146520147,0.2442002442002442,0.6632478632478632,0.27912087912087913,0.5221001221001221,0.4134310134310134,0.3711843711843712,0.15286935286935288,0.2605616605616606,0.42075702075702076,0.13992673992673993,0.06910866910866911,0.5387057387057387,0.3343101343101343,0.16654456654456654,0.5174603174603175,0.32405372405372407,0.2886446886446886,0.18852258852258852,0.400976800976801,0.2087912087912088,0.16507936507936508,0.30842490842490844,0.35115995115995113,0.22612942612942613,0.12356532356532357,0.1509157509157509,0.12722832722832722,0.3597069597069597,0.4,0.0735042735042735,0.4398046398046398,0.5406593406593406,0.22295482295482297,0.26935286935286934,0.4473748473748474,0.15824175824175823,0.463980463980464,0.31013431013431014,0.18144078144078143,0.10476190476190476,0.11013431013431013,0.3440781440781441,0.452991452991453,0.5094017094017094,0.33235653235653234,0.5333333333333333,0.15775335775335775,0.12747252747252746,0.1111111111111111,0.31184371184371185,0.4967032967032967,0.38363858363858366,0.4275946275946276,0.14114774114774115,0.21636141636141637,0.5086691086691086,0.347008547008547,0.1413919413919414,0.14383394383394382
0.10207570207570207,0.5963369963369963,0.2407814407814408,0.3665445665445665,0.4771672771672772,0.7282051282051282,0.3873015873015873,0.13528693528693528,0.43833943833943834,0.2681318681318681,0.3824175824175824,0.6234432234432234,0.9086691086691087,0.1794871794871795,0.14285714285714285,0.46422466422466424,0.21123321123321123,0.5091575091575091,0.6258852258852259,0.19413919413919414,0.23663003663003662,0.653968253968254,0.27228327228327226,0.5106227106227106,0.400976800976801,0.35995115995115995,0.1492063492063492,0.2507936507936508,0.45787545787545786,0.16214896214896216,0.06666666666666667,0.5203907203907204,0.31746031746031744,0.16263736263736264,0.5284493284493285,0.33137973137973137,0.3374847374847375,0.1824175824175824,0.4481074481074481,0.2026862026862027,0.19047619047619047,0.29645909645909646,0.3401709401709402,0.21562881562881564,0.1203907203907204,0.14993894993894993,0.1347985347985348,0.346031746031746,0.4324786324786325,0.07301587301587302,0.4275946275946276,0.5455433455433455,0.2175824175824176,0.28156288156288156,0.48815628815628814,0.1496947496947497,0.45006105006105007,0.33992673992673994,0.1768009768009768,0.1010989010989011,0.10989010989010989,0.32893772893772893,0.4908424908424908,0.49108669108669106,0.32332112332112334,0.5318681318681319,0.1824175824175824,0.1619047619047619,0.10964590964590964,0.3125763125763126,0.49645909645909647,0.43174603174603177,0.42002442002442003,0.1391941391941392,0.21294261294261294,0.4927960927960928,0.337973137973138,0.136996336996337,0.14236874236874236
0.11941391941391942,0.5997557997557997,0.2354090354090354,0.3553113553113553,0.46715506715506716,0.707936507936508,0.37826617826617825,0.1291819291819292,0.47619047619047616,0.2617826617826618,0.42002442002442003,0.6105006105006106,0.9091575091575091,0.17264957264957265,0.13968253968253969,0.5081807081807082,0.20317460317460317,0.49352869352869355,0.6231990231990232,0.1873015873015873,0.22905982905982905,0.642002442002442,0.2652014652014652,0.4967032967032967,0.389010989010989,0.3499389499389499,0.1457875457875458,0.2407814407814408,0.4918192918192918,0.1907203907203907,0.06593406593406594,0.5008547008547009,0.30427350427350425,0.1597069597069597,0.5382173382173382,0.3426129426129426,0.3873015873015873,0.17655677655677657,0.49352869352869355,0.19633699633699633,0.22002442002442002,0.28498168498168497,0.32551892551892553,0.20537240537240536,0.11843711843711843,0.147985347985348,0.14774114774114774,0.33284493284493283,0.4627594627594628,0.07252747252747253,0.4158730158730159,0.5472527472527473,0.21172161172161172,0.2976800976800977,0.525030525030525,0.14114774114774115,0.4385836385836386,0.37142857142857144,0.1724053724053724,0.09743589743589744,0.11184371184371185,0.31575091575091574,0.5257631257631258,0.47496947496947495,0.31477411477411477,0.5274725274725275,0.21465201465201464,0.2043956043956044,0.10891330891330891,0.31013431013431014,0.4945054945054945,0.4771672771672772,0.41098901098901097,0.1391941391941392,0.2105006105006105,0.4783882783882784,0.32844932844932845,0.13235653235653236,0.14114774114774115
0.14188034188034188,0.5995115995115995,0.22954822954822954,0.3440781440781441,0.4542124542124542,0.6871794871794872,0.3694749694749695,0.12307692307692308,0.5067155067155067,0.25445665445665444,0.4554334554334554,0.5951159951159951,0.9054945054945055,0.1675213675213675,0.13626373626373625,0.5504273504273505,0.1956043956043956,0.47863247863247865,0.6175824175824176,0.18095238095238095,0.22295482295482297,0.6280830280830281,0.25811965811965815,0.4810744810744811,0.3768009768009768,0.3409035409035409,0.14188034188034188,0.23101343101343103,0.5223443223443224,0.22466422466422467,0.06764346764346764,0.48131868131868133,0.29255189255189257,0.1562881562881563,0.5462759462759462,0.35653235653235654,0.43565323565323566,0.17094017094017094,0.536996336996337,0.19047619047619047,0.2525030525030525,0.273992673992674,0.3120879120879121,0.1973137973137973,0.11550671550671551,0.14554334554334555,0.16727716727716727,0.31965811965811963,0.4905982905982906,0.07374847374847375,0.40512820512820513,0.5474969474969476,0.20586080586080585,0.31648351648351647,0.557997557997558,0.1347985347985348,0.42857142857142855,0.4031746031746032,0.16800976800976802,0.09401709401709402,0.11721611721611722,0.3035409035409035,0.5533577533577534,0.46007326007326005,0.30622710622710625,0.5201465201465202,0.252991452991453,0.25347985347985347,0.10744810744810745,0.30500610500610503,0.4905982905982906,0.518925518925519,0.40073260073260075,0.14236874236874236,0.20854700854700856,0.463980463980464,0.31868131868131866,0.12747252747252746,0.1413919413919414
0.16532356532356532,0.5963369963369963,0.2231990231990232,0.3355311355311355,0.4385836385836386,0.6666666666666666,0.3601953601953602,0.11892551892551892,0.5328449328449328,0.24737484737484738,0.4879120879120879,0.5777777777777777,0.897924297924298,0.16312576312576313,0.1326007326007326,0.5904761904761905,0.18803418803418803,0.46495726495726497,0.6083028083028083,0.17509157509157508,0.21782661782661783,0.6124542124542125,0.25103785103785103,0.46422466422466424,0.3663003663003663,0.3304029304029304,0.13724053724053725,0.22148962148962148,0.5501831501831502,0.26324786324786326,0.07423687423687424,0.46422466422466424,0.28034188034188035,0.15213675213675212,0.5526251526251527,0.3724053724053724,0.4818070818070818,0.16532356532356532,0.5721611721611721,0.18461538461538463,0.28644688644688643,0.2634920634920635,0.3028083028083028,0.19047619047619047,0.11233211233211234,0.14285714285714285,0.19413919413919414,0.3064713064713065,0.5162393162393163,0.07716727716727717,0.39536019536019534,0.5457875457875457,0.2,0.33724053724053726,0.5863247863247864,0.12942612942612944,0.4183150183150183,0.43345543345543347,0.16385836385836386,0.0905982905982906,0.12576312576312576,0.29181929181929184,0.5758241758241758,0.44517704517704515,0.2979242979242979,0.5101343101343101,0.2962148962148962,0.306959706959707,0.1054945054945055,0.2971916971916972,0.48473748473748474,0.5560439560439561,0.38974358974358975,0.14896214896214896,0.2061050061050061,0.44981684981684983,0.3086691086691087,0.12307692307692308,0.14407814407814407
0.19047619047619047,0.5907203907203907,0.2170940170940171,0.3282051282051282,0.4214896214896215,0.6463980463980464,0.35115995115995113,0.115995115995116,0.5601953601953602,0.2402930402930403,0.5177045177045178,0.5587301587301587,0.8866910866910866,0.15775335775335775,0.12942612942612944,0.6271062271062271,0.18095238095238095,0.45152625152625153,0.5963369963369963,0.17094017094017094,0.21245421245421245,0.5953601953601954,0.2442002442002442,0.44713064713064715,0.35653235653235654,0.3199023199023199,0.1326007326007326,0.21196581196581196,0.575091575091575,0.30378510378510376,0.08693528693528693,0.44884004884004886,0.26764346764346764,0.14822954822954823,0.5567765567765568,0.3894993894993895,0.525030525030525,0.16117216117216118,0.6021978021978022,0.17924297924297924,0.3203907203907204,0.252991452991453,0.29426129426129427,0.1829059829059829,0.10866910866910867,0.14065934065934066,0.2275946275946276,0.29426129426129427,0.5391941391941392,0.08376068376068375,0.38461538461538464,0.5413919413919414,0.19462759462759463,0.3584859584859585,0.6073260073260073,0.12283272283272283,0.40805860805860805,0.46153846153846156,0.15995115995115994,0.08742368742368742,0.1387057387057387,0.2822954822954823,0.5982905982905983,0.43003663003663006,0.29010989010989013,0.49694749694749696,0.3418803418803419,0.3623931623931624,0.10329670329670329,0.28669108669108667,0.47692307692307695,0.589010989010989,0.3785103785103785,0.1597069597069597,0.20317460317460317,0.43614163614163615,0.29865689865689865,0.11843711843711843,0.14993894993894993
0.221001221001221,0.5826617826617827,0.21123321123321123,0.3213675213675214,0.4031746031746032,0.6273504273504273,0.3418803418803419,0.11184371184371185,0.5868131868131868,0.23321123321123322,0.5448107448107448,0.5411477411477411,0.872039072039072,0.15213675213675212,0.126007326007326,0.6605616605616605,0.1746031746031746,0.4385836385836386,0.5826617826617827,0.1675213675213675,0.20683760683760682,0.5777777777777777,0.23736263736263735,0.43003663003663006,0.34554334554334554,0.30915750915750917,0.12796092796092795,0.20317460317460317,0.5968253968253968,0.3452991452991453,0.10329670329670329,0.432967032967033,0.25518925518925517,0.14407814407814407,0.5584859584859585,0.40634920634920635,0.5653235653235653,0.157997557997558,0.6341880341880342,0.17387057387057386,0.3536019536019536,0.24297924297924298,0.28327228327228327,0.17484737484737484,0.1054945054945055,0.13821733821733823,0.2673992673992674,0.28205128205128205,0.5597069597069597,0.09352869352869353,0.3728937728937729,0.5343101343101343,0.1894993894993895,0.37924297924297923,0.6234432234432234,0.115995115995116,0.39829059829059826,0.4869352869352869,0.15604395604395604,0.08473748473748474,0.15604395604395604,0.2737484737484738,0.6190476190476191,0.41514041514041516,0.2822954822954823,0.4822954822954823,0.3882783882783883,0.4175824175824176,0.10134310134310134,0.27472527472527475,0.46715506715506716,0.6173382173382174,0.3682539682539683,0.17753357753357754,0.20024420024420025,0.42344322344322344,0.29010989010989013,0.1137973137973138,0.16043956043956045
0.25396825396825395,0.5724053724053724,0.20537240537240536,0.31477411477411477,0.3838827838827839,0.6083028083028083,0.3343101343101343,0.1076923076923077,0.611965811965812,0.22612942612942613,0.5692307692307692,0.5242979242979243,0.8544566544566544,0.14652014652014653,0.12283272283272283,0.6910866910866911,0.16825396825396827,0.42588522588522587,0.568009768009768,0.16336996336996337,0.20122100122100123,0.5594627594627595,0.23101343101343103,0.41367521367521365,0.3343101343101343,0.29865689865689865,0.12307692307692308,0.19462759462759463,0.6158730158730159,0.3807081807081807,0.12454212454212454,0.41733821733821735,0.24297924297924298,0.13992673992673993,0.5582417582417583,0.42173382173382173,0.5975579975579975,0.1536019536019536,0.6654456654456654,0.168986568986569,0.38461538461538464,0.2354090354090354,0.2725274725274725,0.16727716727716727,0.10207570207570207,0.13577533577533576,0.3108669108669109,0.2703296703296703,0.575091575091575,0.1072039072039072,0.36117216117216117,0.5245421245421246,0.18461538461538463,0.3960927960927961,0.6393162393162393,0.10915750915750916,0.389010989010989,0.5096459096459096,0.15213675213675212,0.08327228327228327,0.17387057387057386,0.26422466422466423,0.6366300366300366,0.40073260073260075,0.274969474969475,0.46593406593406594,0.4332112332112332,0.463980463980464,0.09987789987789988,0.2612942612942613,0.4559218559218559,0.6383394383394383,0.35873015873015873,0.2021978021978022,0.19755799755799755,0.41147741147741146,0.28253968253968254,0.10915750915750916,0.17362637362637362
0.28766788766788765,0.5601953601953602,0.19975579975579977,0.30842490842490844,0.3648351648351648,0.5904761904761905,0.3274725274725275,0.10402930402930403,0.6344322344322344,0.21953601953601953,0.5873015873015873,0.505982905982906,0.833943833943834,0.1409035409035409,0.1199023199023199,0.7189255189255189,0.16263736263736264,0.4146520146520147,0.5511599511599512,0.1592185592185592,0.19584859584859585,0.5413919413919414,0.22466422466422467,0.398046398046398,0.32283272283272285,0.28815628815628813,0.11819291819291819,0.18705738705738706,0.631990231990232,0.4122100122100122,0.15482295482295483,0.40244200244200246,0.2315018315018315,0.13626373626373625,0.5553113553113553,0.4354090354090354,0.6246642246642247,0.1492063492063492,0.694993894993895,0.1641025641025641,0.4134310134310134,0.22857142857142856,0.26202686202686204,0.1597069597069597,0.09914529914529914,0.13357753357753357,0.3567765567765568,0.26544566544566545,0.5868131868131868,0.12722832722832722,0.34945054945054943,0.512087912087912,0.17997557997557997,0.40927960927960927,0.6534798534798535,0.1028083028083028,0.37948717948717947,0.5301587301587302,0.14847374847374847,0.0844932844932845,0.1934065934065934,0.25445665445665444,0.6515262515262515,0.38632478632478634,0.26764346764346764,0.4485958485958486,0.46984126984126984,0.5037851037851038,0.09865689865689865,0.24786324786324787,0.44346764346764345,0.6542124542124542,0.3492063492063492,0.23443223443223443,0.19487179487179487,0.3992673992673993,0.2737484737484738,0.1054945054945055,0.19047619047619047
0.32112332112332115,0.5472527472527473,0.19413919413919414,0.30207570207570206,0.3457875457875458,0.5738705738705738,0.31965811965811963,0.10134310134310134,0.653968253968254,0.21294261294261294,0.6017094017094017,0.48766788766788766,0.8114774114774115,0.13577533577533576,0.11721611721611722,0.7435897435897436,0.15775335775335775,0.4043956043956044,0.5330891330891331,0.15506715506715507,0.19047619047619047,0.5238095238095238,0.21855921855921856,0.38363858363858366,0.3108669108669109,0.2778998778998779,0.11306471306471307,0.18021978021978022,0.6434676434676435,0.4456654456654457,0.1921855921855922,0.3887667887667888,0.2205128205128205,0.13235653235653236,0.54993894993895,0.4456654456654457,0.652991452991453,0.14505494505494507,0.7223443223443223,0.1597069597069597,0.43614163614163615,0.22124542124542124,0.2515262515262515,0.15286935286935288,0.09645909645909646,0.13137973137973138,0.40293040293040294,0.2661782661782662,0.5985347985347985,0.1641025641025641,0.3374847374847375,0.49792429792429793,0.17533577533577532,0.42173382173382173,0.6656898656898657,0.09621489621489622,0.36996336996337,0.5477411477411478,0.14505494505494507,0.0884004884004884,0.2170940170940171,0.24444444444444444,0.663003663003663,0.3724053724053724,0.2600732600732601,0.43052503052503055,0.5006105006105006,0.5452991452991452,0.09743589743589744,0.2341880341880342,0.4302808302808303,0.67008547008547,0.3396825396825397,0.27277167277167275,0.19267399267399268,0.38754578754578756,0.263980463980464,0.10183150183150183,0.21416361416361415
0.3536019536019536,0.5340659340659341,0.18876678876678876,0.295970695970696,0.3299145299145299,0.5584859584859585,0.3115995115995116,0.1010989010989011,0.6703296703296703,0.20683760683760682,0.6153846153846154,0.46984126984126984,0.7873015873015873,0.1308913308913309,0.11452991452991453,0.7655677655677655,0.15384615384615385,0.39267399267399267,0.48986568986568985,0.1514041514041514,0.18534798534798536,0.5074481074481074,0.21245421245421245,0.37191697191697193,0.29914529914529914,0.2681318681318681,0.10866910866910867,0.17387057387057386,0.6512820512820513,0.47814407814407817,0.2354090354090354,0.3755799755799756,0.21025641025641026,0.12869352869352868,0.5418803418803418,0.452991452991453,0.6803418803418804,0.14236874236874236,0.7477411477411477,0.1562881562881563,0.4547008547008547,0.2139194139194139,0.24151404151404152,0.14652014652014653,0.09426129426129426,0.12942612942612944,0.44761904761904764,0.26324786324786326,0.6092796092796092,0.20195360195360196,0.326007326007326,0.48253968253968255,0.17094017094017094,0.43174603174603177,0.6754578754578755,0.09010989010989011,0.3606837606837607,0.5631257631257631,0.14285714285714285,0.09548229548229548,0.24297924297924298,0.23467643467643468,0.671062271062271,0.3584859584859585,0.25274725274725274,0.4148962148962149,0.5316239316239316,0.5848595848595849,0.09645909645909646,0.22124542124542124,0.4183150183150183,0.6842490842490843,0.3304029304029304,0.3155067155067155,0.19047619047619047,0.37606837606837606,0.2542124542124542,0.10012210012210013,0.2437118437118437
0.38461538461538464,0.5213675213675214,0.18363858363858365,0.28962148962148965,0.31575091575091574,0.5421245421245421,0.3035409035409035,0.10427350427350428,0.6842490842490843,0.2004884004884005,0.6278388278388278,0.452991452991453,0.7621489621489621,0.12576312576312576,0.11184371184371185,0.780952380952381,0.15115995115995115,0.38095238095238093,0.4354090354090354,0.14896214896214896,0.18095238095238095,0.4918192918192918,0.20757020757020758,0.36166056166056165,0.28766788766788765,0.2583638583638584,0.10525030525030525,0.16971916971916973,0.6586080586080586,0.5081807081807082,0.2818070818070818,0.36336996336996336,0.20073260073260074,0.12551892551892552,0.5328449328449328,0.45885225885225883,0.7064713064713065,0.14212454212454212,0.7704517704517705,0.15433455433455434,0.4735042735042735,0.20634920634920634,0.23174603174603176,0.14017094017094017,0.09181929181929183,0.12698412698412698,0.484981684981685,0.2571428571428571,0.6180708180708181,0.23174603174603176,0.31477411477411477,0.46642246642246643,0.16654456654456654,0.4385836385836386,0.6827838827838828,0.0844932844932845,0.3509157509157509,0.5741147741147741,0.1413919413919414,0.10744810744810745,0.2695970695970696,0.2253968253968254,0.6757020757020757,0.34505494505494505,0.24664224664224665,0.40073260073260075,0.5604395604395604,0.6214896214896215,0.09572649572649573,0.20927960927960929,0.4065934065934066,0.6964590964590964,0.3218559218559219,0.3601953601953602,0.18852258852258852,0.36434676434676433,0.24444444444444444,0.10036630036630037,0.2778998778998779
0.41318681318681316,0.5089133089133089,0.178998778998779,0.2847374847374847,0.3006105006105006,0.526007326007326,0.295970695970696,0.11257631257631258,0.694993894993895,0.19462759462759463,0.6383394383394383,0.4368742368742369,0.7367521367521368,0.12112332112332112,0.10964590964590964,0.7924297924297924,0.14774114774114774,0.368986568986569,0.400976800976801,0.14822954822954823,0.1772893772893773,0.47692307692307695,0.20341880341880342,0.3516483516483517,0.27643467643467645,0.24932844932844933,0.10305250305250305,0.16678876678876678,0.6642246642246642,0.5355311355311355,0.3291819291819292,0.3514041514041514,0.19145299145299147,0.12258852258852258,0.5221001221001221,0.4627594627594628,0.7306471306471306,0.1452991452991453,0.7902319902319902,0.15506715506715507,0.4908424908424908,0.199023199023199,0.22271062271062272,0.1343101343101343,0.08986568986568987,0.12576312576312576,0.5172161172161173,0.24957264957264957,0.6246642246642247,0.2691086691086691,0.30378510378510376,0.45006105006105007,0.16312576312576313,0.4415140415140415,0.6879120879120879,0.07912087912087912,0.34114774114774116,0.5816849816849817,0.1387057387057387,0.12576312576312576,0.2962148962148962,0.21611721611721613,0.6774114774114774,0.33137973137973137,0.24102564102564103,0.3860805860805861,0.5863247863247864,0.6544566544566545,0.09474969474969475,0.20024420024420025,0.3946275946275946,0.7057387057387058,0.3142857142857143,0.40586080586080586,0.18656898656898657,0.3528693528693529,0.23687423687423687,0.1028083028083028,0.31477411477411477
0.43956043956043955,0.4967032967032967,0.1746031746031746,0.28034188034188035,0.2857142857142857,0.5101343101343101,0.2886446886446886,0.12576312576312576,0.7023199023199023,0.18876678876678876,0.6456654456654457,0.4214896214896215,0.7123321123321124,0.11648351648351649,0.10866910866910867,0.8041514041514042,0.14383394383394382,0.35653235653235654,0.3775335775335775,0.15067155067155066,0.17484737484737484,0.46422466422466424,0.19877899877899877,0.3413919413919414,0.2652014652014652,0.2402930402930403,0.10402930402930403,0.16312576312576313,0.6676434676434676,0.55995115995116,0.3763125763125763,0.33992673992673994,0.18217338217338216,0.12112332112332112,0.5096459096459096,0.46422466422466424,0.7521367521367521,0.15335775335775337,0.8068376068376069,0.15775335775335775,0.5062271062271062,0.19194139194139195,0.2139194139194139,0.1291819291819292,0.08742368742368742,0.12527472527472527,0.5511599511599512,0.24151404151404152,0.6280830280830281,0.31013431013431014,0.29352869352869354,0.43394383394383396,0.15995115995115994,0.4405372405372405,0.6898656898656899,0.07448107448107448,0.3316239316239316,0.589010989010989,0.13577533577533576,0.1509157509157509,0.3213675213675214,0.20757020757020758,0.675946275946276,0.3177045177045177,0.23443223443223443,0.37191697191697193,0.6083028083028083,0.6835164835164835,0.09474969474969475,0.19316239316239317,0.38217338217338215,0.7123321123321124,0.306959706959707,0.44981684981684983,0.18485958485958487,0.34285714285714286,0.23028083028083027,0.10866910866910867,0.35311355311355314
0.463003663003663,0.484981684981685,0.1711843711843712,0.274969474969475,0.2708180708180708,0.49401709401709404,0.28156288156288156,0.14505494505494507,0.7062271062271063,0.18461538461538463,0.6500610500610501,0.40634920634920635,0.6881562881562882,0.11233211233211234,0.10866910866910867,0.8148962148962149,0.13968253968253969,0.3443223443223443,0.35946275946275946,0.1562881562881563,0.17435897435897435,0.45274725274725275,0.19413919413919414,0.33137973137973137,0.25445665445665444,0.23174603174603176,0.10818070818070818,0.15897435897435896,0.6686202686202686,0.5816849816849817,0.4214896214896215,0.3286935286935287,0.17338217338217338,0.1203907203907204,0.495970695970696,0.463003663003663,0.770940170940171,0.1663003663003663,0.8207570207570207,0.16385836385836386,0.5191697191697192,0.18485958485958487,0.2056166056166056,0.12405372405372406,0.08644688644688645,0.12380952380952381,0.5841269841269842,0.23321123321123322,0.629059829059829,0.35213675213675216,0.2835164835164835,0.4197802197802198,0.15653235653235653,0.43614163614163615,0.6893772893772894,0.07032967032967033,0.3235653235653236,0.5948717948717949,0.1330891330891331,0.1824175824175824,0.34456654456654456,0.19926739926739928,0.6715506715506715,0.305982905982906,0.2275946275946276,0.35824175824175825,0.6275946275946276,0.7084249084249085,0.09572649572649573,0.18583638583638584,0.37045177045177047,0.7162393162393162,0.3001221001221001,0.49108669108669106,0.1829059829059829,0.3338217338217338,0.22295482295482297,0.11941391941391942,0.39096459096459096
0.48424908424908425,0.47496947496947495,0.16874236874236875,0.26935286935286934,0.2564102564102564,0.4783882783882784,0.2725274725274725,0.16971916971916973,0.7057387057387058,0.18095238095238095,0.6512820512820513,0.39194139194139194,0.6652014652014652,0.10842490842490843,0.10891330891330891,0.8234432234432234,0.13626373626373625,0.33235653235653234,0.34456654456654456,0.1663003663003663,0.17533577533577532,0.4405372405372405,0.1894993894993895,0.3213675213675214,0.24395604395604395,0.22466422466422467,0.115995115995116,0.15482295482295483,0.6666666666666666,0.600976800976801,0.4634920634920635,0.31746031746031744,0.16678876678876678,0.11892551892551892,0.4810744810744811,0.4593406593406593,0.7865689865689866,0.1851037851037851,0.8312576312576313,0.17435897435897435,0.5294261294261294,0.17802197802197803,0.1978021978021978,0.11941391941391942,0.0862026862026862,0.12185592185592185,0.6153846153846154,0.22515262515262516,0.6273504273504273,0.39267399267399267,0.273992673992674,0.4065934065934066,0.15262515262515264,0.4283272283272283,0.685958485958486,0.06642246642246642,0.3162393162393162,0.599023199023199,0.13015873015873017,0.22002442002442002,0.36556776556776555,0.19145299145299147,0.6644688644688644,0.29523809523809524,0.221001221001221,0.3457875457875458,0.6437118437118438,0.7304029304029304,0.09597069597069598,0.17875457875457876,0.35873015873015873,0.7167277167277167,0.29352869352869354,0.528937728937729,0.18144078144078143,0.32332112332112334,0.2153846153846154,0.13528693528693528,0.42735042735042733
0.5032967032967033,0.4656898656898657,0.16507936507936508,0.26373626373626374,0.24224664224664225,0.4627594627594628,0.26495726495726496,0.19975579975579977,0.7023199023199023,0.1768009768009768,0.6488400488400489,0.37777777777777777,0.642979242979243,0.10598290598290598,0.11086691086691086,0.8290598290598291,0.13406593406593406,0.32063492063492066,0.3316239316239316,0.18095238095238095,0.178998778998779,0.4283272283272283,0.1851037851037851,0.31135531135531136,0.2354090354090354,0.21855921855921856,0.12942612942612944,0.15042735042735042,0.6612942612942613,0.6175824175824176,0.5018315018315018,0.3076923076923077,0.16166056166056167,0.11746031746031746,0.46593406593406594,0.452991452991453,0.7995115995115996,0.21001221001221002,0.8366300366300367,0.18925518925518925,0.5372405372405372,0.17167277167277167,0.19047619047619047,0.115995115995116,0.08522588522588523,0.12087912087912088,0.6446886446886447,0.21684981684981686,0.6224664224664225,0.43174603174603177,0.2664224664224664,0.39316239316239315,0.14847374847374847,0.4170940170940171,0.6796092796092796,0.06471306471306472,0.3076923076923077,0.6007326007326007,0.12747252747252746,0.2617826617826618,0.38412698412698415,0.18339438339438338,0.6031746031746031,0.2835164835164835,0.2144078144078144,0.3343101343101343,0.6573870573870574,0.7487179487179487,0.09621489621489622,0.1724053724053724,0.34798534798534797,0.7147741147741148,0.2869352869352869,0.5628815628815629,0.18046398046398046,0.3128205128205128,0.20757020757020758,0.1575091575091575,0.4608058608058608
0.5174603174603175,0.4559218559218559,0.16166056166056167,0.25811965811965815,0.22832722832722832,0.44713064713064715,0.25934065934065936,0.2288156288156288,0.6967032967032967,0.1724053724053724,0.6434676434676435,0.36385836385836384,0.6231990231990232,0.10451770451770452,0.11550671550671551,0.8317460317460318,0.13504273504273503,0.30915750915750917,0.31965811965811963,0.1973137973137973,0.18534798534798536,0.41514041514041516,0.1807081807081807,0.3013431013431013,0.22832722832722832,0.21147741147741148,0.14822954822954823,0.1457875457875458,0.652991452991453,0.6315018315018315,0.536019536019536,0.2989010989010989,0.15506715506715507,0.115995115995116,0.4512820512820513,0.4442002442002442,0.809035409035409,0.2402930402930403,0.8380952380952381,0.20927960927960929,0.5418803418803418,0.16556776556776556,0.1851037851037851,0.1137973137973138,0.08424908424908426,0.12136752136752137,0.6713064713064713,0.2087912087912088,0.6148962148962149,0.4678876678876679,0.2595848595848596,0.3797313797313797,0.14481074481074482,0.4031746031746032,0.671062271062271,0.06373626373626373,0.2989010989010989,0.6,0.12551892551892552,0.30573870573870576,0.40024420024420027,0.1772893772893773,0.5152625152625152,0.2717948717948718,0.20781440781440783,0.3235653235653236,0.6683760683760683,0.7633699633699633,0.09621489621489622,0.16654456654456654,0.337973137973138,0.7096459096459097,0.28083028083028083,0.5892551892551893,0.17875457875457876,0.30207570207570206,0.20024420024420025,0.1851037851037851,0.4908424908424908
0.5286935286935287,0.44590964590964594,0.157997557997558,0.2525030525030525,0.21465201465201464,0.43174603174603177,0.252991452991453,0.2583638583638584,0.6884004884004884,0.16776556776556775,0.6349206349206349,0.35018315018315016,0.6048840048840048,0.10207570207570207,0.12405372405372406,0.8310134310134311,0.13968253968253969,0.2976800976800977,0.30793650793650795,0.21611721611721613,0.19511599511599512,0.4021978021978022,0.17631257631257632,0.2910866910866911,0.22026862026862026,0.20415140415140415,0.17264957264957265,0.14114774114774115,0.6417582417582418,0.6427350427350428,0.5626373626373626,0.28888888888888886,0.147985347985348,0.11428571428571428,0.4371184371184371,0.4332112332112332,0.8151404151404151,0.2703296703296703,0.8388278388278388,0.2336996336996337,0.5433455433455433,0.15995115995115994,0.1807081807081807,0.11037851037851037,0.08302808302808302,0.12551892551892552,0.6952380952380952,0.20122100122100123,0.6046398046398046,0.49621489621489623,0.252014652014652,0.367032967032967,0.1409035409035409,0.38754578754578756,0.6603174603174603,0.061782661782661785,0.29010989010989013,0.5968253968253968,0.12454212454212454,0.3499389499389499,0.4134310134310134,0.1724053724053724,0.4669108669108669,0.2600732600732601,0.20146520146520147,0.31355311355311355,0.676923076923077,0.7748473748473749,0.09621489621489622,0.16166056166056167,0.32844932844932845,0.7018315018315018,0.2754578754578755,0.6102564102564103,0.1768009768009768,0.2920634920634921,0.19316239316239317,0.21782661782661783,0.5172161172161173
0.5396825396825397,0.43565323565323566,0.15506715506715507,0.24664224664224665,0.20146520146520147,0.4166056166056166,0.2468864468864469,0.29255189255189257,0.6778998778998779,0.16336996336996337,0.6234432234432234,0.3384615384615385,0.5858363858363859,0.09963369963369964,0.13772893772893774,0.8268620268620268,0.1496947496947497,0.28669108669108667,0.2979242979242979,0.24004884004884006,0.2083028083028083,0.38925518925518926,0.17191697191697192,0.2810744810744811,0.21196581196581196,0.19706959706959706,0.2026862026862027,0.13626373626373625,0.6278388278388278,0.6512820512820513,0.5841269841269842,0.27814407814407816,0.1409035409035409,0.11233211233211234,0.4236874236874237,0.42124542124542125,0.8170940170940171,0.30036630036630035,0.8366300366300367,0.2617826617826618,0.5418803418803418,0.1540903540903541,0.17509157509157508,0.10671550671550671,0.08205128205128205,0.13504273504273503,0.7167277167277167,0.1934065934065934,0.591941391941392,0.5194139194139195,0.24395604395604395,0.3553113553113553,0.136996336996337,0.37264957264957266,0.6473748473748474,0.05934065934065934,0.28156288156288156,0.590964590964591,0.1264957264957265,0.3934065934065934,0.4227106227106227,0.16678876678876678,0.43785103785103785,0.2485958485958486,0.19511599511599512,0.30378510378510376,0.683028083028083,0.780952380952381,0.09645909645909646,0.15677655677655677,0.3199023199023199,0.6908424908424908,0.2708180708180708,0.6317460317460317,0.17582417582417584,0.2822954822954823,0.18632478632478633,0.2537240537240537,0.5399267399267399
0.548962148962149,0.4249084249084249,0.15286935286935288,0.2407814407814408,0.1916971916971917,0.40195360195360197,0.24224664224664225,0.3286935286935287,0.6647130647130647,0.1592185592185592,0.6107448107448108,0.3277167277167277,0.5667887667887668,0.09645909645909646,0.15653235653235653,0.8192918192918193,0.1663003663003663,0.2778998778998779,0.2886446886446886,0.2673992673992674,0.22417582417582418,0.3763125763125763,0.16776556776556775,0.27106227106227104,0.20415140415140415,0.19047619047619047,0.23663003663003662,0.1308913308913309,0.611965811965812,0.6554334554334554,0.6061050061050061,0.2673992673992674,0.1343101343101343,0.11037851037851037,0.41147741147741146,0.4078144078144078,0.8144078144078144,0.3355311355311355,0.8317460317460318,0.29181929181929184,0.5372405372405372,0.15042735042735042,0.16947496947496948,0.10305250305250305,0.08131868131868132,0.1514041514041514,0.7357753357753358,0.18608058608058609,0.5785103785103786,0.5431013431013431,0.23614163614163614,0.34383394383394383,0.13357753357753357,0.35873015873015873,0.6322344322344322,0.0568986568986569,0.27350427350427353,0.5826617826617827,0.13211233211233211,0.43443223443223444,0.42905982905982903,0.16117216117216118,0.4183150183150183,0.23736263736263735,0.18925518925518925,0.29426129426129427,0.6869352869352869,0.7826617826617827,0.09743589743589744,0.1523809523809524,0.3115995115995116,0.6781440781440782,0.26544566544566545,0.6517704517704518,0.17509157509157508,0.27277167277167275,0.17997557997557997,0.29084249084249086,0.5565323565323566
0.5565323565323566,0.41440781440781443,0.1523809523809524,0.23467643467643468,0.18437118437118438,0.389010989010989,0.23809523809523808,0.36507936507936506,0.6500610500610501,0.15531135531135531,0.5968253968253968,0.315995115995116,0.5474969474969476,0.09352869352869353,0.1807081807081807,0.8080586080586081,0.18925518925518925,0.2703296703296703,0.27814407814407816,0.2962148962148962,0.2424908424908425,0.36336996336996336,0.16336996336996337,0.26105006105006107,0.19633699633699633,0.18437118437118438,0.27277167277167275,0.12527472527472527,0.5960927960927961,0.6561660561660562,0.6263736263736264,0.2564102564102564,0.1282051282051282,0.10891330891330891,0.4,0.39536019536019534,0.8080586080586081,0.37264957264957266,0.8231990231990232,0.3230769230769231,0.5301587301587302,0.14725274725274726,0.16361416361416362,0.10061050061050061,0.08034188034188035,0.17631257631257632,0.7518925518925519,0.18046398046398046,0.5643467643467643,0.5653235653235653,0.2288156288156288,0.3326007326007326,0.12991452991452992,0.3431013431013431,0.6161172161172161,0.05445665445665446,0.2656898656898657,0.5721611721611721,0.14334554334554334,0.4678876678876679,0.43443223443223444,0.15604395604395604,0.4031746031746032,0.22686202686202686,0.18339438339438338,0.2847374847374847,0.6871794871794872,0.7829059829059829,0.09987789987789988,0.14822954822954823,0.3035409035409035,0.6632478632478632,0.25982905982905985,0.6698412698412698,0.17582417582417584,0.263980463980464,0.17362637362637362,0.3277167277167277,0.5684981684981685
0.5611721611721612,0.40341880341880343,0.15433455433455434,0.22905982905982905,0.17533577533577532,0.3768009768009768,0.23321123321123322,0.40073260073260075,0.6341880341880342,0.1514041514041514,0.5811965811965812,0.3035409035409035,0.528937728937729,0.09084249084249084,0.20976800976800977,0.7936507936507936,0.2144078144078144,0.2617826617826618,0.2673992673992674,0.32576312576312577,0.2625152625152625,0.35067155067155065,0.1592185592185592,0.25274725274725274,0.189010989010989,0.17802197802197803,0.31013431013431014,0.1199023199023199,0.5797313797313798,0.6554334554334554,0.6444444444444445,0.2454212454212454,0.12234432234432234,0.10744810744810745,0.389010989010989,0.38412698412698415,0.7985347985347986,0.41001221001221,0.8112332112332112,0.35433455433455435,0.5208791208791209,0.14358974358974358,0.1575091575091575,0.10012210012210013,0.07936507936507936,0.20976800976800977,0.7653235653235653,0.17606837606837608,0.5487179487179488,0.5853479853479854,0.22173382173382172,0.32161172161172163,0.1264957264957265,0.3274725274725275,0.5985347985347985,0.051770451770451774,0.2583638583638584,0.5594627594627595,0.15775335775335775,0.495970695970696,0.43833943833943834,0.1509157509157509,0.3904761904761905,0.21684981684981686,0.17777777777777778,0.27692307692307694,0.6852258852258852,0.7811965811965812,0.10476190476190476,0.14407814407814407,0.295970695970696,0.645909645909646,0.2542124542124542,0.6852258852258852,0.17875457875457876,0.25567765567765566,0.16800976800976802,0.35946275946275946,0.57997557997558
0.5628815628815629,0.3924297924297924,0.1592185592185592,0.22344322344322345,0.16800976800976802,0.36385836385836384,0.22808302808302808,0.43492063492063493,0.6173382173382174,0.14774114774114774,0.5645909645909646,0.29084249084249086,0.5106227106227106,0.08791208791208792,0.24175824175824176,0.7768009768009768,0.2424908424908425,0.2525030525030525,0.2564102564102564,0.3550671550671551,0.28327228327228327,0.337973137973138,0.15506715506715507,0.2454212454212454,0.18217338217338216,0.17216117216117216,0.347008547008547,0.11477411477411477,0.5619047619047619,0.6517704517704518,0.6595848595848596,0.23467643467643468,0.11672771672771673,0.10598290598290598,0.3785103785103785,0.37216117216117217,0.7860805860805861,0.4461538461538462,0.7968253968253968,0.3807081807081807,0.5094017094017094,0.1391941391941392,0.1514041514041514,0.10305250305250305,0.07863247863247863,0.2507936507936508,0.7733821733821734,0.1711843711843712,0.5321123321123321,0.6024420024420024,0.2148962148962149,0.31135531135531136,0.12356532356532357,0.3128205128205128,0.5802197802197803,0.04932844932844933,0.2512820512820513,0.5452991452991452,0.17631257631257632,0.5242979242979243,0.44004884004884004,0.14627594627594628,0.37948717948717947,0.2070818070818071,0.1724053724053724,0.2703296703296703,0.6825396825396826,0.7760683760683761,0.11428571428571428,0.13992673992673993,0.28962148962148965,0.6266178266178266,0.2485958485958486,0.6979242979242979,0.1851037851037851,0.24786324786324787,0.16263736263736264,0.3868131868131868,0.5897435897435898
0.5616605616605617,0.3811965811965812,0.1675213675213675,0.21904761904761905,0.16166056166056167,0.35067155067155065,0.22271062271062272,0.4673992673992674,0.6,0.14407814407814407,0.5474969474969476,0.2783882783882784,0.4925518925518926,0.08522588522588523,0.2754578754578755,0.7587301587301587,0.2774114774114774,0.24346764346764346,0.24517704517704517,0.38266178266178263,0.30378510378510376,0.32551892551892553,0.1523809523809524,0.2371184371184371,0.17533577533577532,0.16654456654456654,0.3824175824175824,0.1115995115995116,0.5435897435897435,0.6451770451770452,0.6717948717948717,0.22417582417582418,0.1111111111111111,0.10476190476190476,0.3694749694749695,0.3601953601953602,0.7704517704517705,0.48083028083028084,0.77997557997558,0.4039072039072039,0.495970695970696,0.1347985347985348,0.14554334554334555,0.11037851037851037,0.07765567765567766,0.2979242979242979,0.778021978021978,0.1675213675213675,0.5157509157509158,0.6168498168498169,0.20854700854700856,0.3013431013431013,0.12136752136752137,0.29914529914529914,0.5623931623931624,0.046886446886446886,0.24444444444444444,0.5308913308913309,0.2021978021978022,0.550915750915751,0.4398046398046398,0.14188034188034188,0.3694749694749695,0.19755799755799755,0.16874236874236875,0.2622710622710623,0.6786324786324787,0.7677655677655678,0.12991452991452992,0.136996336996337,0.284004884004884,0.6061050061050061,0.24297924297924298,0.707936507936508,0.1960927960927961,0.2402930402930403,0.1592185592185592,0.4192918192918193,0.5975579975579975
0.557020757020757,0.37045177045177047,0.17924297924297924,0.21562881562881564,0.15384615384615385,0.33724053724053726,0.2175824175824176,0.49792429792429793,0.5833943833943834,0.1409035409035409,0.5304029304029304,0.2661782661782662,0.4752136752136752,0.08278388278388278,0.3052503052503053,0.7401709401709402,0.3162393162393162,0.23443223443223443,0.23394383394383395,0.409035409035409,0.32405372405372407,0.315018315018315,0.15042735042735042,0.22857142857142856,0.16923076923076924,0.16117216117216118,0.41562881562881565,0.10915750915750916,0.5252747252747253,0.6361416361416361,0.6810744810744811,0.2139194139194139,0.1054945054945055,0.10329670329670329,0.3609279609279609,0.3492063492063492,0.7521367521367521,0.5133089133089133,0.7611721611721611,0.4288156288156288,0.4810744810744811,0.12991452991452992,0.13968253968253969,0.12307692307692308,0.07643467643467644,0.3418803418803419,0.7816849816849817,0.16556776556776556,0.4993894993894994,0.6295482295482295,0.2021978021978022,0.2915750915750916,0.12161172161172161,0.2874236874236874,0.5445665445665445,0.04468864468864469,0.23809523809523808,0.5172161172161173,0.23467643467643468,0.5743589743589743,0.43736263736263736,0.13724053724053725,0.3601953601953602,0.18876678876678876,0.16532356532356532,0.25396825396825395,0.6730158730158731,0.7562881562881563,0.15262515262515264,0.1343101343101343,0.2778998778998779,0.5848595848595849,0.23785103785103784,0.715018315018315,0.21196581196581196,0.23321123321123322,0.15653235653235653,0.452991452991453,0.6026862026862027
0.548962148962149,0.3597069597069597,0.1921855921855922,0.21147741147741148,0.14627594627594628,0.3242979242979243,0.21318681318681318,0.5262515262515263,0.5667887667887668,0.1387057387057387,0.5137973137973137,0.25396825396825395,0.45787545787545786,0.0800976800976801,0.33284493284493283,0.7191697191697192,0.35702075702075703,0.2258852258852259,0.22271062271062272,0.4332112332112332,0.3431013431013431,0.305982905982906,0.14774114774114774,0.21978021978021978,0.16336996336996337,0.1562881562881563,0.4427350427350427,0.10598290598290598,0.5079365079365079,0.6244200244200244,0.6871794871794872,0.20415140415140415,0.10012210012210013,0.10329670329670329,0.3516483516483517,0.33894993894993897,0.7321123321123321,0.5433455433455433,0.7406593406593407,0.452991452991453,0.4656898656898657,0.12551892551892552,0.13406593406593406,0.14212454212454212,0.0761904761904762,0.38461538461538464,0.7838827838827839,0.16776556776556775,0.4918192918192918,0.639072039072039,0.19658119658119658,0.28327228327228327,0.12454212454212454,0.27692307692307694,0.5277167277167277,0.04249084249084249,0.23223443223443224,0.5023199023199023,0.272039072039072,0.5948717948717949,0.43272283272283274,0.1326007326007326,0.3516483516483517,0.18046398046398046,0.1619047619047619,0.24566544566544565,0.6654456654456654,0.7416361416361417,0.17777777777777778,0.13064713064713065,0.2713064713064713,0.5636141636141636,0.23247863247863249,0.7194139194139194,0.23321123321123322,0.2275946275946276,0.15335775335775337,0.4810744810744811,0.6061050061050061
0.5387057387057387,0.3492063492063492,0.20683760683760682,0.2070818070818071,0.1387057387057387,0.3115995115995116,0.20927960927960929,0.5523809523809524,0.5504273504273505,0.13772893772893774,0.49792429792429793,0.2424908424908425,0.4405372405372405,0.07765567765567766,0.3623931623931624,0.6971916971916972,0.398046398046398,0.2175824175824176,0.21147741147741148,0.4554334554334554,0.3609279609279609,0.295970695970696,0.14554334554334555,0.21123321123321123,0.15775335775335775,0.15286935286935288,0.46544566544566546,0.1028083028083028,0.49108669108669106,0.6097680097680098,0.6898656898656899,0.19462759462759463,0.09645909645909646,0.10402930402930403,0.3418803418803419,0.3299145299145299,0.7103785103785104,0.5714285714285714,0.7194139194139194,0.47619047619047616,0.4503052503052503,0.12136752136752137,0.12869352869352868,0.16727716727716727,0.07643467643467644,0.431990231990232,0.7836385836385836,0.17435897435897435,0.48815628815628814,0.6442002442002442,0.19145299145299147,0.2761904761904762,0.13064713064713065,0.2681318681318681,0.5118437118437118,0.04004884004884005,0.2275946275946276,0.4874236874236874,0.3125763125763126,0.6117216117216118,0.4256410256410256,0.1282051282051282,0.34383394383394383,0.17387057387057386,0.157997557997558,0.23736263736263735,0.6559218559218559,0.724053724053724,0.20683760683760682,0.1264957264957265,0.2647130647130647,0.5428571428571428,0.22735042735042735,0.7208791208791209,0.2554334554334554,0.22295482295482297,0.14945054945054945,0.5045177045177045,0.6068376068376068
0.526007326007326,0.3401709401709402,0.22515262515262516,0.20293040293040293,0.13211233211233211,0.29914529914529914,0.20683760683760682,0.5758241758241758,0.536019536019536,0.13577533577533576,0.4827838827838828,0.23125763125763127,0.42344322344322344,0.07667887667887668,0.3912087912087912,0.6752136752136753,0.4385836385836386,0.20976800976800977,0.20024420024420025,0.4810744810744811,0.37484737484737485,0.2857142857142857,0.14554334554334555,0.20293040293040293,0.1523809523809524,0.15067155067155066,0.48815628815628814,0.09963369963369964,0.4752136752136752,0.5936507936507937,0.6886446886446886,0.18583638583638584,0.09426129426129426,0.10329670329670329,0.33186813186813185,0.32161172161172163,0.6879120879120879,0.5970695970695971,0.6981684981684981,0.49743589743589745,0.4354090354090354,0.11721611721611722,0.12356532356532357,0.1934065934065934,0.0757020757020757,0.48131868131868133,0.77997557997558,0.18534798534798536,0.47863247863247865,0.6463980463980464,0.18754578754578755,0.2681318681318681,0.14065934065934066,0.25982905982905985,0.49645909645909647,0.039316239316239315,0.22417582417582418,0.47277167277167276,0.3540903540903541,0.6251526251526252,0.4170940170940171,0.12405372405372406,0.3367521367521368,0.16874236874236875,0.15433455433455434,0.22905982905982905,0.6446886446886447,0.7042735042735043,0.24444444444444444,0.12185592185592185,0.2578754578754579,0.5233211233211233,0.22271062271062272,0.7194139194139194,0.27936507936507937,0.2175824175824176,0.14554334554334555,0.5235653235653236,0.6053724053724053
0.5133089133089133,0.33235653235653234,0.2454212454212454,0.19877899877899877,0.126007326007326,0.28766788766788765,0.20586080586080585,0.5938949938949939,0.5223443223443224,0.13357753357753357,0.4683760683760684,0.2205128205128205,0.4065934065934066,0.07643467643467644,0.41855921855921857,0.652991452991453,0.4771672771672772,0.2021978021978022,0.18925518925518925,0.5079365079365079,0.38632478632478634,0.2754578754578755,0.14847374847374847,0.19487179487179487,0.14847374847374847,0.14725274725274726,0.5094017094017094,0.09694749694749695,0.4598290598290598,0.5758241758241758,0.6837606837606838,0.178998778998779,0.09133089133089133,0.10183150183150183,0.3221001221001221,0.31404151404151404,0.6654456654456654,0.6207570207570208,0.6786324786324787,0.5164835164835165,0.4205128205128205,0.11330891330891331,0.11843711843711843,0.22197802197802197,0.07521367521367521,0.5294261294261294,0.7733821733821734,0.20170940170940171,0.4666666666666667,0.6461538461538462,0.18461538461538463,0.25982905982905985,0.15604395604395604,0.2525030525030525,0.4818070818070818,0.039316239316239315,0.22002442002442002,0.4593406593406593,0.39536019536019534,0.6356532356532356,0.4070818070818071,0.1199023199023199,0.3304029304029304,0.1623931623931624,0.1509157509157509,0.221001221001221,0.6315018315018315,0.683028083028083,0.2879120879120879,0.11746031746031746,0.2507936507936508,0.5052503052503052,0.21855921855921856,0.715018315018315,0.3086691086691087,0.21172161172161172,0.14188034188034188,0.5411477411477411,0.6012210012210012
0.5001221001221001,0.32332112332112334,0.26764346764346764,0.1943833943833944,0.12087912087912088,0.27692307692307694,0.20732600732600734,0.608058608058608,0.5086691086691086,0.13113553113553114,0.4547008547008547,0.2105006105006105,0.3921855921855922,0.07521367521367521,0.44346764346764345,0.6315018315018315,0.5133089133089133,0.19487179487179487,0.178998778998779,0.526007326007326,0.39829059829059826,0.2656898656898657,0.15555555555555556,0.18754578754578755,0.14554334554334555,0.14407814407814407,0.527960927960928,0.09499389499389499,0.44468864468864466,0.5575091575091575,0.6757020757020757,0.17338217338217338,0.08888888888888889,0.10061050061050061,0.3125763125763126,0.306959706959707,0.6432234432234433,0.6388278388278388,0.6603174603174603,0.5335775335775336,0.4065934065934066,0.10964590964590964,0.11526251526251527,0.25665445665445663,0.07716727716727717,0.5753357753357753,0.764102564102564,0.22271062271062272,0.4537240537240537,0.6432234432234433,0.1807081807081807,0.2515262515262515,0.1768009768009768,0.24566544566544565,0.4686202686202686,0.03833943833943834,0.21562881562881564,0.44664224664224667,0.43492063492063493,0.6427350427350428,0.3960927960927961,0.11794871794871795,0.3242979242979243,0.15604395604395604,0.14774114774114774,0.2126984126984127,0.6168498168498169,0.6612942612942613,0.33455433455433453,0.11306471306471307,0.2437118437118437,0.4879120879120879,0.21465201465201464,0.707936507936508,0.3404151404151404,0.2061050061050061,0.13797313797313798,0.5543345543345544,0.5948717948717949
0.484981684981685,0.3142857142857143,0.29010989010989013,0.18998778998778998,0.115995115995116,0.26666666666666666,0.2144078144078144,0.6224664224664225,0.4945054945054945,0.1291819291819292,0.44175824175824174,0.20293040293040293,0.378998778998779,0.07374847374847375,0.46642246642246643,0.6105006105006106,0.5467643467643467,0.1877899877899878,0.1706959706959707,0.5387057387057387,0.41001221001221,0.2568986568986569,0.16776556776556775,0.1807081807081807,0.14212454212454212,0.14114774114774115,0.544078144078144,0.09548229548229548,0.43003663003663006,0.5389499389499389,0.6652014652014652,0.16678876678876678,0.08864468864468865,0.10012210012210013,0.3028083028083028,0.29987789987789987,0.621978021978022,0.652991452991453,0.6417582417582418,0.5484737484737485,0.3934065934065934,0.10573870573870574,0.11282051282051282,0.29474969474969476,0.0822954822954823,0.6183150183150183,0.7518925518925519,0.24786324786324787,0.44004884004884004,0.6373626373626373,0.17655677655677657,0.24346764346764346,0.20293040293040293,0.23931623931623933,0.45665445665445664,0.03711843711843712,0.210989010989011,0.43492063492063493,0.472039072039072,0.6463980463980464,0.38534798534798537,0.11746031746031746,0.3181929181929182,0.14945054945054945,0.14481074481074482,0.20463980463980463,0.6012210012210012,0.6407814407814408,0.3819291819291819,0.10915750915750916,0.2371184371184371,0.4713064713064713,0.21196581196581196,0.6984126984126984,0.3733821733821734,0.2004884004884005,0.1343101343101343,0.5619047619047619,0.5858363858363859
0.4691086691086691,0.30500610500610503,0.3120879120879121,0.18583638583638584,0.1115995115995116,0.2568986568986569,0.22295482295482297,0.6356532356532356,0.4800976800976801,0.12698412698412698,0.42905982905982903,0.1960927960927961,0.36434676434676433,0.07228327228327229,0.4869352869352869,0.5904761904761905,0.578021978021978,0.18144078144078143,0.16336996336996337,0.5501831501831502,0.4202686202686203,0.24835164835164836,0.18583638583638584,0.1746031746031746,0.13821733821733823,0.13846153846153847,0.5572649572649573,0.09865689865689865,0.4158730158730159,0.5221001221001221,0.6515262515262515,0.15995115995115994,0.09157509157509157,0.10158730158730159,0.29304029304029305,0.29255189255189257,0.6031746031746031,0.6673992673992674,0.6234432234432234,0.5611721611721612,0.38095238095238093,0.10354090354090355,0.10915750915750916,0.3338217338217338,0.09304029304029304,0.6583638583638584,0.7372405372405373,0.27594627594627597,0.42735042735042733,0.629059829059829,0.17216117216117216,0.2354090354090354,0.23321123321123322,0.2341880341880342,0.4442002442002442,0.03565323565323565,0.20634920634920634,0.4244200244200244,0.505982905982906,0.6471306471306472,0.37533577533577533,0.11868131868131868,0.3115995115995116,0.14334554334554334,0.14188034188034188,0.19706959706959706,0.5851037851037851,0.6214896214896215,0.4283272283272283,0.10573870573870574,0.23076923076923078,0.4568986568986569,0.2105006105006105,0.6864468864468865,0.4048840048840049,0.19487179487179487,0.1308913308913309,0.5672771672771673,0.5758241758241758
0.45274725274725275,0.2962148962148962,0.3338217338217338,0.18168498168498168,0.1076923076923077,0.24737484737484738,0.23125763125763127,0.645909645909646,0.46642246642246643,0.12503052503052503,0.41782661782661784,0.18876678876678876,0.3499389499389499,0.07081807081807082,0.5054945054945055,0.5711843711843712,0.6065934065934065,0.17655677655677657,0.15531135531135531,0.55995115995116,0.42905982905982903,0.24004884004884006,0.20903540903540904,0.16923076923076924,0.1343101343101343,0.13553113553113552,0.5675213675213675,0.10573870573870574,0.4017094017094017,0.5067155067155067,0.6349206349206349,0.15335775335775337,0.09914529914529914,0.10695970695970695,0.2835164835164835,0.2857142857142857,0.5855921855921856,0.6808302808302809,0.6056166056166056,0.5714285714285714,0.36923076923076925,0.10207570207570207,0.1054945054945055,0.3724053724053724,0.11086691086691086,0.6952380952380952,0.7203907203907204,0.30573870573870576,0.41562881562881565,0.6183150183150183,0.16776556776556775,0.2275946275946276,0.2664224664224664,0.22979242979242978,0.43174603174603177,0.03418803418803419,0.20170940170940171,0.4146520146520147,0.536996336996337,0.6442002442002442,0.36434676434676433,0.12356532356532357,0.30500610500610503,0.13724053724053725,0.1387057387057387,0.1894993894993895,0.5697191697191697,0.591941391941392,0.47155067155067154,0.10183150183150183,0.22417582417582418,0.44395604395604393,0.20976800976800977,0.6717948717948717,0.4346764346764347,0.1894993894993895,0.12796092796092795,0.5699633699633699,0.5643467643467643
0.4368742368742369,0.28766788766788765,0.3540903540903541,0.17826617826617827,0.10402930402930403,0.2402930402930403,0.24444444444444444,0.6532356532356532,0.4525030525030525,0.12356532356532357,0.40757020757020757,0.18095238095238095,0.3355311355311355,0.0695970695970696,0.5218559218559219,0.5526251526251527,0.6322344322344322,0.1724053724053724,0.147008547008547,0.5675213675213675,0.43614163614163615,0.23247863247863249,0.23687423687423687,0.16532356532356532,0.13064713064713065,0.1326007326007326,0.5743589743589743,0.11819291819291819,0.3894993894993895,0.4905982905982906,0.6161172161172161,0.147008547008547,0.11282051282051282,0.11721611721611722,0.273992673992674,0.27936507936507937,0.5682539682539682,0.6915750915750916,0.5885225885225885,0.5794871794871795,0.3592185592185592,0.09987789987789988,0.10158730158730159,0.40927960927960927,0.13626373626373625,0.7291819291819291,0.7018315018315018,0.33235653235653234,0.40293040293040294,0.6061050061050061,0.16361416361416362,0.22026862026862026,0.3006105006105006,0.22442002442002443,0.4192918192918193,0.03247863247863248,0.1973137973137973,0.4048840048840049,0.5645909645909646,0.6385836385836385,0.35311355311355314,0.1326007326007326,0.29865689865689865,0.13846153846153847,0.13577533577533576,0.1824175824175824,0.5553113553113553,0.5728937728937729,0.5108669108669108,0.09841269841269841,0.21782661782661783,0.43003663003663006,0.20927960927960929,0.6544566544566545,0.4617826617826618,0.18461538461538463,0.12551892551892552,0.5697191697191697,0.550915750915751
0.42173382173382173,0.27936507936507937,0.3728937728937729,0.17655677655677657,0.10183150183150183,0.23467643467643468,0.26202686202686204,0.6568986568986569,0.4385836385836386,0.12258852258852258,0.3960927960927961,0.17338217338217338,0.3213675213675214,0.06886446886446887,0.536019536019536,0.5347985347985348,0.652014652014652,0.1675213675213675,0.1391941391941392,0.5728937728937729,0.44175824175824174,0.22564102564102564,0.2681318681318681,0.16263736263736264,0.12673992673992673,0.12967032967032968,0.5777777777777777,0.13626373626373625,0.378021978021978,0.47448107448107446,0.5956043956043956,0.14114774114774115,0.13284493284493284,0.13406593406593406,0.26495726495726496,0.27350427350427353,0.550915750915751,0.6996336996336996,0.5716727716727716,0.5848595848595849,0.35018315018315016,0.09694749694749695,0.09816849816849817,0.44395604395604393,0.16947496947496948,0.7601953601953602,0.6822954822954823,0.35702075702075703,0.3894993894993895,0.5914529914529915,0.1597069597069597,0.21294261294261294,0.3347985347985348,0.21855921855921856,0.4070818070818071,0.03076923076923077,0.19291819291819293,0.39536019536019534,0.5855921855921856,0.6305250305250305,0.3423687423687424,0.14774114774114774,0.2920634920634921,0.14334554334554334,0.13284493284493284,0.1772893772893773,0.5404151404151404,0.5545787545787546,0.546031746031746,0.0945054945054945,0.21318681318681318,0.4158730158730159,0.21001221001221002,0.6351648351648351,0.4862026862026862,0.18021978021978022,0.1242979242979243,0.5667887667887668,0.5362637362637362
0.40757020757020757,0.2717948717948718,0.3904761904761905,0.17753357753357754,0.10061050061050061,0.22905982905982905,0.28253968253968254,0.6564102564102564,0.42466422466422465,0.12356532356532357,0.38412698412698415,0.16605616605616605,0.30744810744810747,0.06813186813186813,0.5484737484737485,0.5191697191697192,0.6676434676434676,0.1623931623931624,0.13162393162393163,0.5758241758241758,0.4456654456654457,0.21953601953601953,0.2967032967032967,0.1592185592185592,0.12283272283272283,0.12673992673992673,0.5772893772893772,0.1562881562881563,0.36556776556776555,0.4593406593406593,0.5743589743589743,0.13577533577533576,0.1597069597069597,0.15824175824175823,0.26202686202686204,0.2664224664224664,0.5333333333333333,0.7040293040293041,0.5553113553113553,0.5865689865689866,0.3404151404151404,0.09401709401709402,0.09499389499389499,0.4757020757020757,0.20903540903540904,0.7882783882783883,0.6634920634920635,0.38412698412698415,0.3763125763125763,0.5758241758241758,0.1562881562881563,0.2056166056166056,0.36800976800976803,0.21245421245421245,0.3946275946275946,0.02905982905982906,0.18876678876678876,0.38754578754578756,0.6021978021978022,0.62002442002442,0.33186813186813185,0.168986568986569,0.2857142857142857,0.14285714285714285,0.13113553113553114,0.17313797313797313,0.526007326007326,0.5284493284493285,0.577045177045177,0.0905982905982906,0.20903540903540904,0.4017094017094017,0.21147741147741148,0.6148962148962149,0.5069597069597069,0.17582417582417584,0.12503052503052503,0.5614163614163614,0.5208791208791209
0.39438339438339437,0.2647130647130647,0.4065934065934066,0.1807081807081807,0.0989010989010989,0.22515262515262516,0.305982905982906,0.6525030525030525,0.41098901098901097,0.12698412698412698,0.37216117216117217,0.15848595848595848,0.2937728937728938,0.06788766788766788,0.5587301587301587,0.5045177045177045,0.684004884004884,0.1575091575091575,0.12454212454212454,0.576068376068376,0.4473748473748474,0.2148962148962149,0.3235653235653236,0.15531135531135531,0.11941391941391942,0.1242979242979243,0.5736263736263736,0.17924297924297924,0.35262515262515265,0.44395604395604393,0.5528693528693529,0.1308913308913309,0.19267399267399268,0.18998778998778998,0.2622710622710623,0.2583638583638584,0.5164835164835165,0.705006105006105,0.5391941391941392,0.5853479853479854,0.3304029304029304,0.09084249084249084,0.09401709401709402,0.5047619047619047,0.25347985347985347,0.809035409035409,0.6456654456654457,0.41147741147741146,0.36288156288156287,0.5557997557997558,0.15286935286935288,0.19829059829059828,0.3951159951159951,0.20586080586080585,0.3824175824175824,0.027106227106227107,0.18461538461538463,0.3797313797313797,0.6190476190476191,0.6065934065934065,0.3221001221001221,0.19633699633699633,0.27912087912087913,0.13943833943833944,0.12967032967032968,0.16825396825396827,0.5118437118437118,0.5111111111111111,0.6041514041514041,0.0884004884004884,0.20415140415140415,0.38754578754578756,0.21343101343101342,0.5938949938949939,0.525030525030525,0.1711843711843712,0.1282051282051282,0.5538461538461539,0.505006105006105
0.38217338217338215,0.2578754578754579,0.42124542124542125,0.18656898656898657,0.09768009768009768,0.22905982905982905,0.3308913308913309,0.6446886446886447,0.3978021978021978,0.13382173382173382,0.3597069597069597,0.1514041514041514,0.2805860805860806,0.0673992673992674,0.5658119658119658,0.4891330891330891,0.6991452991452991,0.15262515262515264,0.11819291819291819,0.5738705738705738,0.4473748473748474,0.21294261294261294,0.35311355311355314,0.15115995115995115,0.115995115995116,0.12307692307692308,0.567032967032967,0.2087912087912088,0.33992673992673994,0.4288156288156288,0.5313797313797314,0.126007326007326,0.23028083028083027,0.22246642246642245,0.25811965811965815,0.25006105006105006,0.49963369963369964,0.7023199023199023,0.5235653235653236,0.5824175824175825,0.32063492063492066,0.0884004884004884,0.09572649572649573,0.5308913308913309,0.3001221001221001,0.8249084249084249,0.6273504273504273,0.43736263736263736,0.3496947496947497,0.5374847374847375,0.1496947496947497,0.19096459096459095,0.41855921855921857,0.19926739926739928,0.3706959706959707,0.02564102564102564,0.18046398046398046,0.37142857142857144,0.6349206349206349,0.590964590964591,0.31306471306471306,0.22954822954822954,0.2725274725274725,0.13528693528693528,0.12796092796092795,0.16336996336996337,0.4984126984126984,0.4945054945054945,0.6239316239316239,0.08693528693528693,0.19877899877899877,0.37362637362637363,0.21636141636141637,0.5728937728937729,0.5406593406593406,0.16825396825396827,0.13406593406593406,0.5435897435897435,0.4891330891330891
0.37094017094017095,0.2512820512820513,0.431990231990232,0.19633699633699633,0.09768009768009768,0.23931623931623933,0.35653235653235654,0.6332112332112332,0.38461538461538464,0.14285714285714285,0.3474969474969475,0.14481074481074482,0.2678876678876679,0.06715506715506715,0.5699633699633699,0.47374847374847373,0.7120879120879121,0.14822954822954823,0.11184371184371185,0.5687423687423687,0.44542124542124545,0.21318681318681318,0.3831501831501832,0.147008547008547,0.11282051282051282,0.1242979242979243,0.5582417582417583,0.24297924297924298,0.32722832722832723,0.4141636141636142,0.5103785103785103,0.12136752136752137,0.27106227106227104,0.2568986568986569,0.25225885225885225,0.24175824175824176,0.4835164835164835,0.6962148962148962,0.5081807081807082,0.577045177045177,0.31062271062271063,0.08644688644688645,0.10134310134310134,0.5543345543345544,0.34114774114774116,0.8417582417582418,0.6092796092796092,0.46153846153846156,0.3367521367521368,0.5245421245421246,0.14676434676434677,0.18534798534798536,0.442002442002442,0.19291819291819293,0.35946275946275946,0.02442002442002442,0.1768009768009768,0.36288156288156287,0.6488400488400489,0.5738705738705738,0.3045177045177045,0.2669108669108669,0.2661782661782662,0.13357753357753357,0.12551892551892552,0.15824175824175823,0.4862026862026862,0.47814407814407817,0.639072039072039,0.08424908424908426,0.1934065934065934,0.3597069597069597,0.21953601953601953,0.5528693528693529,0.5538461538461539,0.1663003663003663,0.14358974358974358,0.5313797313797314,0.47374847374847373
0.3601953601953602,0.2463980463980464,0.4405372405372405,0.2105006105006105,0.10012210012210013,0.2485958485958486,0.38217338217338215,0.6188034188034188,0.3728937728937729,0.15531135531135531,0.3355311355311355,0.13821733821733823,0.25567765567765566,0.06788766788766788,0.5738705738705738,0.4586080586080586,0.7230769230769231,0.14407814407814407,0.10598290598290598,0.5611721611721612,0.44175824175824174,0.21587301587301588,0.41147741147741146,0.14285714285714285,0.11013431013431013,0.12796092796092795,0.5470085470085471,0.2800976800976801,0.3145299145299145,0.39951159951159954,0.48986568986568985,0.11697191697191697,0.3076923076923077,0.29816849816849816,0.24566544566544565,0.2336996336996337,0.4673992673992674,0.6864468864468865,0.4927960927960928,0.5694749694749695,0.3006105006105006,0.08644688644688645,0.11184371184371185,0.5746031746031746,0.378021978021978,0.8571428571428571,0.5914529914529915,0.4835164835164835,0.32405372405372407,0.5103785103785103,0.14505494505494507,0.1807081807081807,0.4644688644688645,0.18656898656898657,0.3482295482295482,0.023687423687423687,0.1746031746031746,0.3540903540903541,0.6600732600732601,0.5555555555555556,0.2962148962148962,0.306959706959707,0.2595848595848596,0.13211233211233211,0.12283272283272283,0.15335775335775337,0.473992673992674,0.4542124542124542,0.6544566544566545,0.08131868131868132,0.18803418803418803,0.346031746031746,0.22246642246642245,0.5335775335775336,0.5626373626373626,0.16361416361416362,0.157997557997558,0.5164835164835165,0.45885225885225883
0.35018315018315016,0.24151404151404152,0.4495726495726496,0.22905982905982905,0.10573870573870574,0.25934065934065936,0.4070818070818071,0.6021978021978022,0.3626373626373626,0.17264957264957265,0.32332112332112334,0.13162393162393163,0.2442002442002442,0.06910866910866911,0.5758241758241758,0.44346764346764345,0.7316239316239316,0.14017094017094017,0.10036630036630037,0.550915750915751,0.4363858363858364,0.22246642246642245,0.43785103785103785,0.1387057387057387,0.10964590964590964,0.13504273504273503,0.5335775335775336,0.3177045177045177,0.30207570207570206,0.3851037851037851,0.47057387057387057,0.11404151404151404,0.34163614163614164,0.3426129426129426,0.2385836385836386,0.22564102564102564,0.45152625152625153,0.6737484737484738,0.47912087912087914,0.5594627594627595,0.2905982905982906,0.08937728937728938,0.12869352869352868,0.5897435897435898,0.41733821733821735,0.8700854700854701,0.5743589743589743,0.503052503052503,0.31135531135531136,0.4925518925518926,0.14383394383394382,0.17533577533577532,0.484981684981685,0.1807081807081807,0.3374847374847375,0.024175824175824177,0.1724053724053724,0.34505494505494505,0.6686202686202686,0.5365079365079365,0.28815628815628813,0.34725274725274724,0.25396825396825395,0.12942612942612944,0.1199023199023199,0.14847374847374847,0.4622710622710623,0.4388278388278388,0.6683760683760683,0.07814407814407814,0.1829059829059829,0.33284493284493283,0.22515262515262516,0.5157509157509158,0.5684981684981685,0.16043956043956045,0.17777777777777778,0.5003663003663004,0.42417582417582417
0.3413919413919414,0.23565323565323565,0.45714285714285713,0.2512820512820513,0.11477411477411477,0.2717948717948718,0.43052503052503055,0.5858363858363859,0.3516483516483517,0.19487179487179487,0.3115995115995116,0.12551892551892552,0.2354090354090354,0.0695970695970696,0.5758241758241758,0.4288156288156288,0.7372405372405373,0.13675213675213677,0.09499389499389499,0.5396825396825397,0.4293040293040293,0.23296703296703297,0.4622710622710623,0.1343101343101343,0.1111111111111111,0.14627594627594628,0.518925518925519,0.3553113553113553,0.28962148962148965,0.37094017094017095,0.45225885225885226,0.11184371184371185,0.37826617826617825,0.38754578754578756,0.2315018315018315,0.21782661782661783,0.43565323565323566,0.6581196581196581,0.46593406593406594,0.5470085470085471,0.28083028083028083,0.0971916971916972,0.14847374847374847,0.600976800976801,0.45567765567765567,0.8800976800976801,0.557997557997558,0.5199023199023199,0.2989010989010989,0.4766788766788767,0.14212454212454212,0.16971916971916973,0.503052503052503,0.17484737484737484,0.32844932844932845,0.02564102564102564,0.16947496947496948,0.33601953601953605,0.6744810744810745,0.517948717948718,0.2805860805860806,0.38217338217338215,0.2490842490842491,0.126007326007326,0.11697191697191697,0.14383394383394382,0.4503052503052503,0.42466422466422465,0.6800976800976801,0.07521367521367521,0.17777777777777778,0.31965811965811963,0.2271062271062271,0.5001221001221001,0.5741147741147741,0.15702075702075702,0.2026862026862027,0.48253968253968255,0.37997557997557996
0.33308913308913307,0.22954822954822954,0.4634920634920635,0.27594627594627597,0.12844932844932844,0.2857142857142857,0.452991452991453,0.5697191697191697,0.3404151404151404,0.22124542124542124,0.29987789987789987,0.11965811965811966,0.2275946275946276,0.07008547008547009,0.5736263736263736,0.41440781440781443,0.7394383394383395,0.13357753357753357,0.09010989010989011,0.5272283272283272,0.4175824175824176,0.24810744810744811,0.484004884004884,0.13015873015873017,0.11452991452991453,0.1623931623931624,0.503052503052503,0.3916971916971917,0.2778998778998779,0.35702075702075703,0.43614163614163615,0.10891330891330891,0.4148962148962149,0.4307692307692308,0.22466422466422467,0.21025641025641026,0.42002442002442003,0.6417582417582418,0.45225885225885226,0.5328449328449328,0.27106227106227104,0.11037851037851037,0.17167277167277167,0.6122100122100123,0.49108669108669106,0.8869352869352869,0.5421245421245421,0.5340659340659341,0.2869352869352869,0.4666666666666667,0.13992673992673993,0.16385836385836386,0.5186813186813187,0.16923076923076924,0.3199023199023199,0.026373626373626374,0.1663003663003663,0.32722832722832723,0.6771672771672772,0.5001221001221001,0.27326007326007323,0.4129426129426129,0.24346764346764346,0.12283272283272283,0.11428571428571428,0.13968253968253969,0.4388278388278388,0.39902319902319905,0.6893772893772894,0.07252747252747253,0.17313797313797313,0.3064713064713065,0.22832722832722832,0.48644688644688644,0.5785103785103786,0.15384615384615385,0.23247863247863249,0.46422466422466424,0.35311355311355314
0.32332112332112334,0.22344322344322345,0.4678876678876679,0.30207570207570206,0.14627594627594628,0.30085470085470084,0.4742368742368742,0.5518925518925519,0.32967032967032966,0.25054945054945055,0.28815628815628813,0.11526251526251527,0.2188034188034188,0.07008547008547009,0.5687423687423687,0.40024420024420027,0.7387057387057387,0.13064713064713065,0.08644688644688645,0.513064713064713,0.40586080586080586,0.2673992673992674,0.5037851037851038,0.1264957264957265,0.12136752136752137,0.18339438339438338,0.4866910866910867,0.4261294261294261,0.2664224664224664,0.3431013431013431,0.42173382173382173,0.10573870573870574,0.4490842490842491,0.47155067155067154,0.21855921855921856,0.20317460317460317,0.4043956043956044,0.6249084249084249,0.4376068376068376,0.5177045177045178,0.26202686202686204,0.1308913308913309,0.20146520146520147,0.621978021978022,0.5230769230769231,0.8898656898656898,0.526984126984127,0.5455433455433455,0.27521367521367524,0.4666666666666667,0.13797313797313798,0.15824175824175823,0.5321123321123321,0.16483516483516483,0.3103785103785104,0.026617826617826617,0.16263736263736264,0.3184371184371184,0.676923076923077,0.4827838827838828,0.26666666666666666,0.44517704517704515,0.23785103785103784,0.11941391941391942,0.11184371184371185,0.13577533577533576,0.4271062271062271,0.3851037851037851,0.6962148962148962,0.07008547008547009,0.16874236874236875,0.2937728937728938,0.22857142857142856,0.4725274725274725,0.5816849816849817,0.15067155067155066,0.2656898656898657,0.44590964590964594,0.33528693528693526
0.3128205128205128,0.21733821733821734,0.47057387057387057,0.3286935286935287,0.1675213675213675,0.31697191697191696,0.4913308913308913,0.5340659340659341,0.31868131868131866,0.28156288156288156,0.27912087912087913,0.11184371184371185,0.20927960927960929,0.07008547008547009,0.5614163614163614,0.3860805860805861,0.7343101343101343,0.12942612942612944,0.08351648351648351,0.4976800976800977,0.3968253968253968,0.29010989010989013,0.5213675213675214,0.12380952380952381,0.1330891330891331,0.20854700854700856,0.4708180708180708,0.4581196581196581,0.2554334554334554,0.33137973137973137,0.4065934065934066,0.10256410256410256,0.48083028083028084,0.5089133089133089,0.2126984126984127,0.19658119658119658,0.39096459096459096,0.6063492063492063,0.4231990231990232,0.5018315018315018,0.25274725274725274,0.1540903540903541,0.23614163614163614,0.6293040293040293,0.5514041514041514,0.8891330891330891,0.5118437118437118,0.5543345543345544,0.26544566544566545,0.4678876678876679,0.13577533577533576,0.1523809523809524,0.5433455433455433,0.16117216117216118,0.3006105006105006,0.026617826617826617,0.15897435897435896,0.31013431013431014,0.6737484737484738,0.4669108669108669,0.2605616605616606,0.4764346764346764,0.23174603174603176,0.11575091575091576,0.11013431013431013,0.13211233211233211,0.41562881562881565,0.37142857142857144,0.7001221001221001,0.0673992673992674,0.1641025641025641,0.28327228327228327,0.2275946275946276,0.4586080586080586,0.582905982905983,0.14774114774114774,0.30085470085470084,0.4278388278388278,0.32283272283272285
0.30158730158730157,0.21123321123321123,0.47106227106227105,0.35482295482295484,0.1916971916971917,0.3308913308913309,0.505982905982906,0.515995115995116,0.30842490842490844,0.3133089133089133,0.2708180708180708,0.1076923076923077,0.20024420024420025,0.07008547008547009,0.5518925518925519,0.37191697191697193,0.7262515262515262,0.12869352869352868,0.0800976800976801,0.4818070818070818,0.41440781440781443,0.31477411477411477,0.5362637362637362,0.12307692307692308,0.1509157509157509,0.23663003663003662,0.4554334554334554,0.48766788766788766,0.24664224664224665,0.32063492063492066,0.3912087912087912,0.09914529914529914,0.5094017094017094,0.5426129426129426,0.20732600732600734,0.1916971916971917,0.3785103785103785,0.5868131868131868,0.409035409035409,0.4857142857142857,0.24517704517704517,0.18168498168498168,0.2744810744810745,0.6336996336996337,0.5765567765567765,0.8847374847374847,0.49694749694749696,0.5594627594627595,0.2568986568986569,0.4622710622710623,0.13382173382173382,0.14676434676434677,0.5523809523809524,0.15677655677655677,0.2910866910866911,0.026617826617826617,0.15555555555555556,0.3018315018315018,0.6671550671550671,0.452991452991453,0.2537240537240537,0.5054945054945055,0.22612942612942613,0.11233211233211234,0.10989010989010989,0.1282051282051282,0.40512820512820513,0.3443223443223443,0.7018315018315018,0.06495726495726496,0.16043956043956045,0.27350427350427353,0.2253968253968254,0.44468864468864466,0.5824175824175825,0.14505494505494507,0.33650793650793653,0.41098901098901097,0.31306471306471306
0.2905982905982906,0.20537240537240536,0.46984126984126984,0.37948717948717947,0.21782661782661783,0.3431013431013431,0.5208791208791209,0.4981684981684982,0.29816849816849816,0.34505494505494505,0.2617826617826618,0.10305250305250305,0.19096459096459095,0.0695970695970696,0.5401709401709401,0.35824175824175825,0.715995115995116,0.12698412698412698,0.0761904761904762,0.46593406593406594,0.44297924297924296,0.34114774114774116,0.5492063492063493,0.12551892551892552,0.1746031746031746,0.26666666666666666,0.4402930402930403,0.5145299145299145,0.23882783882783884,0.3089133089133089,0.37606837606837606,0.09572649572649573,0.5347985347985348,0.5724053724053724,0.2021978021978022,0.1877899877899878,0.36507936507936506,0.5675213675213675,0.39536019536019534,0.47057387057387057,0.23833943833943835,0.21684981684981686,0.31355311355311355,0.6351648351648351,0.5985347985347985,0.8764346764346764,0.48253968253968255,0.5611721611721612,0.24786324786324787,0.45616605616605616,0.13162393162393163,0.1413919413919414,0.5587301587301587,0.15189255189255188,0.28205128205128205,0.026862026862026864,0.1536019536019536,0.2945054945054945,0.6581196581196581,0.4405372405372405,0.2463980463980464,0.5316239316239316,0.221001221001221,0.10891330891330891,0.11233211233211234,0.12576312576312576,0.39536019536019534,0.33137973137973137,0.7001221001221001,0.063003663003663,0.15775335775335775,0.26275946275946277,0.22173382173382172,0.4312576312576313,0.5797313797313798,0.14236874236874236,0.37094017094017095,0.39658119658119656,0.30378510378510376
0.28034188034188035,0.19926739926739928,0.4666666666666667,0.40293040293040294,0.24175824175824176,0.35653235653235654,0.5355311355311355,0.48083028083028084,0.2886446886446886,0.3755799755799756,0.2525030525030525,0.09841269841269841,0.18192918192918192,0.06935286935286936,0.526984126984127,0.34505494505494505,0.7032967032967034,0.12527472527472527,0.07228327228327229,0.4507936507936508,0.4485958485958486,0.3672771672771673,0.55995115995116,0.13137973137973138,0.20341880341880342,0.29743589743589743,0.4261294261294261,0.5387057387057387,0.23028083028083027,0.29645909645909646,0.3609279609279609,0.09206349206349207,0.557020757020757,0.5985347985347985,0.19755799755799755,0.18339438339438338,0.35115995115995113,0.5487179487179488,0.38217338217338215,0.4568986568986569,0.23076923076923078,0.2576312576312576,0.35262515262515265,0.6334554334554334,0.6178266178266179,0.864957264957265,0.4695970695970696,0.5616605616605617,0.23833943833943835,0.44713064713064715,0.12967032967032968,0.13626373626373625,0.5631257631257631,0.14676434676434677,0.27350427350427353,0.027106227106227107,0.15384615384615385,0.28766788766788765,0.6468864468864469,0.4278388278388278,0.23931623931623933,0.5543345543345544,0.21587301587301588,0.10573870573870574,0.11868131868131868,0.1242979242979243,0.38534798534798537,0.3189255189255189,0.6954822954822955,0.060805860805860805,0.15531135531135531,0.252014652014652,0.21733821733821734,0.41782661782661784,0.575091575091575,0.13992673992673993,0.40341880341880343,0.38412698412698415,0.294993894993895
0.2703296703296703,0.1934065934065934,0.4612942612942613,0.421978021978022,0.2647130647130647,0.3694749694749695,0.5487179487179488,0.463980463980464,0.27912087912087913,0.40463980463980465,0.24346764346764346,0.09352869352869353,0.17338217338217338,0.06910866910866911,0.5123321123321123,0.3338217338217338,0.6871794871794872,0.12356532356532357,0.06862026862026863,0.4358974358974359,0.44297924297924296,0.3934065934065934,0.5667887667887668,0.14212454212454212,0.23687423687423687,0.3274725274725275,0.4126984126984127,0.5572649572649573,0.22148962148962148,0.28376068376068375,0.346031746031746,0.08864468864468865,0.5758241758241758,0.621978021978022,0.19413919413919414,0.17875457875457876,0.33724053724053726,0.5306471306471306,0.36923076923076925,0.4442002442002442,0.22295482295482297,0.3018315018315018,0.3907203907203907,0.6280830280830281,0.6341880341880342,0.85006105006105,0.45714285714285713,0.55995115995116,0.22905982905982905,0.4363858363858364,0.12747252747252746,0.13113553113553114,0.5653235653235653,0.1413919413919414,0.2652014652014652,0.02783882783882784,0.15775335775335775,0.283028083028083,0.6329670329670329,0.41514041514041516,0.23174603174603176,0.5738705738705738,0.21123321123321123,0.10256410256410256,0.12796092796092795,0.12185592185592185,0.37533577533577533,0.3013431013431013,0.6881562881562882,0.060073260073260075,0.1523809523809524,0.24151404151404152,0.21196581196581196,0.40512820512820513,0.5682539682539682,0.13772893772893774,0.4297924297924298,0.37142857142857144,0.28644688644688643
0.2608058608058608,0.18803418803418803,0.4542124542124542,0.4385836385836386,0.28913308913308916,0.38168498168498166,0.5601953601953602,0.44761904761904764,0.2698412698412698,0.4315018315018315,0.2341880341880342,0.08913308913308914,0.16507936507936508,0.06886446886446887,0.4984126984126984,0.3235653235653236,0.6686202686202686,0.12185592185592185,0.06495726495726496,0.421978021978022,0.4324786324786325,0.4148962148962149,0.5706959706959707,0.15848595848595848,0.27277167277167275,0.3567765567765568,0.39951159951159954,0.5716727716727716,0.2126984126984127,0.2713064713064713,0.3316239316239316,0.08498168498168499,0.591941391941392,0.6393162393162393,0.19145299145299147,0.17387057387057386,0.3235653235653236,0.5133089133089133,0.35653235653235654,0.4312576312576313,0.2148962148962149,0.34725274725274724,0.42686202686202684,0.6192918192918193,0.6473748473748474,0.8332112332112332,0.4442002442002442,0.5557997557997558,0.22026862026862026,0.4253968253968254,0.1264957264957265,0.12673992673992673,0.5641025641025641,0.1365079365079365,0.2571428571428571,0.02857142857142857,0.1663003663003663,0.28034188034188035,0.6168498168498169,0.40293040293040294,0.22466422466422467,0.5904761904761905,0.20683760683760682,0.09987789987789988,0.1413919413919414,0.11892551892551892,0.3653235653235653,0.29010989010989013,0.6778998778998779,0.060073260073260075,0.14945054945054945,0.23125763125763127,0.2061050061050061,0.39267399267399267,0.5594627594627595,0.13553113553113552,0.4512820512820513,0.3592185592185592,0.27814407814407816
0.2515262515262515,0.1838827838827839,0.44664224664224667,0.4559218559218559,0.31404151404151404,0.3924297924297924,0.5706959706959707,0.43174603174603177,0.2608058608058608,0.452991452991453,0.2253968253968254,0.08473748473748474,0.15702075702075702,0.06886446886446887,0.484981684981685,0.3125763125763126,0.6485958485958486,0.12161172161172161,0.06153846153846154,0.4087912087912088,0.42002442002442003,0.43345543345543347,0.5736263736263736,0.18192918192918192,0.31013431013431014,0.38461538461538464,0.3882783882783883,0.5865689865689866,0.20366300366300366,0.25934065934065936,0.31746031746031744,0.08180708180708181,0.6046398046398046,0.6527472527472528,0.18852258852258852,0.16947496947496948,0.31062271062271063,0.4967032967032967,0.3440781440781441,0.41855921855921857,0.20732600732600734,0.39194139194139194,0.4603174603174603,0.6078144078144078,0.6559218559218559,0.8144078144078144,0.43052503052503055,0.548962148962149,0.21172161172161172,0.4134310134310134,0.1264957264957265,0.12356532356532357,0.5604395604395604,0.13137973137973138,0.24932844932844933,0.029548229548229547,0.1807081807081807,0.27912087912087913,0.5995115995115995,0.39096459096459096,0.2175824175824176,0.6039072039072039,0.2021978021978022,0.0971916971916972,0.17606837606837608,0.115995115995116,0.3553113553113553,0.27936507936507937,0.6656898656898657,0.05934065934065934,0.14627594627594628,0.22148962148962148,0.2,0.3807081807081807,0.5487179487179488,0.1343101343101343,0.4725274725274725,0.347008547008547,0.2703296703296703
0.24346764346764346,0.18217338217338216,0.43833943833943834,0.47374847374847373,0.3384615384615385,0.40195360195360197,0.5782661782661783,0.4158730158730159,0.25225885225885225,0.47106227106227105,0.21684981684981686,0.08034188034188035,0.14993894993894993,0.06862026862026863,0.47057387057387057,0.3013431013431013,0.6275946275946276,0.12307692307692308,0.05811965811965812,0.3960927960927961,0.4070818070818071,0.45274725274725275,0.5746031746031746,0.21245421245421245,0.347008547008547,0.4070818070818071,0.37826617826617825,0.5997557997557997,0.1956043956043956,0.24786324786324787,0.3032967032967033,0.07985347985347985,0.6126984126984127,0.6661782661782661,0.18534798534798536,0.16507936507936508,0.2979242979242979,0.48083028083028084,0.33235653235653234,0.4061050061050061,0.2,0.4341880341880342,0.4913308913308913,0.5936507936507937,0.6605616605616605,0.7941391941391941,0.41733821733821735,0.5396825396825397,0.20366300366300366,0.40195360195360197,0.1282051282051282,0.12112332112332112,0.5553113553113553,0.12673992673992673,0.24151404151404152,0.03076923076923077,0.1978021978021978,0.28034188034188035,0.5811965811965812,0.37948717948717947,0.210989010989011,0.6146520146520147,0.19829059829059828,0.09597069597069598,0.22686202686202686,0.11330891330891331,0.34554334554334554,0.27057387057387056,0.652014652014652,0.058363858363858365,0.14285714285714285,0.21196581196581196,0.19413919413919414,0.36923076923076925,0.5377289377289377,0.13406593406593406,0.4918192918192918,0.3355311355311355,0.2622710622710623
0.23516483516483516,0.18363858363858365,0.42905982905982903,0.4905982905982906,0.36166056166056165,0.41001221001221,0.5824175824175825,0.4004884004884005,0.2454212454212454,0.48986568986568985,0.2087912087912088,0.07594627594627594,0.14334554334554334,0.06910866910866911,0.4559218559218559,0.28962148962148965,0.6056166056166056,0.12722832722832722,0.05518925518925519,0.38363858363858366,0.3951159951159951,0.4708180708180708,0.5736263736263736,0.2490842490842491,0.38266178266178263,0.42588522588522587,0.3672771672771673,0.610989010989011,0.18754578754578755,0.23687423687423687,0.2893772893772894,0.08034188034188035,0.6175824175824176,0.6788766788766789,0.18339438339438338,0.1514041514041514,0.28595848595848594,0.46544566544566546,0.32063492063492066,0.39365079365079364,0.19267399267399268,0.473015873015873,0.5194139194139195,0.5787545787545788,0.6644688644688644,0.7724053724053724,0.4039072039072039,0.5277167277167277,0.19584859584859585,0.3877899877899878,0.13235653235653236,0.11794871794871795,0.5482295482295483,0.12185592185592185,0.2341880341880342,0.03296703296703297,0.21904761904761905,0.2847374847374847,0.5628815628815629,0.36800976800976803,0.20415140415140415,0.6224664224664225,0.19487179487179487,0.09572649572649573,0.2766788766788767,0.1115995115995116,0.33601953601953605,0.2625152625152625,0.6366300366300366,0.057631257631257635,0.13968253968253969,0.20317460317460317,0.18803418803418803,0.35775335775335776,0.526007326007326,0.13284493284493284,0.5086691086691086,0.32454212454212455,0.2542124542124542
0.22857142857142856,0.189010989010989,0.4192918192918193,0.5064713064713064,0.3833943833943834,0.4158730158730159,0.5843711843711844,0.3868131868131868,0.23931623931623933,0.5079365079365079,0.20073260073260074,0.07179487179487179,0.136996336996337,0.07032967032967033,0.44175824175824174,0.2783882783882784,0.5841269841269842,0.13577533577533576,0.05225885225885226,0.37142857142857144,0.38412698412698415,0.48766788766788766,0.5699633699633699,0.2903540903540904,0.41196581196581195,0.44542124542124545,0.3557997557997558,0.6195360195360196,0.18021978021978022,0.22661782661782662,0.27594627594627597,0.08424908424908426,0.6207570207570208,0.6898656898656899,0.18339438339438338,0.13357753357753357,0.273992673992674,0.45103785103785105,0.3108669108669109,0.38168498168498166,0.18534798534798536,0.5086691086691086,0.5443223443223443,0.5636141636141636,0.6661782661782661,0.7499389499389499,0.3907203907203907,0.5142857142857142,0.1877899877899878,0.37533577533577533,0.13968253968253969,0.11428571428571428,0.5389499389499389,0.11721611721611722,0.2271062271062271,0.03565323565323565,0.24786324786324787,0.2920634920634921,0.5448107448107448,0.3567765567765568,0.1978021978021978,0.6275946275946276,0.1921855921855922,0.09499389499389499,0.3282051282051282,0.1115995115995116,0.326984126984127,0.2537240537240537,0.6195360195360196,0.056654456654456654,0.13675213675213677,0.19462759462759463,0.1824175824175824,0.3474969474969475,0.5125763125763125,0.13137973137973138,0.5221001221001221,0.31355311355311355,0.2463980463980464
0.22271062271062272,0.19877899877899877,0.4095238095238095,0.5213675213675214,0.4031746031746032,0.42002442002442003,0.5841269841269842,0.37435897435897436,0.23247863247863249,0.5247863247863248,0.1934065934065934,0.06813186813186813,0.13284493284493284,0.07032967032967033,0.4283272283272283,0.26764346764346764,0.5636141636141636,0.1496947496947497,0.04932844932844933,0.36117216117216117,0.3724053724053724,0.5025641025641026,0.5636141636141636,0.3343101343101343,0.4368742368742369,0.46422466422466424,0.3443223443223443,0.6258852258852259,0.17338217338217338,0.21684981684981686,0.26422466422466423,0.09206349206349207,0.6214896214896215,0.6986568986568986,0.18656898656898657,0.12283272283272283,0.2625152625152625,0.43785103785103785,0.30207570207570206,0.3694749694749695,0.178998778998779,0.5404151404151404,0.5631257631257631,0.5462759462759462,0.6652014652014652,0.7274725274725274,0.37777777777777777,0.49914529914529915,0.18021978021978022,0.3665445665445665,0.15189255189255188,0.11086691086691086,0.5277167277167277,0.11282051282051282,0.22148962148962148,0.03711843711843712,0.28156288156288156,0.3023199023199023,0.5274725274725275,0.3457875457875458,0.1916971916971917,0.629059829059829,0.18925518925518925,0.0945054945054945,0.3807081807081807,0.11477411477411477,0.3181929181929182,0.24444444444444444,0.6017094017094017,0.055921855921855924,0.13406593406593406,0.18656898656898657,0.17753357753357754,0.3384615384615385,0.4989010989010989,0.12991452991452992,0.5328449328449328,0.3028083028083028,0.23833943833943835
0.21587301587301588,0.21343101343101342,0.4,0.5343101343101343,0.42075702075702076,0.421978021978022,0.5811965811965812,0.36117216117216117,0.2253968253968254,0.5399267399267399,0.18632478632478633,0.06666666666666667,0.12967032967032968,0.07008547008547009,0.41514041514041516,0.2568986568986569,0.5433455433455433,0.16971916971916973,0.04786324786324787,0.3514041514041514,0.3606837606837607,0.515995115995116,0.5545787545787546,0.37948717948717947,0.46251526251526254,0.48205128205128206,0.3326007326007326,0.629059829059829,0.16678876678876678,0.20757020757020758,0.2542124542124542,0.10622710622710622,0.6190476190476191,0.705006105006105,0.19413919413919414,0.11575091575091576,0.2515262515262515,0.4261294261294261,0.2923076923076923,0.3572649572649573,0.1724053724053724,0.5687423687423687,0.578021978021978,0.5284493284493285,0.6605616605616605,0.7054945054945055,0.3653235653235653,0.4832722832722833,0.17264957264957265,0.35824175824175825,0.16971916971916973,0.10744810744810745,0.5145299145299145,0.10989010989010989,0.21684981684981686,0.0380952380952381,0.3184371184371184,0.31477411477411477,0.5108669108669108,0.33455433455433453,0.18656898656898657,0.6275946275946276,0.18632478632478633,0.09474969474969475,0.43345543345543347,0.12283272283272283,0.3094017094017094,0.2354090354090354,0.582905982905983,0.05543345543345543,0.13162393162393163,0.178998778998779,0.17387057387057386,0.3286935286935287,0.48473748473748474,0.12844932844932844,0.5401709401709401,0.29181929181929184,0.23076923076923078
0.2087912087912088,0.23394383394383395,0.39023199023199023,0.5457875457875457,0.4363858363858364,0.421978021978022,0.5755799755799755,0.3474969474969475,0.21831501831501832,0.5531135531135531,0.1794871794871795,0.06666666666666667,0.12551892551892552,0.0695970695970696,0.40293040293040294,0.24664224664224665,0.5242979242979243,0.19633699633699633,0.04664224664224664,0.3409035409035409,0.34847374847374846,0.5274725274725275,0.5433455433455433,0.4244200244200244,0.4869352869352869,0.4976800976800977,0.32063492063492066,0.629059829059829,0.1606837606837607,0.2004884004884005,0.24297924297924298,0.12747252747252746,0.6134310134310135,0.7081807081807082,0.2061050061050061,0.11086691086691086,0.24297924297924298,0.41318681318681316,0.28253968253968254,0.3457875457875458,0.1663003663003663,0.5904761904761905,0.5924297924297924,0.5103785103785103,0.6532356532356532,0.6844932844932845,0.35311355311355314,0.4666666666666667,0.16678876678876678,0.3474969474969475,0.19413919413919414,0.10427350427350428,0.5001221001221001,0.1076923076923077,0.21123321123321123,0.03907203907203907,0.35653235653235654,0.3286935286935287,0.49523809523809526,0.3230769230769231,0.1824175824175824,0.6244200244200244,0.18315018315018314,0.09694749694749695,0.48473748473748474,0.136996336996337,0.3013431013431013,0.22661782661782662,0.5643467643467643,0.056654456654456654,0.12942612942612944,0.17313797313797313,0.1711843711843712,0.3184371184371184,0.47057387057387057,0.12722832722832722,0.5445665445665445,0.2810744810744811,0.22417582417582418
0.20146520146520147,0.2590964590964591,0.3807081807081807,0.5548229548229549,0.4503052503052503,0.42002442002442003,0.568009768009768,0.33406593406593404,0.21147741147741148,0.5645909645909646,0.1746031746031746,0.06788766788766788,0.12087912087912088,0.07057387057387057,0.3907203907203907,0.23687423687423687,0.505982905982906,0.22393162393162394,0.04468864468864469,0.32967032967032966,0.33650793650793653,0.536996336996337,0.5304029304029304,0.4673992673992674,0.5094017094017094,0.5115995115995116,0.3089133089133089,0.6258852258852259,0.15482295482295483,0.19462759462759463,0.2315018315018315,0.15702075702075702,0.6041514041514041,0.708913308913309,0.22344322344322345,0.10671550671550671,0.23614163614163614,0.39951159951159954,0.27277167277167275,0.3343101343101343,0.16043956043956045,0.6075702075702075,0.6056166056166056,0.4925518925518926,0.6432234432234433,0.6644688644688644,0.3418803418803419,0.4507936507936508,0.16214896214896216,0.33724053724053726,0.22393162393162394,0.10134310134310134,0.48473748473748474,0.10476190476190476,0.20537240537240536,0.03956043956043956,0.39365079365079364,0.34285714285714286,0.48083028083028084,0.3133089133089133,0.17777777777777778,0.6188034188034188,0.18021978021978022,0.10256410256410256,0.5328449328449328,0.15824175824175823,0.29426129426129427,0.21782661782661783,0.5467643467643467,0.060805860805860805,0.12722832722832722,0.16825396825396827,0.16874236874236875,0.30793650793650795,0.4568986568986569,0.126007326007326,0.5457875457875457,0.2708180708180708,0.21855921855921856
0.19413919413919414,0.2879120879120879,0.37142857142857144,0.5619047619047619,0.4617826617826618,0.4163614163614164,0.557997557997558,0.3201465201465201,0.20488400488400488,0.5738705738705738,0.1706959706959707,0.07179487179487179,0.115995115995116,0.07374847374847375,0.378998778998779,0.2271062271062271,0.48986568986568985,0.252991452991453,0.04249084249084249,0.3181929181929182,0.3242979242979243,0.5445665445665445,0.5162393162393163,0.503052503052503,0.5299145299145299,0.5233211233211233,0.29743589743589743,0.6195360195360196,0.15067155067155066,0.18754578754578755,0.22002442002442002,0.19413919413919414,0.591941391941392,0.7062271062271063,0.2463980463980464,0.10402930402930403,0.22832722832722832,0.3860805860805861,0.25860805860805863,0.3230769230769231,0.15604395604395604,0.6249084249084249,0.6166056166056166,0.47545787545787543,0.6305250305250305,0.6451770451770452,0.33186813186813185,0.4368742368742369,0.1562881562881563,0.3299145299145299,0.2590964590964591,0.09865689865689865,0.4686202686202686,0.10134310134310134,0.19926739926739928,0.04004884004884005,0.42857142857142855,0.35653235653235654,0.46715506715506716,0.3045177045177045,0.17264957264957265,0.6102564102564103,0.1772893772893773,0.11306471306471307,0.577045177045177,0.1873015873015873,0.2879120879120879,0.20976800976800977,0.5294261294261294,0.06910866910866911,0.12551892551892552,0.1623931623931624,0.16605616605616605,0.29743589743589743,0.44395604395604393,0.12503052503052503,0.544078144078144,0.2608058608058608,0.21196581196581196
0.18705738705738706,0.3199023199023199,0.3626373626373626,0.5667887667887668,0.46984126984126984,0.41147741147741146,0.546031746031746,0.3064713064713065,0.19877899877899877,0.580952380952381,0.16605616605616605,0.0800976800976801,0.1115995115995116,0.08131868131868132,0.3672771672771673,0.21782661782661783,0.4752136752136752,0.28815628815628813,0.04053724053724054,0.3064713064713065,0.31184371184371185,0.54993894993895,0.5015873015873016,0.5330891330891331,0.5477411477411478,0.5330891330891331,0.2862026862026862,0.6102564102564103,0.14725274725274726,0.18021978021978022,0.20854700854700856,0.23663003663003662,0.5768009768009768,0.7006105006105006,0.27350427350427353,0.10256410256410256,0.22002442002442002,0.37216117216117217,0.24981684981684982,0.31184371184371185,0.1523809523809524,0.6405372405372405,0.6249084249084249,0.4593406593406593,0.6153846153846154,0.6271062271062271,0.3230769230769231,0.4236874236874237,0.14993894993894993,0.32161172161172163,0.29743589743589743,0.09597069597069598,0.45274725274725275,0.09816849816849817,0.19365079365079366,0.04053724053724054,0.46007326007326005,0.3684981684981685,0.4554334554334554,0.29474969474969476,0.16776556776556775,0.599023199023199,0.1746031746031746,0.13064713064713065,0.6168498168498169,0.2175824175824176,0.28083028083028083,0.20146520146520147,0.5133089133089133,0.08351648351648351,0.12503052503052503,0.15604395604395604,0.16336996336996337,0.2869352869352869,0.43174603174603177,0.12405372405372406,0.5396825396825397,0.2525030525030525,0.20537240537240536
0.18021978021978022,0.3536019536019536,0.35433455433455435,0.5684981684981685,0.47448107448107446,0.40463980463980465,0.5326007326007326,0.2937728937728938,0.19316239316239317,0.5855921855921856,0.16092796092796094,0.09401709401709402,0.1072039072039072,0.09401709401709402,0.3557997557997558,0.2105006105006105,0.45958485958485956,0.326984126984127,0.0380952380952381,0.294993894993895,0.29987789987789987,0.5528693528693529,0.48766788766788766,0.5643467643467643,0.5638583638583639,0.5406593406593406,0.27521367521367524,0.5992673992673992,0.14334554334554334,0.1724053724053724,0.1973137973137973,0.28253968253968254,0.5594627594627595,0.6915750915750916,0.2993894993894994,0.09987789987789988,0.21172161172161172,0.3584859584859585,0.24126984126984127,0.30207570207570206,0.147985347985348,0.653968253968254,0.63003663003663,0.44346764346764345,0.5985347985347985,0.6092796092796092,0.31648351648351647,0.4105006105006105,0.14358974358974358,0.31184371184371185,0.3396825396825397,0.09352869352869353,0.43736263736263736,0.09499389499389499,0.18876678876678876,0.04004884004884005,0.48815628815628814,0.37777777777777777,0.4444444444444444,0.2844932844932845,0.16263736263736264,0.5851037851037851,0.17191697191697192,0.15555555555555556,0.6478632478632479,0.2507936507936508,0.2737484737484738,0.19365079365079366,0.4981684981684982,0.1054945054945055,0.12454212454212454,0.14945054945054945,0.16092796092796094,0.27692307692307694,0.4205128205128205,0.12307692307692308,0.5321123321123321,0.24517704517704517,0.19853479853479852
0.17387057387057386,0.38754578754578756,0.3465201465201465,0.5672771672771673,0.47814407814407817,0.3960927960927961,0.5181929181929182,0.28205128205128205,0.18803418803418803,0.588034188034188,0.15604395604395604,0.11452991452991453,0.10305250305250305,0.1137973137973138,0.3443223443223443,0.20415140415140415,0.44346764346764345,0.3665445665445665,0.03565323565323565,0.2835164835164835,0.28766788766788765,0.5533577533577534,0.47448107448107446,0.5943833943833944,0.5777777777777777,0.5457875457875457,0.26495726495726496,0.5863247863247864,0.1387057387057387,0.16507936507936508,0.18632478632478633,0.3304029304029304,0.5401709401709401,0.6798534798534799,0.3252747252747253,0.09694749694749695,0.20341880341880342,0.3452991452991453,0.2288156288156288,0.2932844932844933,0.14358974358974358,0.6642246642246642,0.631990231990232,0.4288156288156288,0.5811965811965812,0.5929181929181929,0.3120879120879121,0.3973137973137973,0.13724053724053725,0.3035409035409035,0.38461538461538464,0.09157509157509157,0.4236874236874237,0.09206349206349207,0.18363858363858365,0.0398046398046398,0.5123321123321123,0.38412698412698415,0.43272283272283274,0.273992673992674,0.157997557997558,0.5687423687423687,0.16947496947496948,0.18876678876678876,0.6725274725274726,0.29181929181929184,0.26666666666666666,0.18632478632478633,0.48376068376068376,0.13064713064713065,0.12405372405372406,0.14285714285714285,0.15897435897435896,0.2673992673992674,0.41001221001221,0.12234432234432234,0.5233211233211233,0.2371184371184371,0.19194139194139195
0.16800976800976802,0.42075702075702076,0.3384615384615385,0.5636141636141636,0.47985347985347987,0.38632478632478634,0.5008547008547009,0.2713064713064713,0.18461538461538463,0.5873015873015873,0.1514041514041514,0.14212454212454212,0.0989010989010989,0.1413919413919414,0.3343101343101343,0.19658119658119658,0.4275946275946276,0.4056166056166056,0.033455433455433455,0.2725274725274725,0.2754578754578755,0.5511599511599512,0.4610500610500611,0.621978021978022,0.5892551892551893,0.5484737484737485,0.2568986568986569,0.5709401709401709,0.13406593406593406,0.15775335775335775,0.17606837606837608,0.378021978021978,0.5199023199023199,0.6669108669108669,0.35482295482295484,0.09401709401709402,0.1956043956043956,0.3326007326007326,0.221001221001221,0.2835164835164835,0.1391941391941392,0.6715506715506715,0.6305250305250305,0.4146520146520147,0.5638583638583639,0.578021978021978,0.30915750915750917,0.3848595848595849,0.13113553113553114,0.29865689865689865,0.4283272283272283,0.08937728937728938,0.4117216117216117,0.08913308913308914,0.17875457875457876,0.03956043956043956,0.5328449328449328,0.389010989010989,0.4205128205128205,0.263980463980464,0.1536019536019536,0.5511599511599512,0.1675213675213675,0.22905982905982905,0.6971916971916972,0.33724053724053726,0.2595848595848596,0.178998778998779,0.4708180708180708,0.15995115995115994,0.12356532356532357,0.13675213675213677,0.15677655677655677,0.2576312576312576,0.4,0.12234432234432234,0.5125763125763125,0.22857142857142856,0.18534798534798536
0.1619047619047619,0.452991452991453,0.3316239316239316,0.5572649572649573,0.4793650793650794,0.3755799755799756,0.48547008547008547,0.2625152625152625,0.18339438339438338,0.5841269841269842,0.147008547008547,0.17582417582417584,0.09474969474969475,0.1768009768009768,0.3252747252747253,0.18876678876678876,0.41196581196581195,0.44297924297924296,0.031013431013431014,0.26202686202686204,0.2634920634920635,0.5462759462759462,0.44761904761904764,0.6468864468864469,0.5982905982905983,0.5482295482295483,0.24981684981684982,0.5540903540903541,0.12967032967032968,0.15067155067155066,0.16556776556776556,0.42344322344322344,0.4993894993894994,0.6525030525030525,0.38534798534798537,0.09157509157509157,0.18754578754578755,0.3203907203907204,0.21343101343101342,0.27350427350427353,0.1347985347985348,0.675946275946276,0.6256410256410256,0.40073260073260075,0.5474969474969476,0.5619047619047619,0.3089133089133089,0.3728937728937729,0.12527472527472527,0.29572649572649573,0.46984126984126984,0.08888888888888889,0.39951159951159954,0.08644688644688645,0.17387057387057386,0.039316239316239315,0.5474969474969476,0.3912087912087912,0.40805860805860805,0.2542124542124542,0.1492063492063492,0.5326007326007326,0.16556776556776556,0.26837606837606837,0.7203907203907204,0.38461538461538464,0.25274725274725274,0.17191697191697192,0.4586080586080586,0.199023199023199,0.12380952380952381,0.13113553113553114,0.15482295482295483,0.24835164835164836,0.3904761904761905,0.12283272283272283,0.5001221001221001,0.22002442002442002,0.17924297924297924
0.15604395604395604,0.47985347985347987,0.32551892551892553,0.5492063492063493,0.4766788766788767,0.36434676434676433,0.47448107448107446,0.25616605616605614,0.18461538461538463,0.5787545787545788,0.14285714285714285,0.21416361416361415,0.09133089133089133,0.21294261294261294,0.315018315018315,0.18095238095238095,0.39658119658119656,0.47814407814407817,0.02905982905982906,0.2515262515262515,0.2537240537240537,0.5389499389499389,0.4346764346764347,0.6683760683760683,0.6048840048840048,0.5452991452991452,0.24175824175824176,0.5362637362637362,0.12527472527472527,0.14383394383394382,0.15604395604395604,0.4656898656898657,0.4810744810744811,0.6351648351648351,0.4158730158730159,0.09035409035409035,0.17997557997557997,0.3086691086691087,0.20757020757020758,0.2634920634920635,0.13015873015873017,0.6771672771672772,0.6173382173382174,0.3887667887667888,0.5321123321123321,0.5455433455433455,0.3115995115995116,0.36166056166056165,0.11941391941391942,0.29523809523809524,0.5035409035409035,0.08864468864468865,0.3877899877899878,0.08424908424908426,0.16947496947496948,0.04004884004884005,0.5587301587301587,0.39096459096459096,0.39584859584859583,0.24517704517704517,0.14481074481074482,0.513064713064713,0.16507936507936508,0.30842490842490844,0.7409035409035409,0.4307692307692308,0.2459096459096459,0.16654456654456654,0.44590964590964594,0.24444444444444444,0.12576312576312576,0.126007326007326,0.15262515262515264,0.23931623931623933,0.38217338217338215,0.12258852258852258,0.48547008547008547,0.21172161172161172,0.17338217338217338
0.15042735042735042,0.503052503052503,0.3189255189255189,0.5391941391941392,0.472039072039072,0.3536019536019536,0.463003663003663,0.252014652014652,0.18876678876678876,0.5716727716727716,0.1391941391941392,0.25616605616605614,0.08791208791208792,0.25103785103785103,0.3047619047619048,0.17387057387057386,0.38168498168498166,0.5106227106227106,0.027106227106227107,0.24175824175824176,0.24493284493284492,0.5291819291819292,0.4227106227106227,0.6869352869352869,0.6078144078144078,0.5401709401709401,0.23321123321123322,0.517948717948718,0.12136752136752137,0.13724053724053725,0.14627594627594628,0.4993894993894994,0.4644688644688645,0.6168498168498169,0.4444444444444444,0.09084249084249084,0.17216117216117216,0.2971916971916972,0.20293040293040293,0.2537240537240537,0.126007326007326,0.6752136752136753,0.6056166056166056,0.3775335775335775,0.5164835164835165,0.5286935286935287,0.31697191697191696,0.3509157509157509,0.1137973137973138,0.29816849816849816,0.5316239316239316,0.08742368742368742,0.37655677655677655,0.08205128205128205,0.16507936507936508,0.043467643467643466,0.5697191697191697,0.3877899877899878,0.3831501831501832,0.23614163614163614,0.14065934065934066,0.49401709401709404,0.16605616605616605,0.35482295482295484,0.7589743589743589,0.47496947496947495,0.2398046398046398,0.1619047619047619,0.4332112332112332,0.2937728937728938,0.13064713064713065,0.12136752136752137,0.15042735042735042,0.23223443223443224,0.37484737484737485,0.12234432234432234,0.46984126984126984,0.20366300366300366,0.16776556776556775
0.14676434676434677,0.526984126984127,0.3120879120879121,0.5277167277167277,0.46495726495726497,0.3431013431013431,0.45152625152625153,0.25054945054945055,0.1960927960927961,0.5626373626373626,0.13528693528693528,0.3001221001221001,0.0862026862026862,0.29743589743589743,0.29426129426129427,0.16727716727716727,0.3665445665445665,0.5404151404151404,0.026617826617826617,0.23394383394383395,0.23516483516483516,0.5167277167277168,0.41098901098901097,0.7023199023199023,0.6078144078144078,0.5328449328449328,0.22466422466422467,0.5001221001221001,0.11843711843711843,0.1308913308913309,0.136996336996337,0.5272283272283272,0.4473748473748474,0.5978021978021978,0.47106227106227105,0.09426129426129426,0.16507936507936508,0.28595848595848594,0.19755799755799755,0.2442002442002442,0.12234432234432234,0.6698412698412698,0.5934065934065934,0.3653235653235653,0.5010989010989011,0.5118437118437118,0.32454212454212455,0.33992673992673994,0.10818070818070818,0.3047619047619048,0.5597069597069597,0.08595848595848596,0.3658119658119658,0.08034188034188035,0.16214896214896216,0.04981684981684982,0.5792429792429793,0.3819291819291819,0.36996336996337,0.2275946275946276,0.13675213675213677,0.4771672771672772,0.168986568986569,0.40341880341880343,0.7743589743589744,0.5152625152625152,0.23394383394383395,0.1562881562881563,0.4205128205128205,0.3443223443223443,0.1391941391941392,0.11794871794871795,0.147985347985348,0.22612942612942613,0.36678876678876676,0.12185592185592185,0.45396825396825397,0.19633699633699633,0.1623931623931624
0.14505494505494507,0.5501831501831502,0.30500610500610503,0.5152625152625152,0.45567765567765567,0.33308913308913307,0.4402930402930403,0.25103785103785103,0.2070818070818071,0.5516483516483517,0.13162393162393163,0.3440781440781441,0.08571428571428572,0.3474969474969475,0.28376068376068375,0.1606837606837607,0.3516483516483517,0.5675213675213675,0.028083028083028084,0.2271062271062271,0.22515262515262516,0.5020757020757021,0.4,0.7140415140415141,0.6065934065934065,0.5230769230769231,0.21611721611721613,0.4827838827838828,0.11746031746031746,0.12454212454212454,0.13015873015873017,0.5555555555555556,0.4307692307692308,0.5785103785103786,0.49523809523809526,0.10183150183150183,0.157997557997558,0.27643467643467645,0.1921855921855922,0.23467643467643468,0.11843711843711843,0.6612942612942613,0.5797313797313798,0.3528693528693529,0.48644688644688644,0.4945054945054945,0.3338217338217338,0.32967032967032966,0.1028083028083028,0.31306471306471306,0.5863247863247864,0.0844932844932845,0.3553113553113553,0.07887667887667887,0.15995115995115994,0.06153846153846154,0.5865689865689866,0.3738705738705739,0.35702075702075703,0.21953601953601953,0.13357753357753357,0.4617826617826618,0.17435897435897435,0.45152625152625153,0.7868131868131868,0.5518925518925519,0.22832722832722832,0.14993894993894993,0.4078144078144078,0.39365079365079364,0.1523809523809524,0.115995115995116,0.14652014652014653,0.21978021978021978,0.35873015873015873,0.12136752136752137,0.43833943833943834,0.189010989010989,0.1575091575091575
0.14407814407814407,0.5721611721611721,0.2979242979242979,0.5023199023199023,0.44468864468864466,0.32405372405372407,0.4302808302808303,0.25347985347985347,0.22197802197802197,0.5391941391941392,0.12844932844932844,0.38168498168498166,0.08376068376068375,0.3992673992673993,0.2737484737484738,0.1540903540903541,0.33724053724053726,0.5924297924297924,0.03247863247863248,0.21978021978021978,0.21562881562881564,0.48547008547008547,0.389010989010989,0.7223443223443223,0.6031746031746031,0.5111111111111111,0.20757020757020758,0.4666666666666667,0.11941391941391942,0.11843711843711843,0.12503052503052503,0.5821733821733822,0.4148962148962149,0.55995115995116,0.5167277167277168,0.11526251526251527,0.15286935286935288,0.2681318681318681,0.18705738705738706,0.2258852258852259,0.11526251526251527,0.6498168498168498,0.5643467643467643,0.3401709401709402,0.4725274725274725,0.47692307692307695,0.34383394383394383,0.31916971916971915,0.09768009768009768,0.3282051282051282,0.6102564102564103,0.08302808302808302,0.34505494505494505,0.07887667887667887,0.15702075702075702,0.08058608058608059,0.5921855921855922,0.36385836385836384,0.34456654456654456,0.21123321123321123,0.13113553113553114,0.4461538461538462,0.1829059829059829,0.49694749694749696,0.7958485958485958,0.590964590964591,0.22295482295482297,0.14358974358974358,0.3951159951159951,0.44004884004884004,0.1706959706959707,0.11672771672771673,0.14554334554334555,0.2126984126984127,0.3509157509157509,0.12112332112332112,0.4231990231990232,0.18192918192918192,0.1523809523809524
0.14627594627594628,0.5912087912087912,0.29084249084249086,0.48937728937728936,0.432967032967033,0.3155067155067155,0.42075702075702076,0.2571428571428571,0.2407814407814408,0.5262515262515263,0.12673992673992673,0.4148962148962149,0.08156288156288156,0.45006105006105007,0.263980463980464,0.14822954822954823,0.3230769230769231,0.6112332112332113,0.04053724053724054,0.21196581196581196,0.2061050061050061,0.4678876678876679,0.3785103785103785,0.7267399267399267,0.5968253968253968,0.49792429792429793,0.19926739926739928,0.4512820512820513,0.12503052503052503,0.11404151404151404,0.11843711843711843,0.6056166056166056,0.40024420024420027,0.5421245421245421,0.536019536019536,0.1343101343101343,0.14896214896214896,0.2590964590964591,0.18217338217338216,0.21733821733821734,0.11184371184371185,0.6373626373626373,0.5482295482295483,0.32722832722832723,0.4593406593406593,0.45958485958485956,0.35384615384615387,0.30915750915750917,0.0945054945054945,0.34456654456654456,0.631013431013431,0.08131868131868132,0.3347985347985348,0.07985347985347985,0.15384615384615385,0.10964590964590964,0.5956043956043956,0.35262515262515265,0.3326007326007326,0.20317460317460317,0.12967032967032968,0.43052503052503055,0.19511599511599512,0.5387057387057387,0.8024420024420025,0.6288156288156288,0.2175824175824176,0.13724053724053725,0.3824175824175824,0.48205128205128206,0.19413919413919414,0.1203907203907204,0.14407814407814407,0.2056166056166056,0.34285714285714286,0.1203907203907204,0.4087912087912088,0.17484737484737484,0.14847374847374847
0.15189255189255188,0.6078144078144078,0.28376068376068375,0.4764346764346764,0.42075702075702076,0.3086691086691087,0.41074481074481073,0.2622710622710623,0.2625152625152625,0.5123321123321123,0.1264957264957265,0.4503052503052503,0.07912087912087912,0.4981684981684982,0.25445665445665444,0.1426129426129426,0.3094017094017094,0.6263736263736264,0.05396825396825397,0.20463980463980463,0.1973137973137973,0.4495726495726496,0.3682539682539683,0.7274725274725274,0.588034188034188,0.4832722832722833,0.19145299145299147,0.4368742368742369,0.13382173382173382,0.11086691086691086,0.11135531135531136,0.6263736263736264,0.38632478632478634,0.5257631257631258,0.5531135531135531,0.15604395604395604,0.14114774114774115,0.24957264957264957,0.17753357753357754,0.20927960927960929,0.11013431013431013,0.6236874236874237,0.5316239316239316,0.3145299145299145,0.44590964590964594,0.4427350427350427,0.3636141636141636,0.30036630036630035,0.09255189255189256,0.357997557997558,0.6493284493284494,0.07985347985347985,0.3247863247863248,0.0800976800976801,0.1509157509157509,0.14945054945054945,0.5968253968253968,0.3409035409035409,0.3203907203907204,0.19706959706959706,0.12722832722832722,0.41562881562881565,0.21123321123321123,0.5758241758241758,0.8056166056166056,0.6573870573870574,0.21343101343101342,0.1308913308913309,0.36996336996337,0.518925518925519,0.22173382173382172,0.12747252747252746,0.14212454212454212,0.19829059829059828,0.3347985347985348,0.1199023199023199,0.39536019536019534,0.16776556776556775,0.14554334554334555
0.1619047619047619,0.621978021978022,0.2766788766788767,0.463980463980464,0.4087912087912088,0.30305250305250303,0.4004884004884005,0.2678876678876679,0.28644688644688643,0.4984126984126984,0.1264957264957265,0.4852258852258852,0.07667887667887668,0.5433455433455433,0.2454212454212454,0.13772893772893774,0.29816849816849816,0.642002442002442,0.07374847374847375,0.19755799755799755,0.189010989010989,0.4315018315018315,0.35824175824175825,0.7238095238095238,0.5768009768009768,0.4678876678876679,0.18363858363858365,0.42295482295482295,0.14652014652014653,0.10622710622710622,0.10427350427350428,0.6442002442002442,0.3728937728937729,0.5103785103785103,0.568009768009768,0.1807081807081807,0.13235653235653236,0.24004884004884006,0.17264957264957265,0.20170940170940171,0.10891330891330891,0.6078144078144078,0.5152625152625152,0.3023199023199023,0.432967032967033,0.4261294261294261,0.37191697191697193,0.2923076923076923,0.09010989010989011,0.37435897435897436,0.6644688644688644,0.07814407814407814,0.315018315018315,0.07985347985347985,0.147985347985348,0.20024420024420025,0.5960927960927961,0.32844932844932845,0.3103785103785104,0.1916971916971917,0.12503052503052503,0.40073260073260075,0.23076923076923078,0.6087912087912087,0.8053724053724054,0.676923076923077,0.21001221001221002,0.12454212454212454,0.357997557997558,0.5504273504273505,0.2485958485958486,0.13943833943833944,0.13968253968253969,0.19096459096459095,0.326984126984127,0.11941391941391942,0.3831501831501832,0.1623931623931624,0.14188034188034188
0.1768009768009768,0.6334554334554334,0.2695970695970696,0.4517704517704518,0.398046398046398,0.2971916971916972,0.39023199023199023,0.26666666666666666,0.31135531135531136,0.484981684981685,0.1282051282051282,0.517948717948718,0.07448107448107448,0.5853479853479854,0.23663003663003662,0.1326007326007326,0.28815628815628813,0.6568986568986569,0.10061050061050061,0.1907203907203907,0.18144078144078143,0.4141636141636142,0.3482295482295482,0.716971916971917,0.5631257631257631,0.45225885225885226,0.17631257631257632,0.4095238095238095,0.16532356532356532,0.10183150183150183,0.09743589743589744,0.6588522588522588,0.3601953601953602,0.495970695970696,0.5807081807081808,0.2126984126984127,0.12527472527472527,0.23101343101343103,0.16800976800976802,0.1960927960927961,0.1072039072039072,0.5912087912087912,0.49963369963369964,0.2905982905982906,0.42002442002442003,0.41025641025641024,0.37777777777777777,0.28327228327228327,0.08864468864468865,0.39658119658119656,0.6766788766788767,0.07716727716727717,0.30500610500610503,0.07912087912087912,0.14505494505494507,0.25982905982905985,0.5926739926739927,0.3162393162393162,0.3013431013431013,0.1851037851037851,0.12283272283272283,0.38632478632478634,0.25274725274725274,0.6371184371184371,0.8017094017094017,0.6908424908424908,0.20586080586080585,0.11892551892551892,0.346031746031746,0.5768009768009768,0.2754578754578755,0.15677655677655677,0.13724053724053725,0.18437118437118438,0.3189255189255189,0.11868131868131868,0.37142857142857144,0.157997557997558,0.13772893772893774
0.19658119658119658,0.642002442002442,0.26275946275946277,0.44126984126984126,0.3887667887667888,0.29084249084249086,0.37948717948717947,0.2612942612942613,0.33650793650793653,0.472039072039072,0.1330891330891331,0.5482295482295483,0.07203907203907203,0.6234432234432234,0.22808302808302808,0.12942612942612944,0.27692307692307694,0.6695970695970695,0.1343101343101343,0.1838827838827839,0.17362637362637362,0.3973137973137973,0.33943833943833945,0.7074481074481075,0.5477411477411478,0.4368742368742369,0.16923076923076924,0.398046398046398,0.1894993894993895,0.0971916971916972,0.09084249084249084,0.6703296703296703,0.34798534798534797,0.4822954822954823,0.5892551892551893,0.24932844932844933,0.11941391941391942,0.22173382173382172,0.16361416361416362,0.19145299145299147,0.10525030525030525,0.5743589743589743,0.48473748473748474,0.27912087912087913,0.4065934065934066,0.3946275946275946,0.38168498168498166,0.2737484737484738,0.08937728937728938,0.4166056166056166,0.6857142857142857,0.0761904761904762,0.294993894993895,0.07814407814407814,0.14212454212454212,0.326007326007326,0.5870573870573871,0.30622710622710625,0.2915750915750916,0.17826617826617827,0.12161172161172161,0.3724053724053724,0.2766788766788767,0.6612942612942613,0.7951159951159951,0.7037851037851038,0.20170940170940171,0.11330891330891331,0.33455433455433453,0.5953601953601954,0.3064713064713065,0.17997557997557997,0.13528693528693528,0.1772893772893773,0.3108669108669109,0.11819291819291819,0.36214896214896214,0.15262515262515264,0.13357753357753357
0.221001221001221,0.6478632478632479,0.25616605616605614,0.4315018315018315,0.378998778998779,0.2844932844932845,0.368986568986569,0.2595848595848596,0.36117216117216117,0.45958485958485956,0.14212454212454212,0.5753357753357753,0.0695970695970696,0.6583638583638584,0.22148962148962148,0.12722832722832722,0.26544566544566545,0.6798534798534799,0.17338217338217338,0.17753357753357754,0.1663003663003663,0.3833943833943834,0.3308913308913309,0.6945054945054945,0.5308913308913309,0.421978021978022,0.16361416361416362,0.3877899877899878,0.2188034188034188,0.0927960927960928,0.08473748473748474,0.6788766788766789,0.3355311355311355,0.4700854700854701,0.5951159951159951,0.2879120879120879,0.1137973137973138,0.21318681318681318,0.15946275946275945,0.18583638583638584,0.1028083028083028,0.557997557997558,0.47057387057387057,0.2678876678876679,0.39365079365079364,0.3811965811965812,0.38363858363858366,0.26422466422466423,0.09426129426129426,0.4302808302808303,0.6915750915750916,0.0757020757020757,0.28644688644688643,0.07716727716727717,0.13943833943833944,0.39536019536019534,0.5797313797313798,0.2979242979242979,0.2818070818070818,0.17167277167277167,0.12161172161172161,0.3592185592185592,0.30158730158730157,0.6815628815628816,0.7853479853479853,0.7147741147741148,0.19755799755799755,0.10818070818070818,0.32332112332112334,0.6087912087912087,0.33943833943833945,0.20781440781440783,0.1330891330891331,0.1706959706959707,0.30305250305250303,0.11794871794871795,0.35384615384615387,0.14676434676434677,0.12967032967032968
0.2485958485958486,0.6503052503052503,0.25054945054945055,0.42124542124542125,0.368986568986569,0.27765567765567767,0.35824175824175825,0.2583638583638584,0.38461538461538464,0.4485958485958486,0.15604395604395604,0.5997557997557997,0.0673992673992674,0.6898656898656899,0.21562881562881564,0.1242979242979243,0.25445665445665444,0.6879120879120879,0.21587301587301588,0.1711843711843712,0.1592185592185592,0.3711843711843712,0.3213675213675214,0.6793650793650794,0.5133089133089133,0.40805860805860805,0.1592185592185592,0.37655677655677655,0.2515262515262515,0.08864468864468865,0.07887667887667887,0.6844932844932845,0.32332112332112334,0.4593406593406593,0.6007326007326007,0.326984126984127,0.10866910866910867,0.20488400488400488,0.15531135531135531,0.18021978021978022,0.10012210012210013,0.5418803418803418,0.4568986568986569,0.2568986568986569,0.3819291819291819,0.36923076923076925,0.3833943833943834,0.25445665445665444,0.10427350427350428,0.44395604395604393,0.6942612942612942,0.07594627594627594,0.2788766788766789,0.07594627594627594,0.136996336996337,0.46422466422466424,0.5709401709401709,0.2893772893772894,0.27228327228327226,0.16483516483516483,0.12405372405372406,0.346031746031746,0.32625152625152626,0.6952380952380952,0.7728937728937729,0.7235653235653235,0.19316239316239317,0.10329670329670329,0.31404151404151404,0.621001221001221,0.37142857142857144,0.2402930402930403,0.1308913308913309,0.1641025641025641,0.294993894993895,0.11819291819291819,0.34505494505494505,0.14065934065934066,0.12576312576312576
0.2783882783882784,0.6493284493284494,0.2454212454212454,0.41074481074481073,0.3592185592185592,0.2708180708180708,0.34725274725274724,0.2564102564102564,0.4061050061050061,0.43833943833943834,0.17509157509157508,0.621001221001221,0.06471306471306472,0.7181929181929182,0.20903540903540904,0.12087912087912088,0.2442002442002442,0.6927960927960928,0.2600732600732601,0.16532356532356532,0.1523809523809524,0.3584859584859585,0.3115995115995116,0.6612942612942613,0.494993894993895,0.3963369963369963,0.15335775335775337,0.36507936507936506,0.28669108669108667,0.0844932844932845,0.0735042735042735,0.6869352869352869,0.31306471306471306,0.4473748473748474,0.6048840048840048,0.36434676434676433,0.10354090354090355,0.19706959706959706,0.1514041514041514,0.17435897435897435,0.09768009768009768,0.526984126984127,0.44395604395604393,0.2463980463980464,0.3711843711843712,0.3562881562881563,0.3807081807081807,0.24517704517704517,0.1203907203907204,0.45787545787545786,0.6937728937728938,0.07667887667887668,0.2703296703296703,0.07448107448107448,0.13504273504273503,0.5299145299145299,0.5609279609279609,0.28156288156288156,0.26324786324786326,0.15824175824175823,0.12967032967032968,0.3333333333333333,0.3499389499389499,0.7047619047619048,0.7582417582417582,0.7304029304029304,0.189010989010989,0.10061050061050061,0.3052503052503053,0.6307692307692307,0.4017094017094017,0.27521367521367524,0.12844932844932844,0.15824175824175823,0.2886446886446886,0.11892551892551892,0.33650793650793653,0.13406593406593406,0.12185592185592185
0.3094017094017094,0.6451770451770452,0.2398046398046398,0.4004884004884005,0.3496947496947497,0.26373626373626374,0.33650793650793653,0.25274725274725274,0.4231990231990232,0.4275946275946276,0.19975579975579977,0.6398046398046398,0.06202686202686203,0.7391941391941392,0.20293040293040293,0.11721611721611722,0.23394383394383395,0.694993894993895,0.3047619047619048,0.1597069597069597,0.14725274725274726,0.3457875457875458,0.3018315018315018,0.6412698412698413,0.4766788766788767,0.3860805860805861,0.14676434676434677,0.3536019536019536,0.3230769230769231,0.08083028083028083,0.06862026862026863,0.6857142857142857,0.3035409035409035,0.4354090354090354,0.6065934065934065,0.3992673992673993,0.09865689865689865,0.18925518925518925,0.1492063492063492,0.16825396825396827,0.09621489621489622,0.5123321123321123,0.4312576312576313,0.23809523809523808,0.35946275946275946,0.3431013431013431,0.37533577533577533,0.23565323565323565,0.14358974358974358,0.4691086691086691,0.6898656898656899,0.07667887667887668,0.2612942612942613,0.07326007326007326,0.1330891330891331,0.5826617826617827,0.5484737484737485,0.273992673992674,0.2542124542124542,0.15213675213675212,0.1387057387057387,0.3213675213675214,0.3694749694749695,0.7135531135531136,0.7406593406593407,0.7347985347985349,0.18485958485958487,0.09987789987789988,0.2962148962148962,0.6373626373626373,0.4288156288156288,0.31135531135531136,0.1264957264957265,0.15262515262515264,0.283028083028083,0.11892551892551892,0.3277167277167277,0.12796092796092795,0.11843711843711843
0.336996336996337,0.6385836385836385,0.23394383394383395,0.3904761904761905,0.3404151404151404,0.25665445665445663,0.3230769230769231,0.24835164835164836,0.43736263736263736,0.4166056166056166,0.22832722832722832,0.6554334554334554,0.06031746031746032,0.7557997557997558,0.19658119658119658,0.1137973137973138,0.22417582417582418,0.6937728937728938,0.34798534798534797,0.15555555555555556,0.14334554334554334,0.3333333333333333,0.2920634920634921,0.6202686202686203,0.4608058608058608,0.3750915750915751,0.13992673992673993,0.3418803418803419,0.35873015873015873,0.07912087912087912,0.06398046398046398,0.6813186813186813,0.29304029304029305,0.4231990231990232,0.6061050061050061,0.43052503052503055,0.09401709401709402,0.18192918192918192,0.14725274725274726,0.16263736263736264,0.09621489621489622,0.4989010989010989,0.41855921855921857,0.23076923076923078,0.34725274725274724,0.33015873015873015,0.36800976800976803,0.22661782661782662,0.17338217338217338,0.47545787545787543,0.683028083028083,0.08131868131868132,0.2525030525030525,0.07228327228327229,0.13137973137973138,0.6261294261294261,0.5345543345543345,0.2678876678876679,0.24566544566544565,0.14652014652014653,0.15189255189255188,0.30915750915750917,0.3855921855921856,0.7206349206349206,0.7211233211233211,0.7367521367521368,0.1807081807081807,0.09987789987789988,0.28669108669108667,0.6405372405372405,0.45323565323565324,0.347008547008547,0.1242979242979243,0.14896214896214896,0.27643467643467645,0.11868131868131868,0.31916971916971915,0.12234432234432234,0.11550671550671551
0.36166056166056165,0.6293040293040293,0.2275946275946276,0.38046398046398044,0.3311355311355311,0.24932844932844933,0.31135531135531136,0.24297924297924298,0.4512820512820513,0.40586080586080586,0.2608058608058608,0.6676434676434676,0.06031746031746032,0.7731379731379732,0.19047619047619047,0.11037851037851037,0.21465201465201464,0.6893772893772894,0.3887667887667888,0.1523809523809524,0.13821733821733823,0.32112332112332115,0.28205128205128205,0.5985347985347985,0.4461538461538462,0.3641025641025641,0.13357753357753357,0.33015873015873015,0.39316239316239315,0.0800976800976801,0.061782661782661785,0.6737484737484738,0.2818070818070818,0.41147741147741146,0.6026862026862027,0.45836385836385835,0.09010989010989011,0.17631257631257632,0.14505494505494507,0.15702075702075702,0.09963369963369964,0.48547008547008547,0.4073260073260073,0.22246642246642245,0.3355311355311355,0.31746031746031744,0.35824175824175825,0.2175824175824176,0.20903540903540904,0.4800976800976801,0.673992673992674,0.08791208791208792,0.24346764346764346,0.07179487179487179,0.1308913308913309,0.6691086691086691,0.5194139194139195,0.2622710622710623,0.23736263736263735,0.14114774114774115,0.16923076923076924,0.29865689865689865,0.4021978021978022,0.725030525030525,0.7001221001221001,0.7360195360195361,0.1772893772893773,0.10207570207570207,0.27692307692307694,0.6405372405372405,0.47448107448107446,0.38095238095238093,0.12234432234432234,0.14652014652014653,0.2698412698412698,0.11843711843711843,0.31062271062271063,0.11672771672771673,0.11257631257631258
0.3882783882783883,0.6175824175824176,0.22148962148962148,0.3706959706959707,0.3218559218559219,0.24175824175824176,0.30305250305250303,0.23565323565323565,0.46373626373626375,0.3951159951159951,0.29523809523809524,0.6752136752136753,0.06227106227106227,0.7894993894993895,0.18437118437118438,0.1076923076923077,0.2061050061050061,0.6815628815628816,0.4214896214896215,0.14847374847374847,0.13284493284493284,0.3089133089133089,0.2725274725274725,0.5772893772893772,0.4315018315018315,0.3536019536019536,0.12722832722832722,0.3184371184371184,0.4249084249084249,0.08473748473748474,0.060805860805860805,0.6634920634920635,0.2703296703296703,0.4,0.5968253968253968,0.48253968253968255,0.08742368742368742,0.17191697191697192,0.14212454212454212,0.1514041514041514,0.1072039072039072,0.4725274725274725,0.3973137973137973,0.21416361416361415,0.3235653235653236,0.3052503052503053,0.347008547008547,0.2087912087912088,0.2490842490842491,0.4822954822954823,0.662026862026862,0.09084249084249084,0.23443223443223443,0.07228327228327229,0.13064713064713065,0.7084249084249085,0.5032967032967033,0.2568986568986569,0.22979242979242978,0.1365079365079365,0.18754578754578755,0.28888888888888886,0.4175824175824176,0.726984126984127,0.6783882783882784,0.7323565323565323,0.17387057387057386,0.10866910866910867,0.26764346764346764,0.6373626373626373,0.4932844932844933,0.4122100122100122,0.12112332112332112,0.1443223443223443,0.26373626373626374,0.11819291819291819,0.3023199023199023,0.11135531135531136,0.10989010989010989
0.4146520146520147,0.6039072039072039,0.2153846153846154,0.3609279609279609,0.31306471306471306,0.23467643467643468,0.29523809523809524,0.22686202686202686,0.473992673992674,0.38461538461538464,0.3308913308913309,0.6786324786324787,0.06617826617826618,0.8036630036630037,0.17826617826617827,0.10671550671550671,0.1978021978021978,0.671062271062271,0.4490842490842491,0.14407814407814407,0.12722832722832722,0.2967032967032967,0.26324786324786326,0.5565323565323566,0.41733821733821735,0.3431013431013431,0.12136752136752137,0.306959706959707,0.45445665445665445,0.09328449328449329,0.06031746031746032,0.6507936507936508,0.25860805860805863,0.3882783882783883,0.5882783882783883,0.5035409035409035,0.08742368742368742,0.1663003663003663,0.1391941391941392,0.14627594627594628,0.12087912087912088,0.4610500610500611,0.38632478632478634,0.20586080586080585,0.3120879120879121,0.29352869352869354,0.3347985347985348,0.20024420024420025,0.28595848595848594,0.4818070818070818,0.6478632478632479,0.09181929181929183,0.22564102564102564,0.0735042735042735,0.12991452991452992,0.7423687423687424,0.4866910866910867,0.2515262515262515,0.22246642246642245,0.13235653235653236,0.20732600732600734,0.27814407814407816,0.4315018315018315,0.7267399267399267,0.6564102564102564,0.726007326007326,0.17167277167277167,0.12087912087912088,0.2583638583638584,0.631013431013431,0.5089133089133089,0.4371184371184371,0.1203907203907204,0.14407814407814407,0.2576312576312576,0.11794871794871795,0.29426129426129427,0.10622710622710622,0.10818070818070818
0.4398046398046398,0.589010989010989,0.20903540903540904,0.35115995115995113,0.30427350427350425,0.22832722832722832,0.2879120879120879,0.21684981684981686,0.4822954822954823,0.3738705738705739,0.3614163614163614,0.6808302808302809,0.07326007326007326,0.8151404151404151,0.1724053724053724,0.10744810744810745,0.19023199023199022,0.6586080586080586,0.47814407814407817,0.13968253968253969,0.12161172161172161,0.2847374847374847,0.25347985347985347,0.5362637362637362,0.40366300366300367,0.33308913308913307,0.115995115995116,0.29572649572649573,0.4810744810744811,0.10671550671550671,0.06153846153846154,0.6356532356532356,0.24737484737484738,0.37655677655677655,0.5772893772893772,0.5216117216117216,0.09010989010989011,0.16043956043956045,0.13577533577533576,0.14114774114774115,0.1409035409035409,0.4503052503052503,0.37484737484737485,0.1978021978021978,0.3006105006105006,0.2822954822954823,0.3221001221001221,0.19194139194139195,0.32112332112332115,0.4793650793650794,0.631990231990232,0.09157509157509157,0.2170940170940171,0.0735042735042735,0.12942612942612944,0.7711843711843712,0.47057387057387057,0.24664224664224665,0.2153846153846154,0.12967032967032968,0.23125763125763127,0.2673992673992674,0.44346764346764345,0.7235653235653235,0.6349206349206349,0.7167277167277167,0.1706959706959707,0.13943833943833944,0.24957264957264957,0.6217338217338217,0.5218559218559219,0.45738705738705737,0.11941391941391942,0.147008547008547,0.2512820512820513,0.11868131868131868,0.2857142857142857,0.10183150183150183,0.10695970695970695
0.4627594627594628,0.5731379731379731,0.20317460317460317,0.3418803418803419,0.29523809523809524,0.22295482295482297,0.27912087912087913,0.20634920634920634,0.48815628815628814,0.3636141636141636,0.3894993894993895,0.6798534798534799,0.08498168498168499,0.8239316239316239,0.16678876678876678,0.1115995115995116,0.18437118437118438,0.6444444444444445,0.5054945054945055,0.13553113553113552,0.11575091575091576,0.27277167277167275,0.24395604395604395,0.518925518925519,0.3907203907203907,0.32332112332112334,0.11135531135531136,0.2847374847374847,0.5018315018315018,0.12673992673992673,0.06568986568986569,0.6178266178266179,0.23687423687423687,0.36434676434676433,0.5641025641025641,0.5345543345543345,0.09572649572649573,0.15433455433455434,0.13235653235653236,0.1365079365079365,0.16361416361416362,0.4388278388278388,0.36336996336996336,0.19023199023199022,0.2893772893772894,0.2713064713064713,0.3094017094017094,0.18534798534798536,0.3601953601953602,0.47496947496947495,0.6148962148962149,0.09084249084249084,0.20903540903540904,0.07326007326007326,0.13015873015873017,0.7941391941391941,0.4551892551892552,0.24175824175824176,0.2087912087912088,0.12796092796092795,0.2578754578754579,0.25665445665445663,0.45396825396825397,0.7177045177045177,0.613919413919414,0.7047619047619048,0.17167277167277167,0.1645909645909646,0.24102564102564103,0.6092796092796092,0.5321123321123321,0.4776556776556777,0.11819291819291819,0.15433455433455434,0.2454212454212454,0.12161172161172161,0.2774114774114774,0.09768009768009768,0.10525030525030525
0.484004884004884,0.5575091575091575,0.19755799755799755,0.33284493284493283,0.28766788766788765,0.21855921855921856,0.2695970695970696,0.1960927960927961,0.49206349206349204,0.3536019536019536,0.4197802197802198,0.6754578754578755,0.1028083028083028,0.8297924297924298,0.16117216117216118,0.1199023199023199,0.1794871794871795,0.6280830280830281,0.5308913308913309,0.13137973137973138,0.11013431013431013,0.26105006105006107,0.23443223443223443,0.5032967032967033,0.378021978021978,0.3133089133089133,0.10695970695970695,0.273992673992674,0.5186813186813187,0.15433455433455434,0.07423687423687424,0.5985347985347985,0.22661782661782662,0.35262515262515265,0.548962148962149,0.5443223443223443,0.10598290598290598,0.14847374847374847,0.1291819291819292,0.13284493284493284,0.19023199023199022,0.42735042735042733,0.35213675213675216,0.1829059829059829,0.2788766788766789,0.26105006105006107,0.29914529914529914,0.17997557997557997,0.4004884004884005,0.46495726495726497,0.5968253968253968,0.0905982905982906,0.20122100122100123,0.07301587301587302,0.13357753357753357,0.8124542124542125,0.4405372405372405,0.23687423687423687,0.20341880341880342,0.12551892551892552,0.2857142857142857,0.2459096459096459,0.4627594627594628,0.7084249084249085,0.5941391941391941,0.6910866910866911,0.17435897435897435,0.19584859584859585,0.23272283272283273,0.5948717948717949,0.5389499389499389,0.4954822954822955,0.11697191697191697,0.16800976800976802,0.2398046398046398,0.12844932844932844,0.2691086691086691,0.09548229548229548,0.10354090354090355
0.5035409035409035,0.5421245421245421,0.1921855921855922,0.3235653235653236,0.2805860805860806,0.21294261294261294,0.2600732600732601,0.18632478632478633,0.4932844932844933,0.3435897435897436,0.44981684981684983,0.6676434676434676,0.12698412698412698,0.8322344322344323,0.15604395604395604,0.1308913308913309,0.17362637362637362,0.6105006105006106,0.5543345543345544,0.12722832722832722,0.10451770451770452,0.2490842490842491,0.22686202686202686,0.4874236874236874,0.3658119658119658,0.3032967032967033,0.1028083028083028,0.26544566544566545,0.5357753357753358,0.18852258852258852,0.08766788766788766,0.5787545787545788,0.21684981684981686,0.34114774114774116,0.5343101343101343,0.5538461538461539,0.12161172161172161,0.1426129426129426,0.12576312576312576,0.13015873015873017,0.22466422466422467,0.4158730158730159,0.3409035409035409,0.17606837606837608,0.26886446886446885,0.2512820512820513,0.29010989010989013,0.17313797313797313,0.43956043956043955,0.45445665445665445,0.5785103785103786,0.09157509157509157,0.1934065934065934,0.07252747252747253,0.14017094017094017,0.8261294261294261,0.4275946275946276,0.23321123321123322,0.19926739926739928,0.12307692307692308,0.31306471306471306,0.23565323565323565,0.4695970695970696,0.6964590964590964,0.5768009768009768,0.6761904761904762,0.17997557997557997,0.23247863247863249,0.22515262515262516,0.5787545787545788,0.5428571428571428,0.5111111111111111,0.11575091575091576,0.18803418803418803,0.23467643467643468,0.14114774114774115,0.2625152625152625,0.09401709401709402,0.10256410256410256
0.5213675213675214,0.5277167277167277,0.18705738705738706,0.31575091575091574,0.27277167277167275,0.2070818070818071,0.25103785103785103,0.1772893772893773,0.4918192918192918,0.33406593406593404,0.47863247863247865,0.6571428571428571,0.15775335775335775,0.8317460317460318,0.15115995115995115,0.14554334554334555,0.16727716727716727,0.591941391941392,0.575091575091575,0.12356532356532357,0.09987789987789988,0.2371184371184371,0.22026862026862026,0.47155067155067154,0.3540903540903541,0.29304029304029305,0.09914529914529914,0.2578754578754579,0.5518925518925519,0.2275946275946276,0.10695970695970695,0.5587301587301587,0.20732600732600734,0.32967032967032966,0.5201465201465202,0.5619047619047619,0.14285714285714285,0.136996336996337,0.12258852258852258,0.12673992673992673,0.26495726495726496,0.4039072039072039,0.3291819291819292,0.16923076923076924,0.2590964590964591,0.24346764346764346,0.28083028083028083,0.1663003663003663,0.4764346764346764,0.44590964590964594,0.5604395604395604,0.09474969474969475,0.1873015873015873,0.07228327228327229,0.1523809523809524,0.834920634920635,0.4158730158730159,0.23028083028083027,0.1943833943833944,0.12087912087912088,0.33943833943833945,0.22564102564102564,0.47448107448107446,0.6818070818070818,0.5611721611721612,0.6595848595848596,0.18583638583638584,0.2725274725274725,0.21782661782661783,0.5631257631257631,0.546031746031746,0.5242979242979243,0.11452991452991453,0.21465201465201464,0.22979242979242978,0.1619047619047619,0.2568986568986569,0.09157509157509157,0.1028083028083028
0.536996336996337,0.5137973137973137,0.18192918192918192,0.3086691086691087,0.26495726495726496,0.20073260073260074,0.24175824175824176,0.16923076923076924,0.4874236874236874,0.32576312576312577,0.5054945054945055,0.6432234432234433,0.19365079365079366,0.8278388278388278,0.14774114774114774,0.1663003663003663,0.15995115995115994,0.5728937728937729,0.5929181929181929,0.1199023199023199,0.09694749694749695,0.22735042735042735,0.21294261294261294,0.45665445665445664,0.3423687423687424,0.28253968253968254,0.0971916971916972,0.24932844932844933,0.566056166056166,0.2703296703296703,0.13162393162393163,0.5389499389499389,0.19829059829059828,0.3199023199023199,0.5047619047619047,0.5682539682539682,0.16923076923076924,0.13162393162393163,0.11965811965811966,0.12307692307692308,0.30793650793650795,0.3924297924297924,0.3177045177045177,0.16263736263736264,0.24932844932844933,0.23663003663003662,0.272039072039072,0.15946275946275945,0.5106227106227106,0.4315018315018315,0.5431013431013431,0.10183150183150183,0.18217338217338216,0.07203907203907203,0.17045177045177046,0.8400488400488401,0.4056166056166056,0.22661782661782662,0.18876678876678876,0.11843711843711843,0.36385836385836384,0.21587301587301588,0.4776556776556777,0.6652014652014652,0.5452991452991452,0.6407814407814408,0.19365079365079366,0.3145299145299145,0.21245421245421245,0.5474969474969476,0.5474969474969476,0.5340659340659341,0.1137973137973138,0.2468864468864469,0.2253968253968254,0.18608058608058609,0.25054945054945055,0.08888888888888889,0.10525030525030525
0.5504273504273505,0.5008547008547009,0.17802197802197803,0.3006105006105006,0.2564102564102564,0.19462759462759463,0.23272283272283273,0.16214896214896216,0.48083028083028084,0.3181929181929182,0.5301587301587302,0.6271062271062271,0.2341880341880342,0.8205128205128205,0.14481074481074482,0.1921855921855922,0.15286935286935288,0.5543345543345544,0.6083028083028083,0.11672771672771673,0.09621489621489622,0.2188034188034188,0.2056166056166056,0.44175824175824174,0.3308913308913309,0.27277167277167275,0.09597069597069598,0.2407814407814408,0.5777777777777777,0.3142857142857143,0.16166056166056167,0.5199023199023199,0.18925518925518925,0.3108669108669109,0.4891330891330891,0.5724053724053724,0.2,0.11892551892551892,0.11672771672771673,0.11941391941391942,0.35213675213675216,0.3811965811965812,0.30622710622710625,0.15653235653235653,0.24126984126984127,0.22857142857142856,0.263980463980464,0.15262515262515264,0.5416361416361416,0.4141636141636142,0.5264957264957265,0.11257631257631258,0.17655677655677657,0.07179487179487179,0.19487179487179487,0.841025641025641,0.3968253968253968,0.22197802197802197,0.18315018315018314,0.115995115995116,0.3860805860805861,0.2061050061050061,0.4783882783882784,0.6483516483516484,0.5294261294261294,0.6217338217338217,0.2083028083028083,0.3562881562881563,0.20757020757020758,0.5308913308913309,0.5472527472527473,0.5406593406593406,0.11306471306471307,0.28376068376068375,0.221001221001221,0.21587301587301588,0.24395604395604395,0.08693528693528693,0.11037851037851037
0.5614163614163614,0.4896214896214896,0.17509157509157508,0.2923076923076923,0.24810744810744811,0.18876678876678876,0.22417582417582418,0.15604395604395604,0.473015873015873,0.3094017094017094,0.5523809523809524,0.6092796092796092,0.2774114774114774,0.81001221001221,0.1409035409035409,0.2231990231990232,0.1457875457875458,0.5365079365079365,0.621001221001221,0.11330891330891331,0.09914529914529914,0.2087912087912088,0.1978021978021978,0.4275946275946276,0.31965811965811963,0.26495726495726496,0.09401709401709402,0.23247863247863249,0.5863247863247864,0.357997557997558,0.19511599511599512,0.5010989010989011,0.1824175824175824,0.3013431013431013,0.47374847374847373,0.5738705738705738,0.2336996336996337,0.1028083028083028,0.11452991452991453,0.11575091575091576,0.3951159951159951,0.36996336996337,0.294993894993895,0.15213675213675212,0.23443223443223443,0.2205128205128205,0.25665445665445663,0.14627594627594628,0.5697191697191697,0.40195360195360197,0.512087912087912,0.1282051282051282,0.1706959706959707,0.07106227106227106,0.22564102564102564,0.8388278388278388,0.3894993894993895,0.2175824175824176,0.17777777777777778,0.1137973137973138,0.4056166056166056,0.19706959706959706,0.4776556776556777,0.6307692307692307,0.5145299145299145,0.6021978021978022,0.2275946275946276,0.3912087912087912,0.20195360195360196,0.5145299145299145,0.5448107448107448,0.5445665445665445,0.11257631257631258,0.3230769230769231,0.2175824175824176,0.2568986568986569,0.23785103785103784,0.08595848595848596,0.11965811965811966
0.5697191697191697,0.4793650793650794,0.1711843711843712,0.2844932844932845,0.2398046398046398,0.18315018315018314,0.21587301587301588,0.15042735042735042,0.4468864468864469,0.3006105006105006,0.5721611721611721,0.5907203907203907,0.3213675213675214,0.7973137973137974,0.13675213675213677,0.2576312576312576,0.1387057387057387,0.5199023199023199,0.6315018315018315,0.11013431013431013,0.10622710622710622,0.19853479853479852,0.19047619047619047,0.4134310134310134,0.3098901098901099,0.25811965811965815,0.09133089133089133,0.22442002442002443,0.5921855921855922,0.40024420024420027,0.23125763125763127,0.48473748473748474,0.17655677655677657,0.29084249084249086,0.45885225885225883,0.5724053724053724,0.26837606837606837,0.09255189255189256,0.11330891330891331,0.11257631257631258,0.43614163614163615,0.35873015873015873,0.28376068376068375,0.14847374847374847,0.22686202686202686,0.21294261294261294,0.24981684981684982,0.13968253968253969,0.5951159951159951,0.39267399267399267,0.4989010989010989,0.15213675213675212,0.1645909645909646,0.07057387057387057,0.2612942612942613,0.8322344322344323,0.3819291819291819,0.21343101343101342,0.1724053724053724,0.11135531135531136,0.4222222222222222,0.18803418803418803,0.47496947496947495,0.611965811965812,0.49963369963369964,0.582905982905983,0.25006105006105006,0.42173382173382173,0.1960927960927961,0.4981684981684982,0.5399267399267399,0.5448107448107448,0.11184371184371185,0.35824175824175825,0.2148962148962149,0.3064713064713065,0.23174603174603176,0.08742368742368742,0.1330891330891331
0.5741147741147741,0.46813186813186813,0.1675213675213675,0.27643467643467645,0.23174603174603176,0.17753357753357754,0.2083028083028083,0.14652014652014653,0.41098901098901097,0.29181929181929184,0.5894993894993895,0.5716727716727716,0.3597069597069597,0.7824175824175824,0.13235653235653236,0.29352869352869354,0.13211233211233211,0.5035409035409035,0.639072039072039,0.10818070818070818,0.11868131868131868,0.18852258852258852,0.18339438339438338,0.3992673992673993,0.30085470085470084,0.2507936507936508,0.08864468864468865,0.2170940170940171,0.5948717948717949,0.4398046398046398,0.26837606837606837,0.4695970695970696,0.16947496947496948,0.2805860805860806,0.44517704517704515,0.5682539682539682,0.30305250305250303,0.08571428571428572,0.1115995115995116,0.10964590964590964,0.47448107448107446,0.3474969474969475,0.27472527472527475,0.14407814407814407,0.2188034188034188,0.2056166056166056,0.2437118437118437,0.13382173382173382,0.6173382173382174,0.3807081807081807,0.4852258852258852,0.18437118437118438,0.15848595848595848,0.07008547008547009,0.29523809523809524,0.8227106227106227,0.3741147741147741,0.20903540903540904,0.16776556776556775,0.10989010989010989,0.4363858363858364,0.18144078144078143,0.4708180708180708,0.5921855921855922,0.4852258852258852,0.5645909645909646,0.2744810744810745,0.45323565323565324,0.19023199023199022,0.48253968253968255,0.5328449328449328,0.5416361416361416,0.11135531135531136,0.3904761904761905,0.21196581196581196,0.3614163614163614,0.2258852258852259,0.09304029304029304,0.15189255189255188
0.5755799755799755,0.4568986568986569,0.16361416361416362,0.26886446886446885,0.22393162393162394,0.17216117216117216,0.20073260073260074,0.14358974358974358,0.3882783882783883,0.28327228327228327,0.6041514041514041,0.5531135531135531,0.39438339438339437,0.7648351648351648,0.12747252747252746,0.33015873015873015,0.12527472527472527,0.48815628815628814,0.6437118437118438,0.10695970695970695,0.13772893772893774,0.1794871794871795,0.1768009768009768,0.3851037851037851,0.29084249084249086,0.24273504273504273,0.08595848595848596,0.21001221001221002,0.5941391941391941,0.4757020757020757,0.3006105006105006,0.4542124542124542,0.16214896214896216,0.2698412698412698,0.43174603174603177,0.5614163614163614,0.33650793650793653,0.0822954822954823,0.10866910866910867,0.10671550671550671,0.5096459096459096,0.3367521367521368,0.26666666666666666,0.1391941391941392,0.210989010989011,0.19829059829059828,0.23809523809523808,0.1282051282051282,0.6366300366300366,0.3677655677655678,0.47155067155067154,0.22442002442002443,0.15286935286935288,0.0695970695970696,0.32844932844932845,0.810989010989011,0.3663003663003663,0.20488400488400488,0.16336996336996337,0.11013431013431013,0.4481074481074481,0.17582417582417584,0.4652014652014652,0.5726495726495726,0.47106227106227105,0.5472527472527473,0.29914529914529914,0.48376068376068376,0.18437118437118438,0.4673992673992674,0.5233211233211233,0.5355311355311355,0.11135531135531136,0.42466422466422465,0.2087912087912088,0.41904761904761906,0.22026862026862026,0.10354090354090355,0.1746031746031746
0.5753357753357753,0.4456654456654457,0.1597069597069597,0.26105006105006107,0.21611721611721613,0.1675213675213675,0.19511599511599512,0.14017094017094017,0.37216117216117217,0.27472527472527475,0.6163614163614164,0.5365079365079365,0.4307692307692308,0.7452991452991453,0.12307692307692308,0.3658119658119658,0.11868131868131868,0.473015873015873,0.6446886446886447,0.10476190476190476,0.16336996336996337,0.1724053724053724,0.1706959706959707,0.3711843711843712,0.28034188034188035,0.23467643467643468,0.08327228327228327,0.20317460317460317,0.58998778998779,0.5045177045177045,0.3299145299145299,0.4388278388278388,0.15433455433455434,0.2595848595848596,0.41904761904761906,0.5518925518925519,0.36434676434676433,0.0822954822954823,0.10671550671550671,0.10402930402930403,0.5418803418803418,0.326007326007326,0.2576312576312576,0.1343101343101343,0.20293040293040293,0.19096459096459095,0.23247863247863249,0.12283272283272283,0.6532356532356532,0.35873015873015873,0.4581196581196581,0.2708180708180708,0.14725274725274726,0.07081807081807082,0.3665445665445665,0.7968253968253968,0.3584859584859585,0.20073260073260074,0.1592185592185592,0.11330891330891331,0.4554334554334554,0.16923076923076924,0.45836385836385835,0.5533577533577534,0.4568986568986569,0.5313797313797314,0.32332112332112334,0.5115995115995116,0.17826617826617827,0.45323565323565324,0.5123321123321123,0.5257631257631258,0.11233211233211234,0.45787545787545786,0.2056166056166056,0.4764346764346764,0.21465201465201464,0.12014652014652015,0.20122100122100123
0.5724053724053724,0.43443223443223444,0.1562881562881563,0.2537240537240537,0.20854700854700856,0.16312576312576313,0.19047619047619047,0.136996336996337,0.35946275946275946,0.26666666666666666,0.6236874236874237,0.5213675213675214,0.46715506715506716,0.7247863247863248,0.11892551892551892,0.4,0.11257631257631258,0.46007326007326005,0.6427350427350428,0.10305250305250305,0.19511599511599512,0.16800976800976802,0.16483516483516483,0.35775335775335776,0.2695970695970696,0.2271062271062271,0.08083028083028083,0.19658119658119658,0.5826617826617827,0.527960927960928,0.3601953601953602,0.42344322344322344,0.147008547008547,0.24932844932844933,0.4070818070818071,0.5401709401709401,0.3887667887667888,0.0844932844932845,0.10451770451770452,0.10134310134310134,0.5711843711843712,0.31697191697191696,0.24786324786324787,0.12942612942612944,0.19511599511599512,0.18485958485958487,0.22686202686202686,0.11794871794871795,0.6644688644688644,0.35213675213675216,0.44468864468864466,0.3218559218559219,0.14212454212454212,0.07423687423687424,0.4056166056166056,0.77997557997558,0.35067155067155065,0.19658119658119658,0.15506715506715507,0.12112332112332112,0.46007326007326005,0.1623931623931624,0.45006105006105007,0.535042735042735,0.4427350427350427,0.5162393162393163,0.3435897435897436,0.5362637362637362,0.17264957264957265,0.4398046398046398,0.5003663003663004,0.5145299145299145,0.1137973137973138,0.4884004884004884,0.2021978021978022,0.5313797313797314,0.20976800976800977,0.14334554334554334,0.22612942612942613
0.5667887667887668,0.4231990231990232,0.15335775335775337,0.24664224664224665,0.20122100122100123,0.15995115995115994,0.1851037851037851,0.13382173382173382,0.3492063492063492,0.2590964590964591,0.6275946275946276,0.505982905982906,0.5015873015873016,0.7032967032967034,0.11575091575091576,0.43174603174603177,0.10695970695970695,0.4481074481074481,0.6388278388278388,0.10305250305250305,0.23223443223443224,0.1675213675213675,0.15946275946275945,0.3443223443223443,0.25934065934065936,0.21953601953601953,0.07863247863247863,0.19023199023199022,0.5736263736263736,0.5518925518925519,0.38974358974358975,0.40854700854700854,0.13992673992673993,0.23931623931623933,0.3951159951159951,0.5277167277167277,0.41367521367521365,0.09035409035409035,0.10256410256410256,0.09914529914529914,0.5936507936507937,0.30915750915750917,0.23833943833943835,0.12454212454212454,0.18754578754578755,0.17997557997557997,0.22148962148962148,0.11452991452991453,0.6717948717948717,0.3440781440781441,0.43174603174603177,0.37533577533577533,0.13724053724053725,0.07985347985347985,0.4432234432234432,0.7606837606837606,0.3423687423687424,0.19267399267399268,0.1509157509157509,0.13211233211233211,0.463980463980464,0.15555555555555556,0.4402930402930403,0.5174603174603175,0.4288156288156288,0.5020757020757021,0.3606837606837607,0.5582417582417583,0.16727716727716727,0.42686202686202684,0.4869352869352869,0.5020757020757021,0.11721611721611722,0.5162393162393163,0.199023199023199,0.5824175824175825,0.20488400488400488,0.17264957264957265,0.2507936507936508
0.558974358974359,0.41196581196581195,0.15115995115995115,0.2398046398046398,0.19413919413919414,0.157997557997558,0.1794871794871795,0.13015873015873017,0.33992673992673994,0.252014652014652,0.6302808302808303,0.4908424908424908,0.5330891330891331,0.6813186813186813,0.11404151404151404,0.4610500610500611,0.10305250305250305,0.4354090354090354,0.6322344322344322,0.10598290598290598,0.27228327228327226,0.1711843711843712,0.15433455433455434,0.33308913308913307,0.24932844932844933,0.21196581196581196,0.07643467643467644,0.1838827838827839,0.5626373626373626,0.5741147741147741,0.41733821733821735,0.3934065934065934,0.13357753357753357,0.22954822954822954,0.3833943833943834,0.5147741147741147,0.43785103785103785,0.10158730158730159,0.10061050061050061,0.09768009768009768,0.6117216117216118,0.3006105006105006,0.2288156288156288,0.1199023199023199,0.17997557997557997,0.17655677655677657,0.21611721611721613,0.11233211233211234,0.6786324786324787,0.33601953601953605,0.41904761904761906,0.4288156288156288,0.12698412698412698,0.09084249084249084,0.47912087912087914,0.73992673992674,0.3338217338217338,0.18852258852258852,0.14822954822954823,0.14725274725274726,0.46593406593406594,0.14896214896214896,0.4297924297924298,0.5006105006105006,0.4148962148962149,0.48986568986568985,0.37826617826617825,0.5768009768009768,0.1619047619047619,0.41440781440781443,0.47448107448107446,0.4869352869352869,0.12405372405372406,0.5404151404151404,0.19584859584859585,0.6285714285714286,0.2004884004884005,0.2026862026862027,0.27814407814407816
0.548962148962149,0.40073260073260075,0.15067155067155066,0.2336996336996337,0.18876678876678876,0.15506715506715507,0.1746031746031746,0.12673992673992673,0.33186813186813185,0.24493284493284492,0.6305250305250305,0.47619047619047616,0.5616605616605617,0.6598290598290598,0.11452991452991453,0.48766788766788766,0.10036630036630037,0.421978021978022,0.6234432234432234,0.11330891330891331,0.31404151404151404,0.18021978021978022,0.1496947496947497,0.3230769230769231,0.23931623931623933,0.20488400488400488,0.07472527472527472,0.17802197802197803,0.5492063492063493,0.5938949938949939,0.442002442002442,0.378998778998779,0.12698412698412698,0.22002442002442002,0.37191697191697193,0.5003663003663004,0.4608058608058608,0.11892551892551892,0.09914529914529914,0.09841269841269841,0.6305250305250305,0.2920634920634921,0.21978021978021978,0.11550671550671551,0.1724053724053724,0.17606837606837608,0.21196581196581196,0.10891330891330891,0.6835164835164835,0.3282051282051282,0.4061050061050061,0.48083028083028084,0.1137973137973138,0.11013431013431013,0.5115995115995116,0.7177045177045177,0.3247863247863248,0.18437118437118438,0.14627594627594628,0.16971916971916973,0.46642246642246643,0.1426129426129426,0.4188034188034188,0.48424908424908425,0.400976800976801,0.47863247863247865,0.39487179487179486,0.5924297924297924,0.15677655677655677,0.4021978021978022,0.46251526251526254,0.4700854700854701,0.1347985347985348,0.5614163614163614,0.19267399267399268,0.6691086691086691,0.1960927960927961,0.2336996336996337,0.30622710622710625
0.536996336996337,0.38974358974358975,0.1523809523809524,0.2288156288156288,0.1838827838827839,0.15189255189255188,0.17045177045177046,0.12307692307692308,0.32454212454212455,0.23809523809523808,0.6275946275946276,0.46153846153846156,0.5873015873015873,0.639072039072039,0.11819291819291819,0.5086691086691086,0.09645909645909646,0.409035409035409,0.611965811965812,0.12673992673992673,0.35555555555555557,0.1943833943833944,0.14676434676434677,0.29816849816849816,0.22954822954822954,0.1978021978021978,0.07301587301587302,0.17387057387057386,0.5340659340659341,0.610989010989011,0.46422466422466424,0.3648351648351648,0.12087912087912088,0.210989010989011,0.36214896214896214,0.484981684981685,0.4810744810744811,0.1426129426129426,0.09816849816849817,0.10134310134310134,0.6485958485958486,0.2847374847374847,0.210989010989011,0.11135531135531136,0.16532356532356532,0.17924297924297924,0.20854700854700856,0.10573870573870574,0.6854700854700855,0.3177045177045177,0.3934065934065934,0.5294261294261294,0.10476190476190476,0.13943833943833944,0.5401709401709401,0.694993894993895,0.315995115995116,0.18095238095238095,0.14334554334554334,0.19877899877899877,0.46422466422466424,0.1365079365079365,0.4073260073260073,0.4691086691086691,0.389010989010989,0.4669108669108669,0.4095238095238095,0.6051282051282051,0.15213675213675212,0.3916971916971917,0.44981684981684983,0.45274725274725275,0.14993894993894993,0.5794871794871795,0.18925518925518925,0.705006105006105,0.19291819291819293,0.2708180708180708,0.33308913308913307
0.5230769230769231,0.378998778998779,0.15702075702075702,0.22515262515262516,0.17826617826617827,0.14847374847374847,0.16800976800976802,0.11965811965811966,0.3177045177045177,0.2315018315018315,0.621978021978022,0.4473748473748474,0.6095238095238096,0.6192918192918193,0.1242979242979243,0.5252747252747253,0.09255189255189256,0.39584859584859583,0.598046398046398,0.14652014652014653,0.39584859584859583,0.2105006105006105,0.1443223443223443,0.26764346764346764,0.22002442002442002,0.19096459096459095,0.07228327228327229,0.17045177045177046,0.5174603174603175,0.6251526251526252,0.4832722832722833,0.3509157509157509,0.11526251526251527,0.20366300366300366,0.3528693528693529,0.4695970695970696,0.49963369963369964,0.17216117216117216,0.0971916971916972,0.10695970695970695,0.6647130647130647,0.2788766788766789,0.2021978021978022,0.1072039072039072,0.15824175824175823,0.18583638583638584,0.20415140415140415,0.10207570207570207,0.6842490842490843,0.306959706959707,0.3807081807081807,0.5741147741147741,0.09987789987789988,0.1794871794871795,0.5653235653235653,0.6722832722832723,0.3072039072039072,0.17875457875457876,0.13968253968253969,0.2336996336996337,0.4603174603174603,0.13015873015873017,0.3960927960927961,0.4542124542124542,0.37777777777777777,0.4547008547008547,0.4222222222222222,0.6153846153846154,0.14725274725274726,0.3811965811965812,0.4368742368742369,0.4354090354090354,0.1706959706959707,0.5941391941391941,0.18608058608058609,0.7362637362637363,0.19047619047619047,0.31062271062271063,0.357997557997558
0.5079365079365079,0.36800976800976803,0.1641025641025641,0.2205128205128205,0.1724053724053724,0.14554334554334555,0.16825396825396827,0.11575091575091576,0.3115995115995116,0.22661782661782662,0.6134310134310135,0.4332112332112332,0.6288156288156288,0.6007326007326007,0.13382173382173382,0.5421245421245421,0.0884004884004884,0.38266178266178263,0.5821733821733822,0.17264957264957265,0.43394383394383396,0.22905982905982905,0.14114774114774115,0.2485958485958486,0.210989010989011,0.18461538461538463,0.07228327228327229,0.16605616605616605,0.5003663003663004,0.6361416361416361,0.49914529914529915,0.33724053724053726,0.10989010989010989,0.1978021978021978,0.34285714285714286,0.45445665445665445,0.5162393162393163,0.20683760683760682,0.09645909645909646,0.11697191697191697,0.6788766788766789,0.2754578754578755,0.19413919413919414,0.10354090354090355,0.15286935286935288,0.1960927960927961,0.19926739926739928,0.09865689865689865,0.6796092796092796,0.29743589743589743,0.3682539682539683,0.6092796092796092,0.09621489621489622,0.23076923076923078,0.5870573870573871,0.6498168498168498,0.2993894993894994,0.17533577533577532,0.13577533577533576,0.27277167277167275,0.4542124542124542,0.1242979242979243,0.3848595848595849,0.44126984126984126,0.36556776556776555,0.4427350427350427,0.432967032967033,0.6068376068376068,0.14407814407814407,0.37045177045177047,0.42417582417582417,0.4183150183150183,0.19633699633699633,0.6063492063492063,0.18315018315018314,0.7589743589743589,0.18754578754578755,0.35067155067155065,0.3797313797313797
0.49206349206349204,0.3572649572649573,0.17387057387057386,0.21611721611721613,0.16654456654456654,0.1426129426129426,0.17191697191697192,0.11184371184371185,0.3052503052503053,0.22197802197802197,0.6021978021978022,0.4192918192918193,0.6444444444444445,0.582905982905983,0.147985347985348,0.5582417582417583,0.08424908424908426,0.36971916971916974,0.5643467643467643,0.20537240537240536,0.46935286935286935,0.252991452991453,0.13772893772893774,0.23565323565323565,0.2021978021978022,0.1794871794871795,0.07155067155067155,0.16092796092796094,0.4835164835164835,0.6442002442002442,0.5118437118437118,0.3235653235653236,0.10671550671550671,0.19096459096459095,0.3326007326007326,0.44004884004884004,0.5306471306471306,0.24517704517704517,0.0971916971916972,0.1326007326007326,0.6908424908424908,0.2761904761904762,0.18632478632478633,0.10036630036630037,0.14896214896214896,0.21147741147741148,0.1943833943833944,0.09499389499389499,0.6717948717948717,0.2886446886446886,0.35653235653235654,0.6376068376068376,0.09206349206349207,0.2905982905982906,0.6056166056166056,0.6280830280830281,0.2923076923076923,0.17191697191697192,0.13211233211233211,0.315018315018315,0.4461538461538462,0.11843711843711843,0.37362637362637363,0.42905982905982903,0.3528693528693529,0.43052503052503055,0.4415140415140415,0.5863247863247864,0.1413919413919414,0.3592185592185592,0.4117216117216117,0.4017094017094017,0.22612942612942613,0.6153846153846154,0.18144078144078143,0.7760683760683761,0.18437118437118438,0.389010989010989,0.39829059829059826
0.4757020757020757,0.3482295482295482,0.18803418803418803,0.21172161172161172,0.16092796092796094,0.13968253968253969,0.1838827838827839,0.10842490842490843,0.3001221001221001,0.2170940170940171,0.5885225885225885,0.4056166056166056,0.6571428571428571,0.5667887667887668,0.16654456654456654,0.5724053724053724,0.0800976800976801,0.35702075702075703,0.5457875457875457,0.2424908424908425,0.4976800976800977,0.2800976800976801,0.13406593406593406,0.22564102564102564,0.1943833943833944,0.17509157509157508,0.07032967032967033,0.15555555555555556,0.46715506715506716,0.6490842490842491,0.5213675213675214,0.3103785103785104,0.10427350427350428,0.18437118437118438,0.3221001221001221,0.42588522588522587,0.5426129426129426,0.2852258852258852,0.09865689865689865,0.15482295482295483,0.7001221001221001,0.2810744810744811,0.178998778998779,0.0989010989010989,0.14358974358974358,0.23125763125763127,0.189010989010989,0.09206349206349207,0.661050061050061,0.2822954822954823,0.3465201465201465,0.6666666666666666,0.0884004884004884,0.3567765567765568,0.621001221001221,0.6092796092796092,0.2844932844932845,0.16874236874236875,0.12844932844932844,0.3584859584859585,0.4368742368742369,0.11282051282051282,0.36385836385836384,0.4163614163614164,0.3401709401709402,0.4183150183150183,0.44761904761904764,0.5746031746031746,0.13821733821733823,0.34798534798534797,0.4,0.3860805860805861,0.2590964590964591,0.621978021978022,0.18021978021978022,0.7936507936507936,0.18095238095238095,0.4244200244200244,0.4141636141636142
0.46153846153846156,0.33992673992673994,0.20586080586080585,0.20732600732600734,0.15531135531135531,0.136996336996337,0.19829059829059828,0.10622710622710622,0.29523809523809524,0.21172161172161172,0.5736263736263736,0.39194139194139194,0.6647130647130647,0.5516483516483517,0.18925518925518925,0.5848595848595849,0.0761904761904762,0.34456654456654456,0.5264957264957265,0.2778998778998779,0.5213675213675214,0.30793650793650795,0.1308913308913309,0.21733821733821734,0.1877899877899878,0.1702075702075702,0.0695970695970696,0.15042735042735042,0.4517704517704518,0.6505494505494506,0.5274725274725275,0.29914529914529914,0.10061050061050061,0.17753357753357754,0.3115995115995116,0.4126984126984127,0.5518925518925519,0.32576312576312577,0.0989010989010989,0.18339438339438338,0.7067155067155068,0.29084249084249086,0.17191697191697192,0.09914529914529914,0.13797313797313798,0.25518925518925517,0.18363858363858365,0.09035409035409035,0.6471306471306472,0.27643467643467645,0.33724053724053726,0.6937728937728938,0.08522588522588523,0.42588522588522587,0.6336996336996337,0.5921855921855922,0.2761904761904762,0.16532356532356532,0.12527472527472527,0.4014652014652015,0.42588522588522587,0.10744810744810745,0.3553113553113553,0.4031746031746032,0.3274725274725275,0.4061050061050061,0.45152625152625153,0.568009768009768,0.1343101343101343,0.3367521367521368,0.389010989010989,0.3711843711843712,0.29304029304029305,0.6246642246642247,0.17802197802197803,0.8092796092796093,0.17753357753357754,0.45665445665445664,0.42686202686202684
0.44835164835164837,0.3308913308913309,0.22612942612942613,0.20317460317460317,0.14993894993894993,0.1343101343101343,0.210989010989011,0.10476190476190476,0.2903540903540904,0.20683760683760682,0.557997557997558,0.378021978021978,0.6686202686202686,0.536019536019536,0.2153846153846154,0.5948717948717949,0.07252747252747253,0.33284493284493283,0.5074481074481074,0.3120879120879121,0.5452991452991452,0.33577533577533575,0.1282051282051282,0.21001221001221002,0.1824175824175824,0.1645909645909646,0.07106227106227106,0.14505494505494507,0.43736263736263736,0.6488400488400489,0.5301587301587302,0.2893772893772894,0.0971916971916972,0.17094017094017094,0.30085470085470084,0.4,0.5584859584859585,0.3606837606837607,0.09816849816849817,0.21733821733821734,0.7098901098901099,0.3052503052503053,0.16678876678876678,0.10036630036630037,0.13235653235653236,0.2822954822954823,0.17826617826617827,0.0905982905982906,0.6307692307692307,0.26886446886446885,0.32722832722832723,0.717948717948718,0.08473748473748474,0.49474969474969477,0.642002442002442,0.5746031746031746,0.2678876678876679,0.16214896214896216,0.12234432234432234,0.4427350427350427,0.4141636141636142,0.10402930402930403,0.346031746031746,0.38925518925518926,0.3155067155067155,0.39365079365079364,0.452991452991453,0.5616605616605617,0.13064713064713065,0.32576312576312577,0.37826617826617825,0.35775335775335776,0.326984126984127,0.6246642246642247,0.17582417582417584,0.8224664224664224,0.17387057387057386,0.48473748473748474,0.4368742368742369
0.43492063492063493,0.32161172161172163,0.2490842490842491,0.199023199023199,0.14481074481074482,0.13137973137973138,0.22905982905982905,0.10256410256410256,0.28498168498168497,0.20170940170940171,0.5418803418803418,0.3658119658119658,0.6713064713064713,0.5203907203907204,0.24346764346764346,0.6021978021978022,0.06935286935286936,0.32161172161172163,0.49035409035409033,0.3509157509157509,0.568009768009768,0.36214896214896214,0.12698412698412698,0.20293040293040293,0.17655677655677657,0.15897435897435896,0.07594627594627594,0.13992673992673993,0.4236874236874237,0.6432234432234433,0.5294261294261294,0.2783882783882784,0.09352869352869353,0.16483516483516483,0.2903540903540904,0.38803418803418804,0.5619047619047619,0.3916971916971917,0.09621489621489622,0.25616605616605614,0.7098901098901099,0.32454212454212455,0.16263736263736264,0.10451770451770452,0.12673992673992673,0.3108669108669109,0.17264957264957265,0.09426129426129426,0.6126984126984127,0.2608058608058608,0.31697191697191696,0.738949938949939,0.08742368742368742,0.5523809523809524,0.6471306471306472,0.5572649572649573,0.2595848595848596,0.1592185592185592,0.11965811965811966,0.4810744810744811,0.40244200244200246,0.10158730158730159,0.33724053724053726,0.3755799755799756,0.3032967032967033,0.3819291819291819,0.45274725274725275,0.5545787545787546,0.12673992673992673,0.31477411477411477,0.3682539682539683,0.3452991452991453,0.3553113553113553,0.6231990231990232,0.17362637362637362,0.8334554334554335,0.1706959706959707,0.5089133089133089,0.4442002442002442
0.4222222222222222,0.3120879120879121,0.27326007326007323,0.19487179487179487,0.13943833943833944,0.12844932844932844,0.24835164835164836,0.09963369963369964,0.27936507936507937,0.19706959706959706,0.5262515262515263,0.3550671550671551,0.6713064713064713,0.5045177045177045,0.272039072039072,0.6073260073260073,0.06642246642246642,0.31062271062271063,0.4742368742368742,0.3904761904761905,0.5885225885225885,0.3860805860805861,0.12796092796092795,0.19633699633699633,0.1706959706959707,0.15335775335775337,0.08595848595848596,0.1347985347985348,0.41098901098901097,0.6349206349206349,0.5264957264957265,0.2669108669108669,0.09035409035409035,0.15897435897435896,0.2796092796092796,0.37655677655677655,0.5623931623931624,0.42466422466422465,0.09548229548229548,0.29743589743589743,0.7067155067155068,0.3443223443223443,0.157997557997558,0.11282051282051282,0.12136752136752137,0.3401709401709402,0.1675213675213675,0.1028083028083028,0.5953601953601954,0.252991452991453,0.30622710622710625,0.757020757020757,0.09474969474969475,0.6017094017094017,0.6515262515262515,0.5401709401709401,0.2515262515262515,0.15653235653235653,0.11697191697191697,0.5164835164835165,0.3916971916971917,0.09841269841269841,0.32844932844932845,0.36214896214896214,0.2915750915750916,0.37045177045177047,0.45006105006105007,0.5457875457875457,0.12307692307692308,0.30378510378510376,0.3584859584859585,0.33528693528693526,0.3797313797313797,0.6192918192918193,0.1711843711843712,0.841025641025641,0.1675213675213675,0.528937728937729,0.4485958485958486
0.41025641025641024,0.3028083028083028,0.2976800976800977,0.1907203907203907,0.1343101343101343,0.12576312576312576,0.26837606837606837,0.09621489621489622,0.27350427350427353,0.19267399267399268,0.5123321123321123,0.34285714285714286,0.6683760683760683,0.4884004884004884,0.3006105006105006,0.6092796092796092,0.06373626373626373,0.30158730158730157,0.4581196581196581,0.4288156288156288,0.6065934065934065,0.4070818070818071,0.13211233211233211,0.19023199023199022,0.16483516483516483,0.14774114774114774,0.1028083028083028,0.12967032967032968,0.3987789987789988,0.6244200244200244,0.5203907203907204,0.25567765567765566,0.08717948717948718,0.15384615384615385,0.2695970695970696,0.36507936507936506,0.5597069597069597,0.45738705738705737,0.09548229548229548,0.3396825396825397,0.6998778998778998,0.36507936507936506,0.15335775335775337,0.12673992673992673,0.11648351648351649,0.3684981684981685,0.16214896214896216,0.11721611721611722,0.5782661782661783,0.24566544566544565,0.295970695970696,0.7716727716727717,0.1076923076923077,0.652014652014652,0.6547008547008547,0.5233211233211233,0.24395604395604395,0.15384615384615385,0.11428571428571428,0.5443223443223443,0.37997557997557996,0.09474969474969475,0.3199023199023199,0.3482295482295482,0.28034188034188035,0.3592185592185592,0.44590964590964594,0.535042735042735,0.1199023199023199,0.29304029304029305,0.3492063492063492,0.32625152625152626,0.4048840048840049,0.6131868131868132,0.168986568986569,0.8459096459096459,0.16507936507936508,0.5455433455433455,0.4503052503052503
0.39829059829059826,0.2932844932844933,0.3221001221001221,0.18656898656898657,0.12991452991452992,0.1242979242979243,0.2923076923076923,0.09328449328449329,0.2673992673992674,0.18534798534798536,0.49963369963369964,0.3304029304029304,0.6625152625152625,0.47277167277167276,0.32844932844932845,0.608058608058608,0.06324786324786325,0.29352869352869354,0.442002442002442,0.46495726495726497,0.6217338217338217,0.4249084249084249,0.14017094017094017,0.1851037851037851,0.1592185592185592,0.14212454212454212,0.12747252747252746,0.12503052503052503,0.38803418803418804,0.6107448107448108,0.5111111111111111,0.24444444444444444,0.0844932844932845,0.1492063492063492,0.25982905982905985,0.3553113553113553,0.5548229548229549,0.4888888888888889,0.09841269841269841,0.3811965811965812,0.6905982905982906,0.38974358974358975,0.14822954822954823,0.147008547008547,0.1115995115995116,0.39584859584859583,0.15702075702075702,0.13504273504273503,0.55995115995116,0.2385836385836386,0.28595848595848594,0.7831501831501831,0.12747252747252746,0.6998778998778998,0.6561660561660562,0.5069597069597069,0.23663003663003662,0.15115995115995115,0.11135531135531136,0.5667887667887668,0.3682539682539683,0.09084249084249084,0.31135531135531136,0.33455433455433453,0.2695970695970696,0.3474969474969475,0.4402930402930403,0.5223443223443224,0.11697191697191697,0.28205128205128205,0.3396825396825397,0.3172161172161172,0.4283272283272283,0.6039072039072039,0.16654456654456654,0.8473748473748474,0.1641025641025641,0.5584859584859585,0.45103785103785105
0.3868131868131868,0.28376068376068375,0.346031746031746,0.1824175824175824,0.12673992673992673,0.12380952380952381,0.31868131868131866,0.09010989010989011,0.2612942612942613,0.17655677655677657,0.4866910866910867,0.3177045177045177,0.6534798534798535,0.4568986568986569,0.35433455433455435,0.6039072039072039,0.06324786324786325,0.2847374847374847,0.42637362637362636,0.4981684981684982,0.6336996336996337,0.4398046398046398,0.15335775335775337,0.18095238095238095,0.15384615384615385,0.136996336996337,0.16043956043956045,0.1203907203907204,0.378021978021978,0.5943833943833944,0.49963369963369964,0.23394383394383395,0.08278388278388278,0.14481074481074482,0.25054945054945055,0.3465201465201465,0.5474969474969476,0.517948717948718,0.10329670329670329,0.4163614163614164,0.6786324786324787,0.4163614163614164,0.14358974358974358,0.17387057387057386,0.10744810744810745,0.42124542124542125,0.1536019536019536,0.15677655677655677,0.5416361416361416,0.2336996336996337,0.2761904761904762,0.7916971916971917,0.15433455433455434,0.7428571428571429,0.6554334554334554,0.4913308913308913,0.22905982905982905,0.14896214896214896,0.10989010989010989,0.5894993894993895,0.35702075702075703,0.08742368742368742,0.30305250305250303,0.32112332112332115,0.2595848595848596,0.33821733821733824,0.432967032967033,0.5081807081807082,0.11428571428571428,0.272039072039072,0.33137973137973137,0.3076923076923077,0.4490842490842491,0.5921855921855922,0.1641025641025641,0.8459096459096459,0.16605616605616605,0.5667887667887668,0.4495726495726496
0.37533577533577533,0.274969474969475,0.36923076923076925,0.17875457875457876,0.12405372405372406,0.12283272283272283,0.3516483516483517,0.08693528693528693,0.2554334554334554,0.16947496947496948,0.47374847374847373,0.30500610500610503,0.642002442002442,0.441025641025641,0.37826617826617825,0.5978021978021978,0.06227106227106227,0.2754578754578755,0.41147741147741146,0.5284493284493285,0.642979242979243,0.45103785103785105,0.16825396825396827,0.17606837606837608,0.14847374847374847,0.13235653235653236,0.20024420024420025,0.11746031746031746,0.3672771672771673,0.5758241758241758,0.4862026862026862,0.22393162393162394,0.0822954822954823,0.14065934065934066,0.24297924297924298,0.3367521367521368,0.5374847374847375,0.5448107448107448,0.1115995115995116,0.44713064713064715,0.6647130647130647,0.4432234432234432,0.1391941391941392,0.20634920634920634,0.10451770451770452,0.4444444444444444,0.1509157509157509,0.18583638583638584,0.5235653235653236,0.22808302808302808,0.26666666666666666,0.7973137973137974,0.1877899877899878,0.7526251526251526,0.6517704517704518,0.47619047619047616,0.22197802197802197,0.14725274725274726,0.10964590964590964,0.6105006105006106,0.3465201465201465,0.08424908424908426,0.294993894993895,0.3076923076923077,0.2512820512820513,0.32967032967032966,0.42417582417582417,0.4925518925518926,0.1115995115995116,0.26373626373626374,0.32405372405372407,0.2979242979242979,0.46715506715506716,0.578021978021978,0.16214896214896216,0.8417582417582418,0.1706959706959707,0.5714285714285714,0.4461538461538462
0.36385836385836384,0.2661782661782662,0.39096459096459096,0.17606837606837608,0.12087912087912088,0.12283272283272283,0.38754578754578756,0.08351648351648351,0.24957264957264957,0.16336996336996337,0.4608058608058608,0.29304029304029305,0.6280830280830281,0.4249084249084249,0.40024420024420027,0.5892551892551893,0.06105006105006105,0.2661782661782662,0.3963369963369963,0.5555555555555556,0.6490842490842491,0.45885225885225883,0.18608058608058609,0.1706959706959707,0.14358974358974358,0.12747252747252746,0.2459096459096459,0.11526251526251527,0.3562881562881563,0.5560439560439561,0.47106227106227105,0.21416361416361415,0.08522588522588523,0.1365079365079365,0.23663003663003662,0.32673992673992674,0.5252747252747253,0.5692307692307692,0.13235653235653236,0.4796092796092796,0.6488400488400489,0.4691086691086691,0.13528693528693528,0.24346764346764346,0.10329670329670329,0.4627594627594628,0.147008547008547,0.2205128205128205,0.5062271062271062,0.2205128205128205,0.2578754578754579,0.7997557997557998,0.221001221001221,0.7421245421245422,0.6451770451770452,0.4610500610500611,0.2153846153846154,0.14676434676434677,0.10964590964590964,0.6293040293040293,0.33650793650793653,0.08083028083028083,0.2874236874236874,0.29474969474969476,0.24395604395604395,0.3201465201465201,0.4141636141636142,0.4766788766788767,0.10915750915750916,0.25665445665445663,0.315995115995116,0.28815628815628813,0.48253968253968255,0.5614163614163614,0.15995115995115994,0.8344322344322345,0.17924297924297924,0.5746031746031746,0.441025641025641
0.35213675213675216,0.2576312576312576,0.4087912087912088,0.17362637362637362,0.11697191697191697,0.12454212454212454,0.41147741147741146,0.08034188034188035,0.2437118437118437,0.15897435897435896,0.4481074481074481,0.2818070818070818,0.6126984126984127,0.409035409035409,0.41733821733821735,0.5782661782661783,0.060073260073260075,0.2568986568986569,0.38168498168498166,0.57997557997558,0.652014652014652,0.4627594627594628,0.20927960927960929,0.16532356532356532,0.13626373626373625,0.12307692307692308,0.28888888888888886,0.11184371184371185,0.34505494505494505,0.536019536019536,0.4547008547008547,0.20488400488400488,0.09255189255189256,0.13406593406593406,0.22954822954822954,0.31648351648351647,0.5118437118437118,0.590964590964591,0.1492063492063492,0.5115995115995116,0.631013431013431,0.4927960927960928,0.13137973137973138,0.28253968253968254,0.10451770451770452,0.4778998778998779,0.1426129426129426,0.25934065934065936,0.4896214896214896,0.21416361416361415,0.24932844932844933,0.7992673992673993,0.2549450549450549,0.746031746031746,0.6363858363858363,0.44664224664224667,0.2087912087912088,0.14627594627594628,0.1115995115995116,0.6451770451770452,0.32722832722832723,0.07863247863247863,0.2800976800976801,0.2822954822954823,0.23565323565323565,0.3103785103785104,0.40293040293040294,0.4610500610500611,0.10818070818070818,0.2485958485958486,0.3076923076923077,0.2783882783882784,0.49523809523809526,0.5435897435897435,0.15897435897435896,0.8236874236874236,0.1934065934065934,0.576068376068376,0.43345543345543347
0.3401709401709402,0.24932844932844933,0.4236874236874237,0.1706959706959707,0.11330891330891331,0.1291819291819292,0.4288156288156288,0.07741147741147741,0.23785103785103784,0.15555555555555556,0.43565323565323566,0.27228327228327226,0.5963369963369963,0.39316239316239315,0.4312576312576313,0.5650793650793651,0.05885225885225885,0.24786324786324787,0.367032967032967,0.6017094017094017,0.6515262515262515,0.4634920634920635,0.23663003663003662,0.16043956043956045,0.12747252747252746,0.11892551892551892,0.3304029304029304,0.10842490842490843,0.3338217338217338,0.5162393162393163,0.43833943833943834,0.1960927960927961,0.10329670329670329,0.13235653235653236,0.22197802197802197,0.3064713064713065,0.49743589743589745,0.6097680097680098,0.16874236874236875,0.5416361416361416,0.6122100122100123,0.5145299145299145,0.12844932844932844,0.32283272283272285,0.10842490842490843,0.4925518925518926,0.13821733821733823,0.3001221001221001,0.473992673992674,0.20781440781440783,0.2407814407814408,0.7951159951159951,0.2945054945054945,0.755067155067155,0.6249084249084249,0.4324786324786325,0.20415140415140415,0.147008547008547,0.11746031746031746,0.6586080586080586,0.31868131868131866,0.07765567765567766,0.2725274725274725,0.272039072039072,0.2271062271062271,0.3006105006105006,0.3907203907203907,0.44590964590964594,0.10744810744810745,0.2402930402930403,0.2993894993894994,0.2691086691086691,0.5052503052503052,0.5247863247863248,0.15946275946275945,0.8107448107448108,0.2139194139194139,0.575091575091575,0.42466422466422465
0.3286935286935287,0.24273504273504273,0.4398046398046398,0.1675213675213675,0.11086691086691086,0.136996336996337,0.45323565323565324,0.07448107448107448,0.23296703296703297,0.15189255189255188,0.42344322344322344,0.26544566544566545,0.5787545787545788,0.37924297924297923,0.44517704517704515,0.54993894993895,0.05787545787545788,0.23931623931623933,0.3528693528693529,0.6205128205128205,0.6476190476190476,0.4612942612942613,0.2661782661782662,0.15555555555555556,0.12112332112332112,0.11672771672771673,0.37704517704517704,0.10525030525030525,0.3225885225885226,0.49694749694749696,0.421978021978022,0.1877899877899878,0.11868131868131868,0.12967032967032968,0.2148962148962149,0.2967032967032967,0.4822954822954823,0.6256410256410256,0.19413919413919414,0.5692307692307692,0.5924297924297924,0.5333333333333333,0.12698412698412698,0.35775335775335776,0.11550671550671551,0.505982905982906,0.13406593406593406,0.3413919413919414,0.4593406593406593,0.2021978021978022,0.2341880341880342,0.7875457875457875,0.33577533577533575,0.7655677655677655,0.610989010989011,0.41855921855921857,0.2004884004884005,0.15115995115995115,0.12869352869352868,0.6691086691086691,0.31062271062271063,0.07912087912087912,0.2652014652014652,0.26275946275946277,0.2188034188034188,0.2910866910866911,0.3785103785103785,0.43272283272283274,0.10598290598290598,0.23247863247863249,0.2910866910866911,0.2595848595848596,0.513064713064713,0.5054945054945055,0.16214896214896216,0.7953601953601953,0.2402930402930403,0.5709401709401709,0.4141636141636142
0.3177045177045177,0.23687423687423687,0.4554334554334554,0.16385836385836386,0.10989010989010989,0.1492063492063492,0.4757020757020757,0.07155067155067155,0.2288156288156288,0.14774114774114774,0.41098901098901097,0.2622710622710623,0.5614163614163614,0.3663003663003663,0.4581196581196581,0.5335775335775336,0.057387057387057384,0.23076923076923078,0.3387057387057387,0.6366300366300366,0.6405372405372405,0.45616605616605616,0.29645909645909646,0.1509157509157509,0.11746031746031746,0.11477411477411477,0.4253968253968254,0.10183150183150183,0.31135531135531136,0.47863247863247865,0.40634920634920635,0.18144078144078143,0.14114774114774115,0.12673992673992673,0.2083028083028083,0.2869352869352869,0.4673992673992674,0.6385836385836385,0.23956043956043957,0.5941391941391941,0.5724053724053724,0.5496947496947497,0.12747252747252746,0.389010989010989,0.12673992673992673,0.5172161172161173,0.13015873015873017,0.3819291819291819,0.44517704517704515,0.19755799755799755,0.22857142857142856,0.7782661782661783,0.37704517704517704,0.7746031746031746,0.5951159951159951,0.40634920634920635,0.1960927960927961,0.15946275946275945,0.14627594627594628,0.6771672771672772,0.30305250305250303,0.08473748473748474,0.2590964590964591,0.252991452991453,0.210989010989011,0.2822954822954823,0.3665445665445665,0.42075702075702076,0.10427350427350428,0.22466422466422467,0.28327228327228327,0.24981684981684982,0.517948717948718,0.4884004884004884,0.16776556776556775,0.7775335775335775,0.27228327228327226,0.5641025641025641,0.4021978021978022
0.3089133089133089,0.23003663003663002,0.46984126984126984,0.16043956043956045,0.1115995115995116,0.16556776556776556,0.49108669108669106,0.0695970695970696,0.22466422466422467,0.14383394383394382,0.3987789987789988,0.2634920634920635,0.5455433455433455,0.3523809523809524,0.46935286935286935,0.5167277167277168,0.056654456654456654,0.22246642246642245,0.3247863247863248,0.6478632478632479,0.6307692307692307,0.4481074481074481,0.326984126984127,0.14627594627594628,0.11648351648351649,0.11233211233211234,0.47228327228327227,0.0989010989010989,0.3006105006105006,0.4612942612942613,0.3916971916971917,0.17631257631257632,0.17045177045177046,0.12380952380952381,0.20170940170940171,0.27692307692307694,0.45323565323565324,0.6478632478632479,0.272039072039072,0.6163614163614164,0.5528693528693529,0.5628815628815629,0.1308913308913309,0.4222222222222222,0.14236874236874236,0.5264957264957265,0.1264957264957265,0.4205128205128205,0.4307692307692308,0.19462759462759463,0.22197802197802197,0.7667887667887668,0.4166056166056166,0.7816849816849817,0.5794871794871795,0.39487179487179486,0.1916971916971917,0.17362637362637362,0.17094017094017094,0.6818070818070818,0.295970695970696,0.09426129426129426,0.25347985347985347,0.24273504273504273,0.20341880341880342,0.2737484737484738,0.3550671550671551,0.409035409035409,0.10207570207570207,0.2175824175824176,0.2754578754578755,0.2402930402930403,0.5206349206349207,0.473015873015873,0.17753357753357754,0.7582417582417582,0.3086691086691087,0.5545787545787546,0.38974358974358975
0.3013431013431013,0.22271062271062272,0.4832722832722833,0.15702075702075702,0.11697191697191697,0.18632478632478633,0.5069597069597069,0.06886446886446887,0.22124542124542124,0.14114774114774115,0.38632478632478634,0.2695970695970696,0.5306471306471306,0.33821733821733824,0.47863247863247865,0.49963369963369964,0.05616605616605617,0.21465201465201464,0.31135531135531136,0.6559218559218559,0.6183150183150183,0.4363858363858364,0.3562881562881563,0.14212454212454212,0.11672771672771673,0.10964590964590964,0.5164835164835165,0.09621489621489622,0.2905982905982906,0.44517704517704515,0.378998778998779,0.17045177045177046,0.2056166056166056,0.1203907203907204,0.1956043956043956,0.2673992673992674,0.43956043956043955,0.652991452991453,0.3052503052503053,0.6361416361416361,0.5340659340659341,0.5736263736263736,0.13772893772893774,0.4547008547008547,0.1623931623931624,0.5335775335775336,0.12283272283272283,0.4568986568986569,0.4170940170940171,0.1934065934065934,0.21562881562881564,0.7526251526251526,0.45323565323565324,0.7860805860805861,0.5638583638583639,0.3824175824175824,0.1873015873015873,0.1943833943833944,0.20293040293040293,0.684004884004884,0.28913308913308916,0.1076923076923077,0.2468864468864469,0.23272283272283273,0.19633699633699633,0.2656898656898657,0.3443223443223443,0.3978021978021978,0.10036630036630037,0.21123321123321123,0.2681318681318681,0.23125763125763127,0.5206349206349207,0.45738705738705737,0.19194139194139195,0.7372405372405373,0.34725274725274724,0.5428571428571428,0.37704517704517704
0.29304029304029305,0.2153846153846154,0.49474969474969477,0.15384615384615385,0.12673992673992673,0.21025641025641026,0.5228327228327229,0.06715506715506715,0.2188034188034188,0.1409035409035409,0.3738705738705739,0.2783882783882784,0.5157509157509158,0.32405372405372407,0.4862026862026862,0.4827838827838828,0.05518925518925519,0.2070818070818071,0.29914529914529914,0.6634920634920635,0.6036630036630036,0.4227106227106227,0.38363858363858366,0.13797313797313798,0.1199023199023199,0.10671550671550671,0.5575091575091575,0.09401709401709402,0.28083028083028083,0.4312576312576313,0.36800976800976803,0.16385836385836386,0.24517704517704517,0.11746031746031746,0.1894993894993895,0.2578754578754579,0.42735042735042733,0.6544566544566545,0.35482295482295484,0.6532356532356532,0.515995115995116,0.5814407814407815,0.14896214896214896,0.484981684981685,0.18656898656898657,0.5382173382173382,0.11941391941391942,0.4905982905982906,0.4031746031746032,0.1934065934065934,0.20903540903540904,0.7360195360195361,0.48644688644688644,0.7865689865689866,0.5470085470085471,0.36971916971916974,0.18315018315018314,0.22148962148962148,0.2407814407814408,0.683028083028083,0.28327228327228327,0.1282051282051282,0.2402930402930403,0.22271062271062272,0.18998778998778998,0.2583638583638584,0.3343101343101343,0.38754578754578756,0.10451770451770452,0.20537240537240536,0.26105006105006107,0.22246642246642245,0.5186813186813187,0.4424908424908425,0.21245421245421245,0.7155067155067155,0.3865689865689866,0.5286935286935287,0.3641025641025641
0.2844932844932845,0.2083028083028083,0.5045177045177045,0.15115995115995115,0.1413919413919414,0.23614163614163614,0.5345543345543345,0.06471306471306472,0.21831501831501832,0.14334554334554334,0.3636141636141636,0.2905982905982906,0.5010989010989011,0.31013431013431014,0.49108669108669106,0.4666666666666667,0.05445665445665446,0.20073260073260074,0.28815628815628813,0.6695970695970695,0.5868131868131868,0.4073260073260073,0.4087912087912088,0.13406593406593406,0.12722832722832722,0.10354090354090355,0.5953601953601954,0.09181929181929183,0.2713064713064713,0.4188034188034188,0.35653235653235654,0.1575091575091575,0.2874236874236874,0.11428571428571428,0.1838827838827839,0.2485958485958486,0.4166056166056166,0.653968253968254,0.3855921855921856,0.6681318681318681,0.4989010989010989,0.5853479853479854,0.16507936507936508,0.5123321123321123,0.2139194139194139,0.5399267399267399,0.11575091575091576,0.5216117216117216,0.3907203907203907,0.1960927960927961,0.20317460317460317,0.717948717948718,0.5157509157509158,0.7838827838827839,0.5299145299145299,0.3567765567765568,0.17924297924297924,0.2542124542124542,0.283028083028083,0.6788766788766789,0.2778998778998779,0.15555555555555556,0.2336996336996337,0.21294261294261294,0.1838827838827839,0.2512820512820513,0.326007326007326,0.37777777777777777,0.11184371184371185,0.19975579975579977,0.2542124542124542,0.21562881562881564,0.515018315018315,0.42857142857142855,0.23785103785103784,0.694017094017094,0.4249084249084249,0.513064713064713,0.3528693528693529
0.27594627594627597,0.20122100122100123,0.5123321123321123,0.14896214896214896,0.16092796092796094,0.2605616605616606,0.5426129426129426,0.06251526251526252,0.22026862026862026,0.1492063492063492,0.3540903540903541,0.3076923076923077,0.4874236874236874,0.2962148962148962,0.49401709401709404,0.45103785103785105,0.05347985347985348,0.19584859584859585,0.27643467643467645,0.6730158730158731,0.5684981684981685,0.39096459096459096,0.43174603174603177,0.13015873015873017,0.13992673992673993,0.10061050061050061,0.6295482295482295,0.09010989010989011,0.263980463980464,0.4056166056166056,0.34505494505494505,0.1509157509157509,0.3304029304029304,0.11135531135531136,0.17875457875457876,0.24102564102564103,0.40586080586080586,0.6503052503052503,0.41514041514041516,0.6644688644688644,0.4835164835164835,0.5858363858363859,0.1873015873015873,0.536996336996337,0.2424908424908425,0.5387057387057387,0.11257631257631258,0.5457875457875457,0.37924297924297923,0.2026862026862027,0.1978021978021978,0.6984126984126984,0.5411477411477411,0.77997557997558,0.513064713064713,0.3443223443223443,0.17606837606837608,0.2910866910866911,0.3277167277167277,0.6722832722832723,0.272039072039072,0.1894993894993895,0.2271062271062271,0.20366300366300366,0.17826617826617827,0.24444444444444444,0.3189255189255189,0.36800976800976803,0.11526251526251527,0.1943833943833944,0.24737484737484738,0.21001221001221002,0.5101343101343101,0.4158730158730159,0.26764346764346764,0.6727716727716728,0.4610500610500611,0.49621489621489623,0.34285714285714286
0.2669108669108669,0.19413919413919414,0.5186813186813187,0.147985347985348,0.18461538461538463,0.2835164835164835,0.5501831501831502,0.06056166056166056,0.22564102564102564,0.1597069597069597,0.34383394383394383,0.3282051282051282,0.47374847374847373,0.283028083028083,0.49474969474969477,0.4358974358974359,0.05396825396825397,0.1894993894993895,0.263980463980464,0.6737484737484738,0.5496947496947497,0.3741147741147741,0.4525030525030525,0.12747252747252746,0.15848595848595848,0.09768009768009768,0.6603174603174603,0.08888888888888889,0.25811965811965815,0.3921855921855922,0.3338217338217338,0.1443223443223443,0.37264957264957266,0.10842490842490843,0.17362637362637362,0.2341880341880342,0.39487179487179486,0.6437118437118438,0.4427350427350427,0.6503052503052503,0.4695970695970696,0.5843711843711844,0.21465201465201464,0.5584859584859585,0.27106227106227104,0.5347985347985348,0.10964590964590964,0.5653235653235653,0.3665445665445665,0.21343101343101342,0.19291819291819293,0.6781440781440782,0.5628815628815629,0.7738705738705739,0.49694749694749696,0.33186813186813185,0.17313797313797313,0.3311355311355311,0.3672771672771673,0.6625152625152625,0.26544566544566545,0.22857142857142856,0.221001221001221,0.19487179487179487,0.17264957264957265,0.23956043956043957,0.31184371184371185,0.35873015873015873,0.11648351648351649,0.18925518925518925,0.24224664224664225,0.20317460317460317,0.5032967032967033,0.40366300366300367,0.30036630036630035,0.652014652014652,0.49401709401709404,0.48083028083028084,0.3326007326007326
0.2578754578754579,0.1873015873015873,0.5228327228327229,0.1492063492063492,0.2083028083028083,0.30842490842490844,0.5560439560439561,0.058363858363858365,0.23443223443223443,0.17533577533577532,0.33601953601953605,0.35018315018315016,0.4603174603174603,0.27057387057387056,0.4925518925518926,0.4231990231990232,0.05518925518925519,0.18315018315018314,0.2512820512820513,0.6713064713064713,0.5304029304029304,0.35775335775335776,0.46813186813186813,0.12576312576312576,0.18315018315018314,0.09499389499389499,0.6881562881562882,0.08766788766788766,0.2525030525030525,0.3785103785103785,0.32283272283272285,0.13821733821733823,0.41318681318681316,0.1054945054945055,0.16874236874236875,0.22686202686202686,0.38412698412698415,0.6341880341880342,0.4678876678876679,0.6434676434676435,0.4551892551892552,0.5802197802197803,0.2463980463980464,0.5768009768009768,0.2989010989010989,0.5284493284493285,0.10818070818070818,0.5851037851037851,0.3528693528693529,0.2288156288156288,0.18803418803418803,0.6571428571428571,0.5814407814407815,0.7648351648351648,0.48205128205128206,0.3201465201465201,0.17045177045177046,0.37216117216117217,0.40366300366300367,0.6500610500610501,0.25860805860805863,0.27106227106227104,0.21465201465201464,0.18656898656898657,0.16678876678876678,0.2354090354090354,0.3047619047619048,0.34945054945054943,0.11672771672771673,0.18461538461538463,0.23785103785103784,0.1960927960927961,0.49474969474969477,0.3924297924297924,0.33455433455433453,0.6327228327228327,0.5238095238095238,0.46642246642246643,0.3225885225885226
0.2485958485958486,0.1807081807081807,0.5247863247863248,0.15262515262515264,0.23223443223443224,0.3333333333333333,0.55995115995116,0.05641025641025641,0.24664224664224665,0.1960927960927961,0.3299145299145299,0.3728937728937729,0.4473748473748474,0.25860805860805863,0.4884004884004884,0.4117216117216117,0.05518925518925519,0.17631257631257632,0.23882783882783884,0.6656898656898657,0.5115995115995116,0.3418803418803419,0.48083028083028084,0.12380952380952381,0.21294261294261294,0.0927960927960928,0.7128205128205128,0.08766788766788766,0.24835164835164836,0.3648351648351648,0.31184371184371185,0.13211233211233211,0.4507936507936508,0.1028083028083028,0.16507936507936508,0.21904761904761905,0.3738705738705739,0.621001221001221,0.49108669108669106,0.6393162393162393,0.4405372405372405,0.5728937728937729,0.2810744810744811,0.591941391941392,0.3252747252747253,0.518925518925519,0.10744810744810745,0.6036630036630036,0.33894993894993897,0.2490842490842491,0.1838827838827839,0.6363858363858363,0.5943833943833944,0.7536019536019536,0.4673992673992674,0.30842490842490844,0.16800976800976802,0.40757020757020757,0.4427350427350427,0.6351648351648351,0.252014652014652,0.31477411477411477,0.2087912087912088,0.178998778998779,0.16263736263736264,0.23076923076923078,0.2979242979242979,0.33992673992673994,0.11648351648351649,0.18095238095238095,0.23272283272283273,0.189010989010989,0.48473748473748474,0.38168498168498166,0.3684981684981685,0.6144078144078144,0.5467643467643467,0.45152625152625153,0.31306471306471306
0.23931623931623933,0.17435897435897435,0.5247863247863248,0.1592185592185592,0.25982905982905985,0.35775335775335776,0.5609279609279609,0.0547008547008547,0.2612942612942613,0.22124542124542124,0.32112332112332115,0.39487179487179486,0.4346764346764347,0.24713064713064714,0.48253968253968255,0.39951159951159954,0.054945054945054944,0.16971916971916973,0.22661782661782662,0.6568986568986569,0.4927960927960928,0.32893772893772893,0.49352869352869355,0.12234432234432234,0.2468864468864469,0.09084249084249084,0.7308913308913308,0.0884004884004884,0.2468864468864469,0.35115995115995113,0.30085470085470084,0.126007326007326,0.48473748473748474,0.10183150183150183,0.1623931623931624,0.21147741147741148,0.3636141636141636,0.6056166056166056,0.5091575091575091,0.6371184371184371,0.4261294261294261,0.5628815628815629,0.3177045177045177,0.6039072039072039,0.3492063492063492,0.5086691086691086,0.10622710622710622,0.6202686202686203,0.3252747252747253,0.27277167277167275,0.18021978021978022,0.6161172161172161,0.6036630036630036,0.7401709401709402,0.45396825396825397,0.2967032967032967,0.16678876678876678,0.4388278388278388,0.48131868131868133,0.6183150183150183,0.2454212454212454,0.35824175824175825,0.20317460317460317,0.17191697191697192,0.1592185592185592,0.2258852258852259,0.2915750915750916,0.3304029304029304,0.11575091575091576,0.17826617826617827,0.22735042735042735,0.18217338217338216,0.473015873015873,0.37094017094017095,0.400976800976801,0.5968253968253968,0.5643467643467643,0.4368742368742369,0.30378510378510376
0.22979242979242978,0.16800976800976802,0.5228327228327229,0.16971916971916973,0.28888888888888886,0.3807081807081807,0.5587301587301587,0.05274725274725275,0.27814407814407816,0.2459096459096459,0.3108669108669109,0.4148962148962149,0.4222222222222222,0.23614163614163614,0.4752136752136752,0.3873015873015873,0.05396825396825397,0.16336996336996337,0.21465201465201464,0.644932844932845,0.4752136752136752,0.3177045177045177,0.505006105006105,0.12258852258852258,0.28327228327228327,0.08913308913308914,0.7443223443223443,0.08791208791208792,0.2490842490842491,0.33724053724053726,0.29010989010989013,0.12112332112332112,0.5147741147741147,0.10183150183150183,0.15848595848595848,0.20366300366300366,0.35311355311355314,0.5882783882783883,0.5238095238095238,0.6341880341880342,0.41196581196581195,0.5501831501831502,0.3550671550671551,0.6131868131868132,0.3682539682539683,0.49743589743589745,0.10427350427350428,0.6344322344322344,0.3108669108669109,0.2993894993894994,0.17631257631257632,0.5978021978021978,0.6122100122100123,0.724053724053724,0.4405372405372405,0.28595848595848594,0.16776556776556775,0.472039072039072,0.517948717948718,0.6007326007326007,0.23882783882783884,0.4,0.1978021978021978,0.16678876678876678,0.15506715506715507,0.221001221001221,0.2852258852258852,0.32063492063492066,0.115995115995116,0.17509157509157508,0.22246642246642245,0.17533577533577532,0.4608058608058608,0.3601953601953602,0.4312576312576313,0.5814407814407815,0.5816849816849817,0.42295482295482295,0.29523809523809524
0.22026862026862026,0.1623931623931624,0.5186813186813187,0.1851037851037851,0.3181929181929182,0.4021978021978022,0.5511599511599512,0.05128205128205128,0.29645909645909646,0.2713064713064713,0.3006105006105006,0.43272283272283274,0.41025641025641024,0.2258852258852259,0.4656898656898657,0.37484737484737485,0.05274725274725275,0.15702075702075702,0.20317460317460317,0.6305250305250305,0.4581196581196581,0.30622710622710625,0.5147741147741147,0.12551892551892552,0.32063492063492066,0.08864468864468865,0.7575091575091575,0.08742368742368742,0.2554334554334554,0.32332112332112334,0.2788766788766789,0.11648351648351649,0.5382173382173382,0.10207570207570207,0.15433455433455434,0.1960927960927961,0.3435897435897436,0.5694749694749695,0.5396825396825397,0.6293040293040293,0.39755799755799753,0.5357753357753358,0.3912087912087912,0.6190476190476191,0.3838827838827839,0.48376068376068376,0.10207570207570207,0.6456654456654457,0.2971916971916972,0.3274725274725275,0.17264957264957265,0.580952380952381,0.6190476190476191,0.7062271062271063,0.4278388278388278,0.27521367521367524,0.17094017094017094,0.504029304029304,0.5518925518925519,0.5824175824175825,0.23247863247863249,0.43833943833943834,0.19267399267399268,0.16263736263736264,0.15067155067155066,0.21611721611721613,0.27912087912087913,0.3120879120879121,0.11672771672771673,0.17167277167277167,0.21733821733821734,0.168986568986569,0.44761904761904764,0.3499389499389499,0.4551892551892552,0.5672771672771673,0.5978021978021978,0.41001221001221,0.2869352869352869
0.21123321123321123,0.15848595848595848,0.513064713064713,0.2056166056166056,0.34676434676434675,0.421978021978022,0.5418803418803418,0.050793650793650794,0.31306471306471306,0.3013431013431013,0.2903540903540904,0.4473748473748474,0.39829059829059826,0.21782661782661783,0.4547008547008547,0.3626373626373626,0.05128205128205128,0.15115995115995115,0.19194139194139195,0.613919413919414,0.4432234432234432,0.29523809523809524,0.5223443223443224,0.13162393162393163,0.357997557997558,0.08888888888888889,0.768986568986569,0.08644688644688645,0.2661782661782662,0.3098901098901099,0.2678876678876679,0.11184371184371185,0.557020757020757,0.10402930402930403,0.14993894993894993,0.189010989010989,0.3333333333333333,0.5496947496947497,0.5545787545787546,0.6224664224664225,0.3833943833943834,0.5199023199023199,0.42637362637362636,0.621001221001221,0.3992673992673993,0.4691086691086691,0.10036630036630037,0.6542124542124542,0.2835164835164835,0.3557997557997558,0.17045177045177046,0.5638583638583639,0.6234432234432234,0.6869352869352869,0.41562881562881565,0.26666666666666666,0.1772893772893773,0.5340659340659341,0.5826617826617827,0.5641025641025641,0.2258852258852259,0.473015873015873,0.18852258852258852,0.15775335775335775,0.14627594627594628,0.21147741147741148,0.27277167277167275,0.30427350427350425,0.11672771672771673,0.16825396825396827,0.2126984126984127,0.1623931623931624,0.4346764346764347,0.33943833943833945,0.4742368742368742,0.5531135531135531,0.610989010989011,0.3978021978021978,0.27936507936507937
0.20415140415140415,0.15555555555555556,0.5054945054945055,0.23028083028083027,0.3741147741147741,0.4398046398046398,0.5343101343101343,0.05225885225885226,0.3286935286935287,0.33308913308913307,0.28034188034188035,0.4593406593406593,0.3877899877899878,0.210989010989011,0.4427350427350427,0.35067155067155065,0.05030525030525031,0.1452991452991453,0.18095238095238095,0.5978021978021978,0.43003663003663006,0.28498168498168497,0.527960927960928,0.14188034188034188,0.3894993894993895,0.08791208791208792,0.7775335775335775,0.08571428571428572,0.28083028083028083,0.29645909645909646,0.25665445665445663,0.10891330891330891,0.5755799755799755,0.10866910866910867,0.14554334554334555,0.18217338217338216,0.3230769230769231,0.5294261294261294,0.5684981684981685,0.6134310134310135,0.3694749694749695,0.503052503052503,0.4554334554334554,0.6202686202686203,0.4134310134310134,0.45396825396825397,0.09865689865689865,0.6590964590964591,0.2703296703296703,0.38046398046398044,0.16874236874236875,0.5470085470085471,0.6249084249084249,0.6669108669108669,0.4061050061050061,0.2595848595848596,0.18754578754578755,0.5609279609279609,0.6102564102564103,0.546031746031746,0.21978021978021978,0.5037851037851038,0.1851037851037851,0.1523809523809524,0.14212454212454212,0.20683760683760682,0.2664224664224664,0.294993894993895,0.11672771672771673,0.16556776556776556,0.20781440781440783,0.1562881562881563,0.421978021978022,0.33015873015873015,0.49352869352869355,0.5387057387057387,0.621978021978022,0.3860805860805861,0.2717948717948718
0.19829059829059828,0.1514041514041514,0.4967032967032967,0.2583638583638584,0.39951159951159954,0.4551892551892552,0.5235653235653236,0.05641025641025641,0.346031746031746,0.3653235653235653,0.27057387057387056,0.4678876678876679,0.37777777777777777,0.20293040293040293,0.43003663003663006,0.3384615384615385,0.04981684981684982,0.13968253968253969,0.1706959706959707,0.5811965811965812,0.41611721611721614,0.274969474969475,0.5308913308913309,0.1562881562881563,0.4166056166056166,0.08693528693528693,0.7826617826617827,0.08473748473748474,0.2989010989010989,0.28327228327228327,0.24737484737484738,0.10695970695970695,0.5924297924297924,0.11721611721611722,0.14114774114774115,0.17533577533577532,0.3125763125763126,0.5118437118437118,0.5807081807081808,0.6021978021978022,0.3557997557997558,0.48644688644688644,0.47985347985347987,0.6168498168498169,0.4256410256410256,0.4388278388278388,0.0971916971916972,0.6612942612942613,0.2576312576312576,0.4021978021978022,0.16605616605616605,0.5306471306471306,0.6231990231990232,0.6463980463980464,0.3992673992673993,0.2515262515262515,0.2026862026862027,0.5843711843711844,0.6346764346764346,0.528937728937729,0.21343101343101342,0.526984126984127,0.18144078144078143,0.14676434676434677,0.13821733821733823,0.2021978021978022,0.25982905982905985,0.2852258852258852,0.11672771672771673,0.16336996336996337,0.20341880341880342,0.15042735042735042,0.4105006105006105,0.32161172161172163,0.5111111111111111,0.5245421245421246,0.6302808302808303,0.37484737484737485,0.26422466422466423
0.19096459096459095,0.14725274725274726,0.4866910866910867,0.28888888888888886,0.42295482295482295,0.4683760683760684,0.5115995115995116,0.06349206349206349,0.3641025641025641,0.3973137973137973,0.2612942612942613,0.4725274725274725,0.36678876678876676,0.19487179487179487,0.4170940170940171,0.32673992673992674,0.050793650793650794,0.1343101343101343,0.16214896214896216,0.5628815628815629,0.4021978021978022,0.2652014652014652,0.5313797313797314,0.1746031746031746,0.44468864468864466,0.08742368742368742,0.7838827838827839,0.08424908424908426,0.31965811965811963,0.2698412698412698,0.23882783882783884,0.10427350427350428,0.6068376068376068,0.13064713064713065,0.13675213675213677,0.16923076923076924,0.3018315018315018,0.4954822954822955,0.590964590964591,0.589010989010989,0.3426129426129426,0.47057387057387057,0.5052503052503052,0.6112332112332113,0.4358974358974359,0.4244200244200244,0.09597069597069598,0.6598290598290598,0.24517704517704517,0.4249084249084249,0.16312576312576313,0.515018315018315,0.6183150183150183,0.6278388278388278,0.3912087912087912,0.24346764346764346,0.2231990231990232,0.6048840048840048,0.6561660561660562,0.5123321123321123,0.20854700854700856,0.5448107448107448,0.17753357753357754,0.14114774114774115,0.1347985347985348,0.1978021978021978,0.252991452991453,0.2754578754578755,0.11648351648351649,0.16214896214896216,0.199023199023199,0.14481074481074482,0.40024420024420027,0.3115995115995116,0.526984126984127,0.5103785103785103,0.6361416361416361,0.3636141636141636,0.2568986568986569
0.1838827838827839,0.14334554334554334,0.4757020757020757,0.3201465201465201,0.4442002442002442,0.47912087912087914,0.4993894993894994,0.07521367521367521,0.3811965811965812,0.4278388278388278,0.25274725274725274,0.473992673992674,0.3553113553113553,0.18656898656898657,0.4043956043956044,0.31477411477411477,0.05445665445665446,0.12942612942612944,0.15482295482295483,0.5443223443223443,0.3882783882783883,0.2554334554334554,0.5291819291819292,0.19633699633699633,0.47155067155067154,0.08888888888888889,0.780952380952381,0.08327228327228327,0.3413919413919414,0.2590964590964591,0.22905982905982905,0.10256410256410256,0.6190476190476191,0.14945054945054945,0.13235653235653236,0.16336996336996337,0.2923076923076923,0.47912087912087914,0.5992673992673992,0.5743589743589743,0.3291819291819292,0.45665445665445664,0.5294261294261294,0.6026862026862027,0.44346764346764345,0.4105006105006105,0.09499389499389499,0.654945054945055,0.23467643467643468,0.44664224664224667,0.1606837606837607,0.49963369963369964,0.6105006105006106,0.6102564102564103,0.38168498168498166,0.23516483516483516,0.2485958485958486,0.6222222222222222,0.6747252747252748,0.4967032967032967,0.20415140415140415,0.5623931623931624,0.17362637362637362,0.13577533577533576,0.13113553113553114,0.19365079365079366,0.2463980463980464,0.2656898656898657,0.115995115995116,0.16312576312576313,0.19487179487179487,0.1409035409035409,0.3894993894993895,0.30085470085470084,0.5404151404151404,0.49621489621489623,0.6393162393162393,0.35262515262515265,0.2507936507936508
0.1772893772893773,0.14017094017094017,0.4644688644688645,0.3516483516483517,0.46373626373626375,0.4862026862026862,0.48766788766788766,0.09304029304029304,0.3973137973137973,0.4568986568986569,0.2463980463980464,0.47277167277167276,0.34383394383394383,0.178998778998779,0.39194139194139194,0.3032967032967033,0.06227106227106227,0.126007326007326,0.14676434676434677,0.526007326007326,0.37484737484737485,0.24566544566544565,0.5245421245421246,0.221001221001221,0.495970695970696,0.08888888888888889,0.7741147741147741,0.0822954822954823,0.3636141636141636,0.24957264957264957,0.2188034188034188,0.10207570207570207,0.6285714285714286,0.17387057387057386,0.12747252747252746,0.1592185592185592,0.28376068376068375,0.4627594627594628,0.6048840048840048,0.5587301587301587,0.3162393162393162,0.4442002442002442,0.5518925518925519,0.5914529914529915,0.44884004884004886,0.39755799755799753,0.09426129426129426,0.6471306471306472,0.2258852258852259,0.46642246642246643,0.15995115995115994,0.48473748473748474,0.5995115995115995,0.5921855921855922,0.37142857142857144,0.2271062271062271,0.2778998778998779,0.6366300366300366,0.6908424908424908,0.4832722832722833,0.199023199023199,0.5777777777777777,0.16947496947496948,0.13064713064713065,0.12747252747252746,0.18925518925518925,0.2402930402930403,0.25616605616605614,0.11575091575091576,0.16678876678876678,0.19096459096459095,0.13797313797313798,0.37924297924297923,0.29010989010989013,0.5516483516483517,0.48205128205128206,0.64004884004884,0.34163614163614164,0.24493284493284492
0.1706959706959707,0.14017094017094017,0.45323565323565324,0.38266178266178263,0.48083028083028084,0.4905982905982906,0.47496947496947495,0.11672771672771673,0.4117216117216117,0.4835164835164835,0.2407814407814408,0.46813186813186813,0.33186813186813185,0.17167277167277167,0.37997557997557996,0.2920634920634921,0.07423687423687424,0.12405372405372406,0.13846153846153847,0.5081807081807082,0.3614163614163614,0.23565323565323565,0.5172161172161173,0.2437118437118437,0.5172161172161173,0.08791208791208792,0.7633699633699633,0.08156288156288156,0.38217338217338215,0.23931623931623933,0.2087912087912088,0.10476190476190476,0.6349206349206349,0.20341880341880342,0.12307692307692308,0.15604395604395604,0.273992673992674,0.44713064713064715,0.608058608058608,0.5428571428571428,0.3052503052503053,0.43174603174603177,0.5716727716727716,0.578021978021978,0.4517704517704518,0.3851037851037851,0.09352869352869353,0.6371184371184371,0.21587301587301588,0.48376068376068376,0.16214896214896216,0.46984126984126984,0.5858363858363859,0.5743589743589743,0.36117216117216117,0.2188034188034188,0.3098901098901099,0.6478632478632479,0.7037851037851038,0.47057387057387057,0.19365079365079366,0.5904761904761905,0.16556776556776556,0.12576312576312576,0.1242979242979243,0.1851037851037851,0.23516483516483516,0.24664224664224665,0.11526251526251527,0.1746031746031746,0.1873015873015873,0.1343101343101343,0.3694749694749695,0.27912087912087913,0.5604395604395604,0.4678876678876679,0.6378510378510378,0.3311355311355311,0.23833943833943835
0.1645909645909646,0.1443223443223443,0.4424908424908425,0.4126984126984127,0.49352869352869355,0.49352869352869355,0.4622710622710623,0.14627594627594628,0.4244200244200244,0.5079365079365079,0.23443223443223443,0.4603174603174603,0.3203907203907204,0.1641025641025641,0.368986568986569,0.28083028083028083,0.09133089133089133,0.12185592185592185,0.1308913308913309,0.4913308913308913,0.3482295482295482,0.22564102564102564,0.5076923076923077,0.2652014652014652,0.5355311355311355,0.08717948717948718,0.7492063492063492,0.08058608058608059,0.3978021978021978,0.22832722832722832,0.19877899877899877,0.1115995115995116,0.6383394383394383,0.23687423687423687,0.11892551892551892,0.15189255189255188,0.26373626373626374,0.4324786324786325,0.6087912087912087,0.5277167277167277,0.29572649572649573,0.4197802197802198,0.589010989010989,0.5626373626373626,0.4517704517704518,0.3733821733821734,0.09401709401709402,0.6249084249084249,0.20586080586080585,0.4989010989010989,0.16800976800976802,0.4554334554334554,0.5699633699633699,0.5572649572649573,0.35067155067155065,0.2105006105006105,0.34285714285714286,0.6559218559218559,0.7118437118437119,0.4568986568986569,0.18852258852258852,0.6,0.1619047619047619,0.12112332112332112,0.12136752136752137,0.1824175824175824,0.22905982905982905,0.23736263736263735,0.11452991452991453,0.18705738705738706,0.18437118437118438,0.13064713064713065,0.3601953601953602,0.2678876678876679,0.5672771672771673,0.4537240537240537,0.6332112332112332,0.32161172161172163,0.2315018315018315
0.15897435897435896,0.15384615384615385,0.431990231990232,0.441025641025641,0.503052503052503,0.494993894993895,0.44981684981684983,0.18095238095238095,0.4354090354090354,0.5299145299145299,0.2275946275946276,0.45006105006105007,0.30915750915750917,0.1575091575091575,0.3584859584859585,0.2713064713064713,0.11697191697191697,0.12136752136752137,0.12356532356532357,0.47545787545787543,0.33528693528693526,0.21587301587301588,0.49694749694749696,0.2893772893772894,0.550915750915751,0.08717948717948718,0.7323565323565323,0.08083028083028083,0.41367521367521365,0.2175824175824176,0.189010989010989,0.12380952380952381,0.6385836385836385,0.27277167277167275,0.11672771672771673,0.14774114774114774,0.252991452991453,0.4183150183150183,0.6068376068376068,0.5137973137973137,0.2847374847374847,0.40805860805860805,0.6036630036630036,0.546031746031746,0.4490842490842491,0.36166056166056165,0.09474969474969475,0.6107448107448108,0.1960927960927961,0.5111111111111111,0.178998778998779,0.441025641025641,0.5526251526251527,0.5406593406593406,0.33992673992673994,0.2021978021978022,0.3750915750915751,0.6595848595848596,0.715995115995116,0.4432234432234432,0.18339438339438338,0.6068376068376068,0.157997557997558,0.11672771672771673,0.1199023199023199,0.1807081807081807,0.22295482295482297,0.22857142857142856,0.11404151404151404,0.20146520146520147,0.18217338217338216,0.12722832722832722,0.35115995115995113,0.2568986568986569,0.5721611721611721,0.43956043956043955,0.6261294261294261,0.31306471306471306,0.22466422466422467
0.15384615384615385,0.1702075702075702,0.421978021978022,0.463980463980464,0.512087912087912,0.4945054945054945,0.43785103785103785,0.21953601953601953,0.4442002442002442,0.5492063492063493,0.221001221001221,0.4371184371184371,0.29865689865689865,0.15067155067155066,0.3492063492063492,0.26324786324786326,0.15189255189255188,0.12380952380952381,0.11672771672771673,0.46007326007326005,0.3218559218559219,0.2061050061050061,0.4857142857142857,0.31404151404151404,0.5628815628815629,0.08937728937728938,0.7133089133089133,0.08180708180708181,0.4283272283272283,0.20732600732600734,0.17997557997557997,0.1413919413919414,0.6351648351648351,0.3098901098901099,0.11477411477411477,0.14383394383394382,0.24273504273504273,0.4039072039072039,0.6024420024420024,0.49963369963369964,0.2737484737484738,0.3973137973137973,0.6161172161172161,0.528937728937729,0.44395604395604393,0.35213675213675216,0.09474969474969475,0.5943833943833944,0.18705738705738706,0.5208791208791209,0.19584859584859585,0.42637362637362636,0.5357753357753358,0.5247863247863248,0.32967032967032966,0.1943833943833944,0.40586080586080586,0.6598290598290598,0.7194139194139194,0.4293040293040293,0.17875457875457876,0.6105006105006106,0.15433455433455434,0.11233211233211234,0.11941391941391942,0.17753357753357754,0.21684981684981686,0.22002442002442002,0.11330891330891331,0.22954822954822954,0.1794871794871795,0.12576312576312576,0.3426129426129426,0.2463980463980464,0.5746031746031746,0.4256410256410256,0.6173382173382174,0.3032967032967033,0.21782661782661783
0.14896214896214896,0.1934065934065934,0.41318681318681316,0.48376068376068376,0.5199023199023199,0.4918192918192918,0.42686202686202684,0.2600732600732601,0.4512820512820513,0.5638583638583639,0.21416361416361415,0.4222222222222222,0.28815628815628813,0.14407814407814407,0.34114774114774116,0.25396825396825395,0.19511599511599512,0.13015873015873017,0.11037851037851037,0.4456654456654457,0.3089133089133089,0.19853479853479852,0.47277167277167276,0.33724053724053726,0.5724053724053724,0.09572649572649573,0.694017094017094,0.08180708180708181,0.44004884004884004,0.19755799755799755,0.17094017094017094,0.16532356532356532,0.6288156288156288,0.3418803418803419,0.11257631257631258,0.13992673992673993,0.23247863247863249,0.38974358974358975,0.5960927960927961,0.48547008547008547,0.26275946275946277,0.3868131868131868,0.6258852258852259,0.5118437118437118,0.43614163614163615,0.3435897435897436,0.09426129426129426,0.577045177045177,0.17826617826617827,0.527960927960928,0.21855921855921856,0.4122100122100122,0.5191697191697192,0.5094017094017094,0.31916971916971915,0.18705738705738706,0.43394383394383396,0.6586080586080586,0.7208791208791209,0.41562881562881565,0.17387057387057386,0.6107448107448108,0.1509157509157509,0.10818070818070818,0.11794871794871795,0.17362637362637362,0.210989010989011,0.21172161172161172,0.11404151404151404,0.26886446886446885,0.1768009768009768,0.12673992673992673,0.33406593406593404,0.2358974358974359,0.5753357753357753,0.41318681318681316,0.6061050061050061,0.29304029304029305,0.21147741147741148
0.14407814407814407,0.2231990231990232,0.4048840048840049,0.5047619047619047,0.5252747252747253,0.4869352869352869,0.4158730158730159,0.3018315018315018,0.4559218559218559,0.5746031746031746,0.20732600732600734,0.4065934065934066,0.27814407814407816,0.13797313797313798,0.33406593406593404,0.2442002442002442,0.24566544566544565,0.14188034188034188,0.10476190476190476,0.4315018315018315,0.2962148962148962,0.1916971916971917,0.45885225885225883,0.3592185592185592,0.5787545787545788,0.1054945054945055,0.6747252747252748,0.08131868131868132,0.44884004884004886,0.18803418803418803,0.16263736263736264,0.19511599511599512,0.62002442002442,0.3706959706959707,0.10964590964590964,0.13675213675213677,0.22246642246642245,0.37606837606837606,0.5877899877899878,0.4713064713064713,0.2512820512820513,0.3768009768009768,0.6327228327228327,0.494993894993895,0.4278388278388278,0.3338217338217338,0.09304029304029304,0.558974358974359,0.17045177045177046,0.5326007326007326,0.24713064713064714,0.39951159951159954,0.5015873015873016,0.49401709401709404,0.30915750915750917,0.17997557997557997,0.45567765567765567,0.654945054945055,0.7194139194139194,0.4017094017094017,0.16947496947496948,0.608058608058608,0.14774114774114774,0.10573870573870574,0.11575091575091576,0.1702075702075702,0.20488400488400488,0.20366300366300366,0.11526251526251527,0.3045177045177045,0.17435897435897435,0.13137973137973138,0.326007326007326,0.2258852258852259,0.5738705738705738,0.4014652014652015,0.5926739926739927,0.28253968253968254,0.20488400488400488
0.13968253968253969,0.25396825396825395,0.3963369963369963,0.525030525030525,0.5286935286935287,0.4805860805860806,0.4056166056166056,0.3431013431013431,0.45787545787545786,0.5853479853479854,0.20073260073260074,0.39096459096459096,0.2681318681318681,0.13357753357753357,0.326007326007326,0.23467643467643468,0.3013431013431013,0.1592185592185592,0.09963369963369964,0.4175824175824176,0.2852258852258852,0.18339438339438338,0.4444444444444444,0.378998778998779,0.5824175824175825,0.11941391941391942,0.653968253968254,0.08058608058608059,0.45445665445665445,0.178998778998779,0.15482295482295483,0.22979242979242978,0.609035409035409,0.40073260073260075,0.10671550671550671,0.1347985347985348,0.2126984126984127,0.36214896214896214,0.5772893772893772,0.45787545787545786,0.23956043956043957,0.367032967032967,0.6363858363858363,0.4800976800976801,0.4188034188034188,0.32332112332112334,0.09157509157509157,0.5406593406593406,0.16312576312576313,0.5340659340659341,0.2754578754578755,0.38803418803418804,0.4835164835164835,0.47912087912087914,0.29987789987789987,0.1746031746031746,0.4735042735042735,0.6485958485958486,0.7147741147741148,0.3877899877899878,0.16532356532356532,0.6026862026862027,0.1452991452991453,0.10451770451770452,0.11330891330891331,0.16678876678876678,0.19926739926739928,0.19755799755799755,0.11697191697191697,0.3384615384615385,0.17191697191697192,0.14114774114774115,0.3181929181929182,0.21611721611721613,0.5702075702075702,0.3887667887667888,0.5777777777777777,0.27228327228327226,0.19877899877899877
0.13528693528693528,0.2862026862026862,0.38754578754578756,0.5443223443223443,0.5291819291819292,0.4725274725274725,0.39536019536019534,0.3833943833943834,0.45738705738705737,0.5943833943833944,0.1943833943833944,0.3738705738705739,0.2583638583638584,0.13015873015873017,0.3181929181929182,0.22564102564102564,0.3592185592185592,0.18192918192918192,0.09474969474969475,0.40366300366300367,0.2754578754578755,0.17484737484737484,0.43052503052503055,0.39658119658119656,0.5826617826617827,0.13968253968253969,0.6327228327228327,0.07985347985347985,0.4568986568986569,0.17045177045177046,0.14725274725274726,0.2625152625152625,0.5953601953601954,0.43003663003663006,0.10354090354090355,0.1347985347985348,0.20317460317460317,0.34847374847374846,0.5650793650793651,0.44517704517704515,0.2288156288156288,0.3572649572649573,0.6371184371184371,0.46715506715506716,0.4073260073260073,0.31306471306471306,0.09010989010989011,0.5230769230769231,0.15555555555555556,0.5326007326007326,0.3047619047619048,0.3755799755799756,0.4656898656898657,0.46422466422466424,0.29084249084249086,0.1702075702075702,0.4905982905982906,0.639072039072039,0.706959706959707,0.3741147741147741,0.16117216117216118,0.5948717948717949,0.14358974358974358,0.10329670329670329,0.1111111111111111,0.1641025641025641,0.19413919413919414,0.1921855921855922,0.1203907203907204,0.37191697191697193,0.1702075702075702,0.15653235653235653,0.31013431013431014,0.2083028083028083,0.5645909645909646,0.3755799755799756,0.5616605616605617,0.2622710622710623,0.19291819291819293
0.1326007326007326,0.3242979242979243,0.3785103785103785,0.5619047619047619,0.526984126984127,0.4634920634920635,0.3851037851037851,0.4166056166056166,0.4551892551892552,0.6012210012210012,0.1877899877899878,0.3572649572649573,0.25054945054945055,0.126007326007326,0.3098901098901099,0.2170940170940171,0.4170940170940171,0.21001221001221002,0.09133089133089133,0.3916971916971917,0.2647130647130647,0.1663003663003663,0.4170940170940171,0.41196581196581195,0.57997557997558,0.16727716727716727,0.6117216117216118,0.07912087912087912,0.4559218559218559,0.1623931623931624,0.14065934065934066,0.2945054945054945,0.5794871794871795,0.45714285714285713,0.10061050061050061,0.13772893772893774,0.19413919413919414,0.33528693528693526,0.5511599511599512,0.43272283272283274,0.21953601953601953,0.34725274725274724,0.6346764346764346,0.45396825396825397,0.39487179487179486,0.3028083028083028,0.0884004884004884,0.5062271062271062,0.14847374847374847,0.5286935286935287,0.3396825396825397,0.36288156288156287,0.4485958485958486,0.4495726495726496,0.28376068376068375,0.16483516483516483,0.505982905982906,0.6273504273504273,0.6962148962148962,0.3609279609279609,0.1575091575091575,0.5851037851037851,0.1413919413919414,0.10427350427350428,0.10891330891330891,0.16312576312576313,0.189010989010989,0.18608058608058609,0.12698412698412698,0.4039072039072039,0.16947496947496948,0.17777777777777778,0.30207570207570206,0.20146520146520147,0.5575091575091575,0.3626373626373626,0.5448107448107448,0.25225885225885225,0.1873015873015873
0.13015873015873017,0.36556776556776555,0.36971916971916974,0.5777777777777777,0.5213675213675214,0.4537240537240537,0.37484737484737485,0.4456654456654457,0.45103785103785105,0.6053724053724053,0.18192918192918192,0.3440781440781441,0.24346764346764346,0.12185592185592185,0.3018315018315018,0.2087912087912088,0.4735042735042735,0.24224664224664225,0.08937728937728938,0.38046398046398044,0.252991452991453,0.15775335775335775,0.4039072039072039,0.4249084249084249,0.5753357753357753,0.20073260073260074,0.5912087912087912,0.07887667887667887,0.45152625152625153,0.15482295482295483,0.13577533577533576,0.3304029304029304,0.5616605616605617,0.48205128205128206,0.09768009768009768,0.1443223443223443,0.1851037851037851,0.3235653235653236,0.5365079365079365,0.42075702075702076,0.2105006105006105,0.336996336996337,0.6293040293040293,0.4405372405372405,0.38217338217338215,0.2923076923076923,0.08693528693528693,0.48986568986568985,0.14188034188034188,0.5228327228327229,0.37704517704517704,0.35067155067155065,0.4324786324786325,0.4346764346764347,0.27765567765567767,0.1592185592185592,0.5191697191697192,0.6131868131868132,0.6825396825396826,0.34798534798534797,0.1540903540903541,0.5736263736263736,0.1391941391941392,0.10818070818070818,0.1076923076923077,0.16483516483516483,0.18437118437118438,0.17997557997557997,0.13821733821733823,0.4341880341880342,0.17045177045177046,0.20488400488400488,0.294993894993895,0.19413919413919414,0.548962148962149,0.35018315018315016,0.5274725274725275,0.24273504273504273,0.18192918192918192
0.1264957264957265,0.4078144078144078,0.3609279609279609,0.5912087912087912,0.5133089133089133,0.44346764346764345,0.3653235653235653,0.47619047619047616,0.44468864468864466,0.6065934065934065,0.17606837606837608,0.33406593406593404,0.23516483516483516,0.11746031746031746,0.29352869352869354,0.20073260073260074,0.5272283272283272,0.2774114774114774,0.09010989010989011,0.36800976800976803,0.24151404151404152,0.14945054945054945,0.3916971916971917,0.43614163614163615,0.5682539682539682,0.2398046398046398,0.5714285714285714,0.07912087912087912,0.4444444444444444,0.1492063492063492,0.13235653235653236,0.3672771672771673,0.5431013431013431,0.504029304029304,0.09499389499389499,0.15604395604395604,0.17826617826617827,0.31306471306471306,0.5216117216117216,0.409035409035409,0.2021978021978022,0.32625152625152626,0.6217338217338217,0.4275946275946276,0.36996336996337,0.28205128205128205,0.08522588522588523,0.47448107448107446,0.13528693528693528,0.5145299145299145,0.41514041514041516,0.3384615384615385,0.4170940170940171,0.42173382173382173,0.2708180708180708,0.15384615384615385,0.5301587301587302,0.5975579975579975,0.6666666666666666,0.3355311355311355,0.15189255189255188,0.5594627594627595,0.136996336996337,0.11672771672771673,0.10818070818070818,0.1711843711843712,0.17997557997557997,0.17387057387057386,0.15604395604395604,0.4622710622710623,0.17387057387057386,0.23687423687423687,0.2886446886446886,0.18608058608058609,0.5387057387057387,0.33821733821733824,0.5106227106227106,0.2336996336996337,0.1772893772893773
0.12258852258852258,0.4495726495726496,0.35213675213675216,0.6024420024420024,0.5032967032967033,0.43394383394383396,0.35653235653235654,0.505982905982906,0.4368742368742369,0.6048840048840048,0.17167277167277167,0.32576312576312577,0.22686202686202686,0.11330891330891331,0.2857142857142857,0.19316239316239317,0.577045177045177,0.3089133089133089,0.09304029304029304,0.3550671550671551,0.23003663003663002,0.14188034188034188,0.3797313797313797,0.44542124542124545,0.5587301587301587,0.28205128205128205,0.5526251526251527,0.08156288156288156,0.4346764346764347,0.14481074481074482,0.12796092796092795,0.40341880341880343,0.5242979242979243,0.5233211233211233,0.09304029304029304,0.1724053724053724,0.17313797313797313,0.3013431013431013,0.5064713064713064,0.39755799755799753,0.1943833943833944,0.3172161172161172,0.6117216117216118,0.4148962148962149,0.3584859584859585,0.2717948717948718,0.08473748473748474,0.4598290598290598,0.1308913308913309,0.504029304029304,0.4517704517704518,0.32673992673992674,0.4021978021978022,0.41001221001221,0.263980463980464,0.14896214896214896,0.5387057387057387,0.580952380952381,0.6488400488400489,0.32454212454212455,0.15042735042735042,0.5433455433455433,0.1347985347985348,0.13064713064713065,0.11086691086691086,0.1838827838827839,0.17631257631257632,0.16825396825396827,0.18095238095238095,0.48766788766788766,0.18046398046398046,0.26764346764346764,0.28156288156288156,0.17826617826617827,0.526984126984127,0.32625152625152626,0.4945054945054945,0.22466422466422467,0.17387057387057386
0.11892551892551892,0.48986568986568985,0.34285714285714286,0.6117216117216118,0.4913308913308913,0.4249084249084249,0.34676434676434675,0.5340659340659341,0.4275946275946276,0.5997557997557997,0.16800976800976802,0.3177045177045177,0.21855921855921856,0.10964590964590964,0.2774114774114774,0.18583638583638584,0.6231990231990232,0.3384615384615385,0.09865689865689865,0.34163614163614164,0.21904761904761905,0.1343101343101343,0.3682539682539683,0.45225885225885226,0.5470085470085471,0.326007326007326,0.5345543345543345,0.08693528693528693,0.4244200244200244,0.13943833943833944,0.12307692307692308,0.4371184371184371,0.5054945054945055,0.5399267399267399,0.09206349206349207,0.1907203907203907,0.16678876678876678,0.28913308913308916,0.49206349206349204,0.3860805860805861,0.18803418803418803,0.3089133089133089,0.5992673992673992,0.40293040293040294,0.34798534798534797,0.2617826617826618,0.08498168498168499,0.44664224664224667,0.12722832722832722,0.49206349206349204,0.48644688644688644,0.315018315018315,0.38803418803418804,0.3973137973137973,0.2576312576312576,0.14407814407814407,0.5452991452991452,0.5641025641025641,0.6295482295482295,0.3145299145299145,0.147985347985348,0.526007326007326,0.1326007326007326,0.15042735042735042,0.11794871794871795,0.20415140415140415,0.17362637362637362,0.16312576312576313,0.21343101343101342,0.5101343101343101,0.1907203907203907,0.2976800976800977,0.2744810744810745,0.17094017094017094,0.5137973137973137,0.315018315018315,0.47863247863247865,0.21684981684981686,0.17191697191697192
0.11648351648351649,0.5286935286935287,0.3338217338217338,0.6183150183150183,0.47863247863247865,0.4166056166056166,0.3333333333333333,0.5597069597069597,0.41733821733821735,0.5921855921855922,0.16361416361416362,0.31013431013431014,0.2105006105006105,0.10573870573870574,0.26935286935286934,0.17875457875457876,0.6595848595848596,0.3706959706959707,0.10744810744810745,0.3286935286935287,0.20854700854700856,0.12722832722832722,0.35702075702075703,0.45616605616605616,0.5328449328449328,0.36971916971916974,0.5174603174603175,0.09694749694749695,0.41318681318681316,0.13406593406593406,0.11843711843711843,0.4673992673992674,0.4879120879120879,0.5531135531135531,0.09352869352869353,0.21123321123321123,0.15995115995115994,0.2766788766788767,0.4778998778998779,0.37435897435897436,0.1824175824175824,0.29987789987789987,0.5851037851037851,0.39096459096459096,0.33821733821733824,0.25225885225885225,0.08766788766788766,0.4341880341880342,0.12258852258852258,0.4793650793650794,0.5181929181929182,0.3045177045177045,0.3741147741147741,0.38412698412698415,0.25103785103785103,0.1496947496947497,0.5492063492063493,0.5474969474969476,0.6112332112332113,0.3035409035409035,0.1452991452991453,0.5076923076923077,0.13064713064713065,0.17631257631257632,0.13064713064713065,0.2271062271062271,0.1702075702075702,0.157997557997558,0.2525030525030525,0.5299145299145299,0.20317460317460317,0.33186813186813185,0.2673992673992674,0.1641025641025641,0.5001221001221001,0.3045177045177045,0.46422466422466424,0.21123321123321123,0.17045177045177046
0.11575091575091576,0.5655677655677656,0.32454212454212455,0.622954822954823,0.46642246642246643,0.40805860805860805,0.3213675213675214,0.5826617826617827,0.4065934065934066,0.5821733821733822,0.15824175824175823,0.3023199023199023,0.2026862026862027,0.10183150183150183,0.2612942612942613,0.17362637362637362,0.6896214896214896,0.40293040293040294,0.1203907203907204,0.31575091575091574,0.19853479853479852,0.1203907203907204,0.34725274725274724,0.4581196581196581,0.5167277167277168,0.4122100122100122,0.5008547008547009,0.11282051282051282,0.4,0.1291819291819292,0.1137973137973138,0.4945054945054945,0.47106227106227105,0.5638583638583639,0.0989010989010989,0.23736263736263735,0.1536019536019536,0.26422466422466423,0.46422466422466424,0.3641025641025641,0.17606837606837608,0.2903540903540904,0.5697191697191697,0.37924297924297923,0.3291819291819292,0.24297924297924298,0.09328449328449329,0.42124542124542125,0.11746031746031746,0.46593406593406594,0.5472527472527473,0.2945054945054945,0.3606837606837607,0.3711843711843712,0.24444444444444444,0.16117216117216118,0.5514041514041514,0.5316239316239316,0.5938949938949939,0.2920634920634921,0.14285714285714285,0.4891330891330891,0.12844932844932844,0.20732600732600734,0.14993894993894993,0.2537240537240537,0.16654456654456654,0.15335775335775337,0.2967032967032967,0.5462759462759462,0.21782661782661783,0.367032967032967,0.2600732600732601,0.15775335775335775,0.48547008547008547,0.2945054945054945,0.4507936507936508,0.20757020757020758,0.17045177045177046
0.11843711843711843,0.6004884004884005,0.3155067155067155,0.6236874236874237,0.4542124542124542,0.39951159951159954,0.3125763125763126,0.6024420024420024,0.39584859584859583,0.5702075702075702,0.15262515262515264,0.29474969474969476,0.19487179487179487,0.09841269841269841,0.25347985347985347,0.16947496947496948,0.7208791208791209,0.43394383394383396,0.13772893772893774,0.30305250305250303,0.189010989010989,0.11428571428571428,0.3384615384615385,0.45885225885225883,0.49963369963369964,0.4517704517704518,0.4752136752136752,0.13235653235653236,0.38534798534798537,0.1242979242979243,0.10915750915750916,0.517948717948718,0.4551892551892552,0.5716727716727716,0.1076923076923077,0.2669108669108669,0.147008547008547,0.25225885225885225,0.45152625152625153,0.35433455433455435,0.16947496947496948,0.2805860805860806,0.5538461538461539,0.3672771672771673,0.32112332112332115,0.23565323565323565,0.1028083028083028,0.40757020757020757,0.11282051282051282,0.45274725274725275,0.5736263736263736,0.2847374847374847,0.3487179487179487,0.3584859584859585,0.23809523809523808,0.16605616605616605,0.5516483516483517,0.5177045177045178,0.5758241758241758,0.28083028083028083,0.1409035409035409,0.47106227106227105,0.1264957264957265,0.2424908424908425,0.17264957264957265,0.28888888888888886,0.16312576312576313,0.14896214896214896,0.3443223443223443,0.5582417582417583,0.23785103785103784,0.4014652014652015,0.25347985347985347,0.1514041514041514,0.4713064713064713,0.2847374847374847,0.43907203907203907,0.20488400488400488,0.1724053724053724
0.12576312576312576,0.6329670329670329,0.3064713064713065,0.6217338217338217,0.4415140415140415,0.39096459096459096,0.3028083028083028,0.6192918192918193,0.3851037851037851,0.557020757020757,0.147008547008547,0.2874236874236874,0.18754578754578755,0.09548229548229548,0.24664224664224665,0.1645909645909646,0.7506715506715507,0.4627594627594628,0.157997557997558,0.2903540903540904,0.17997557997557997,0.11013431013431013,0.3286935286935287,0.45836385836385835,0.48205128205128206,0.48815628815628814,0.4468864468864469,0.15653235653235653,0.37094017094017095,0.11965811965811966,0.10476190476190476,0.5382173382173382,0.44004884004884004,0.5758241758241758,0.12112332112332112,0.29816849816849816,0.14114774114774115,0.2407814407814408,0.4402930402930403,0.3440781440781441,0.16312576312576313,0.27106227106227104,0.5374847374847375,0.35555555555555557,0.3133089133089133,0.22954822954822954,0.11819291819291819,0.39365079365079364,0.10818070818070818,0.44004884004884004,0.5968253968253968,0.27521367521367524,0.33821733821733824,0.3457875457875458,0.2315018315018315,0.16776556776556775,0.54993894993895,0.505006105006105,0.557997557997558,0.2698412698412698,0.1387057387057387,0.4537240537240537,0.12454212454212454,0.2800976800976801,0.19975579975579977,0.33015873015873015,0.1597069597069597,0.14481074481074482,0.39316239316239315,0.5665445665445665,0.2612942612942613,0.432967032967033,0.24713064713064714,0.14554334554334555,0.45787545787545786,0.27692307692307694,0.4288156288156288,0.2043956043956044,0.1768009768009768
0.1387057387057387,0.6632478632478632,0.2989010989010989,0.6175824175824176,0.42905982905982903,0.38266178266178263,0.2923076923076923,0.6329670329670329,0.3750915750915751,0.544078144078144,0.1413919413919414,0.28034188034188035,0.18021978021978022,0.09328449328449329,0.2407814407814408,0.15897435897435896,0.7785103785103785,0.48937728937728936,0.18095238095238095,0.27814407814407816,0.1711843711843712,0.10671550671550671,0.31868131868131866,0.45567765567765567,0.46422466422466424,0.5208791208791209,0.42735042735042733,0.1894993894993895,0.3572649572649573,0.11526251526251527,0.10061050061050061,0.5548229548229549,0.4256410256410256,0.5772893772893772,0.14114774114774115,0.3299145299145299,0.13553113553113552,0.22905982905982905,0.4297924297924298,0.33308913308913307,0.15653235653235653,0.2617826617826618,0.5216117216117216,0.34383394383394383,0.306959706959707,0.22197802197802197,0.14017094017094017,0.37948717948717947,0.10329670329670329,0.4278388278388278,0.6173382173382174,0.26764346764346764,0.326007326007326,0.3333333333333333,0.22564102564102564,0.16923076923076924,0.5462759462759462,0.49230769230769234,0.5404151404151404,0.25934065934065936,0.13675213675213677,0.43736263736263736,0.12356532356532357,0.31355311355311355,0.2354090354090354,0.37484737484737485,0.15653235653235653,0.14114774114774115,0.43492063492063493,0.5731379731379731,0.28766788766788765,0.46153846153846156,0.24102564102564103,0.13968253968253969,0.44468864468864466,0.2708180708180708,0.4183150183150183,0.20732600732600734,0.1838827838827839
0.157997557997558,0.6913308913308913,0.29181929181929184,0.6112332112332113,0.4170940170940171,0.37435897435897436,0.28205128205128205,0.6432234432234433,0.3665445665445665,0.5308913308913309,0.1365079365079365,0.27326007326007323,0.17338217338217338,0.0927960927960928,0.2341880341880342,0.1536019536019536,0.8034188034188035,0.5135531135531135,0.2056166056166056,0.26666666666666666,0.16336996336996337,0.10207570207570207,0.30842490842490844,0.4512820512820513,0.4468864468864469,0.5467643467643467,0.41098901098901097,0.23028083028083027,0.34456654456654456,0.11086691086691086,0.09694749694749695,0.5684981684981685,0.4129426129426129,0.5772893772893772,0.16825396825396827,0.3601953601953602,0.13064713064713065,0.2175824175824176,0.4188034188034188,0.3225885225885226,0.14993894993894993,0.2525030525030525,0.505982905982906,0.33186813186813185,0.3006105006105006,0.21465201465201464,0.16947496947496948,0.3653235653235653,0.09865689865689865,0.4163614163614164,0.6346764346764346,0.2608058608058608,0.31306471306471306,0.32161172161172163,0.2205128205128205,0.17191697191697192,0.5411477411477411,0.47985347985347987,0.5235653235653236,0.24932844932844933,0.1347985347985348,0.4222222222222222,0.12307692307692308,0.34505494505494505,0.27765567765567767,0.4205128205128205,0.1536019536019536,0.1387057387057387,0.472039072039072,0.5777777777777777,0.3155067155067155,0.4866910866910867,0.2354090354090354,0.13406593406593406,0.43345543345543347,0.26373626373626374,0.4078144078144078,0.2144078144078144,0.1934065934065934
0.1829059829059829,0.7125763125763126,0.284004884004884,0.6026862026862027,0.4048840048840049,0.3665445665445665,0.272039072039072,0.6500610500610501,0.3584859584859585,0.5096459096459096,0.13211233211233211,0.2664224664224664,0.16678876678876678,0.0945054945054945,0.2271062271062271,0.14822954822954823,0.8249084249084249,0.5355311355311355,0.23076923076923078,0.2554334554334554,0.15702075702075702,0.09743589743589744,0.2979242979242979,0.44468864468864466,0.4302808302808303,0.5675213675213675,0.3963369963369963,0.2766788766788767,0.33284493284493283,0.10671550671550671,0.09304029304029304,0.5792429792429793,0.4014652014652015,0.5746031746031746,0.2021978021978022,0.389010989010989,0.12576312576312576,0.20634920634920634,0.40757020757020757,0.31184371184371185,0.14383394383394382,0.2437118437118437,0.4905982905982906,0.3218559218559219,0.2937728937728938,0.2070818070818071,0.20537240537240536,0.3514041514041514,0.09426129426129426,0.4061050061050061,0.6468864468864469,0.25347985347985347,0.3001221001221001,0.3098901098901099,0.2170940170940171,0.17606837606837608,0.5340659340659341,0.4683760683760684,0.5076923076923077,0.2398046398046398,0.13284493284493284,0.40854700854700854,0.12454212454212454,0.3785103785103785,0.3242979242979243,0.46544566544566546,0.15067155067155066,0.136996336996337,0.5106227106227106,0.5794871794871795,0.34383394383394383,0.5076923076923077,0.22979242979242978,0.12869352869352868,0.4236874236874237,0.2564102564102564,0.39755799755799753,0.22564102564102564,0.20488400488400488
0.20854700854700856,0.7296703296703296,0.2761904761904762,0.591941391941392,0.3934065934065934,0.35873015873015873,0.2625152625152625,0.6525030525030525,0.35018315018315016,0.4954822954822955,0.12967032967032968,0.2595848595848596,0.16214896214896216,0.0989010989010989,0.22002442002442002,0.14285714285714285,0.8434676434676435,0.5545787545787546,0.25518925518925517,0.2463980463980464,0.15213675213675212,0.0927960927960928,0.28766788766788765,0.4363858363858364,0.41611721611721614,0.5892551892551893,0.3824175824175824,0.32673992673992674,0.3221001221001221,0.1028083028083028,0.08937728937728938,0.5853479853479854,0.38925518925518926,0.5697191697191697,0.24151404151404152,0.41514041514041516,0.12136752136752137,0.19584859584859585,0.39658119658119656,0.3013431013431013,0.13724053724053725,0.23516483516483516,0.47692307692307695,0.3128205128205128,0.28644688644688643,0.19975579975579977,0.2459096459096459,0.3374847374847375,0.09035409035409035,0.3973137973137973,0.6554334554334554,0.24566544566544565,0.2869352869352869,0.29816849816849816,0.2153846153846154,0.1824175824175824,0.5247863247863248,0.45714285714285713,0.4927960927960928,0.23076923076923078,0.13113553113553114,0.3951159951159951,0.12796092796092795,0.41196581196581195,0.3728937728937729,0.5076923076923077,0.147985347985348,0.1343101343101343,0.5484737484737485,0.5785103785103786,0.37142857142857144,0.525030525030525,0.22442002442002443,0.12527472527472527,0.4141636141636142,0.24932844932844933,0.38754578754578756,0.2402930402930403,0.21782661782661783
0.2358974358974359,0.7474969474969475,0.26837606837606837,0.5787545787545788,0.38217338217338215,0.35115995115995113,0.25396825396825395,0.6512820512820513,0.3423687423687424,0.48205128205128206,0.13015873015873017,0.2525030525030525,0.15848595848595848,0.10671550671550671,0.21294261294261294,0.13797313797313798,0.8588522588522588,0.5711843711843712,0.2783882783882784,0.2385836385836386,0.14554334554334555,0.0884004884004884,0.27765567765567767,0.42637362637362636,0.40366300366300367,0.6097680097680098,0.3694749694749695,0.378021978021978,0.3125763125763126,0.09914529914529914,0.08766788766788766,0.5882783882783883,0.37655677655677655,0.5616605616605617,0.2844932844932845,0.4388278388278388,0.11697191697191697,0.1873015873015873,0.3855921855921856,0.29084249084249086,0.13113553113553114,0.22661782661782662,0.4644688644688645,0.3023199023199023,0.27912087912087913,0.19291819291819293,0.29010989010989013,0.3235653235653236,0.08791208791208792,0.38925518925518926,0.6632478632478632,0.23833943833943835,0.27472527472527475,0.2874236874236874,0.21611721611721613,0.19291819291819293,0.5135531135531135,0.4461538461538462,0.47863247863247865,0.22246642246642245,0.12942612942612944,0.38363858363858366,0.13382173382173382,0.4432234432234432,0.42173382173382173,0.5467643467643467,0.1452991452991453,0.13113553113553114,0.5836385836385837,0.5746031746031746,0.3973137973137973,0.5389499389499389,0.22002442002442002,0.12307692307692308,0.40463980463980465,0.24224664224664225,0.37777777777777777,0.2583638583638584,0.23223443223443224
0.26935286935286934,0.7636141636141636,0.26105006105006107,0.5650793650793651,0.37094017094017095,0.3431013431013431,0.24713064713064714,0.6483516483516484,0.33455433455433453,0.4627594627594628,0.13553113553113552,0.2468864468864469,0.1540903540903541,0.11843711843711843,0.2056166056166056,0.13357753357753357,0.8708180708180708,0.5851037851037851,0.2979242979242979,0.23028083028083027,0.13846153846153847,0.08498168498168499,0.26764346764346764,0.41562881562881565,0.3912087912087912,0.6285714285714286,0.3567765567765568,0.42905982905982903,0.30378510378510376,0.09597069597069598,0.08644688644688645,0.58998778998779,0.36385836385836384,0.5514041514041514,0.32844932844932845,0.4598290598290598,0.11282051282051282,0.18046398046398046,0.37484737484737485,0.2805860805860806,0.12527472527472527,0.21855921855921856,0.45152625152625153,0.2915750915750916,0.2713064713064713,0.18608058608058609,0.3355311355311355,0.31013431013431014,0.08766788766788766,0.3807081807081807,0.6695970695970695,0.23101343101343103,0.26275946275946277,0.27814407814407816,0.22002442002442002,0.20732600732600734,0.5008547008547009,0.43565323565323566,0.46495726495726497,0.21465201465201464,0.12844932844932844,0.3728937728937729,0.14334554334554334,0.47155067155067154,0.4686202686202686,0.5814407814407815,0.14285714285714285,0.12796092796092795,0.6153846153846154,0.568009768009768,0.42075702075702076,0.5492063492063493,0.21611721611721613,0.12087912087912088,0.39584859584859583,0.2354090354090354,0.3682539682539683,0.2788766788766789,0.2463980463980464
0.3064713064713065,0.7775335775335775,0.25396825396825395,0.5501831501831502,0.3601953601953602,0.3355311355311355,0.24346764346764346,0.6422466422466423,0.326984126984127,0.4507936507936508,0.14652014652014653,0.24175824175824176,0.1496947496947497,0.1347985347985348,0.19853479853479852,0.1291819291819292,0.8798534798534798,0.5963369963369963,0.3145299145299145,0.22173382173382172,0.13137973137973138,0.08327228327228327,0.2578754578754579,0.4039072039072039,0.378998778998779,0.644932844932845,0.34456654456654456,0.4783882783882784,0.295970695970696,0.09426129426129426,0.08473748473748474,0.5894993894993895,0.35115995115995113,0.5389499389499389,0.37216117216117217,0.4778998778998779,0.11013431013431013,0.1724053724053724,0.36385836385836384,0.2708180708180708,0.11965811965811966,0.21465201465201464,0.4385836385836386,0.2805860805860806,0.26373626373626374,0.1794871794871795,0.3807081807081807,0.29645909645909646,0.0905982905982906,0.37142857142857144,0.6737484737484738,0.22393162393162394,0.2512820512820513,0.2698412698412698,0.2275946275946276,0.2258852258852259,0.4866910866910867,0.4253968253968254,0.4512820512820513,0.20732600732600734,0.1282051282051282,0.3614163614163614,0.15653235653235653,0.49645909645909647,0.5123321123321123,0.6124542124542125,0.14065934065934066,0.12527472527472527,0.6437118437118438,0.5584859584859585,0.44297924297924296,0.5548229548229549,0.21196581196581196,0.11965811965811966,0.3873015873015873,0.2288156288156288,0.35873015873015873,0.3052503052503053,0.2583638583638584
0.3457875457875458,0.7882783882783883,0.24713064713064714,0.535042735042735,0.3499389499389499,0.32893772893772893,0.24175824175824176,0.6332112332112332,0.31965811965811963,0.43907203907203907,0.16092796092796094,0.23614163614163614,0.1452991452991453,0.1562881562881563,0.1916971916971917,0.12454212454212454,0.8854700854700854,0.6036630036630036,0.33137973137973137,0.21294261294261294,0.1242979242979243,0.0844932844932845,0.24810744810744811,0.3921855921855922,0.36678876678876676,0.6590964590964591,0.33284493284493283,0.5247863247863248,0.2893772893772894,0.09328449328449329,0.08327228327228327,0.5863247863247864,0.3387057387057387,0.5247863247863248,0.41440781440781443,0.49108669108669106,0.10842490842490843,0.1641025641025641,0.3528693528693529,0.2617826617826618,0.11550671550671551,0.2126984126984127,0.4256410256410256,0.2698412698412698,0.25567765567765566,0.17338217338217338,0.4244200244200244,0.28327228327228327,0.0971916971916972,0.3623931623931624,0.6747252747252748,0.2170940170940171,0.2402930402930403,0.2608058608058608,0.24004884004884006,0.24786324786324787,0.472039072039072,0.4148962148962149,0.43833943833943834,0.20195360195360196,0.12747252747252746,0.3496947496947497,0.17435897435897435,0.5177045177045178,0.5518925518925519,0.6398046398046398,0.1391941391941392,0.12356532356532357,0.6686202686202686,0.5467643467643467,0.4634920634920635,0.557020757020757,0.20757020757020758,0.12112332112332112,0.378998778998779,0.22246642246642245,0.3496947496947497,0.3291819291819292,0.26886446886446885
0.3860805860805861,0.7956043956043956,0.2407814407814408,0.5203907203907204,0.3396825396825397,0.3230769230769231,0.24346764346764346,0.6217338217338217,0.31184371184371185,0.4275946275946276,0.17997557997557997,0.23028083028083027,0.14407814407814407,0.18217338217338216,0.18534798534798536,0.12087912087912088,0.8859584859584859,0.6078144078144078,0.347008547008547,0.20415140415140415,0.11746031746031746,0.08937728937728938,0.23882783882783884,0.38168498168498166,0.3553113553113553,0.6713064713064713,0.32161172161172163,0.568009768009768,0.28376068376068375,0.09181929181929183,0.08327228327228327,0.57997557997558,0.32625152625152626,0.5096459096459096,0.4537240537240537,0.5008547008547009,0.10573870573870574,0.15604395604395604,0.3423687423687424,0.25274725274725274,0.1137973137973138,0.20854700854700856,0.4126984126984127,0.25982905982905985,0.24786324786324787,0.16727716727716727,0.46544566544566546,0.27228327228327226,0.10842490842490843,0.3536019536019536,0.6730158730158731,0.2105006105006105,0.22979242979242978,0.2512820512820513,0.2571428571428571,0.2725274725274725,0.45665445665445664,0.4043956043956044,0.4253968253968254,0.19755799755799755,0.12673992673992673,0.33821733821733824,0.19584859584859585,0.5355311355311355,0.5870573870573871,0.6600732600732601,0.13821733821733823,0.12380952380952381,0.6905982905982906,0.5330891330891331,0.48205128205128206,0.557020757020757,0.20341880341880342,0.1264957264957265,0.37094017094017095,0.21587301587301588,0.3409035409035409,0.3457875457875458,0.2788766788766789
0.4261294261294261,0.7992673992673993,0.23443223443223443,0.505982905982906,0.3308913308913309,0.31648351648351647,0.24835164835164836,0.6083028083028083,0.3045177045177045,0.4163614163614164,0.20634920634920634,0.22417582417582418,0.14505494505494507,0.21196581196581196,0.18046398046398046,0.11721611721611722,0.8827838827838828,0.610989010989011,0.3609279609279609,0.1956043956043956,0.1111111111111111,0.0989010989010989,0.23003663003663002,0.37191697191697193,0.3440781440781441,0.6803418803418804,0.31062271062271063,0.6073260073260073,0.2774114774114774,0.0905982905982906,0.0862026862026862,0.5709401709401709,0.31355311355311355,0.49401709401709404,0.4896214896214896,0.5103785103785103,0.10256410256410256,0.14822954822954823,0.3316239316239316,0.24566544566544565,0.11477411477411477,0.20366300366300366,0.4,0.24981684981684982,0.2398046398046398,0.16117216117216118,0.4989010989010989,0.2625152625152625,0.12527472527472527,0.3443223443223443,0.6681318681318681,0.20463980463980463,0.21953601953601953,0.24175824175824176,0.2783882783882784,0.2989010989010989,0.4415140415140415,0.39365079365079364,0.4141636141636142,0.1921855921855922,0.12673992673992673,0.32673992673992674,0.2205128205128205,0.548962148962149,0.6178266178266179,0.675946275946276,0.1365079365079365,0.12698412698412698,0.7094017094017094,0.5181929181929182,0.4954822954822955,0.5543345543345544,0.19926739926739928,0.136996336996337,0.36288156288156287,0.20976800976800977,0.3316239316239316,0.3601953601953602,0.2869352869352869
0.46593406593406594,0.7992673992673993,0.22857142857142856,0.49230769230769234,0.3225885225885226,0.31013431013431014,0.2576312576312576,0.5941391941391941,0.29743589743589743,0.4056166056166056,0.23956043956043957,0.21831501831501832,0.14407814407814407,0.24493284493284492,0.1772893772893773,0.11550671550671551,0.8776556776556776,0.611965811965812,0.3728937728937729,0.18705738705738706,0.10476190476190476,0.1137973137973138,0.22295482295482297,0.36166056166056165,0.3326007326007326,0.6869352869352869,0.3001221001221001,0.6376068376068376,0.2703296703296703,0.0905982905982906,0.09328449328449329,0.5587301587301587,0.3013431013431013,0.4783882783882784,0.517948717948718,0.5181929181929182,0.09987789987789988,0.1409035409035409,0.3213675213675214,0.23956043956043957,0.11892551892551892,0.19853479853479852,0.3873015873015873,0.2402930402930403,0.23174603174603176,0.15531135531135531,0.5264957264957265,0.2515262515262515,0.14822954822954823,0.33528693528693526,0.6600732600732601,0.199023199023199,0.20927960927960929,0.23272283272283273,0.30305250305250303,0.32576312576312577,0.42417582417582417,0.3838827838827839,0.4031746031746032,0.18632478632478633,0.1282051282051282,0.3155067155067155,0.24737484737484738,0.558974358974359,0.6402930402930402,0.6915750915750916,0.1347985347985348,0.1347985347985348,0.7252747252747253,0.5045177045177045,0.5047619047619047,0.5484737484737485,0.19511599511599512,0.1540903540903541,0.3550671550671551,0.20366300366300366,0.32405372405372407,0.37264957264957266,0.2932844932844933
0.505006105006105,0.7956043956043956,0.22271062271062272,0.4805860805860806,0.3133089133089133,0.3035409035409035,0.27057387057387056,0.5792429792429793,0.29010989010989013,0.3960927960927961,0.27765567765567767,0.21245421245421245,0.1426129426129426,0.2788766788766789,0.1768009768009768,0.11575091575091576,0.8698412698412699,0.6102564102564103,0.3831501831501832,0.178998778998779,0.09914529914529914,0.13382173382173382,0.21684981684981686,0.3516483516483517,0.3213675213675214,0.6905982905982906,0.28962148962148965,0.6627594627594627,0.26275946275946277,0.0927960927960928,0.1054945054945055,0.5443223443223443,0.2893772893772894,0.4634920634920635,0.5413919413919414,0.5245421245421246,0.09816849816849817,0.13406593406593406,0.3125763125763126,0.23296703296703297,0.12722832722832722,0.19316239316239317,0.3741147741147741,0.2315018315018315,0.22417582417582418,0.15115995115995115,0.5553113553113553,0.2402930402930403,0.1772893772893773,0.326007326007326,0.6493284493284494,0.19365079365079366,0.20146520146520147,0.22417582417582418,0.3299145299145299,0.35213675213675216,0.409035409035409,0.37484737484737485,0.3912087912087912,0.1807081807081807,0.13211233211233211,0.30427350427350425,0.2754578754578755,0.5658119658119658,0.6573870573870574,0.7057387057387058,0.13284493284493284,0.147985347985348,0.7382173382173383,0.49108669108669106,0.5137973137973137,0.5396825396825397,0.19096459096459095,0.17777777777777778,0.34676434676434675,0.1978021978021978,0.31697191697191696,0.38461538461538464,0.2967032967032967
0.5431013431013431,0.7882783882783883,0.21831501831501832,0.4695970695970696,0.30378510378510376,0.2971916971916972,0.29255189255189257,0.5641025641025641,0.283028083028083,0.38754578754578756,0.31916971916971915,0.2070818070818071,0.1409035409035409,0.3133089133089133,0.17924297924297924,0.11721611721611722,0.8586080586080586,0.6053724053724053,0.39096459096459096,0.1711843711843712,0.09401709401709402,0.15531135531135531,0.20976800976800977,0.3418803418803419,0.3103785103785104,0.6910866910866911,0.28083028083028083,0.6886446886446886,0.2554334554334554,0.09768009768009768,0.12380952380952381,0.527960927960928,0.27765567765567767,0.4503052503052503,0.5645909645909646,0.528937728937729,0.09768009768009768,0.12747252747252746,0.3045177045177045,0.22661782661782662,0.14065934065934066,0.18803418803418803,0.3614163614163614,0.2231990231990232,0.21684981684981686,0.14822954822954823,0.5824175824175825,0.22979242979242978,0.210989010989011,0.31697191697191696,0.6358974358974359,0.189010989010989,0.19462759462759463,0.21587301587301588,0.35775335775335776,0.37704517704517704,0.39902319902319905,0.3648351648351648,0.378998778998779,0.17509157509157508,0.13943833943833944,0.29304029304029305,0.3035409035409035,0.5694749694749695,0.6742368742368743,0.7181929181929182,0.13113553113553114,0.16678876678876678,0.7465201465201465,0.47692307692307695,0.5218559218559219,0.527960927960928,0.18705738705738706,0.2083028083028083,0.3384615384615385,0.19365079365079366,0.30915750915750917,0.3938949938949939,0.2976800976800977
0.5794871794871795,0.7775335775335775,0.2144078144078144,0.4586080586080586,0.29426129426129427,0.29084249084249086,0.3145299145299145,0.5496947496947497,0.27594627594627597,0.3728937728937729,0.3626373626373626,0.20170940170940171,0.1387057387057387,0.34725274725274724,0.18461538461538463,0.12161172161172161,0.843956043956044,0.598046398046398,0.3963369963369963,0.1641025641025641,0.08913308913308914,0.17875457875457876,0.20293040293040293,0.33284493284493283,0.2993894993894994,0.6881562881562882,0.27326007326007323,0.7135531135531136,0.24786324786324787,0.1072039072039072,0.14896214896214896,0.5106227106227106,0.2678876678876679,0.4388278388278388,0.5868131868131868,0.5308913308913309,0.10036630036630037,0.12161172161172161,0.295970695970696,0.22002442002442002,0.15897435897435896,0.18339438339438338,0.3492063492063492,0.2153846153846154,0.210989010989011,0.1443223443223443,0.6073260073260073,0.21953601953601953,0.24810744810744811,0.30744810744810747,0.6202686202686203,0.18583638583638584,0.1873015873015873,0.20781440781440783,0.38534798534798537,0.4004884004884005,0.38974358974358975,0.35433455433455435,0.3663003663003663,0.16923076923076924,0.15115995115995115,0.28205128205128205,0.3304029304029304,0.5697191697191697,0.6891330891330891,0.7279609279609279,0.12967032967032968,0.1916971916971917,0.7516483516483516,0.463003663003663,0.527960927960928,0.5145299145299145,0.18315018315018314,0.2442002442002442,0.3299145299145299,0.19047619047619047,0.30158730158730157,0.4004884004884005,0.295970695970696
0.6134310134310135,0.7645909645909645,0.20976800976800977,0.4481074481074481,0.2844932844932845,0.2847374847374847,0.3311355311355311,0.535042735042735,0.2698412698412698,0.36288156288156287,0.4065934065934066,0.19658119658119658,0.13675213675213677,0.37606837606837606,0.19413919413919414,0.13015873015873017,0.8263736263736263,0.588034188034188,0.39902319902319905,0.15775335775335775,0.08595848595848596,0.20732600732600734,0.1960927960927961,0.3242979242979243,0.2886446886446886,0.6818070818070818,0.2647130647130647,0.7360195360195361,0.24004884004884006,0.12161172161172161,0.17997557997557997,0.4925518925518926,0.25934065934065936,0.4271062271062271,0.6068376068376068,0.5306471306471306,0.10671550671550671,0.115995115995116,0.2874236874236874,0.21343101343101342,0.18168498168498168,0.17875457875457876,0.33724053724053726,0.20903540903540904,0.20586080586080585,0.14017094017094017,0.6293040293040293,0.20927960927960929,0.2869352869352869,0.2976800976800977,0.6046398046398046,0.18315018315018314,0.1794871794871795,0.2004884004884005,0.41196581196581195,0.4188034188034188,0.3785103785103785,0.3440781440781441,0.35311355311355314,0.16361416361416362,0.16776556776556775,0.2713064713064713,0.35262515262515265,0.5650793650793651,0.7013431013431013,0.7350427350427351,0.1291819291819292,0.2170940170940171,0.7562881562881563,0.44981684981684983,0.5318681318681319,0.4989010989010989,0.17924297924297924,0.2844932844932845,0.3225885225885226,0.18632478632478633,0.29426129426129427,0.40366300366300367,0.29181929181929184
0.6444444444444445,0.7499389499389499,0.20488400488400488,0.4376068376068376,0.274969474969475,0.2783882783882784,0.35018315018315016,0.5213675213675214,0.26495726495726496,0.35311355311355314,0.44981684981684983,0.1916971916971917,0.1347985347985348,0.400976800976801,0.20757020757020758,0.14407814407814407,0.8058608058608059,0.5753357753357753,0.3992673992673993,0.1514041514041514,0.08376068376068375,0.23882783882783884,0.18925518925518925,0.31575091575091574,0.27912087912087913,0.6737484737484738,0.25616605616605614,0.7555555555555555,0.23247863247863249,0.1413919413919414,0.21611721611721613,0.4764346764346764,0.24957264957264957,0.41514041514041516,0.6246642246642247,0.527960927960928,0.11746031746031746,0.11037851037851037,0.27912087912087913,0.20732600732600734,0.20781440781440783,0.17387057387057386,0.32576312576312577,0.20366300366300366,0.20024420024420025,0.1365079365079365,0.6483516483516484,0.19975579975579977,0.326007326007326,0.2879120879120879,0.5882783882783883,0.18021978021978022,0.17216117216117216,0.1934065934065934,0.4363858363858364,0.43394383394383396,0.3672771672771673,0.3338217338217338,0.3409035409035409,0.15824175824175823,0.1894993894993895,0.26105006105006107,0.37094017094017095,0.5587301587301587,0.7108669108669109,0.7394383394383395,0.12991452991452992,0.24395604395604395,0.7592185592185592,0.4371184371184371,0.5333333333333333,0.4822954822954823,0.17582417582417584,0.32112332112332115,0.31575091575091574,0.18192918192918192,0.28766788766788765,0.4039072039072039,0.2852258852258852
0.6676434676434676,0.7326007326007326,0.2004884004884005,0.4275946275946276,0.2656898656898657,0.27228327228327226,0.3706959706959707,0.5086691086691086,0.25934065934065936,0.33406593406593404,0.49108669108669106,0.18656898656898657,0.13382173382173382,0.42735042735042733,0.22515262515262516,0.16361416361416362,0.7831501831501831,0.5609279609279609,0.3973137973137973,0.14725274725274726,0.08083028083028083,0.2717948717948718,0.1829059829059829,0.30744810744810747,0.2708180708180708,0.6627594627594627,0.24737484737484738,0.7504273504273504,0.22466422466422467,0.16678876678876678,0.25616605616605614,0.4612942612942613,0.23956043956043957,0.40366300366300367,0.6398046398046398,0.5228327228327229,0.1330891330891331,0.1054945054945055,0.2713064713064713,0.20146520146520147,0.23663003663003662,0.16923076923076924,0.3162393162393162,0.1978021978021978,0.19413919413919414,0.13235653235653236,0.6642246642246642,0.19047619047619047,0.3641025641025641,0.27936507936507937,0.5706959706959707,0.17655677655677657,0.16532356532356532,0.18705738705738706,0.4559218559218559,0.4485958485958486,0.35653235653235654,0.32332112332112334,0.32844932844932845,0.15335775335775337,0.21587301587301588,0.2525030525030525,0.3894993894993895,0.5528693528693529,0.7177045177045177,0.7409035409035409,0.1330891330891331,0.2761904761904762,0.7601953601953602,0.4256410256410256,0.5326007326007326,0.46544566544566546,0.17216117216117216,0.35555555555555557,0.30793650793650795,0.17753357753357754,0.28205128205128205,0.4014652014652015,0.27692307692307694
0.6857142857142857,0.7140415140415141,0.1960927960927961,0.4175824175824176,0.2571428571428571,0.2664224664224664,0.3907203907203907,0.49645909645909647,0.25347985347985347,0.32454212454212455,0.5301587301587302,0.18315018315018314,0.1330891330891331,0.452991452991453,0.2454212454212454,0.18876678876678876,0.7592185592185592,0.5448107448107448,0.39316239316239315,0.14407814407814407,0.07765567765567766,0.3045177045177045,0.17631257631257632,0.2993894993894994,0.2617826617826618,0.6493284493284494,0.23882783882783884,0.7308913308913308,0.2170940170940171,0.19706959706959706,0.29255189255189257,0.44590964590964594,0.22979242979242978,0.39267399267399267,0.6525030525030525,0.5145299145299145,0.15384615384615385,0.10207570207570207,0.26495726495726496,0.19584859584859585,0.2661782661782662,0.16507936507936508,0.3076923076923077,0.1916971916971917,0.1877899877899878,0.12844932844932844,0.676923076923077,0.18168498168498168,0.4004884004884005,0.2717948717948718,0.5523809523809524,0.17313797313797313,0.15848595848595848,0.18095238095238095,0.472039072039072,0.4617826617826618,0.3457875457875458,0.3133089133089133,0.315995115995116,0.14847374847374847,0.24566544566544565,0.24493284493284492,0.4070818070818071,0.5435897435897435,0.7218559218559218,0.73992673992674,0.13992673992673993,0.3108669108669109,0.7587301587301587,0.4146520146520147,0.5291819291819292,0.4485958485958486,0.16947496947496948,0.3934065934065934,0.3001221001221001,0.17264957264957265,0.2778998778998779,0.39536019536019534,0.2673992673992674
0.7032967032967034,0.6945054945054945,0.19194139194139195,0.40757020757020757,0.2490842490842491,0.2608058608058608,0.40757020757020757,0.48376068376068376,0.24737484737484738,0.315018315018315,0.5665445665445665,0.18046398046398046,0.13211233211233211,0.47692307692307695,0.2681318681318681,0.21855921855921856,0.7345543345543346,0.5284493284493285,0.3873015873015873,0.13992673992673993,0.07423687423687424,0.3355311355311355,0.1702075702075702,0.29181929181929184,0.252014652014652,0.6341880341880342,0.23076923076923078,0.7245421245421245,0.20976800976800977,0.22686202686202686,0.326984126984127,0.4312576312576313,0.22002442002442002,0.38217338217338215,0.6627594627594627,0.5037851037851038,0.17582417582417584,0.09987789987789988,0.2595848595848596,0.19047619047619047,0.29572649572649573,0.16166056166056167,0.2979242979242979,0.1851037851037851,0.18168498168498168,0.12527472527472527,0.6864468864468865,0.17313797313797313,0.4302808302808303,0.26324786324786326,0.5340659340659341,0.16923076923076924,0.15213675213675212,0.17655677655677657,0.48766788766788766,0.473015873015873,0.3355311355311355,0.30378510378510376,0.30378510378510376,0.14383394383394382,0.27326007326007323,0.23614163614163614,0.4222222222222222,0.5274725274725275,0.7230769230769231,0.7357753357753358,0.1509157509157509,0.346031746031746,0.7548229548229548,0.4043956043956044,0.5235653235653236,0.43272283272283274,0.1675213675213675,0.4315018315018315,0.2920634920634921,0.16825396825396827,0.2754578754578755,0.3868131868131868,0.2583638583638584
0.717948717948718,0.6754578754578755,0.1877899877899878,0.3978021978021978,0.24126984126984127,0.2554334554334554,0.42173382173382173,0.47106227106227105,0.24126984126984127,0.29743589743589743,0.5953601953601954,0.1768009768009768,0.13015873015873017,0.4984126984126984,0.2920634920634921,0.252014652014652,0.7094017094017094,0.5133089133089133,0.378998778998779,0.13553113553113552,0.07057387057387057,0.3641025641025641,0.1641025641025641,0.284004884004884,0.24175824175824176,0.6175824175824176,0.22271062271062272,0.7230769230769231,0.2021978021978022,0.25665445665445663,0.36507936507936506,0.4170940170940171,0.2105006105006105,0.37142857142857144,0.6703296703296703,0.49108669108669106,0.19926739926739928,0.09621489621489622,0.25616605616605614,0.18534798534798536,0.3242979242979243,0.15995115995115994,0.2879120879120879,0.17924297924297924,0.17582417582417584,0.12283272283272283,0.6923076923076923,0.16532356532356532,0.45567765567765567,0.2542124542124542,0.515995115995116,0.16532356532356532,0.14554334554334555,0.17313797313797313,0.5020757020757021,0.4822954822954823,0.3252747252747253,0.29474969474969476,0.2920634920634921,0.1409035409035409,0.29987789987789987,0.22735042735042735,0.4354090354090354,0.5111111111111111,0.7211233211233211,0.7282051282051282,0.16385836385836386,0.38046398046398044,0.747985347985348,0.3946275946275946,0.515995115995116,0.41904761904761906,0.16483516483516483,0.46715506715506716,0.284004884004884,0.16385836385836386,0.274969474969475,0.3763125763125763,0.24981684981684982
0.7291819291819291,0.6564102564102564,0.1838827838827839,0.38803418803418804,0.23394383394383395,0.25103785103785103,0.4358974358974359,0.4581196581196581,0.2354090354090354,0.2886446886446886,0.62002442002442,0.17338217338217338,0.12844932844932844,0.5174603174603175,0.3162393162393162,0.2874236874236874,0.684981684981685,0.4993894993894994,0.368986568986569,0.13113553113553114,0.06715506715506715,0.38974358974358975,0.15824175824175823,0.27643467643467645,0.23223443223443224,0.6,0.2153846153846154,0.7223443223443223,0.19658119658119658,0.2910866910866911,0.40341880341880343,0.40366300366300367,0.20170940170940171,0.3614163614163614,0.6752136752136753,0.4783882783882784,0.2275946275946276,0.09255189255189256,0.25445665445665444,0.18046398046398046,0.34798534798534797,0.16092796092796094,0.27814407814407816,0.17338217338217338,0.17045177045177046,0.12185592185592185,0.694993894993895,0.15946275946275945,0.48205128205128206,0.24566544566544565,0.4989010989010989,0.16166056166056167,0.13943833943833944,0.168986568986569,0.5145299145299145,0.4891330891330891,0.3172161172161172,0.2862026862026862,0.2805860805860806,0.13846153846153847,0.3291819291819292,0.21831501831501832,0.4461538461538462,0.4989010989010989,0.7164835164835165,0.717948717948718,0.18021978021978022,0.4122100122100122,0.7387057387057387,0.38534798534798537,0.5064713064713064,0.4070818070818071,0.1619047619047619,0.49963369963369964,0.2761904761904762,0.1597069597069597,0.2761904761904762,0.36385836385836384,0.2398046398046398
0.7372405372405373,0.6378510378510378,0.18046398046398046,0.37826617826617825,0.22686202686202686,0.24713064713064714,0.44884004884004886,0.44517704517704515,0.22979242979242978,0.28034188034188035,0.645909645909646,0.16947496947496948,0.12673992673992673,0.5333333333333333,0.33992673992673994,0.3235653235653236,0.6627594627594627,0.484981684981685,0.3572649572649573,0.12698412698412698,0.06398046398046398,0.4126984126984127,0.15262515262515264,0.2695970695970696,0.22246642246642245,0.5824175824175825,0.2083028083028083,0.7208791208791209,0.19194139194139195,0.3274725274725275,0.4402930402930403,0.39096459096459096,0.1934065934065934,0.3516483516483517,0.676923076923077,0.4656898656898657,0.2590964590964591,0.0884004884004884,0.2554334554334554,0.17582417582417584,0.3682539682539683,0.16385836385836386,0.26886446886446885,0.16776556776556775,0.16605616605616605,0.12380952380952381,0.6942612942612942,0.15433455433455434,0.5074481074481074,0.23736263736263735,0.48253968253968255,0.15775335775335775,0.13357753357753357,0.1645909645909646,0.525030525030525,0.49352869352869355,0.30744810744810747,0.27765567765567767,0.2708180708180708,0.13528693528693528,0.35946275946275946,0.20927960927960929,0.4551892551892552,0.48376068376068376,0.7084249084249085,0.7054945054945055,0.20195360195360196,0.4415140415140415,0.7264957264957265,0.3763125763125763,0.49621489621489623,0.39194139194139194,0.15897435897435896,0.5284493284493285,0.26886446886446885,0.15555555555555556,0.27936507936507937,0.3523809523809524,0.22979242979242978
0.7418803418803419,0.62002442002442,0.1768009768009768,0.3684981684981685,0.221001221001221,0.2424908424908425,0.4598290598290598,0.43174603174603177,0.22417582417582418,0.27057387057387056,0.6715506715506715,0.16532356532356532,0.12527472527472527,0.5487179487179488,0.36214896214896214,0.3550671550671551,0.6422466422466423,0.4708180708180708,0.34505494505494505,0.12283272283272283,0.06251526251526252,0.43174603174603177,0.14847374847374847,0.2634920634920635,0.21318681318681318,0.5650793650793651,0.20146520146520147,0.7174603174603175,0.18632478632478633,0.36385836385836384,0.47496947496947495,0.37948717948717947,0.18583638583638584,0.3423687423687424,0.6757020757020757,0.45152625152625153,0.29084249084249086,0.08351648351648351,0.25811965811965815,0.1724053724053724,0.3894993894993895,0.1706959706959707,0.2595848595848596,0.1623931623931624,0.16336996336996337,0.12942612942612944,0.6901098901098901,0.14847374847374847,0.5308913308913309,0.22954822954822954,0.4673992673992674,0.15384615384615385,0.12747252747252746,0.1597069597069597,0.5335775335775336,0.49523809523809526,0.2971916971916972,0.2695970695970696,0.2622710622710623,0.13137973137973138,0.3882783882783883,0.20073260073260074,0.4617826617826618,0.46715506715506716,0.6976800976800976,0.6913308913308913,0.22832722832722832,0.4678876678876679,0.7120879120879121,0.3672771672771673,0.484981684981685,0.37606837606837606,0.15604395604395604,0.5528693528693529,0.2617826617826618,0.1514041514041514,0.2835164835164835,0.3413919413919414,0.22002442002442002
0.7433455433455434,0.6024420024420024,0.17387057387057386,0.3597069597069597,0.21587301587301588,0.2371184371184371,0.46813186813186813,0.4183150183150183,0.2188034188034188,0.26324786324786326,0.6954822954822955,0.16166056166056167,0.12454212454212454,0.5604395604395604,0.38266178266178263,0.3831501831501832,0.621978021978022,0.45714285714285713,0.33186813186813185,0.11941391941391942,0.063003663003663,0.44761904761904764,0.14554334554334555,0.2564102564102564,0.2043956043956044,0.5482295482295483,0.19487179487179487,0.7111111111111111,0.18021978021978022,0.3987789987789988,0.5064713064713064,0.3682539682539683,0.17875457875457876,0.33284493284493283,0.6713064713064713,0.4371184371184371,0.32283272283272285,0.07887667887667887,0.26202686202686204,0.1702075702075702,0.4095238095238095,0.1829059829059829,0.25445665445665444,0.1575091575091575,0.16312576312576313,0.13821733821733823,0.683028083028083,0.14236874236874236,0.5523809523809524,0.22173382173382172,0.452991452991453,0.14993894993894993,0.12356532356532357,0.15531135531135531,0.5396825396825397,0.494993894993895,0.28595848595848594,0.26324786324786326,0.25274725274725274,0.12796092796092795,0.41514041514041516,0.19267399267399268,0.46642246642246643,0.4507936507936508,0.6852258852258852,0.6752136752136753,0.2578754578754579,0.49108669108669106,0.6957264957264957,0.35995115995115995,0.47228327228327227,0.3626373626373626,0.15262515262515264,0.5741147741147741,0.25445665445665444,0.147985347985348,0.2879120879120879,0.32893772893772893,0.21123321123321123
0.7421245421245422,0.5851037851037851,0.17216117216117216,0.3514041514041514,0.21001221001221002,0.23174603174603176,0.4725274725274725,0.4048840048840049,0.21343101343101342,0.2554334554334554,0.7167277167277167,0.15775335775335775,0.12551892551892552,0.5672771672771673,0.39902319902319905,0.4129426129426129,0.6019536019536019,0.44395604395604393,0.3189255189255189,0.11575091575091576,0.0695970695970696,0.45885225885225883,0.14212454212454212,0.2485958485958486,0.19584859584859585,0.5318681318681319,0.19023199023199022,0.7025641025641025,0.17387057387057386,0.4315018315018315,0.535042735042735,0.35702075702075703,0.17216117216117216,0.3247863247863248,0.6642246642246642,0.4227106227106227,0.3536019536019536,0.07423687423687424,0.26666666666666666,0.16678876678876678,0.4283272283272283,0.20122100122100123,0.252014652014652,0.1523809523809524,0.1663003663003663,0.15115995115995115,0.6737484737484738,0.13626373626373625,0.5711843711843712,0.21465201465201464,0.43956043956043955,0.14627594627594628,0.1203907203907204,0.1509157509157509,0.5431013431013431,0.4925518925518926,0.2744810744810745,0.2571428571428571,0.24346764346764346,0.12527472527472527,0.4398046398046398,0.18461538461538463,0.4686202686202686,0.4346764346764347,0.671062271062271,0.6568986568986569,0.28888888888888886,0.5118437118437118,0.6793650793650794,0.35311355311355314,0.4586080586080586,0.35115995115995113,0.1496947496947497,0.591941391941392,0.24786324786324787,0.14627594627594628,0.2923076923076923,0.3162393162393162,0.20341880341880342
0.7377289377289378,0.5682539682539682,0.1724053724053724,0.3423687423687424,0.20415140415140415,0.22686202686202686,0.473992673992674,0.3912087912087912,0.20854700854700856,0.24786324786324787,0.7357753357753358,0.15384615384615385,0.12869352869352868,0.5721611721611721,0.4122100122100122,0.442002442002442,0.5824175824175825,0.4307692307692308,0.30622710622710625,0.11257631257631258,0.07887667887667887,0.4666666666666667,0.13821733821733823,0.2407814407814408,0.18754578754578755,0.5162393162393163,0.18632478632478633,0.6923076923076923,0.1675213675213675,0.46153846153846156,0.5601953601953602,0.346031746031746,0.16605616605616605,0.3177045177045177,0.654945054945055,0.409035409035409,0.38217338217338215,0.06935286935286936,0.2725274725274725,0.16361416361416362,0.44468864468864466,0.2258852258852259,0.24664224664224665,0.14774114774114774,0.17191697191697192,0.16971916971916973,0.6617826617826618,0.12991452991452992,0.5877899877899878,0.2083028083028083,0.42686202686202684,0.14383394383394382,0.11648351648351649,0.14676434676434677,0.544078144078144,0.4879120879120879,0.26495726495726496,0.2507936507936508,0.2341880341880342,0.12454212454212454,0.4612942612942613,0.17655677655677657,0.46935286935286935,0.42075702075702076,0.6544566544566545,0.6373626373626373,0.3201465201465201,0.5301587301587302,0.6625152625152625,0.34554334554334554,0.4444444444444444,0.3401709401709402,0.14676434676434677,0.6063492063492063,0.24126984126984127,0.14627594627594628,0.2967032967032967,0.30378510378510376,0.1973137973137973
0.7294261294261294,0.5528693528693529,0.17509157509157508,0.3333333333333333,0.19853479853479852,0.22173382173382172,0.473015873015873,0.37777777777777777,0.20463980463980463,0.24004884004884006,0.7518925518925519,0.15042735042735042,0.13528693528693528,0.5533577533577534,0.42588522588522587,0.4695970695970696,0.5636141636141636,0.41855921855921857,0.29426129426129427,0.10964590964590964,0.08864468864468865,0.4725274725274725,0.1343101343101343,0.23296703296703297,0.1794871794871795,0.5023199023199023,0.18192918192918192,0.6796092796092796,0.16117216117216118,0.4884004884004884,0.5824175824175825,0.3355311355311355,0.16166056166056167,0.3098901098901099,0.6432234432234433,0.3963369963369963,0.409035409035409,0.06495726495726496,0.27912087912087913,0.15995115995115994,0.4593406593406593,0.2564102564102564,0.2402930402930403,0.14334554334554334,0.18046398046398046,0.1943833943833944,0.6476190476190476,0.12380952380952381,0.6017094017094017,0.20195360195360196,0.41440781440781443,0.14236874236874236,0.11184371184371185,0.14285714285714285,0.5421245421245421,0.48083028083028084,0.2564102564102564,0.2442002442002442,0.22515262515262516,0.12747252747252746,0.4800976800976801,0.168986568986569,0.4678876678876679,0.4087912087912088,0.6358974358974359,0.6168498168498169,0.35018315018315016,0.5433455433455433,0.6444444444444445,0.33724053724053726,0.43052503052503055,0.32967032967032966,0.1443223443223443,0.6173382173382174,0.23614163614163614,0.14676434676434677,0.30036630036630035,0.29255189255189257,0.19194139194139195
0.717948717948718,0.5384615384615384,0.1807081807081807,0.3247863247863248,0.19316239316239317,0.2170940170940171,0.4691086691086691,0.36434676434676433,0.20170940170940171,0.23272283272283273,0.7653235653235653,0.14652014652014653,0.1452991452991453,0.5218559218559219,0.43833943833943834,0.49474969474969477,0.5448107448107448,0.4065934065934066,0.283028083028083,0.10671550671550671,0.10305250305250305,0.47545787545787543,0.13064713064713065,0.2253968253968254,0.17191697191697192,0.48986568986568985,0.1768009768009768,0.6652014652014652,0.15531135531135531,0.512087912087912,0.6012210012210012,0.32625152625152626,0.157997557997558,0.30085470085470084,0.6293040293040293,0.38461538461538464,0.43345543345543347,0.06056166056166056,0.2857142857142857,0.15677655677655677,0.47155067155067154,0.2915750915750916,0.23394383394383395,0.14065934065934066,0.19316239316239317,0.22393162393162394,0.6317460317460317,0.11746031746031746,0.6122100122100123,0.1960927960927961,0.40341880341880343,0.14065934065934066,0.1072039072039072,0.1391941391941392,0.5382173382173382,0.473015873015873,0.2468864468864469,0.23785103785103784,0.21611721611721613,0.13528693528693528,0.4967032967032967,0.16166056166056167,0.4644688644688645,0.3960927960927961,0.6163614163614164,0.5965811965811966,0.37826617826617825,0.5533577533577534,0.6261294261294261,0.3286935286935287,0.4170940170940171,0.31916971916971915,0.14334554334554334,0.6251526251526252,0.23174603174603176,0.15042735042735042,0.3023199023199023,0.28253968253968254,0.1873015873015873
0.7042735042735043,0.5230769230769231,0.1894993894993895,0.3177045177045177,0.1877899877899878,0.21294261294261294,0.45836385836385835,0.3528693528693529,0.19829059829059828,0.22564102564102564,0.7755799755799756,0.14285714285714285,0.15775335775335775,0.5035409035409035,0.44884004884004886,0.5172161172161173,0.5262515262515263,0.39487179487179486,0.27228327228327226,0.10525030525030525,0.12234432234432234,0.4752136752136752,0.12673992673992673,0.21782661782661783,0.1663003663003663,0.47692307692307695,0.17191697191697192,0.6490842490842491,0.1496947496947497,0.5326007326007326,0.6173382173382174,0.3177045177045177,0.1536019536019536,0.2920634920634921,0.6134310134310135,0.3733821733821734,0.4559218559218559,0.05641025641025641,0.29181929181929184,0.1536019536019536,0.4818070818070818,0.3291819291819292,0.22857142857142856,0.1387057387057387,0.21001221001221002,0.2571428571428571,0.6146520146520147,0.1115995115995116,0.6195360195360196,0.19194139194139195,0.3934065934065934,0.13968253968253969,0.1028083028083028,0.13553113553113552,0.5313797313797314,0.4644688644688645,0.23687423687423687,0.23101343101343103,0.20757020757020758,0.1492063492063492,0.5108669108669108,0.15433455433455434,0.4598290598290598,0.38363858363858366,0.5960927960927961,0.5768009768009768,0.40366300366300367,0.5636141636141636,0.608058608058608,0.3199023199023199,0.4039072039072039,0.30915750915750917,0.14358974358974358,0.6293040293040293,0.2271062271062271,0.157997557997558,0.3023199023199023,0.2737484737484738,0.18339438339438338
0.6891330891330891,0.5069597069597069,0.2021978021978022,0.3125763125763126,0.1829059829059829,0.21001221001221002,0.4468864468864469,0.3426129426129426,0.1943833943833944,0.21855921855921856,0.7829059829059829,0.13943833943833944,0.1724053724053724,0.49108669108669106,0.45738705738705737,0.536996336996337,0.5076923076923077,0.3831501831501832,0.2625152625152625,0.10427350427350428,0.14945054945054945,0.472039072039072,0.12356532356532357,0.2105006105006105,0.16166056166056167,0.463980463980464,0.16727716727716727,0.6322344322344322,0.14481074481074482,0.54993894993895,0.6278388278388278,0.30842490842490844,0.14896214896214896,0.28327228327228327,0.5963369963369963,0.3626373626373626,0.4764346764346764,0.05372405372405373,0.2967032967032967,0.15067155067155066,0.4896214896214896,0.3682539682539683,0.22417582417582418,0.1365079365079365,0.23003663003663002,0.2932844932844933,0.5968253968253968,0.10598290598290598,0.6239316239316239,0.18876678876678876,0.3824175824175824,0.14065934065934066,0.0989010989010989,0.13211233211233211,0.5230769230769231,0.4547008547008547,0.22686202686202686,0.22442002442002443,0.19926739926739928,0.1702075702075702,0.5230769230769231,0.14945054945054945,0.4537240537240537,0.37142857142857144,0.5755799755799755,0.5575091575091575,0.42637362637362636,0.5724053724053724,0.590964590964591,0.31135531135531136,0.39194139194139194,0.29987789987789987,0.1457875457875458,0.6302808302808303,0.22246642246642245,0.17094017094017094,0.3006105006105006,0.2661782661782662,0.18021978021978022
0.671062271062271,0.4905982905982906,0.21855921855921856,0.30915750915750917,0.17753357753357754,0.20854700854700856,0.4376068376068376,0.33137973137973137,0.19047619047619047,0.21147741147741148,0.7868131868131868,0.13724053724053725,0.1921855921855922,0.48083028083028084,0.46422466422466424,0.5540903540903541,0.48937728937728936,0.3711843711843712,0.2542124542124542,0.10207570207570207,0.1829059829059829,0.4656898656898657,0.12087912087912088,0.20317460317460317,0.1562881562881563,0.4507936507936508,0.16263736263736264,0.6151404151404152,0.14017094017094017,0.5641025641025641,0.6346764346764346,0.29816849816849816,0.14383394383394382,0.2744810744810745,0.5787545787545788,0.3523809523809524,0.49401709401709404,0.05225885225885226,0.3001221001221001,0.14896214896214896,0.494993894993895,0.4070818070818071,0.21855921855921856,0.13382173382173382,0.25225885225885225,0.33015873015873015,0.5794871794871795,0.10036630036630037,0.6249084249084249,0.18461538461538463,0.3711843711843712,0.14481074481074482,0.09572649572649573,0.12967032967032968,0.513064713064713,0.44395604395604393,0.2153846153846154,0.21831501831501832,0.19145299145299147,0.19853479853479852,0.5308913308913309,0.1452991452991453,0.44590964590964594,0.3597069597069597,0.5555555555555556,0.5391941391941392,0.4468864468864469,0.5792429792429793,0.5743589743589743,0.3028083028083028,0.38046398046398044,0.2905982905982906,0.1509157509157509,0.63003663003663,0.21782661782661783,0.19023199023199022,0.2967032967032967,0.2590964590964591,0.1772893772893773
0.6515262515262515,0.47374847374847373,0.23809523809523808,0.3089133089133089,0.1724053724053724,0.20927960927960929,0.4275946275946276,0.31965811965811963,0.18656898656898657,0.20463980463980463,0.7873015873015873,0.13577533577533576,0.21611721611721613,0.47057387057387057,0.4686202686202686,0.5684981684981685,0.47106227106227105,0.3597069597069597,0.2468864468864469,0.09963369963369964,0.22124542124542124,0.45665445665445664,0.11892551892551892,0.1960927960927961,0.15067155067155066,0.4376068376068376,0.15824175824175823,0.598046398046398,0.13626373626373625,0.5736263736263736,0.6405372405372405,0.28766788766788765,0.1387057387057387,0.2656898656898657,0.5614163614163614,0.3423687423687424,0.5074481074481074,0.04981684981684982,0.30158730158730157,0.14847374847374847,0.49792429792429793,0.4398046398046398,0.2126984126984127,0.13211233211233211,0.27521367521367524,0.367032967032967,0.5623931623931624,0.09499389499389499,0.6222222222222222,0.18021978021978022,0.3597069597069597,0.15286935286935288,0.09352869352869353,0.12796092796092795,0.5003663003663004,0.43272283272283274,0.20537240537240536,0.20146520146520147,0.1838827838827839,0.23321123321123322,0.5362637362637362,0.14065934065934066,0.4368742368742369,0.34847374847374846,0.5362637362637362,0.5221001221001221,0.4644688644688645,0.5836385836385837,0.558974358974359,0.2945054945054945,0.36971916971916974,0.28327228327228327,0.15946275946275945,0.6273504273504273,0.2139194139194139,0.21587301587301588,0.2910866910866911,0.2525030525030525,0.17484737484737484
0.631013431013431,0.45714285714285713,0.25982905982905985,0.3115995115995116,0.1675213675213675,0.21245421245421245,0.41733821733821735,0.3076923076923077,0.18315018315018314,0.19829059829059828,0.7838827838827839,0.13357753357753357,0.24297924297924298,0.45958485958485956,0.47106227106227105,0.5802197802197803,0.452991452991453,0.3496947496947497,0.23882783882783884,0.09694749694749695,0.26275946275946277,0.44517704517704515,0.11941391941391942,0.18925518925518925,0.14505494505494507,0.4249084249084249,0.1540903540903541,0.5814407814407815,0.13382173382173382,0.5794871794871795,0.6442002442002442,0.2766788766788767,0.13406593406593406,0.2578754578754579,0.5443223443223443,0.3338217338217338,0.5174603174603175,0.046886446886446886,0.3006105006105006,0.15067155067155066,0.49792429792429793,0.46813186813186813,0.20683760683760682,0.13162393162393163,0.29865689865689865,0.40244200244200246,0.5457875457875457,0.09010989010989011,0.6163614163614164,0.17606837606837608,0.3482295482295482,0.16654456654456654,0.09426129426129426,0.12551892551892552,0.4862026862026862,0.42173382173382173,0.19829059829059828,0.17924297924297924,0.17753357753357754,0.26764346764346764,0.5413919413919414,0.13577533577533576,0.42637362637362636,0.3374847374847375,0.5181929181929182,0.5064713064713064,0.4776556776556777,0.5855921855921856,0.5443223443223443,0.28644688644688643,0.35995115995115995,0.2766788766788767,0.1724053724053724,0.621978021978022,0.21025641025641026,0.24786324786324787,0.284004884004884,0.24664224664224665,0.17313797313797313
0.6112332112332113,0.44126984126984126,0.2835164835164835,0.31697191697191696,0.16263736263736264,0.2175824175824176,0.40586080586080586,0.295970695970696,0.17924297924297924,0.1934065934065934,0.7768009768009768,0.1308913308913309,0.2713064713064713,0.44761904761904764,0.4708180708180708,0.5892551892551893,0.43736263736263736,0.3404151404151404,0.23076923076923078,0.09426129426129426,0.30573870573870576,0.43174603174603177,0.12258852258852258,0.1838827838827839,0.13968253968253969,0.4122100122100122,0.14993894993894993,0.5655677655677656,0.12967032967032968,0.5838827838827839,0.6446886446886447,0.2661782661782662,0.12967032967032968,0.24981684981684982,0.5277167277167277,0.32551892551892553,0.5274725274725275,0.04371184371184371,0.2976800976800977,0.15604395604395604,0.4954822954822955,0.4976800976800977,0.20073260073260074,0.1343101343101343,0.3213675213675214,0.43614163614163615,0.5301587301587302,0.08644688644688645,0.6078144078144078,0.17216117216117216,0.336996336996337,0.18583638583638584,0.09865689865689865,0.12307692307692308,0.4708180708180708,0.41098901098901097,0.19047619047619047,0.16507936507936508,0.17264957264957265,0.3023199023199023,0.5455433455433455,0.13137973137973138,0.41514041514041516,0.326984126984127,0.5015873015873016,0.4927960927960928,0.48766788766788766,0.5851037851037851,0.5304029304029304,0.2788766788766789,0.35067155067155065,0.26935286935286934,0.18998778998778998,0.613919413919414,0.2070818070818071,0.2844932844932845,0.2754578754578755,0.24126984126984127,0.1706959706959707
0.5924297924297924,0.4256410256410256,0.3076923076923077,0.3247863247863248,0.15946275946275945,0.22612942612942613,0.39365079365079364,0.2844932844932845,0.17582417582417584,0.1894993894993895,0.7670329670329671,0.1282051282051282,0.3006105006105006,0.4354090354090354,0.46813186813186813,0.5951159951159951,0.42295482295482295,0.33015873015873015,0.22246642246642245,0.09206349206349207,0.34847374847374846,0.41733821733821735,0.12967032967032968,0.1794871794871795,0.13504273504273503,0.4,0.14627594627594628,0.54993894993895,0.12380952380952381,0.5855921855921856,0.642002442002442,0.2554334554334554,0.12527472527472527,0.2424908424908425,0.5118437118437118,0.31648351648351647,0.5357753357753358,0.04078144078144078,0.29255189255189257,0.16385836385836386,0.4908424908424908,0.5262515262515263,0.19487179487179487,0.1409035409035409,0.3423687423687424,0.4673992673992674,0.5162393162393163,0.08376068376068375,0.5965811965811966,0.16825396825396827,0.32576312576312577,0.210989010989011,0.10818070818070818,0.12161172161172161,0.4547008547008547,0.40073260073260075,0.18144078144078143,0.15506715506715507,0.168986568986569,0.3431013431013431,0.5477411477411478,0.12722832722832722,0.40341880341880343,0.31648351648351647,0.4857142857142857,0.48083028083028084,0.49743589743589745,0.5816849816849817,0.5172161172161173,0.2717948717948718,0.3426129426129426,0.2617826617826618,0.21147741147741148,0.6034188034188034,0.20341880341880342,0.32454212454212455,0.2656898656898657,0.2371184371184371,0.16776556776556775
0.5746031746031746,0.41001221001221,0.3326007326007326,0.3343101343101343,0.15677655677655677,0.23809523809523808,0.37924297924297923,0.27326007326007323,0.1724053724053724,0.18485958485958487,0.7543345543345543,0.12551892551892552,0.32967032967032966,0.4227106227106227,0.463003663003663,0.5975579975579975,0.4073260073260073,0.3189255189255189,0.21416361416361415,0.09084249084249084,0.38974358974358975,0.40244200244200246,0.13968253968253969,0.17484737484737484,0.13015873015873017,0.3877899877899878,0.14236874236874236,0.536019536019536,0.1199023199023199,0.5848595848595849,0.6358974358974359,0.2454212454212454,0.12112332112332112,0.23565323565323565,0.4976800976800977,0.30744810744810747,0.5418803418803418,0.03785103785103785,0.28595848595848594,0.17509157509157508,0.484004884004884,0.5531135531135531,0.18925518925518925,0.15213675213675212,0.3614163614163614,0.49645909645909647,0.5035409035409035,0.08058608058608059,0.5824175824175825,0.16483516483516483,0.31477411477411477,0.2407814407814408,0.12380952380952381,0.12234432234432234,0.4388278388278388,0.3912087912087912,0.17338217338217338,0.14822954822954823,0.16483516483516483,0.38632478632478634,0.5484737484737485,0.12356532356532357,0.3916971916971917,0.3064713064713065,0.4725274725274725,0.4683760683760684,0.505982905982906,0.5758241758241758,0.5045177045177045,0.2661782661782662,0.3355311355311355,0.2542124542124542,0.23663003663003662,0.58998778998779,0.2,0.3663003663003663,0.2571428571428571,0.2336996336996337,0.16483516483516483
0.5575091575091575,0.3946275946275946,0.3572649572649573,0.34383394383394383,0.1536019536019536,0.252991452991453,0.3665445665445665,0.2622710622710623,0.16923076923076924,0.17997557997557997,0.738949938949939,0.12307692307692308,0.35775335775335776,0.41001221001221,0.45665445665445664,0.5968253968253968,0.3912087912087912,0.30744810744810747,0.20586080586080585,0.09157509157509157,0.4288156288156288,0.38925518925518926,0.15286935286935288,0.16971916971916973,0.126007326007326,0.37606837606837606,0.1391941391941392,0.5228327228327229,0.11672771672771673,0.580952380952381,0.6263736263736264,0.2358974358974359,0.11697191697191697,0.22905982905982905,0.48473748473748474,0.2979242979242979,0.5455433455433455,0.035164835164835165,0.27912087912087913,0.19096459096459095,0.4752136752136752,0.578021978021978,0.1838827838827839,0.16923076923076924,0.37826617826617825,0.5194139194139195,0.49108669108669106,0.07716727716727717,0.566056166056166,0.16117216117216118,0.30427350427350425,0.27472527472527475,0.14236874236874236,0.12576312576312576,0.42344322344322344,0.3824175824175824,0.16776556776556775,0.14358974358974358,0.15995115995115994,0.4293040293040293,0.5467643467643467,0.11965811965811966,0.37997557997557996,0.2967032967032967,0.4603174603174603,0.4559218559218559,0.5125763125763125,0.567032967032967,0.4918192918192918,0.2612942612942613,0.3277167277167277,0.24664224664224665,0.26373626373626374,0.5741147741147741,0.19658119658119658,0.4073260073260073,0.24932844932844933,0.22954822954822954,0.16166056166056167
0.5406593406593406,0.37948717948717947,0.378021978021978,0.3528693528693529,0.15042735042735042,0.2708180708180708,0.357997557997558,0.252014652014652,0.16605616605616605,0.17484737484737484,0.7208791208791209,0.12112332112332112,0.38412698412698415,0.3973137973137973,0.44884004884004886,0.5943833943833944,0.3755799755799756,0.295970695970696,0.19755799755799755,0.09474969474969475,0.46495726495726497,0.3775335775335775,0.17167277167277167,0.16507936507936508,0.12185592185592185,0.3641025641025641,0.136996336996337,0.5089133089133089,0.11404151404151404,0.5741147741147741,0.613919413919414,0.22686202686202686,0.11282051282051282,0.22417582417582418,0.47155067155067154,0.28815628815628813,0.5462759462759462,0.03247863247863248,0.27228327228327226,0.21196581196581196,0.463980463980464,0.6,0.17924297924297924,0.1921855921855922,0.39316239316239315,0.5382173382173382,0.47863247863247865,0.0735042735042735,0.5484737484737485,0.157997557997558,0.2937728937728938,0.3064713064713065,0.16507936507936508,0.13357753357753357,0.4087912087912088,0.37435897435897436,0.16166056166056167,0.1387057387057387,0.15531135531135531,0.4708180708180708,0.5428571428571428,0.115995115995116,0.368986568986569,0.2869352869352869,0.4481074481074481,0.4432234432234432,0.5177045177045178,0.5557997557997558,0.4800976800976801,0.25567765567765566,0.3201465201465201,0.23931623931623933,0.2920634920634921,0.5567765567765568,0.1934065934065934,0.44175824175824174,0.24004884004884006,0.22466422466422467,0.15824175824175823
0.5233211233211233,0.36434676434676433,0.3963369963369963,0.36336996336996336,0.14676434676434677,0.29010989010989013,0.3492063492063492,0.24224664224664225,0.16312576312576313,0.16971916971916973,0.7008547008547008,0.11892551892551892,0.409035409035409,0.3851037851037851,0.43907203907203907,0.5894993894993895,0.35995115995115995,0.2844932844932845,0.18925518925518925,0.10207570207570207,0.49792429792429793,0.3648351648351648,0.19487179487179487,0.1606837606837607,0.11819291819291819,0.3540903540903541,0.13577533577533576,0.494993894993895,0.1115995115995116,0.5645909645909646,0.599023199023199,0.21782661782661783,0.11013431013431013,0.22002442002442002,0.4586080586080586,0.2788766788766789,0.5443223443223443,0.029792429792429794,0.26373626373626374,0.23687423687423687,0.4512820512820513,0.6195360195360196,0.1746031746031746,0.2205128205128205,0.4039072039072039,0.5567765567765568,0.46642246642246643,0.07008547008547009,0.5294261294261294,0.15482295482295483,0.284004884004884,0.336996336996337,0.19511599511599512,0.1457875457875458,0.39487179487179486,0.36678876678876676,0.15531135531135531,0.13406593406593406,0.15067155067155066,0.5094017094017094,0.5365079365079365,0.11282051282051282,0.357997557997558,0.27912087912087913,0.4354090354090354,0.4307692307692308,0.5203907203907204,0.5426129426129426,0.46935286935286935,0.24957264957264957,0.3120879120879121,0.23223443223443224,0.3199023199023199,0.5377289377289377,0.19047619047619047,0.47155067155067154,0.23101343101343103,0.22002442002442002,0.15482295482295483
0.5052503052503052,0.3514041514041514,0.4163614163614164,0.3733821733821734,0.14334554334554334,0.31013431013431014,0.33821733821733824,0.23296703296703297,0.16092796092796094,0.16532356532356532,0.6798534798534799,0.11697191697191697,0.431990231990232,0.37484737484737485,0.4278388278388278,0.5816849816849817,0.34456654456654456,0.27326007326007323,0.18095238095238095,0.11452991452991453,0.5235653235653236,0.3523809523809524,0.22197802197802197,0.1562881562881563,0.11452991452991453,0.34505494505494505,0.13406593406593406,0.4810744810744811,0.10964590964590964,0.5528693528693529,0.5821733821733822,0.20976800976800977,0.10818070818070818,0.2153846153846154,0.4456654456654457,0.26935286935286934,0.5391941391941392,0.02783882783882784,0.2542124542124542,0.2647130647130647,0.43736263736263736,0.6366300366300366,0.1702075702075702,0.24835164835164836,0.41196581196581195,0.5741147741147741,0.4542124542124542,0.06642246642246642,0.5106227106227106,0.1514041514041514,0.2761904761904762,0.37094017094017095,0.23076923076923078,0.16385836385836386,0.38217338217338215,0.3601953601953602,0.1509157509157509,0.12967032967032968,0.14627594627594628,0.5452991452991452,0.5284493284493285,0.10964590964590964,0.34847374847374846,0.2717948717948718,0.4227106227106227,0.4183150183150183,0.5206349206349207,0.528937728937729,0.4581196581196581,0.24297924297924298,0.30427350427350425,0.22515262515262516,0.3733821733821734,0.517948717948718,0.18852258852258852,0.5023199023199023,0.22246642246642245,0.2153846153846154,0.1514041514041514
0.4866910866910867,0.33992673992673994,0.4363858363858364,0.38217338217338215,0.13968253968253969,0.33015873015873015,0.32844932844932845,0.22417582417582418,0.15946275946275945,0.16263736263736264,0.6583638583638584,0.11526251526251527,0.45323565323565324,0.36556776556776555,0.4158730158730159,0.5714285714285714,0.32967032967032966,0.2622710622710623,0.17313797313797313,0.1326007326007326,0.5445665445665445,0.3401709401709402,0.2515262515262515,0.1523809523809524,0.11257631257631258,0.33455433455433453,0.13211233211233211,0.4673992673992674,0.10744810744810745,0.5391941391941392,0.5638583638583639,0.20293040293040293,0.10525030525030525,0.21025641025641026,0.43272283272283274,0.2600732600732601,0.5313797313797314,0.026373626373626374,0.24444444444444444,0.29426129426129427,0.4227106227106227,0.6507936507936508,0.16605616605616605,0.27692307692307694,0.41904761904761906,0.5892551892551893,0.4424908424908425,0.06324786324786325,0.4918192918192918,0.14822954822954823,0.2691086691086691,0.4056166056166056,0.2698412698412698,0.1873015873015873,0.3706959706959707,0.3540903540903541,0.14725274725274726,0.12576312576312576,0.14188034188034188,0.577045177045177,0.517948717948718,0.10598290598290598,0.33992673992673994,0.2634920634920635,0.41001221001221,0.4056166056166056,0.518925518925519,0.5147741147741147,0.44664224664224667,0.23663003663003662,0.29645909645909646,0.21782661782661783,0.4405372405372405,0.5003663003663004,0.18705738705738706,0.5313797313797314,0.21465201465201464,0.21025641025641026,0.14847374847374847
0.46984126984126984,0.3274725274725275,0.45567765567765567,0.3894993894993895,0.136996336996337,0.3496947496947497,0.31965811965811963,0.2170940170940171,0.1575091575091575,0.16214896214896216,0.6366300366300366,0.11330891330891331,0.46984126984126984,0.3562881562881563,0.4031746031746032,0.5587301587301587,0.315018315018315,0.252014652014652,0.16507936507936508,0.15286935286935288,0.566056166056166,0.32893772893772893,0.2822954822954823,0.14847374847374847,0.1111111111111111,0.3242979242979243,0.13064713064713065,0.4542124542124542,0.10573870573870574,0.5242979242979243,0.5448107448107448,0.1973137973137973,0.10207570207570207,0.20488400488400488,0.42002442002442003,0.2512820512820513,0.5208791208791209,0.025152625152625153,0.2354090354090354,0.3242979242979243,0.40805860805860805,0.662026862026862,0.16336996336996337,0.3172161172161172,0.42417582417582417,0.6012210012210012,0.43052503052503055,0.06105006105006105,0.47374847374847373,0.14627594627594628,0.26105006105006107,0.43907203907203907,0.31135531135531136,0.2148962148962149,0.36117216117216117,0.3474969474969475,0.14285714285714285,0.12234432234432234,0.13724053724053725,0.6051282051282051,0.5062271062271062,0.10427350427350428,0.33137973137973137,0.2549450549450549,0.3973137973137973,0.39316239316239315,0.515018315018315,0.4984126984126984,0.4346764346764347,0.23028083028083027,0.28888888888888886,0.21123321123321123,0.48766788766788766,0.4835164835164835,0.18461538461538463,0.5572649572649573,0.20781440781440783,0.20537240537240536,0.14554334554334555
0.45445665445665445,0.315018315018315,0.47374847374847373,0.39487179487179486,0.13577533577533576,0.3682539682539683,0.31013431013431014,0.210989010989011,0.15506715506715507,0.16507936507936508,0.6161172161172161,0.11306471306471307,0.4832722832722833,0.34676434676434675,0.39023199023199023,0.5445665445665445,0.3013431013431013,0.24175824175824176,0.15897435897435896,0.17655677655677657,0.5863247863247864,0.3184371184371184,0.3128205128205128,0.14505494505494507,0.10891330891330891,0.31404151404151404,0.12991452991452992,0.44126984126984126,0.10402930402930403,0.5079365079365079,0.5277167277167277,0.1907203907203907,0.10012210012210013,0.19975579975579977,0.4073260073260073,0.24273504273504273,0.5089133089133089,0.025152625152625153,0.2271062271062271,0.35384615384615387,0.3938949938949939,0.6703296703296703,0.16166056166056167,0.36385836385836384,0.42686202686202684,0.6105006105006106,0.41855921855921857,0.060805860805860805,0.45665445665445664,0.14505494505494507,0.252991452991453,0.4708180708180708,0.3528693528693529,0.2459096459096459,0.3528693528693529,0.34114774114774116,0.136996336996337,0.11843711843711843,0.1330891330891331,0.6295482295482295,0.4932844932844933,0.10305250305250305,0.32283272283272285,0.2463980463980464,0.38461538461538464,0.3807081807081807,0.5089133089133089,0.48131868131868133,0.4227106227106227,0.22442002442002443,0.28156288156288156,0.2043956043956044,0.518925518925519,0.4656898656898657,0.18192918192918192,0.57997557997558,0.2021978021978022,0.20024420024420025,0.1426129426129426
0.43907203907203907,0.3028083028083028,0.48986568986568985,0.398046398046398,0.13675213675213677,0.3851037851037851,0.3045177045177045,0.20415140415140415,0.15262515262515264,0.17216117216117216,0.5960927960927961,0.11330891330891331,0.49694749694749696,0.337973137973138,0.3916971916971917,0.528937728937729,0.28815628815628813,0.23223443223443224,0.1536019536019536,0.20683760683760682,0.6039072039072039,0.3086691086691087,0.3426129426129426,0.14188034188034188,0.10695970695970695,0.30378510378510376,0.13137973137973138,0.4283272283272283,0.10207570207570207,0.4927960927960928,0.5115995115995116,0.1838827838827839,0.10061050061050061,0.19462759462759463,0.39438339438339437,0.23443223443223443,0.4967032967032967,0.025885225885225887,0.21953601953601953,0.38217338217338215,0.38046398046398044,0.6742368742368743,0.15897435897435896,0.4070818070818071,0.42735042735042733,0.6166056166056166,0.40634920634920635,0.06349206349206349,0.4415140415140415,0.14334554334554334,0.24493284493284492,0.49963369963369964,0.3934065934065934,0.274969474969475,0.3443223443223443,0.3343101343101343,0.13015873015873017,0.11428571428571428,0.12942612942612944,0.6507936507936508,0.4800976800976801,0.10134310134310134,0.3145299145299145,0.23785103785103784,0.37191697191697193,0.3682539682539683,0.5008547008547009,0.46422466422466424,0.4105006105006105,0.2188034188034188,0.273992673992674,0.19926739926739928,0.5411477411477411,0.44835164835164837,0.178998778998779,0.5995115995115995,0.19755799755799755,0.19487179487179487,0.14065934065934066
0.42466422466422465,0.2903540903540904,0.5047619047619047,0.3987789987789988,0.14017094017094017,0.4004884004884005,0.29987789987789987,0.19706959706959706,0.15042735042735042,0.18461538461538463,0.5782661782661783,0.11306471306471307,0.5101343101343101,0.3291819291819292,0.40024420024420027,0.5123321123321123,0.2754578754578755,0.22417582417582418,0.14725274725274726,0.24151404151404152,0.6192918192918193,0.29914529914529914,0.37094017094017095,0.13846153846153847,0.10598290598290598,0.29426129426129427,0.13553113553113552,0.41514041514041516,0.10036630036630037,0.47863247863247865,0.4945054945054945,0.17753357753357754,0.10476190476190476,0.1894993894993895,0.3811965811965812,0.22661782661782662,0.48424908424908425,0.02564102564102564,0.21294261294261294,0.4087912087912088,0.3672771672771673,0.6747252747252748,0.15555555555555556,0.4468864468864469,0.4253968253968254,0.62002442002442,0.39438339438339437,0.07032967032967033,0.4278388278388278,0.1413919413919414,0.23663003663003662,0.5257631257631258,0.4315018315018315,0.3028083028083028,0.33577533577533575,0.3274725274725275,0.12576312576312576,0.11013431013431013,0.12551892551892552,0.6656898656898657,0.4678876678876679,0.09914529914529914,0.306959706959707,0.22954822954822954,0.35873015873015873,0.3562881562881563,0.4918192918192918,0.44761904761904764,0.3987789987789988,0.2139194139194139,0.26666666666666666,0.19487179487179487,0.5601953601953602,0.43174603174603177,0.17631257631257632,0.6161172161172161,0.1934065934065934,0.18998778998778998,0.1391941391941392
0.41147741147741146,0.27814407814407816,0.5177045177045178,0.3968253968253968,0.14725274725274726,0.4129426129426129,0.2920634920634921,0.18998778998778998,0.14822954822954823,0.2026862026862027,0.5619047619047619,0.11233211233211234,0.5218559218559219,0.32063492063492066,0.3973137973137973,0.495970695970696,0.26324786324786326,0.21733821733821734,0.1409035409035409,0.27912087912087913,0.631990231990232,0.29010989010989013,0.3973137973137973,0.13528693528693528,0.1072039072039072,0.2847374847374847,0.14358974358974358,0.4021978021978022,0.09987789987789988,0.463980463980464,0.4771672771672772,0.1711843711843712,0.1137973137973138,0.18485958485958487,0.3682539682539683,0.22026862026862026,0.4708180708180708,0.025152625152625153,0.20732600732600734,0.43345543345543347,0.35653235653235654,0.673992673992674,0.15213675213675212,0.4832722832722833,0.42075702075702076,0.6202686202686203,0.3824175824175824,0.08058608058608059,0.4141636141636142,0.1413919413919414,0.22857142857142856,0.5487179487179488,0.46642246642246643,0.3338217338217338,0.32722832722832723,0.3203907203907204,0.12234432234432234,0.10671550671550671,0.12136752136752137,0.6761904761904762,0.4547008547008547,0.0971916971916972,0.29914529914529914,0.22148962148962148,0.34554334554334554,0.3443223443223443,0.48131868131868133,0.43174603174603177,0.3873015873015873,0.2087912087912088,0.25982905982905985,0.18998778998778998,0.5765567765567765,0.41611721611721614,0.17435897435897435,0.6295482295482295,0.19023199023199022,0.18485958485958487,0.136996336996337
0.39902319902319905,0.2669108669108669,0.528937728937729,0.39316239316239315,0.15702075702075702,0.4227106227106227,0.28253968253968254,0.18315018315018314,0.14627594627594628,0.22246642246642245,0.5452991452991452,0.1115995115995116,0.5321123321123321,0.3120879120879121,0.389010989010989,0.4793650793650794,0.25347985347985347,0.20976800976800977,0.1347985347985348,0.31746031746031744,0.642002442002442,0.28083028083028083,0.42124542124542125,0.1330891330891331,0.1115995115995116,0.2754578754578755,0.15604395604395604,0.3894993894993895,0.09987789987789988,0.4495726495726496,0.4610500610500611,0.16507936507936508,0.12942612942612944,0.1807081807081807,0.3553113553113553,0.2148962148962149,0.45714285714285713,0.024175824175824177,0.2026862026862027,0.45616605616605616,0.34676434676434675,0.6708180708180708,0.14847374847374847,0.5162393162393163,0.4141636141636142,0.6173382173382174,0.3706959706959707,0.09474969474969475,0.4004884004884005,0.1443223443223443,0.221001221001221,0.5687423687423687,0.4976800976800977,0.3653235653235653,0.3184371184371184,0.3133089133089133,0.11721611721611722,0.10329670329670329,0.11892551892551892,0.6864468864468865,0.4415140415140415,0.09499389499389499,0.2915750915750916,0.2139194139194139,0.33235653235653234,0.33455433455433453,0.4695970695970696,0.4166056166056166,0.37606837606837606,0.20415140415140415,0.25445665445665444,0.18461538461538463,0.5897435897435898,0.4014652014652015,0.17264957264957265,0.6402930402930402,0.18705738705738706,0.18095238095238095,0.1347985347985348
0.3873015873015873,0.2564102564102564,0.5384615384615384,0.3873015873015873,0.16947496947496948,0.4324786324786325,0.27643467643467645,0.17655677655677657,0.1443223443223443,0.24493284493284492,0.5286935286935287,0.1111111111111111,0.5401709401709401,0.30378510378510376,0.3785103785103785,0.46495726495726497,0.24517704517704517,0.20195360195360196,0.12844932844932844,0.35555555555555557,0.6490842490842491,0.272039072039072,0.44004884004884004,0.13137973137973138,0.1203907203907204,0.2669108669108669,0.17313797313797313,0.3775335775335775,0.09865689865689865,0.43565323565323566,0.44542124542124545,0.1592185592185592,0.15189255189255188,0.17655677655677657,0.3440781440781441,0.2087912087912088,0.44395604395604393,0.023443223443223443,0.19829059829059828,0.473992673992674,0.3367521367521368,0.6644688644688644,0.1452991452991453,0.5462759462759462,0.40512820512820513,0.610989010989011,0.3606837606837607,0.11526251526251527,0.3868131868131868,0.15213675213675212,0.21343101343101342,0.5855921855921856,0.525030525030525,0.3951159951159951,0.3094017094017094,0.305982905982906,0.11257631257631258,0.10158730158730159,0.11746031746031746,0.694993894993895,0.42857142857142855,0.0927960927960928,0.28376068376068375,0.2061050061050061,0.31916971916971915,0.32576312576312577,0.45616605616605616,0.40244200244200246,0.36507936507936506,0.19975579975579977,0.25103785103785103,0.178998778998779,0.5997557997557997,0.3873015873015873,0.17264957264957265,0.6483516483516484,0.1838827838827839,0.17802197802197803,0.13235653235653236
0.3755799755799756,0.2463980463980464,0.5457875457875457,0.38046398046398044,0.18632478632478633,0.4405372405372405,0.26935286935286934,0.17045177045177046,0.1426129426129426,0.27350427350427353,0.5125763125763125,0.11037851037851037,0.546031746031746,0.295970695970696,0.36800976800976803,0.45152625152625153,0.23614163614163614,0.19462759462759463,0.12258852258852258,0.3921855921855922,0.652991452991453,0.26324786324786326,0.45567765567765567,0.12942612942612944,0.13528693528693528,0.25860805860805863,0.19462759462759463,0.36678876678876676,0.0971916971916972,0.4227106227106227,0.4302808302808303,0.1536019536019536,0.18144078144078143,0.17264957264957265,0.33406593406593404,0.2026862026862027,0.4315018315018315,0.022222222222222223,0.19487179487179487,0.4888888888888889,0.32625152625152626,0.654945054945055,0.14212454212454212,0.5731379731379731,0.3946275946275946,0.6026862026862027,0.35115995115995113,0.14188034188034188,0.3728937728937729,0.16556776556776556,0.20634920634920634,0.5995115995115995,0.5457875457875457,0.4227106227106227,0.30085470085470084,0.29865689865689865,0.10915750915750916,0.10207570207570207,0.11477411477411477,0.7008547008547008,0.41611721611721614,0.09035409035409035,0.27643467643467645,0.19877899877899877,0.30842490842490844,0.315995115995116,0.4424908424908425,0.38925518925518926,0.35433455433455435,0.19633699633699633,0.24835164835164836,0.17338217338217338,0.6065934065934065,0.37362637362637363,0.17509157509157508,0.6534798534798535,0.18192918192918192,0.17435897435897435,0.12967032967032968
0.36385836385836384,0.23663003663003662,0.5511599511599512,0.3728937728937729,0.2070818070818071,0.4473748473748474,0.2600732600732601,0.1641025641025641,0.1409035409035409,0.30622710622710625,0.4967032967032967,0.10989010989010989,0.5496947496947497,0.2879120879120879,0.3584859584859585,0.43785103785103785,0.22686202686202686,0.18754578754578755,0.11697191697191697,0.42686202686202684,0.6534798534798535,0.2554334554334554,0.47155067155067154,0.12698412698412698,0.15653235653235653,0.2507936507936508,0.21636141636141637,0.3572649572649573,0.09572649572649573,0.41001221001221,0.4158730158730159,0.14822954822954823,0.21684981684981686,0.17045177045177046,0.3230769230769231,0.19633699633699633,0.4192918192918193,0.021245421245421246,0.1921855921855922,0.504029304029304,0.3162393162393162,0.6427350427350428,0.13992673992673993,0.5970695970695971,0.38266178266178263,0.5921855921855922,0.34114774114774116,0.17387057387057386,0.35946275946275946,0.18608058608058609,0.20024420024420025,0.6107448107448108,0.5619047619047619,0.44713064713064715,0.2923076923076923,0.2910866910866911,0.10622710622710622,0.10598290598290598,0.10842490842490843,0.7037851037851038,0.4043956043956044,0.0884004884004884,0.26935286935286934,0.19145299145299147,0.29816849816849816,0.305982905982906,0.4283272283272283,0.37655677655677655,0.3452991452991453,0.19413919413919414,0.24786324786324787,0.16800976800976802,0.6105006105006106,0.3606837606837607,0.1807081807081807,0.6554334554334554,0.1807081807081807,0.1702075702075702,0.12722832722832722
0.3516483516483517,0.2271062271062271,0.5531135531135531,0.3636141636141636,0.23028083028083027,0.45225885225885226,0.2537240537240537,0.15848595848595848,0.13943833943833944,0.3413919413919414,0.4810744810744811,0.10964590964590964,0.5504273504273505,0.2800976800976801,0.3499389499389499,0.4244200244200244,0.21733821733821734,0.18095238095238095,0.1115995115995116,0.4586080586080586,0.6505494505494506,0.2485958485958486,0.4862026862026862,0.12503052503052503,0.1838827838827839,0.24273504273504273,0.23956043956043957,0.34725274725274724,0.09426129426129426,0.3978021978021978,0.4017094017094017,0.14358974358974358,0.2568986568986569,0.16825396825396827,0.31184371184371185,0.19047619047619047,0.4078144078144078,0.020757020757020756,0.189010989010989,0.5186813186813187,0.3064713064713065,0.6280830280830281,0.13992673992673993,0.6180708180708181,0.37191697191697193,0.5787545787545788,0.3311355311355311,0.21025641025641026,0.3465201465201465,0.2139194139194139,0.19511599511599512,0.6175824175824176,0.578021978021978,0.46813186813186813,0.2835164835164835,0.284004884004884,0.10622710622710622,0.11404151404151404,0.10012210012210013,0.7040293040293041,0.39316239316239315,0.0862026862026862,0.2622710622710623,0.18583638583638584,0.2874236874236874,0.295970695970696,0.41440781440781443,0.36434676434676433,0.3367521367521368,0.19047619047619047,0.25006105006105006,0.16263736263736264,0.6117216117216118,0.34798534798534797,0.19047619047619047,0.6542124542124542,0.17875457875457876,0.16605616605616605,0.12503052503052503
0.3387057387057387,0.21953601953601953,0.5531135531135531,0.3523809523809524,0.25567765567765566,0.4547008547008547,0.2468864468864469,0.15286935286935288,0.1387057387057387,0.37777777777777777,0.4656898656898657,0.10891330891330891,0.5487179487179488,0.272039072039072,0.3409035409035409,0.4117216117216117,0.2083028083028083,0.17484737484737484,0.10671550671550671,0.48766788766788766,0.6442002442002442,0.24102564102564103,0.4989010989010989,0.12283272283272283,0.21684981684981686,0.23663003663003662,0.2673992673992674,0.336996336996337,0.09255189255189256,0.3924297924297924,0.38803418803418804,0.1391941391941392,0.29426129426129427,0.16556776556776556,0.30085470085470084,0.18485958485958487,0.39658119658119656,0.02026862026862027,0.18534798534798536,0.5316239316239316,0.2967032967032967,0.611965811965812,0.14334554334554334,0.6363858363858363,0.36166056166056165,0.5636141636141636,0.32112332112332115,0.2490842490842491,0.3333333333333333,0.2485958485958486,0.19267399267399268,0.6214896214896215,0.5921855921855922,0.4857142857142857,0.274969474969475,0.27692307692307694,0.11037851037851037,0.12747252747252746,0.0945054945054945,0.701098901098901,0.38266178266178263,0.0844932844932845,0.25518925518925517,0.18095238095238095,0.2766788766788767,0.2862026862026862,0.400976800976801,0.35384615384615387,0.3277167277167277,0.18656898656898657,0.25616605616605614,0.15775335775335775,0.6102564102564103,0.3355311355311355,0.2021978021978022,0.6512820512820513,0.17655677655677657,0.16214896214896216,0.12258852258852258
0.32551892551892553,0.2126984126984127,0.5523809523809524,0.3401709401709402,0.2818070818070818,0.4554334554334554,0.23809523809523808,0.14725274725274726,0.13846153846153847,0.4141636141636142,0.4503052503052503,0.10842490842490843,0.5443223443223443,0.2652014652014652,0.33137973137973137,0.39951159951159954,0.19975579975579977,0.16923076923076924,0.10183150183150183,0.5135531135531135,0.6351648351648351,0.23272283272283273,0.5094017094017094,0.12087912087912088,0.2490842490842491,0.23125763125763127,0.2971916971916972,0.32673992673992674,0.0905982905982906,0.3904761904761905,0.37484737484737485,0.13626373626373625,0.3299145299145299,0.1623931623931624,0.29010989010989013,0.17924297924297924,0.38534798534798537,0.02026862026862027,0.18168498168498168,0.5428571428571428,0.2874236874236874,0.5943833943833944,0.15115995115995115,0.6493284493284494,0.3509157509157509,0.5470085470085471,0.31062271062271063,0.28815628815628813,0.32063492063492066,0.28888888888888886,0.19291819291819293,0.6239316239316239,0.6036630036630036,0.5003663003663004,0.26666666666666666,0.27106227106227104,0.11452991452991453,0.14847374847374847,0.09035409035409035,0.694993894993895,0.37264957264957266,0.08278388278388278,0.2490842490842491,0.17484737484737484,0.2661782661782662,0.27643467643467645,0.3887667887667888,0.3440781440781441,0.31868131868131866,0.1829059829059829,0.26544566544566545,0.15262515262515264,0.6061050061050061,0.3230769230769231,0.2170940170940171,0.645909645909646,0.17435897435897435,0.157997557997558,0.1203907203907204
0.3125763125763126,0.20463980463980463,0.5496947496947497,0.326984126984127,0.3076923076923077,0.45396825396825397,0.22979242979242978,0.14334554334554334,0.13797313797313798,0.44884004884004886,0.4346764346764347,0.1076923076923077,0.5382173382173382,0.25934065934065936,0.32161172161172163,0.38803418803418804,0.19145299145299147,0.16385836385836386,0.09743589743589744,0.5335775335775336,0.6244200244200244,0.22442002442002443,0.5177045177045178,0.11892551892551892,0.28083028083028083,0.22466422466422467,0.3274725274725275,0.31648351648351647,0.08864468864468865,0.38363858363858366,0.36166056166056165,0.13406593406593406,0.36996336996337,0.15946275946275945,0.2796092796092796,0.17387057387057386,0.3741147741147741,0.02026862026862027,0.17753357753357754,0.5516483516483517,0.27814407814407816,0.577045177045177,0.16263736263736264,0.6586080586080586,0.33992673992673994,0.5301587301587302,0.30085470085470084,0.326984126984127,0.30793650793650795,0.32673992673992674,0.1960927960927961,0.6246642246642247,0.6122100122100123,0.5118437118437118,0.2583638583638584,0.2661782661782662,0.1203907203907204,0.17753357753357754,0.08693528693528693,0.6857142857142857,0.36336996336996336,0.08180708180708181,0.24346764346764346,0.16825396825396827,0.25567765567765566,0.2673992673992674,0.37704517704517704,0.3338217338217338,0.3098901098901099,0.178998778998779,0.2783882783882784,0.147985347985348,0.5992673992673992,0.3125763125763126,0.23736263736263735,0.6378510378510378,0.17167277167277167,0.1540903540903541,0.11843711843711843
0.3001221001221001,0.19633699633699633,0.5452991452991452,0.3128205128205128,0.33284493284493283,0.4503052503052503,0.22393162393162394,0.13992673992673993,0.13675213675213677,0.48205128205128206,0.4192918192918193,0.1072039072039072,0.5304029304029304,0.2525030525030525,0.3120879120879121,0.3768009768009768,0.18363858363858365,0.15897435897435896,0.09304029304029304,0.5492063492063493,0.6107448107448108,0.21587301587301588,0.5233211233211233,0.11721611721611722,0.3172161172161172,0.21782661782661783,0.3572649572649573,0.306959706959707,0.08644688644688645,0.37484737484737485,0.35067155067155065,0.13137973137973138,0.41074481074481073,0.1562881562881563,0.2695970695970696,0.168986568986569,0.3626373626373626,0.021733821733821733,0.17338217338217338,0.5582417582417583,0.2691086691086691,0.55995115995116,0.1794871794871795,0.6671550671550671,0.3299145299145299,0.5133089133089133,0.2915750915750916,0.36385836385836384,0.29572649572649573,0.36336996336996336,0.20341880341880342,0.622954822954823,0.6180708180708181,0.5201465201465202,0.2515262515262515,0.2608058608058608,0.14017094017094017,0.2139194139194139,0.08376068376068375,0.6737484737484738,0.3540903540903541,0.08180708180708181,0.2371184371184371,0.1619047619047619,0.2459096459096459,0.25811965811965815,0.3663003663003663,0.32283272283272285,0.3013431013431013,0.17509157509157508,0.2945054945054945,0.14334554334554334,0.5904761904761905,0.3028083028083028,0.26202686202686204,0.6273504273504273,0.168986568986569,0.15042735042735042,0.11672771672771673
0.28815628815628813,0.18852258852258852,0.5389499389499389,0.29865689865689865,0.35653235653235654,0.44517704517704515,0.21904761904761905,0.13577533577533576,0.13553113553113552,0.513064713064713,0.4039072039072039,0.10744810744810745,0.5208791208791209,0.2454212454212454,0.3028083028083028,0.36556776556776555,0.17631257631257632,0.15384615384615385,0.09010989010989011,0.5650793650793651,0.5951159951159951,0.20757020757020758,0.526007326007326,0.11550671550671551,0.3550671550671551,0.21147741147741148,0.3855921855921856,0.2979242979242979,0.08424908424908426,0.36507936507936506,0.3401709401709402,0.12844932844932844,0.44981684981684983,0.15335775335775337,0.25982905982905985,0.16385836385836386,0.3514041514041514,0.024175824175824177,0.168986568986569,0.5623931623931624,0.25982905982905985,0.5433455433455433,0.20463980463980463,0.6737484737484738,0.32063492063492066,0.49694749694749696,0.2822954822954823,0.39829059829059826,0.2835164835164835,0.40463980463980465,0.21587301587301588,0.6188034188034188,0.621001221001221,0.5247863247863248,0.24566544566544565,0.25518925518925517,0.1724053724053724,0.25616605616605614,0.08083028083028083,0.6586080586080586,0.3457875457875458,0.08083028083028083,0.23076923076923078,0.15555555555555556,0.23663003663003662,0.24932844932844933,0.3557997557997558,0.31184371184371185,0.29255189255189257,0.1711843711843712,0.3125763125763126,0.1387057387057387,0.57997557997558,0.2915750915750916,0.28913308913308916,0.613919413919414,0.1663003663003663,0.14652014652014653,0.11526251526251527
0.2766788766788767,0.1807081807081807,0.5306471306471306,0.28498168498168497,0.37826617826617825,0.43833943833943834,0.2139194139194139,0.13137973137973138,0.1343101343101343,0.5416361416361416,0.3887667887667888,0.10842490842490843,0.5103785103785103,0.23687423687423687,0.2932844932844933,0.35482295482295484,0.16923076923076924,0.1492063492063492,0.08791208791208792,0.5794871794871795,0.5777777777777777,0.19926739926739928,0.526007326007326,0.11428571428571428,0.39194139194139194,0.20537240537240536,0.4122100122100122,0.2903540903540904,0.08156288156288156,0.35653235653235654,0.3291819291819292,0.12551892551892552,0.4857142857142857,0.15067155067155066,0.25054945054945055,0.15897435897435896,0.34163614163614164,0.025396825396825397,0.1645909645909646,0.5641025641025641,0.2507936507936508,0.528937728937729,0.23785103785103784,0.6774114774114774,0.3128205128205128,0.48131868131868133,0.27350427350427353,0.4302808302808303,0.27326007326007323,0.4468864468864469,0.2336996336996337,0.6117216117216118,0.6205128205128205,0.5262515262515263,0.23931623931623933,0.24957264957264957,0.20757020757020758,0.30207570207570206,0.07814407814407814,0.6405372405372405,0.33821733821733824,0.07936507936507936,0.22417582417582418,0.1496947496947497,0.22735042735042735,0.2407814407814408,0.3465201465201465,0.30085470085470084,0.2847374847374847,0.16776556776556775,0.3316239316239316,0.13577533577533576,0.5672771672771673,0.2800976800976801,0.3177045177045177,0.5985347985347985,0.16361416361416362,0.14285714285714285,0.11452991452991453
0.26495726495726496,0.17338217338217338,0.5213675213675214,0.27350427350427353,0.39829059829059826,0.4312576312576313,0.2083028083028083,0.12698412698412698,0.13284493284493284,0.568009768009768,0.3750915750915751,0.10866910866910867,0.4989010989010989,0.2288156288156288,0.28376068376068375,0.3440781440781441,0.16263736263736264,0.1457875457875458,0.08498168498168499,0.5914529914529915,0.5594627594627595,0.19145299145299147,0.5230769230769231,0.1137973137973138,0.42686202686202684,0.199023199023199,0.4368742368742369,0.2847374847374847,0.0800976800976801,0.3482295482295482,0.3181929181929182,0.12258852258852258,0.518925518925519,0.14847374847374847,0.24126984126984127,0.15531135531135531,0.33284493284493283,0.025885225885225887,0.15995115995115994,0.5631257631257631,0.24175824175824176,0.5157509157509158,0.2778998778998779,0.6783882783882784,0.30573870573870576,0.46642246642246643,0.2652014652014652,0.4593406593406593,0.26373626373626374,0.4879120879120879,0.2568986568986569,0.6019536019536019,0.6163614163614164,0.5262515262515263,0.23272283272283273,0.2442002442002442,0.2354090354090354,0.3499389499389499,0.0757020757020757,0.6224664224664225,0.3299145299145299,0.07765567765567766,0.21782661782661783,0.14407814407814407,0.21855921855921856,0.23223443223443224,0.33821733821733824,0.29010989010989013,0.2766788766788767,0.1645909645909646,0.35115995115995113,0.13406593406593406,0.5526251526251527,0.2622710622710623,0.3465201465201465,0.5814407814407815,0.16092796092796094,0.13943833943833944,0.11452991452991453
0.25347985347985347,0.16605616605616605,0.5106227106227106,0.26422466422466423,0.4163614163614164,0.4236874236874237,0.2026862026862027,0.12258852258852258,0.13162393162393163,0.5882783882783883,0.36288156288156287,0.10866910866910867,0.4866910866910867,0.2231990231990232,0.27472527472527475,0.3333333333333333,0.157997557997558,0.14358974358974358,0.08180708180708181,0.6012210012210012,0.5411477411477411,0.18363858363858365,0.5174603174603175,0.11477411477411477,0.4586080586080586,0.1934065934065934,0.45885225885225883,0.28205128205128205,0.07985347985347985,0.3387057387057387,0.3064713064713065,0.11965811965811966,0.5487179487179488,0.147985347985348,0.23272283272283273,0.15262515262515264,0.32283272283272285,0.025885225885225887,0.15604395604395604,0.5597069597069597,0.23443223443223443,0.5020757020757021,0.3230769230769231,0.675946275946276,0.2989010989010989,0.4525030525030525,0.2571428571428571,0.48205128205128206,0.25347985347985347,0.5262515262515263,0.2847374847374847,0.5897435897435898,0.6087912087912087,0.5235653235653236,0.22612942612942613,0.23882783882783884,0.2708180708180708,0.3978021978021978,0.07448107448107448,0.6039072039072039,0.3213675213675214,0.07594627594627594,0.21196581196581196,0.1387057387057387,0.20976800976800977,0.22564102564102564,0.3308913308913309,0.27912087912087913,0.2691086691086691,0.16117216117216118,0.36971916971916974,0.13162393162393163,0.5365079365079365,0.24151404151404152,0.3738705738705739,0.5631257631257631,0.157997557997558,0.13577533577533576,0.11404151404151404
0.24224664224664225,0.15897435897435896,0.4993894993894994,0.25811965811965815,0.43003663003663006,0.41514041514041516,0.19706959706959706,0.11819291819291819,0.13015873015873017,0.6048840048840048,0.34945054945054943,0.10842490842490843,0.47448107448107446,0.21733821733821734,0.26544566544566545,0.3225885225885226,0.15433455433455434,0.14017094017094017,0.07863247863247863,0.6083028083028083,0.5228327228327229,0.17655677655677657,0.5091575091575091,0.11794871794871795,0.48766788766788766,0.1877899877899878,0.47912087912087914,0.2822954822954823,0.07936507936507936,0.3286935286935287,0.294993894993895,0.11672771672771673,0.575091575091575,0.14945054945054945,0.22466422466422467,0.1492063492063492,0.3125763125763126,0.025885225885225887,0.15189255189255188,0.5538461538461539,0.2275946275946276,0.4888888888888889,0.37142857142857144,0.67008547008547,0.2979242979242979,0.43907203907203907,0.2507936507936508,0.5003663003663004,0.2424908424908425,0.5611721611721612,0.31575091575091574,0.5758241758241758,0.598046398046398,0.5181929181929182,0.22002442002442002,0.23394383394383395,0.3203907203907204,0.4442002442002442,0.07423687423687424,0.5838827838827839,0.3125763125763126,0.07448107448107448,0.2061050061050061,0.13382173382173382,0.20146520146520147,0.22026862026862026,0.32283272283272285,0.26837606837606837,0.2617826617826618,0.15824175824175823,0.3848595848595849,0.12967032967032968,0.5201465201465202,0.22612942612942613,0.4,0.5445665445665445,0.15506715506715507,0.13382173382173382,0.11306471306471307
0.2315018315018315,0.15213675213675212,0.4879120879120879,0.25347985347985347,0.441025641025641,0.4061050061050061,0.1916971916971917,0.1137973137973138,0.12869352869352868,0.6222222222222222,0.33528693528693526,0.10818070818070818,0.46251526251526254,0.21123321123321123,0.2564102564102564,0.31306471306471306,0.1496947496947497,0.13675213675213677,0.07496947496947497,0.6126984126984127,0.5052503052503052,0.16971916971916973,0.49963369963369964,0.12283272283272283,0.5135531135531135,0.1824175824175824,0.49743589743589745,0.2852258852258852,0.08131868131868132,0.3184371184371184,0.28376068376068375,0.11404151404151404,0.5982905982905983,0.15433455433455434,0.21855921855921856,0.1452991452991453,0.30207570207570206,0.025885225885225887,0.14774114774114774,0.5457875457875457,0.22002442002442002,0.4757020757020757,0.42124542124542125,0.661050061050061,0.30036630036630035,0.42637362637362636,0.24517704517704517,0.5186813186813187,0.2315018315018315,0.5924297924297924,0.3492063492063492,0.5604395604395604,0.5841269841269842,0.5106227106227106,0.2139194139194139,0.2288156288156288,0.36507936507936506,0.48205128205128206,0.07326007326007326,0.5631257631257631,0.3035409035409035,0.07326007326007326,0.2004884004884005,0.12967032967032968,0.19487179487179487,0.2139194139194139,0.3145299145299145,0.2583638583638584,0.25445665445665444,0.15653235653235653,0.3973137973137973,0.1291819291819292,0.5032967032967033,0.21343101343101342,0.4231990231990232,0.526007326007326,0.1536019536019536,0.1326007326007326,0.11233211233211234
0.22148962148962148,0.14554334554334555,0.4764346764346764,0.25054945054945055,0.45152625152625153,0.39658119658119656,0.18632478632478633,0.10964590964590964,0.12747252747252746,0.6385836385836385,0.32063492063492066,0.1076923076923077,0.4507936507936508,0.20537240537240536,0.2490842490842491,0.29523809523809524,0.14481074481074482,0.13284493284493284,0.07179487179487179,0.613919413919414,0.4884004884004884,0.16483516483516483,0.4891330891330891,0.13113553113553114,0.5365079365079365,0.17753357753357754,0.5133089133089133,0.2915750915750916,0.08644688644688645,0.30793650793650795,0.2725274725274725,0.11233211233211234,0.6183150183150183,0.16361416361416362,0.21318681318681318,0.14114774114774115,0.2920634920634921,0.026617826617826617,0.1443223443223443,0.5357753357753358,0.21196581196581196,0.4627594627594628,0.47057387057387057,0.6488400488400489,0.29865689865689865,0.4158730158730159,0.2385836385836386,0.5355311355311355,0.2205128205128205,0.6202686202686203,0.3831501831501832,0.544078144078144,0.5697191697191697,0.5003663003663004,0.20781440781440783,0.22417582417582418,0.39658119658119656,0.5142857142857142,0.07203907203907203,0.5428571428571428,0.294993894993895,0.07252747252747253,0.19487179487179487,0.1264957264957265,0.18925518925518925,0.2070818070818071,0.30622710622710625,0.2485958485958486,0.24737484737484738,0.15531135531135531,0.4095238095238095,0.13137973137973138,0.4869352869352869,0.20293040293040293,0.44395604395604393,0.5076923076923077,0.1523809523809524,0.13015873015873017,0.11135531135531136
0.21196581196581196,0.1391941391941392,0.46593406593406594,0.2468864468864469,0.4610500610500611,0.38754578754578756,0.18095238095238095,0.1054945054945055,0.1264957264957265,0.6532356532356532,0.3064713064713065,0.1076923076923077,0.43907203907203907,0.19926739926739928,0.2424908424908425,0.2725274725274725,0.13968253968253969,0.12942612942612944,0.06862026862026863,0.611965811965812,0.47228327228327227,0.1606837606837607,0.4766788766788767,0.14334554334554334,0.557020757020757,0.1724053724053724,0.525030525030525,0.30158730158730157,0.09816849816849817,0.2979242979242979,0.2617826617826618,0.11184371184371185,0.6356532356532356,0.17533577533577532,0.20732600732600734,0.136996336996337,0.2822954822954823,0.02905982905982906,0.14188034188034188,0.5235653235653236,0.20366300366300366,0.44981684981684983,0.517948717948718,0.6336996336996337,0.29523809523809524,0.4061050061050061,0.23174603174603176,0.5496947496947497,0.21001221001221002,0.6446886446886447,0.4163614163614164,0.5284493284493285,0.5540903540903541,0.48766788766788766,0.2021978021978022,0.21978021978021978,0.4244200244200244,0.5474969474969476,0.07081807081807082,0.5230769230769231,0.28669108669108667,0.07301587301587302,0.18998778998778998,0.1242979242979243,0.1829059829059829,0.2004884004884005,0.2979242979242979,0.23931623931623933,0.24175824175824176,0.1536019536019536,0.4205128205128205,0.13821733821733823,0.4713064713064713,0.19316239316239317,0.4622710622710623,0.4918192918192918,0.15042735042735042,0.12747252747252746,0.1111111111111111
0.20293040293040293,0.13284493284493284,0.45665445665445664,0.24004884004884006,0.4691086691086691,0.3785103785103785,0.17582417582417584,0.10158730158730159,0.12527472527472527,0.6656898656898657,0.29304029304029305,0.1076923076923077,0.4278388278388278,0.1934065934065934,0.23467643467643468,0.2568986568986569,0.1343101343101343,0.126007326007326,0.0652014652014652,0.6065934065934065,0.45616605616605616,0.15531135531135531,0.463003663003663,0.1597069597069597,0.5743589743589743,0.168986568986569,0.5340659340659341,0.31477411477411477,0.11721611721611722,0.28815628815628813,0.25103785103785103,0.11428571428571428,0.6476190476190476,0.19096459096459095,0.20122100122100123,0.1330891330891331,0.2725274725274725,0.03492063492063492,0.13846153846153847,0.5101343101343101,0.19584859584859585,0.4371184371184371,0.5628815628815629,0.6166056166056166,0.2915750915750916,0.39584859584859583,0.22515262515262516,0.5611721611721612,0.19975579975579977,0.6661782661782661,0.44835164835164837,0.5135531135531135,0.5362637362637362,0.4735042735042735,0.19658119658119658,0.21562881562881564,0.45714285714285713,0.5794871794871795,0.0695970695970696,0.504029304029304,0.2783882783882784,0.07496947496947497,0.18485958485958487,0.12454212454212454,0.17631257631257632,0.1943833943833944,0.2893772893772894,0.23003663003663002,0.2371184371184371,0.15189255189255188,0.4293040293040293,0.15042735042735042,0.45665445665445664,0.18437118437118438,0.4778998778998779,0.4776556776556777,0.147985347985348,0.12503052503052503,0.11184371184371185
0.19413919413919414,0.12869352869352868,0.4473748473748474,0.2288156288156288,0.4752136752136752,0.37045177045177047,0.17045177045177046,0.09816849816849817,0.12503052503052503,0.6757020757020757,0.2796092796092796,0.1076923076923077,0.41733821733821735,0.189010989010989,0.22686202686202686,0.24517704517704517,0.12869352869352868,0.12283272283272283,0.061782661782661785,0.5985347985347985,0.4424908424908425,0.14945054945054945,0.44884004884004886,0.1807081807081807,0.5894993894993895,0.16654456654456654,0.5428571428571428,0.3311355311355311,0.1452991452991453,0.2788766788766789,0.2407814407814408,0.12087912087912088,0.6556776556776557,0.21318681318681318,0.19487179487179487,0.12942612942612944,0.2634920634920635,0.0463980463980464,0.1347985347985348,0.4954822954822955,0.1877899877899878,0.4244200244200244,0.6048840048840048,0.5997557997557997,0.28669108669108667,0.38534798534798537,0.21855921855921856,0.5699633699633699,0.18998778998778998,0.6844932844932845,0.4742368742368742,0.49792429792429793,0.5177045177045178,0.4581196581196581,0.19145299145299147,0.2126984126984127,0.4862026862026862,0.6087912087912087,0.06886446886446887,0.4866910866910867,0.2708180708180708,0.08034188034188035,0.18095238095238095,0.12722832722832722,0.16947496947496948,0.18876678876678876,0.2810744810744811,0.22246642246642245,0.23247863247863249,0.14993894993894993,0.43614163614163615,0.16923076923076924,0.4427350427350427,0.17631257631257632,0.48937728937728936,0.463003663003663,0.1457875457875458,0.12258852258852258,0.11428571428571428
0.18534798534798536,0.12551892551892552,0.4388278388278388,0.2126984126984127,0.4796092796092796,0.3626373626373626,0.16532356532356532,0.09621489621489622,0.12527472527472527,0.6835164835164835,0.2669108669108669,0.1076923076923077,0.4070818070818071,0.1851037851037851,0.2188034188034188,0.2354090354090354,0.12307692307692308,0.11941391941391942,0.05811965811965812,0.5877899877899878,0.4297924297924298,0.14383394383394382,0.4346764346764347,0.20537240537240536,0.5997557997557997,0.16336996336996337,0.5501831501831502,0.34945054945054943,0.1824175824175824,0.2698412698412698,0.23101343101343103,0.13064713064713065,0.663003663003663,0.2407814407814408,0.189010989010989,0.12576312576312576,0.2542124542124542,0.06471306471306472,0.1308913308913309,0.4805860805860806,0.18021978021978022,0.4117216117216117,0.6434676434676435,0.5833943833943834,0.2810744810744811,0.3750915750915751,0.21196581196581196,0.5755799755799755,0.18021978021978022,0.6998778998778998,0.49621489621489623,0.4822954822954823,0.4989010989010989,0.442002442002442,0.18632478632478633,0.21025641025641026,0.5111111111111111,0.6349206349206349,0.06788766788766788,0.4700854700854701,0.2634920634920635,0.09010989010989011,0.17802197802197803,0.13284493284493284,0.16312576312576313,0.18437118437118438,0.27277167277167275,0.21587301587301588,0.2288156288156288,0.14847374847374847,0.4405372405372405,0.1956043956043956,0.43003663003663006,0.1702075702075702,0.4976800976800977,0.4490842490842491,0.14481074481074482,0.1203907203907204,0.11965811965811966
0.178998778998779,0.12112332112332112,0.43052503052503055,0.1916971916971917,0.4822954822954823,0.35555555555555557,0.1606837606837607,0.09621489621489622,0.12503052503052503,0.6884004884004884,0.25445665445665444,0.1076923076923077,0.39755799755799753,0.18046398046398046,0.21123321123321123,0.22686202686202686,0.11794871794871795,0.11575091575091576,0.054945054945054944,0.5755799755799755,0.41611721611721614,0.13821733821733823,0.42075702075702076,0.23247863247863249,0.6073260073260073,0.1597069597069597,0.5557997557997558,0.368986568986569,0.2275946275946276,0.26105006105006107,0.22148962148962148,0.1443223443223443,0.6683760683760683,0.2725274725274725,0.18339438339438338,0.12258852258852258,0.24566544566544565,0.08644688644688645,0.12698412698412698,0.4652014652014652,0.17264957264957265,0.3992673992673993,0.6737484737484738,0.5658119658119658,0.27521367521367524,0.3648351648351648,0.2061050061050061,0.578021978021978,0.17094017094017094,0.7098901098901099,0.5186813186813187,0.4669108669108669,0.4800976800976801,0.42637362637362636,0.1829059829059829,0.20732600732600734,0.5326007326007326,0.6583638583638584,0.0673992673992674,0.4547008547008547,0.25616605616605614,0.10354090354090355,0.1746031746031746,0.14285714285714285,0.15677655677655677,0.1824175824175824,0.26495726495726496,0.20854700854700856,0.2271062271062271,0.14725274725274726,0.4427350427350427,0.22832722832722832,0.41782661782661784,0.16507936507936508,0.5054945054945055,0.43614163614163615,0.1452991452991453,0.11868131868131868,0.1291819291819292
0.17313797313797313,0.11575091575091576,0.4227106227106227,0.16776556776556775,0.4827838827838828,0.3487179487179487,0.15775335775335775,0.09768009768009768,0.1242979242979243,0.6905982905982906,0.24273504273504273,0.10891330891330891,0.389010989010989,0.17582417582417584,0.20366300366300366,0.21855921855921856,0.11282051282051282,0.11257631257631258,0.05274725274725275,0.5626373626373626,0.40244200244200246,0.1326007326007326,0.40757020757020757,0.2608058608058608,0.613919413919414,0.1562881562881563,0.5594627594627595,0.3882783882783883,0.27912087912087913,0.25274725274725274,0.2139194139194139,0.16507936507936508,0.6713064713064713,0.3072039072039072,0.17777777777777778,0.11941391941391942,0.23785103785103784,0.1137973137973138,0.12307692307692308,0.45006105006105007,0.16556776556776556,0.3868131868131868,0.6986568986568986,0.5484737484737485,0.2691086691086691,0.35433455433455435,0.2004884004884005,0.577045177045177,0.16214896214896216,0.7164835164835165,0.5399267399267399,0.45225885225885226,0.4622710622710623,0.41147741147741146,0.17997557997557997,0.2043956043956044,0.54993894993895,0.6783882783882784,0.06666666666666667,0.4402930402930403,0.2490842490842491,0.12234432234432234,0.1706959706959707,0.157997557997558,0.1509157509157509,0.18437118437118438,0.2571428571428571,0.20122100122100123,0.22808302808302808,0.14627594627594628,0.442002442002442,0.26666666666666666,0.4078144078144078,0.1597069597069597,0.512087912087912,0.4236874236874237,0.14847374847374847,0.11721611721611722,0.14407814407814407
0.16605616605616605,0.11013431013431013,0.4146520146520147,0.14334554334554334,0.4810744810744811,0.3423687423687424,0.15531135531135531,0.10256410256410256,0.12356532356532357,0.6893772893772894,0.2315018315018315,0.11037851037851037,0.37948717948717947,0.1702075702075702,0.19633699633699633,0.210989010989011,0.10818070818070818,0.10964590964590964,0.051770451770451774,0.5477411477411478,0.3887667887667888,0.12722832722832722,0.39487179487179486,0.28962148962148965,0.6190476190476191,0.15262515262515264,0.5601953601953602,0.4073260073260073,0.33455433455433453,0.2463980463980464,0.20732600732600734,0.19316239316239317,0.671062271062271,0.3426129426129426,0.17216117216117216,0.11648351648351649,0.23125763125763127,0.15067155067155066,0.11965811965811966,0.43565323565323566,0.15848595848595848,0.3763125763125763,0.725030525030525,0.5313797313797314,0.26275946275946277,0.34383394383394383,0.19487179487179487,0.5726495726495726,0.15555555555555556,0.7225885225885226,0.5594627594627595,0.43833943833943834,0.44517704517704515,0.39829059829059826,0.17606837606837608,0.20122100122100123,0.5616605616605617,0.694993894993895,0.06617826617826618,0.42686202686202684,0.24297924297924298,0.1492063492063492,0.16678876678876678,0.17875457875457876,0.1452991452991453,0.19047619047619047,0.24932844932844933,0.19365079365079366,0.23247863247863249,0.14505494505494507,0.43907203907203907,0.30305250305250303,0.39902319902319905,0.15384615384615385,0.5172161172161173,0.4117216117216117,0.15604395604395604,0.11575091575091576,0.16166056166056167
0.15824175824175823,0.10476190476190476,0.4065934065934066,0.12161172161172161,0.4771672771672772,0.33577533577533575,0.15213675213675212,0.1115995115995116,0.12234432234432234,0.684981684981685,0.22246642246642245,0.1111111111111111,0.36996336996337,0.16507936507936508,0.18925518925518925,0.20366300366300366,0.10329670329670329,0.10818070818070818,0.05030525030525031,0.5318681318681319,0.3750915750915751,0.12234432234432234,0.38266178266178263,0.3181929181929182,0.621978021978022,0.14945054945054945,0.5584859584859585,0.4249084249084249,0.39194139194139194,0.2402930402930403,0.20732600732600734,0.22735042735042735,0.6673992673992674,0.37777777777777777,0.16654456654456654,0.11330891330891331,0.22564102564102564,0.1956043956043956,0.11648351648351649,0.421978021978022,0.15189255189255188,0.3665445665445665,0.7504273504273504,0.515018315018315,0.2564102564102564,0.3333333333333333,0.1894993894993895,0.5645909645909646,0.15042735042735042,0.726984126984127,0.5765567765567765,0.4249084249084249,0.42905982905982903,0.3873015873015873,0.17191697191697192,0.19829059829059828,0.5714285714285714,0.7081807081807082,0.06568986568986569,0.4148962148962149,0.23809523809523808,0.18461538461538463,0.16336996336996337,0.20463980463980463,0.14017094017094017,0.2021978021978022,0.24273504273504273,0.18632478632478633,0.2407814407814408,0.14383394383394382,0.43394383394383396,0.3387057387057387,0.38974358974358975,0.14725274725274726,0.5201465201465202,0.4,0.16874236874236875,0.11452991452991453,0.1824175824175824
0.15067155067155066,0.09963369963369964,0.39829059829059826,0.10598290598290598,0.47106227106227105,0.33015873015873015,0.14822954822954823,0.126007326007326,0.12087912087912088,0.6774114774114774,0.21465201465201464,0.11135531135531136,0.3606837606837607,0.16166056166056167,0.1824175824175824,0.19706959706959706,0.09865689865689865,0.1072039072039072,0.04932844932844933,0.5157509157509158,0.3614163614163614,0.11721611721611722,0.3711843711843712,0.34505494505494505,0.621978021978022,0.14627594627594628,0.5540903540903541,0.44126984126984126,0.44126984126984126,0.23394383394383395,0.210989010989011,0.2664224664224664,0.6605616605616605,0.41147741147741146,0.16117216117216118,0.1115995115995116,0.21953601953601953,0.2463980463980464,0.11306471306471307,0.40927960927960927,0.14652014652014653,0.35555555555555557,0.7733821733821734,0.49963369963369964,0.24957264957264957,0.32332112332112334,0.18461538461538463,0.5548229548229549,0.14407814407814407,0.7289377289377289,0.590964590964591,0.4126984126984127,0.41440781440781443,0.3755799755799756,0.1675213675213675,0.19511599511599512,0.5811965811965812,0.7181929181929182,0.06495726495726496,0.4039072039072039,0.23247863247863249,0.22735042735042735,0.1597069597069597,0.2354090354090354,0.13553113553113552,0.22002442002442002,0.2371184371184371,0.17924297924297924,0.252991452991453,0.14236874236874236,0.4261294261294261,0.37948717948717947,0.3807081807081807,0.14114774114774115,0.5213675213675214,0.3882783882783883,0.1873015873015873,0.11330891330891331,0.2105006105006105
0.14358974358974358,0.10158730158730159,0.39023199023199023,0.09865689865689865,0.46373626373626375,0.3252747252747253,0.14505494505494507,0.14652014652014653,0.11941391941391942,0.6681318681318681,0.2061050061050061,0.1111111111111111,0.35115995115995113,0.15775335775335775,0.17606837606837608,0.1907203907203907,0.09597069597069598,0.1054945054945055,0.05030525030525031,0.4993894993894994,0.34798534798534797,0.11257631257631258,0.35995115995115995,0.36678876678876676,0.6190476190476191,0.14334554334554334,0.5467643467643467,0.45567765567765567,0.484981684981685,0.22735042735042735,0.20903540903540904,0.30842490842490844,0.6507936507936508,0.44297924297924296,0.1562881562881563,0.11037851037851037,0.21294261294261294,0.3006105006105006,0.11013431013431013,0.39755799755799753,0.14212454212454212,0.3440781440781441,0.7936507936507936,0.4852258852258852,0.24297924297924298,0.31306471306471306,0.17997557997557997,0.5435897435897435,0.13724053724053725,0.7277167277167277,0.6031746031746031,0.400976800976801,0.40024420024420027,0.3648351648351648,0.16312576312576313,0.1921855921855922,0.5868131868131868,0.725030525030525,0.06568986568986569,0.3924297924297924,0.22686202686202686,0.27594627594627597,0.1562881562881563,0.2698412698412698,0.1308913308913309,0.2398046398046398,0.23076923076923078,0.17216117216117216,0.2695970695970696,0.1409035409035409,0.41782661782661784,0.42124542124542125,0.37142857142857144,0.13504273504273503,0.5203907203907204,0.37704517704517704,0.21245421245421245,0.11330891330891331,0.2442002442002442
0.13675213675213677,0.10744810744810745,0.3811965811965812,0.10012210012210013,0.4554334554334554,0.31965811965811963,0.14285714285714285,0.17313797313797313,0.11819291819291819,0.6564102564102564,0.19755799755799755,0.1111111111111111,0.3423687423687424,0.15286935286935288,0.16947496947496948,0.18583638583638584,0.09426129426129426,0.10329670329670329,0.05445665445665446,0.48376068376068376,0.3347985347985348,0.10818070818070818,0.35018315018315016,0.38534798534798537,0.6126984126984127,0.14017094017094017,0.5372405372405372,0.46642246642246643,0.5308913308913309,0.221001221001221,0.20488400488400488,0.3516483516483517,0.6385836385836385,0.47155067155067154,0.15286935286935288,0.10866910866910867,0.20634920634920634,0.3562881562881563,0.1076923076923077,0.38754578754578756,0.13675213675213677,0.33284493284493283,0.810989010989011,0.4713064713064713,0.23687423687423687,0.30305250305250303,0.17655677655677657,0.5299145299145299,0.13064713064713065,0.7233211233211233,0.6124542124542125,0.38974358974358975,0.3868131868131868,0.35433455433455435,0.15848595848595848,0.18925518925518925,0.589010989010989,0.7279609279609279,0.06666666666666667,0.38046398046398044,0.22148962148962148,0.3274725274725275,0.15286935286935288,0.30622710622710625,0.12796092796092795,0.26202686202686204,0.22417582417582418,0.16532356532356532,0.28962148962148965,0.13943833943833944,0.4087912087912088,0.46153846153846156,0.3623931623931624,0.12869352869352868,0.5172161172161173,0.3658119658119658,0.2437118437118437,0.1137973137973138,0.28156288156288156
0.13015873015873017,0.10866910866910867,0.3724053724053724,0.1076923076923077,0.44542124542124545,0.31355311355311355,0.1426129426129426,0.20537240537240536,0.11746031746031746,0.642979242979243,0.18925518925518925,0.1115995115995116,0.3333333333333333,0.14847374847374847,0.16312576312576313,0.18168498168498168,0.09157509157509157,0.10158730158730159,0.06227106227106227,0.4686202686202686,0.3221001221001221,0.10402930402930403,0.3413919413919414,0.40463980463980465,0.6036630036630036,0.13797313797313798,0.5257631257631258,0.4742368742368742,0.5758241758241758,0.21465201465201464,0.19975579975579977,0.39487179487179486,0.6234432234432234,0.49743589743589745,0.15042735042735042,0.10695970695970695,0.2,0.4117216117216117,0.10671550671550671,0.378021978021978,0.1308913308913309,0.32161172161172163,0.8251526251526251,0.45787545787545786,0.23076923076923078,0.294993894993895,0.17387057387057386,0.5145299145299145,0.12405372405372406,0.7155067155067155,0.6192918192918193,0.37924297924297923,0.37533577533577533,0.34456654456654456,0.15433455433455434,0.18608058608058609,0.588034188034188,0.7264957264957265,0.0673992673992674,0.36800976800976803,0.2170940170940171,0.38046398046398044,0.1496947496947497,0.34285714285714286,0.12576312576312576,0.2903540903540904,0.21733821733821734,0.15848595848595848,0.3125763125763126,0.1391941391941392,0.398046398046398,0.49914529914529915,0.3536019536019536,0.12283272283272283,0.5118437118437118,0.35482295482295484,0.27472527472527475,0.11306471306471307,0.3203907203907204
0.12380952380952381,0.1076923076923077,0.36336996336996336,0.1199023199023199,0.4341880341880342,0.3076923076923077,0.14505494505494507,0.24151404151404152,0.11819291819291819,0.6275946275946276,0.18144078144078143,0.1137973137973138,0.3247863247863248,0.1452991452991453,0.15824175824175823,0.1768009768009768,0.0884004884004884,0.10012210012210013,0.0757020757020757,0.45445665445665445,0.3098901098901099,0.10158730158730159,0.33186813186813185,0.42295482295482295,0.5914529914529915,0.13553113553113552,0.5137973137973137,0.48131868131868133,0.6175824175824176,0.20854700854700856,0.1943833943833944,0.43614163614163615,0.6065934065934065,0.5167277167277168,0.14676434676434677,0.10573870573870574,0.19316239316239317,0.46544566544566546,0.10598290598290598,0.3682539682539683,0.12503052503052503,0.3103785103785104,0.8363858363858364,0.4444444444444444,0.22417582417582418,0.28815628815628813,0.1706959706959707,0.49792429792429793,0.11746031746031746,0.705006105006105,0.6231990231990232,0.36923076923076925,0.36507936507936506,0.33528693528693526,0.15042735042735042,0.18315018315018314,0.5843711843711844,0.7216117216117216,0.06764346764346764,0.35555555555555557,0.21416361416361415,0.4324786324786325,0.147008547008547,0.38217338217338215,0.12258852258852258,0.3221001221001221,0.210989010989011,0.15213675213675212,0.3333333333333333,0.13943833943833944,0.38632478632478634,0.5330891330891331,0.34456654456654456,0.11697191697191697,0.504029304029304,0.34505494505494505,0.30622710622710625,0.11257631257631258,0.3592185592185592
0.11746031746031746,0.10573870573870574,0.3553113553113553,0.13528693528693528,0.4222222222222222,0.3018315018315018,0.15115995115995115,0.2810744810744811,0.12112332112332112,0.6107448107448108,0.17387057387057386,0.11868131868131868,0.31648351648351647,0.14212454212454212,0.15433455433455434,0.17191697191697192,0.0844932844932845,0.09987789987789988,0.0945054945054945,0.441025641025641,0.2976800976800977,0.10036630036630037,0.3221001221001221,0.4398046398046398,0.577045177045177,0.13406593406593406,0.5018315018315018,0.4869352869352869,0.654945054945055,0.2026862026862027,0.18876678876678876,0.4752136752136752,0.5882783882783883,0.5326007326007326,0.14334554334554334,0.10622710622710622,0.18632478632478633,0.5167277167277168,0.10476190476190476,0.35824175824175825,0.11892551892551892,0.2993894993894994,0.843956043956044,0.4312576312576313,0.2188034188034188,0.28156288156288156,0.16776556776556775,0.48083028083028084,0.11135531135531136,0.6915750915750916,0.6239316239316239,0.3601953601953602,0.3540903540903541,0.326007326007326,0.14627594627594628,0.18021978021978022,0.5782661782661783,0.7137973137973138,0.06813186813186813,0.34285714285714286,0.21294261294261294,0.48205128205128206,0.1443223443223443,0.4134310134310134,0.11941391941391942,0.3557997557997558,0.2043956043956044,0.1457875457875458,0.3536019536019536,0.1387057387057387,0.3738705738705739,0.5631257631257631,0.33577533577533575,0.11135531135531136,0.512087912087912,0.33601953601953605,0.3431013431013431,0.11306471306471307,0.3960927960927961
0.11184371184371185,0.10451770451770452,0.3474969474969475,0.15067155067155066,0.4105006105006105,0.295970695970696,0.1619047619047619,0.3225885225885226,0.12673992673992673,0.5936507936507937,0.16654456654456654,0.12844932844932844,0.30842490842490844,0.1391941391941392,0.1496947496947497,0.16678876678876678,0.08058608058608059,0.10256410256410256,0.11892551892551892,0.4278388278388278,0.2857142857142857,0.09865689865689865,0.3128205128205128,0.45445665445665445,0.5609279609279609,0.1343101343101343,0.4884004884004884,0.4905982905982906,0.6886446886446886,0.19706959706959706,0.18315018315018314,0.5108669108669108,0.5709401709401709,0.5482295482295483,0.13968253968253969,0.10989010989010989,0.1794871794871795,0.5645909645909646,0.10329670329670329,0.3482295482295482,0.11330891330891331,0.28888888888888886,0.8485958485958486,0.4175824175824176,0.21465201465201464,0.2754578754578755,0.1645909645909646,0.463980463980464,0.1054945054945055,0.6757020757020757,0.6217338217338217,0.3523809523809524,0.34285714285714286,0.3172161172161172,0.14236874236874236,0.17753357753357754,0.5697191697191697,0.7028083028083028,0.06862026862026863,0.3304029304029304,0.2144078144078144,0.5277167277167277,0.14188034188034188,0.43614163614163615,0.11575091575091576,0.38974358974358975,0.19829059829059828,0.1413919413919414,0.3755799755799756,0.13797313797313798,0.36166056166056165,0.5894993894993895,0.326984126984127,0.10598290598290598,0.5272283272283272,0.32625152625152626,0.3819291819291819,0.115995115995116,0.43003663003663006
0.10744810744810745,0.10354090354090355,0.33943833943833945,0.16263736263736264,0.3992673992673993,0.2903540903540904,0.17753357753357754,0.3641025641025641,0.13553113553113552,0.5768009768009768,0.1597069597069597,0.1443223443223443,0.30036630036630035,0.13724053724053725,0.1443223443223443,0.1619047619047619,0.07667887667887668,0.10891330891330891,0.14847374847374847,0.41562881562881565,0.2754578754578755,0.09645909645909646,0.3032967032967033,0.4673992673992674,0.5452991452991452,0.13675213675213677,0.47448107448107446,0.4918192918192918,0.7184371184371184,0.1916971916971917,0.17753357753357754,0.5396825396825397,0.5540903540903541,0.5626373626373626,0.1365079365079365,0.11746031746031746,0.17338217338217338,0.609035409035409,0.10183150183150183,0.33821733821733824,0.10818070818070818,0.2788766788766789,0.8490842490842491,0.4056166056166056,0.20976800976800977,0.2568986568986569,0.16166056166056167,0.44761904761904764,0.10012210012210013,0.6583638583638584,0.6163614163614164,0.3435897435897436,0.33186813186813185,0.30842490842490844,0.1387057387057387,0.17606837606837608,0.5584859584859585,0.6893772893772894,0.06862026862026863,0.3184371184371184,0.2188034188034188,0.5692307692307692,0.14017094017094017,0.4603174603174603,0.11233211233211234,0.4227106227106227,0.1921855921855922,0.13797313797313798,0.3978021978021978,0.136996336996337,0.3499389499389499,0.611965811965812,0.3181929181929182,0.1010989010989011,0.5264957264957265,0.315995115995116,0.4202686202686203,0.12307692307692308,0.46007326007326005
0.10573870573870574,0.10158730158730159,0.3304029304029304,0.17045177045177046,0.3882783882783883,0.28498168498168497,0.19829059829059828,0.4,0.14945054945054945,0.5601953601953602,0.15286935286935288,0.16800976800976802,0.29352869352869354,0.13553113553113552,0.1391941391941392,0.15702075702075702,0.07301587301587302,0.12087912087912088,0.18217338217338216,0.4048840048840049,0.26666666666666666,0.09426129426129426,0.2937728937728938,0.47863247863247865,0.5294261294261294,0.14114774114774115,0.4608058608058608,0.48986568986568985,0.7445665445665446,0.18632478632478633,0.17216117216117216,0.5631257631257631,0.5362637362637362,0.575091575091575,0.1330891330891331,0.13064713064713065,0.1675213675213675,0.6500610500610501,0.10036630036630037,0.3282051282051282,0.1028083028083028,0.2691086691086691,0.8456654456654457,0.39438339438339437,0.2043956043956044,0.23394383394383395,0.15824175824175823,0.431990231990232,0.09499389499389499,0.6407814407814408,0.609035409035409,0.33406593406593404,0.32063492063492066,0.2993894993894994,0.1365079365079365,0.17533577533577532,0.5448107448107448,0.6725274725274726,0.06862026862026863,0.30622710622710625,0.22612942612942613,0.600976800976801,0.13943833943833944,0.4835164835164835,0.10891330891330891,0.45323565323565324,0.18656898656898657,0.1330891330891331,0.41904761904761906,0.1365079365079365,0.3387057387057387,0.6307692307692307,0.30915750915750917,0.09768009768009768,0.5162393162393163,0.30573870573870576,0.4559218559218559,0.13675213675213677,0.4862026862026862
0.1072039072039072,0.09914529914529914,0.32161172161172163,0.17362637362637362,0.378021978021978,0.2796092796092796,0.22393162393162394,0.4315018315018315,0.16874236874236875,0.5443223443223443,0.14652014652014653,0.2,0.2874236874236874,0.13357753357753357,0.13382173382173382,0.1523809523809524,0.07912087912087912,0.13846153846153847,0.21782661782661783,0.3951159951159951,0.2568986568986569,0.09181929181929183,0.2847374847374847,0.4879120879120879,0.5125763125763125,0.1492063492063492,0.44713064713064715,0.48547008547008547,0.7670329670329671,0.18095238095238095,0.16825396825396827,0.5873015873015873,0.5186813186813187,0.5855921855921856,0.12991452991452992,0.1492063492063492,0.1619047619047619,0.6822954822954823,0.0989010989010989,0.3181929181929182,0.09816849816849817,0.2595848595848596,0.8383394383394384,0.38217338217338215,0.199023199023199,0.22515262515262516,0.15531135531135531,0.4175824175824176,0.09010989010989011,0.6234432234432234,0.599023199023199,0.3242979242979243,0.3094017094017094,0.2905982905982906,0.13504273504273503,0.17435897435897435,0.528937728937729,0.6532356532356532,0.06862026862026863,0.2945054945054945,0.23663003663003662,0.6266178266178266,0.13821733821733823,0.5035409035409035,0.10573870573870574,0.4810744810744811,0.18095238095238095,0.12844932844932844,0.43833943833943834,0.13577533577533576,0.32844932844932845,0.6463980463980464,0.30158730158730157,0.09548229548229548,0.5006105006105006,0.29572649572649573,0.4879120879120879,0.15824175824175823,0.5081807081807082
0.1115995115995116,0.09768009768009768,0.31306471306471306,0.17362637362637362,0.3682539682539683,0.2744810744810745,0.24932844932844933,0.4656898656898657,0.19365079365079366,0.5286935286935287,0.14065934065934066,0.2336996336996337,0.28034188034188035,0.1308913308913309,0.1291819291819292,0.14822954822954823,0.0905982905982906,0.16263736263736264,0.25006105006105006,0.38461538461538464,0.2468864468864469,0.08937728937728938,0.27594627594627597,0.494993894993895,0.49523809523809526,0.16166056166056167,0.4341880341880342,0.4783882783882784,0.7858363858363858,0.17606837606837608,0.16532356532356532,0.6102564102564103,0.5010989010989011,0.5936507936507937,0.12673992673992673,0.17387057387057386,0.15653235653235653,0.708913308913309,0.09743589743589744,0.3076923076923077,0.09328449328449329,0.2507936507936508,0.8290598290598291,0.36971916971916974,0.19365079365079366,0.2253968253968254,0.15335775335775337,0.4039072039072039,0.08522588522588523,0.6051282051282051,0.5865689865689866,0.3145299145299145,0.29865689865689865,0.28327228327228327,0.1326007326007326,0.17264957264957265,0.5115995115995116,0.6322344322344322,0.06862026862026863,0.28253968253968254,0.24786324786324787,0.6525030525030525,0.13675213675213677,0.5203907203907204,0.1028083028083028,0.505982905982906,0.17582417582417584,0.12380952380952381,0.4554334554334554,0.13553113553113552,0.3189255189255189,0.6590964590964591,0.2945054945054945,0.09206349206349207,0.4822954822954823,0.2857142857142857,0.5152625152625152,0.18876678876678876,0.5264957264957265
0.1203907203907204,0.09743589743589744,0.3045177045177045,0.17167277167277167,0.3592185592185592,0.2691086691086691,0.27521367521367524,0.49963369963369964,0.22417582417582418,0.5135531135531135,0.13675213675213677,0.2703296703296703,0.27326007326007323,0.12844932844932844,0.12454212454212454,0.14407814407814407,0.09572649572649573,0.18876678876678876,0.2800976800976801,0.37362637362637363,0.23736263736263735,0.08742368742368742,0.2673992673992674,0.5001221001221001,0.47814407814407817,0.178998778998779,0.4214896214896215,0.4691086691086691,0.8017094017094017,0.1724053724053724,0.1619047619047619,0.631013431013431,0.484981684981685,0.5992673992673992,0.12380952380952381,0.2043956043956044,0.15262515262515264,0.7365079365079366,0.09597069597069598,0.29743589743589743,0.08888888888888889,0.2437118437118437,0.8163614163614163,0.3572649572649573,0.18876678876678876,0.2315018315018315,0.15262515262515264,0.3912087912087912,0.08205128205128205,0.5865689865689866,0.5714285714285714,0.3047619047619048,0.28766788766788765,0.2766788766788767,0.12991452991452992,0.17094017094017094,0.4927960927960928,0.610989010989011,0.06862026862026863,0.2713064713064713,0.25982905982905985,0.675946275946276,0.13504273504273503,0.5340659340659341,0.09987789987789988,0.5274725274725275,0.17045177045177046,0.11941391941391942,0.47057387057387057,0.13504273504273503,0.31013431013431014,0.6671550671550671,0.2862026862026862,0.08864468864468865,0.4634920634920635,0.2754578754578755,0.5382173382173382,0.2275946275946276,0.5389499389499389
0.1347985347985348,0.09987789987789988,0.29572649572649573,0.16825396825396827,0.35018315018315016,0.2647130647130647,0.305982905982906,0.5326007326007326,0.2583638583638584,0.49914529914529915,0.13382173382173382,0.31575091575091574,0.2664224664224664,0.12698412698412698,0.12014652014652015,0.14017094017094017,0.0971916971916972,0.2175824175824176,0.3120879120879121,0.3626373626373626,0.22808302808302808,0.08644688644688645,0.25860805860805863,0.5025641025641026,0.46153846153846156,0.20146520146520147,0.40927960927960927,0.45738705738705737,0.8114774114774115,0.16971916971916973,0.15775335775335775,0.6498168498168498,0.46935286935286935,0.6021978021978022,0.12087912087912088,0.2341880341880342,0.1496947496947497,0.7631257631257631,0.09474969474969475,0.2874236874236874,0.08473748473748474,0.23785103785103784,0.800976800976801,0.34456654456654456,0.1838827838827839,0.24224664224664225,0.1540903540903541,0.3807081807081807,0.07936507936507936,0.568009768009768,0.5548229548229549,0.29523809523809524,0.2774114774114774,0.2698412698412698,0.12722832722832722,0.16923076923076924,0.4735042735042735,0.5894993894993895,0.06886446886446887,0.2622710622710623,0.274969474969475,0.6967032967032967,0.13284493284493284,0.5443223443223443,0.0971916971916972,0.5457875457875457,0.1663003663003663,0.11477411477411477,0.4832722832722833,0.1347985347985348,0.3018315018315018,0.6717948717948717,0.27765567765567767,0.08473748473748474,0.4444444444444444,0.2656898656898657,0.5557997557997558,0.2744810744810745,0.5474969474969476
0.1540903540903541,0.10622710622710622,0.28669108669108667,0.1645909645909646,0.34163614163614164,0.2608058608058608,0.33894993894993897,0.5636141636141636,0.294993894993895,0.4862026862026862,0.12942612942612944,0.3665445665445665,0.2595848595848596,0.12551892551892552,0.115995115995116,0.13675213675213677,0.09841269841269841,0.2537240537240537,0.3440781440781441,0.3514041514041514,0.21904761904761905,0.08766788766788766,0.25054945054945055,0.503052503052503,0.4456654456654457,0.22857142857142856,0.3978021978021978,0.4444444444444444,0.8170940170940171,0.16654456654456654,0.15335775335775337,0.6656898656898657,0.4542124542124542,0.6024420024420024,0.11819291819291819,0.263980463980464,0.1457875457875458,0.787057387057387,0.09426129426129426,0.27765567765567767,0.0822954822954823,0.23101343101343103,0.7826617826617827,0.33235653235653234,0.17924297924297924,0.25567765567765566,0.15824175824175823,0.3711843711843712,0.07594627594627594,0.5496947496947497,0.536996336996337,0.28595848595848594,0.2673992673992674,0.26275946275946277,0.12454212454212454,0.16727716727716727,0.45445665445665445,0.5684981684981685,0.07008547008547009,0.25396825396825395,0.2915750915750916,0.7142857142857143,0.1308913308913309,0.5514041514041514,0.0945054945054945,0.5587301587301587,0.16263736263736264,0.11037851037851037,0.49352869352869355,0.13406593406593406,0.2945054945054945,0.6757020757020757,0.26886446886446885,0.08131868131868132,0.4261294261294261,0.25616605616605614,0.5684981684981685,0.326007326007326,0.5555555555555556
0.17875457875457876,0.11721611721611722,0.2778998778998779,0.1597069597069597,0.3343101343101343,0.2564102564102564,0.37264957264957266,0.5924297924297924,0.33284493284493283,0.473992673992674,0.12503052503052503,0.4192918192918193,0.252991452991453,0.12380952380952381,0.11233211233211234,0.13382173382173382,0.09914529914529914,0.29426129426129427,0.3741147741147741,0.3404151404151404,0.2105006105006105,0.09255189255189256,0.24224664224664225,0.5008547008547009,0.43052503052503055,0.2595848595848596,0.3865689865689866,0.43052503052503055,0.8222222222222222,0.16385836385836386,0.1492063492063492,0.6793650793650794,0.44004884004884004,0.6,0.11550671550671551,0.29865689865689865,0.14188034188034188,0.8078144078144078,0.0945054945054945,0.2695970695970696,0.08180708180708181,0.22393162393162394,0.7619047619047619,0.3201465201465201,0.17484737484737484,0.2708180708180708,0.16483516483516483,0.3609279609279609,0.07179487179487179,0.5321123321123321,0.5186813186813187,0.27692307692307694,0.2578754578754579,0.25567765567765566,0.12161172161172161,0.16532356532356532,0.43614163614163615,0.5484737484737485,0.07179487179487179,0.24493284493284492,0.30842490842490844,0.7291819291819291,0.1291819291819292,0.5548229548229549,0.09181929181929183,0.5684981684981685,0.15848595848595848,0.10598290598290598,0.5018315018315018,0.13382173382173382,0.28815628815628813,0.6774114774114774,0.2600732600732601,0.07765567765567766,0.40927960927960927,0.2468864468864469,0.577045177045177,0.3728937728937729,0.5619047619047619
0.20732600732600734,0.13357753357753357,0.26935286935286934,0.15433455433455434,0.3274725274725275,0.25225885225885225,0.4061050061050061,0.6188034188034188,0.37094017094017095,0.4612942612942613,0.1203907203907204,0.472039072039072,0.24664224664224665,0.12258852258852258,0.10866910866910867,0.13211233211233211,0.09914529914529914,0.33650793650793653,0.40195360195360197,0.3299145299145299,0.2021978021978022,0.1028083028083028,0.2354090354090354,0.49694749694749696,0.4163614163614164,0.29255189255189257,0.3755799755799756,0.41782661782661784,0.8253968253968254,0.16312576312576313,0.1452991452991453,0.6898656898656899,0.4261294261294261,0.5953601953601954,0.11428571428571428,0.3347985347985348,0.13797313797313798,0.8251526251526251,0.09645909645909646,0.2625152625152625,0.08205128205128205,0.21684981684981686,0.7394383394383395,0.3086691086691087,0.1706959706959707,0.28669108669108667,0.1746031746031746,0.35067155067155065,0.06764346764346764,0.5157509157509158,0.5003663003663004,0.26837606837606837,0.2485958485958486,0.2490842490842491,0.11868131868131868,0.16361416361416362,0.4188034188034188,0.5308913308913309,0.07252747252747253,0.23565323565323565,0.34285714285714286,0.7404151404151404,0.12722832722832722,0.5553113553113553,0.09084249084249084,0.5772893772893772,0.15384615384615385,0.10183150183150183,0.5079365079365079,0.1347985347985348,0.2822954822954823,0.6771672771672772,0.252014652014652,0.07423687423687424,0.39365079365079364,0.23785103785103784,0.580952380952381,0.4170940170940171,0.5665445665445665
0.23882783882783884,0.15531135531135531,0.26105006105006107,0.14993894993894993,0.3201465201465201,0.24810744810744811,0.4388278388278388,0.6422466422466423,0.40805860805860805,0.44835164835164837,0.11672771672771673,0.5223443223443224,0.2402930402930403,0.12161172161172161,0.10671550671550671,0.13064713064713065,0.09865689865689865,0.37924297924297923,0.4271062271062271,0.31965811965811963,0.19462759462759463,0.11672771672771673,0.22905982905982905,0.4913308913308913,0.4031746031746032,0.32673992673992674,0.3648351648351648,0.40586080586080586,0.8256410256410256,0.16483516483516483,0.1426129426129426,0.6979242979242979,0.4129426129426129,0.5882783882783883,0.1137973137973138,0.37094017094017095,0.13406593406593406,0.8393162393162393,0.10036630036630037,0.25445665445665444,0.08498168498168499,0.21001221001221002,0.7164835164835165,0.29743589743589743,0.16654456654456654,0.30085470085470084,0.18876678876678876,0.33992673992673994,0.06373626373626373,0.4993894993894994,0.48253968253968255,0.2600732600732601,0.24102564102564103,0.2424908424908425,0.115995115995116,0.16214896214896216,0.40293040293040294,0.515018315018315,0.07301587301587302,0.22686202686202686,0.3865689865689866,0.7487179487179487,0.126007326007326,0.5526251526251527,0.09035409035409035,0.5843711843711844,0.14847374847374847,0.09816849816849817,0.5118437118437118,0.13577533577533576,0.27594627594627597,0.673992673992674,0.24395604395604395,0.07081807081807082,0.37924297924297923,0.22905982905982905,0.5807081807081808,0.4652014652014652,0.5684981684981685
0.272039072039072,0.18217338217338216,0.2542124542124542,0.14627594627594628,0.3128205128205128,0.24395604395604395,0.46984126984126984,0.6634920634920635,0.44346764346764345,0.4354090354090354,0.11428571428571428,0.5702075702075702,0.23443223443223443,0.1203907203907204,0.1054945054945055,0.12869352869352868,0.09768009768009768,0.42075702075702076,0.4490842490842491,0.3094017094017094,0.18852258852258852,0.13553113553113552,0.22246642246642245,0.48376068376068376,0.3904761904761905,0.3601953601953602,0.3553113553113553,0.39316239316239315,0.8224664224664224,0.1706959706959707,0.14188034188034188,0.7006105006105006,0.40024420024420027,0.5797313797313798,0.11184371184371185,0.40512820512820513,0.13015873015873017,0.8495726495726496,0.10695970695970695,0.24664224664224665,0.09181929181929183,0.20341880341880342,0.6935286935286935,0.28669108669108667,0.16385836385836386,0.31355311355311355,0.20732600732600734,0.32967032967032966,0.060073260073260075,0.48376068376068376,0.46544566544566546,0.25347985347985347,0.23443223443223443,0.23614163614163614,0.11428571428571428,0.1606837606837607,0.3894993894993895,0.49914529914529915,0.07326007326007326,0.21782661782661783,0.4166056166056166,0.7536019536019536,0.12551892551892552,0.5470085470085471,0.08888888888888889,0.5892551892551893,0.14358974358974358,0.0945054945054945,0.513064713064713,0.1365079365079365,0.2691086691086691,0.6676434676434676,0.23663003663003662,0.06788766788766788,0.3658119658119658,0.22197802197802197,0.5777777777777777,0.513064713064713,0.5684981684981685
0.3052503052503053,0.21318681318681318,0.24810744810744811,0.14114774114774115,0.30573870573870576,0.23956043956043957,0.4984126984126984,0.6818070818070818,0.47692307692307695,0.42173382173382173,0.11477411477411477,0.6144078144078144,0.2288156288156288,0.1199023199023199,0.10305250305250305,0.12673992673992673,0.09694749694749695,0.46007326007326005,0.4686202686202686,0.29987789987789987,0.1838827838827839,0.16312576312576313,0.21562881562881564,0.473992673992674,0.378021978021978,0.389010989010989,0.3465201465201465,0.38046398046398044,0.8156288156288156,0.18217338217338216,0.14407814407814407,0.6986568986568986,0.38925518925518926,0.5697191697191697,0.10989010989010989,0.4368742368742369,0.12673992673992673,0.8559218559218559,0.11697191697191697,0.23833943833943835,0.10402930402930403,0.19755799755799755,0.6708180708180708,0.27643467643467645,0.1619047619047619,0.326984126984127,0.22979242979242978,0.3189255189255189,0.056654456654456654,0.4691086691086691,0.4495726495726496,0.24713064713064714,0.22686202686202686,0.23003663003663002,0.1137973137973138,0.15946275946275945,0.37826617826617825,0.48376068376068376,0.07423687423687424,0.20927960927960929,0.4388278388278388,0.7557997557997558,0.1264957264957265,0.5389499389499389,0.08693528693528693,0.5914529914529915,0.13846153846153847,0.09206349206349207,0.512087912087912,0.13675213675213677,0.26202686202686204,0.6586080586080586,0.22905982905982905,0.0652014652014652,0.3550671550671551,0.21611721611721613,0.5721611721611721,0.557997557997558,0.5665445665445665
0.33821733821733824,0.2424908424908425,0.23736263736263735,0.1365079365079365,0.2989010989010989,0.23516483516483516,0.5247863247863248,0.6969474969474969,0.5035409035409035,0.40805860805860805,0.11941391941391942,0.6542124542124542,0.22393162393162394,0.1199023199023199,0.1010989010989011,0.1242979242979243,0.09621489621489622,0.49645909645909647,0.48547008547008547,0.29010989010989013,0.18217338217338216,0.19853479853479852,0.2087912087912088,0.463003663003663,0.3658119658119658,0.4141636141636142,0.336996336996337,0.36800976800976803,0.8056166056166056,0.19975579975579977,0.1509157509157509,0.6954822954822955,0.378998778998779,0.5575091575091575,0.1076923076923077,0.46544566544566546,0.12356532356532357,0.8581196581196581,0.13137973137973138,0.23003663003663002,0.12161172161172161,0.1916971916971917,0.6485958485958486,0.2681318681318681,0.15897435897435896,0.33894993894993897,0.25518925518925517,0.30793650793650795,0.05372405372405373,0.45445665445665445,0.4358974358974359,0.2402930402930403,0.2188034188034188,0.22417582417582418,0.11575091575091576,0.1592185592185592,0.367032967032967,0.4683760683760684,0.07643467643467644,0.20122100122100123,0.45567765567765567,0.7545787545787546,0.12869352869352868,0.5291819291819292,0.08473748473748474,0.590964590964591,0.13357753357753357,0.0905982905982906,0.5101343101343101,0.136996336996337,0.25445665445665444,0.6468864468864469,0.22197802197802197,0.06349206349206349,0.3452991452991453,0.20976800976800977,0.5638583638583639,0.5985347985347985,0.5623931623931624
0.3663003663003663,0.27106227106227104,0.22417582417582418,0.13235653235653236,0.2920634920634921,0.23076923076923078,0.5484737484737485,0.7064713064713065,0.526007326007326,0.39438339438339437,0.1291819291819292,0.6905982905982906,0.21953601953601953,0.11965811965811966,0.09987789987789988,0.12185592185592185,0.09572649572649573,0.5294261294261294,0.5001221001221001,0.2805860805860806,0.18315018315018314,0.24004884004884006,0.20195360195360196,0.45103785103785105,0.35555555555555557,0.4402930402930403,0.32722832722832723,0.35653235653235654,0.7924297924297924,0.22344322344322345,0.16312576312576313,0.6901098901098901,0.3677655677655678,0.5443223443223443,0.10573870573870574,0.4913308913308913,0.12014652014652015,0.8561660561660561,0.15067155067155066,0.22173382173382172,0.14505494505494507,0.18608058608058609,0.6271062271062271,0.2608058608058608,0.15604395604395604,0.34945054945054943,0.283028083028083,0.2971916971916972,0.05103785103785104,0.44004884004884004,0.4236874236874237,0.23296703296703297,0.210989010989011,0.2188034188034188,0.12234432234432234,0.1592185592185592,0.3562881562881563,0.45323565323565324,0.0822954822954823,0.19316239316239317,0.4683760683760684,0.7504273504273504,0.13357753357753357,0.513064713064713,0.0822954822954823,0.5877899877899878,0.12869352869352868,0.0884004884004884,0.505982905982906,0.13724053724053725,0.2468864468864469,0.6322344322344322,0.21562881562881564,0.06398046398046398,0.3347985347985348,0.20293040293040293,0.5528693528693529,0.6346764346764346,0.5557997557997558
0.39096459096459096,0.3035409035409035,0.21294261294261294,0.12942612942612944,0.2857142857142857,0.22612942612942613,0.5697191697191697,0.7113553113553114,0.54993894993895,0.38046398046398044,0.14505494505494507,0.7230769230769231,0.21636141636141637,0.11868131868131868,0.10134310134310134,0.11965811965811966,0.09499389499389499,0.5597069597069597,0.5118437118437118,0.2725274725274725,0.1873015873015873,0.2862026862026862,0.19511599511599512,0.43785103785103785,0.3457875457875458,0.46642246642246643,0.3177045177045177,0.3457875457875458,0.7760683760683761,0.25347985347985347,0.17802197802197803,0.6825396825396826,0.3562881562881563,0.5301587301587302,0.10427350427350428,0.5145299145299145,0.11697191697191697,0.85006105006105,0.17435897435897435,0.21416361416361415,0.17338217338217338,0.1807081807081807,0.608058608058608,0.25274725274725274,0.15262515262515264,0.35775335775335776,0.31184371184371185,0.2862026862026862,0.04884004884004884,0.42735042735042733,0.41147741147741146,0.2253968253968254,0.20293040293040293,0.21416361416361415,0.13235653235653236,0.15897435897435896,0.3452991452991453,0.4388278388278388,0.09328449328449329,0.18608058608058609,0.4778998778998779,0.7431013431013431,0.14114774114774115,0.49694749694749696,0.0800976800976801,0.5814407814407815,0.1242979242979243,0.08595848595848596,0.5001221001221001,0.13724053724053725,0.23882783882783884,0.6158730158730159,0.20903540903540904,0.06764346764346764,0.32454212454212455,0.1960927960927961,0.5399267399267399,0.6659340659340659,0.5474969474969476
0.4170940170940171,0.33724053724053726,0.20341880341880342,0.12698412698412698,0.27936507936507937,0.22173382173382172,0.5858363858363859,0.7155067155067155,0.5731379731379731,0.3665445665445665,0.16727716727716727,0.7477411477411477,0.2148962148962149,0.11843711843711843,0.10622710622710622,0.11721611721611722,0.09474969474969475,0.5865689865689866,0.5199023199023199,0.26544566544566545,0.19584859584859585,0.33455433455433453,0.189010989010989,0.4249084249084249,0.33528693528693526,0.4905982905982906,0.30793650793650795,0.33577533577533575,0.7572649572649572,0.28815628815628813,0.1973137973137973,0.6727716727716728,0.34456654456654456,0.5152625152625152,0.10329670329670329,0.535042735042735,0.11404151404151404,0.8400488400488401,0.20146520146520147,0.20634920634920634,0.2061050061050061,0.17582417582417584,0.590964590964591,0.24493284493284492,0.14945054945054945,0.36385836385836384,0.3404151404151404,0.27521367521367524,0.04664224664224664,0.41562881562881565,0.3992673992673993,0.21782661782661783,0.19511599511599512,0.21001221001221002,0.147008547008547,0.157997557997558,0.3347985347985348,0.4244200244200244,0.1111111111111111,0.17997557997557997,0.484004884004884,0.733089133089133,0.15262515262515264,0.4852258852258852,0.07765567765567766,0.5724053724053724,0.12014652014652015,0.08351648351648351,0.49206349206349204,0.13724053724053725,0.23101343101343103,0.5978021978021978,0.2043956043956044,0.07423687423687424,0.3142857142857143,0.1894993894993895,0.5252747252747253,0.6927960927960928,0.5372405372405372
0.4427350427350427,0.37094017094017095,0.19511599511599512,0.12503052503052503,0.27350427350427353,0.21733821733821734,0.598046398046398,0.716971916971917,0.5953601953601954,0.35262515262515265,0.19584859584859585,0.7672771672771673,0.21465201465201464,0.11868131868131868,0.115995115995116,0.11477411477411477,0.09426129426129426,0.6102564102564103,0.5245421245421246,0.2571428571428571,0.20903540903540904,0.3831501831501832,0.1829059829059829,0.41196581196581195,0.3242979242979243,0.5123321123321123,0.29816849816849816,0.32625152625152626,0.7365079365079366,0.32112332112332115,0.2231990231990232,0.6605616605616605,0.33284493284493283,0.5008547008547009,0.10402930402930403,0.5531135531135531,0.11233211233211234,0.8273504273504273,0.23101343101343103,0.199023199023199,0.24126984126984127,0.17216117216117216,0.5736263736263736,0.23687423687423687,0.14652014652014653,0.3672771672771673,0.3682539682539683,0.26495726495726496,0.046153846153846156,0.40293040293040294,0.3873015873015873,0.210989010989011,0.18754578754578755,0.20757020757020758,0.16947496947496948,0.15677655677655677,0.32454212454212455,0.41025641025641024,0.13675213675213677,0.17533577533577532,0.4869352869352869,0.7208791208791209,0.16800976800976802,0.47106227106227105,0.0757020757020757,0.5604395604395604,0.115995115995116,0.08131868131868132,0.48205128205128206,0.13724053724053725,0.22344322344322345,0.5802197802197803,0.2004884004884005,0.08595848595848596,0.3035409035409035,0.17484737484737484,0.5096459096459096,0.7155067155067155,0.5262515262515263
0.4669108669108669,0.40366300366300367,0.1877899877899878,0.12283272283272283,0.26837606837606837,0.21318681318681318,0.6102564102564103,0.7155067155067155,0.6158730158730159,0.33894993894993897,0.22515262515262516,0.788034188034188,0.21684981684981686,0.11965811965811966,0.13235653235653236,0.11306471306471307,0.09401709401709402,0.6275946275946276,0.5284493284493285,0.2490842490842491,0.22735042735042735,0.43003663003663006,0.1772893772893773,0.39951159951159954,0.3133089133089133,0.5321123321123321,0.28888888888888886,0.3172161172161172,0.715018315018315,0.3528693528693529,0.25518925518925517,0.6461538461538462,0.32063492063492066,0.4869352869352869,0.1072039072039072,0.5684981684981685,0.1111111111111111,0.8114774114774115,0.2617826617826618,0.1916971916971917,0.2774114774114774,0.16923076923076924,0.5560439560439561,0.22954822954822954,0.14383394383394382,0.3682539682539683,0.3938949938949939,0.25445665445665444,0.0463980463980464,0.38974358974358975,0.3750915750915751,0.2043956043956044,0.18021978021978022,0.20634920634920634,0.19926739926739928,0.15604395604395604,0.3142857142857143,0.3960927960927961,0.17045177045177046,0.17338217338217338,0.4874236874236874,0.7067155067155068,0.1873015873015873,0.4559218559218559,0.07326007326007326,0.5462759462759462,0.11330891330891331,0.07887667887667887,0.4700854700854701,0.13797313797313798,0.21636141636141637,0.5636141636141636,0.1960927960927961,0.10402930402930403,0.2932844932844933,0.1562881562881563,0.4937728937728938,0.7347985347985349,0.5145299145299145
0.48937728937728936,0.43492063492063493,0.1807081807081807,0.12087912087912088,0.26422466422466423,0.2105006105006105,0.6207570207570208,0.7106227106227107,0.6344322344322344,0.32576312576312577,0.25616605616605614,0.8073260073260073,0.22197802197802197,0.12283272283272283,0.15555555555555556,0.11135531135531136,0.09401709401709402,0.6407814407814408,0.5301587301587302,0.2402930402930403,0.25006105006105006,0.4742368742368742,0.17167277167277167,0.3877899877899878,0.3023199023199023,0.5496947496947497,0.27936507936507937,0.30842490842490844,0.6945054945054945,0.389010989010989,0.2910866910866911,0.6293040293040293,0.30842490842490844,0.47374847374847373,0.11404151404151404,0.5794871794871795,0.10891330891330891,0.7931623931623931,0.29304029304029305,0.18437118437118438,0.3086691086691087,0.16532356532356532,0.5389499389499389,0.22246642246642245,0.14114774114774115,0.3665445665445665,0.4073260073260073,0.2459096459096459,0.04542124542124542,0.37655677655677655,0.36288156288156287,0.19829059829059828,0.17338217338217338,0.20586080586080585,0.2358974358974359,0.15506715506715507,0.30378510378510376,0.3819291819291819,0.21172161172161172,0.17435897435897435,0.48547008547008547,0.6908424908424908,0.20927960927960929,0.441025641025641,0.07106227106227106,0.5301587301587302,0.1115995115995116,0.07643467643467644,0.4568986568986569,0.13992673992673993,0.20976800976800977,0.5455433455433455,0.1916971916971917,0.12942612942612944,0.283028083028083,0.14481074481074482,0.4778998778998779,0.7506715506715507,0.5015873015873016
0.5101343101343101,0.4644688644688645,0.17435897435897435,0.11941391941391942,0.26202686202686204,0.2087912087912088,0.6288156288156288,0.702075702075702,0.6505494505494506,0.3145299145299145,0.29304029304029305,0.8249084249084249,0.23101343101343103,0.12869352869352868,0.18632478632478633,0.10915750915750916,0.09474969474969475,0.653968253968254,0.5294261294261294,0.2315018315018315,0.2847374847374847,0.515018315018315,0.1663003663003663,0.3775335775335775,0.2915750915750916,0.5645909645909646,0.2703296703296703,0.29987789987789987,0.6752136752136753,0.42637362637362636,0.3291819291819292,0.610989010989011,0.2962148962148962,0.4612942612942613,0.12551892551892552,0.5873015873015873,0.10622710622710622,0.7724053724053724,0.3235653235653236,0.1772893772893773,0.3367521367521368,0.16166056166056167,0.5218559218559219,0.21587301587301588,0.13846153846153847,0.36214896214896214,0.4122100122100122,0.2385836385836386,0.0442002442002442,0.3636141636141636,0.35115995115995113,0.19194139194139195,0.16678876678876678,0.2061050061050061,0.27765567765567767,0.1540903540903541,0.2932844932844933,0.3677655677655678,0.25225885225885225,0.17777777777777778,0.4818070818070818,0.6732600732600733,0.23394383394383395,0.42637362637362636,0.06935286935286936,0.5145299145299145,0.10964590964590964,0.07423687423687424,0.4424908424908425,0.14554334554334555,0.2043956043956044,0.5277167277167277,0.18754578754578755,0.1623931623931624,0.2725274725274725,0.136996336996337,0.4627594627594628,0.7606837606837606,0.4879120879120879
0.5286935286935287,0.49230769230769234,0.16776556776556775,0.11892551892551892,0.2617826617826618,0.20732600732600734,0.6341880341880342,0.6901098901098901,0.6647130647130647,0.3047619047619048,0.33308913308913307,0.8400488400488401,0.2437118437118437,0.13821733821733823,0.2231990231990232,0.10842490842490843,0.09597069597069598,0.6656898656898657,0.5262515262515263,0.22295482295482297,0.31746031746031744,0.5523809523809524,0.1623931623931624,0.36800976800976803,0.2805860805860806,0.5777777777777777,0.2617826617826618,0.2923076923076923,0.654945054945055,0.463003663003663,0.3682539682539683,0.5914529914529915,0.2844932844932845,0.45006105006105007,0.13992673992673993,0.5956043956043956,0.10354090354090355,0.7499389499389499,0.3528693528693529,0.17191697191697192,0.3663003663003663,0.1575091575091575,0.505006105006105,0.20927960927960929,0.13626373626373625,0.35555555555555557,0.42002442002442003,0.23076923076923078,0.04322344322344322,0.3509157509157509,0.3396825396825397,0.18608058608058609,0.1606837606837607,0.20732600732600734,0.3221001221001221,0.15384615384615385,0.28253968253968254,0.3553113553113553,0.29304029304029305,0.18583638583638584,0.4752136752136752,0.6547008547008547,0.25982905982905985,0.4126984126984127,0.06935286935286936,0.49914529914529915,0.10695970695970695,0.07203907203907203,0.4275946275946276,0.15677655677655677,0.19975579975579977,0.5106227106227106,0.18363858363858365,0.2021978021978022,0.2622710622710623,0.13113553113553114,0.4485958485958486,0.7667887667887668,0.473992673992674
0.5452991452991452,0.517948717948718,0.16214896214896216,0.12136752136752137,0.26373626373626374,0.20732600732600734,0.6361416361416361,0.6754578754578755,0.676923076923077,0.2937728937728938,0.3741147741147741,0.852014652014652,0.25982905982905985,0.15189255189255188,0.26544566544566545,0.1076923076923077,0.09645909645909646,0.6752136752136753,0.5201465201465202,0.21465201465201464,0.34163614163614164,0.5855921855921856,0.1592185592185592,0.3584859584859585,0.2698412698412698,0.5882783882783883,0.252991452991453,0.2857142857142857,0.6356532356532356,0.4981684981684982,0.4065934065934066,0.5714285714285714,0.27326007326007323,0.43956043956043955,0.15848595848595848,0.6026862026862027,0.10134310134310134,0.7267399267399267,0.3768009768009768,0.1675213675213675,0.39536019536019534,0.15335775335775337,0.48815628815628814,0.20293040293040293,0.13382173382173382,0.3482295482295482,0.4278388278388278,0.22246642246642245,0.042002442002442006,0.33821733821733824,0.3282051282051282,0.18046398046398046,0.1562881562881563,0.20927960927960929,0.36800976800976803,0.1536019536019536,0.27228327228327226,0.3440781440781441,0.3409035409035409,0.19877899877899877,0.46642246642246643,0.6351648351648351,0.2862026862026862,0.39951159951159954,0.07008547008547009,0.48205128205128206,0.10427350427350428,0.07032967032967033,0.4129426129426129,0.17216117216117216,0.1943833943833944,0.4945054945054945,0.18021978021978022,0.24713064713064714,0.252014652014652,0.1264957264957265,0.4368742368742369,0.771916971916972,0.46007326007326005
0.5594627594627595,0.5418803418803418,0.1575091575091575,0.1264957264957265,0.26886446886446885,0.21001221001221002,0.6349206349206349,0.6588522588522588,0.6866910866910867,0.28253968253968254,0.4148962148962149,0.8615384615384616,0.2788766788766789,0.16947496947496948,0.3047619047619048,0.10671550671550671,0.09694749694749695,0.6822954822954823,0.5118437118437118,0.20683760683760682,0.36923076923076925,0.610989010989011,0.15531135531135531,0.3492063492063492,0.25982905982905985,0.5968253968253968,0.2459096459096459,0.2778998778998779,0.6166056166056166,0.5308913308913309,0.4432234432234432,0.5516483516483517,0.2622710622710623,0.43003663003663006,0.1838827838827839,0.608058608058608,0.0989010989010989,0.7035409035409036,0.3973137973137973,0.16214896214896216,0.42295482295482295,0.14945054945054945,0.4713064713064713,0.19658119658119658,0.13137973137973138,0.3401709401709402,0.43736263736263736,0.21416361416361415,0.04078144078144078,0.32576312576312577,0.31697191697191696,0.17509157509157508,0.15262515262515264,0.21172161172161172,0.4126984126984127,0.1536019536019536,0.26373626373626374,0.33186813186813185,0.3916971916971917,0.21733821733821734,0.4554334554334554,0.6161172161172161,0.31184371184371185,0.38754578754578756,0.07008547008547009,0.46495726495726497,0.10183150183150183,0.06862026862026863,0.4,0.19365079365079366,0.18876678876678876,0.4793650793650794,0.17655677655677657,0.29523809523809524,0.24175824175824176,0.12307692307692308,0.42686202686202684,0.7755799755799756,0.4468864468864469
0.5714285714285714,0.5631257631257631,0.15506715506715507,0.13504273504273503,0.27692307692307694,0.21636141636141637,0.6305250305250305,0.6405372405372405,0.694017094017094,0.2713064713064713,0.4542124542124542,0.8683760683760684,0.29987789987789987,0.199023199023199,0.3423687423687424,0.10525030525030525,0.0971916971916972,0.6864468864468865,0.5010989010989011,0.199023199023199,0.3973137973137973,0.631013431013431,0.1514041514041514,0.33992673992673994,0.24981684981684982,0.6031746031746031,0.24004884004884006,0.2698412698412698,0.5985347985347985,0.5611721611721612,0.4771672771672772,0.5326007326007326,0.2515262515262515,0.4214896214896215,0.2153846153846154,0.610989010989011,0.0971916971916972,0.6803418803418804,0.41855921855921857,0.1562881562881563,0.44835164835164837,0.1452991452991453,0.45445665445665445,0.19096459096459095,0.13015873015873017,0.33015873015873015,0.44664224664224667,0.20586080586080585,0.0398046398046398,0.3133089133089133,0.30573870573870576,0.1711843711843712,0.14847374847374847,0.21416361416361415,0.45445665445665445,0.1536019536019536,0.25616605616605614,0.31916971916971915,0.442002442002442,0.24102564102564103,0.4427350427350427,0.5975579975579975,0.33601953601953605,0.37777777777777777,0.07008547008547009,0.44835164835164837,0.09987789987789988,0.06715506715506715,0.3882783882783883,0.22686202686202686,0.18339438339438338,0.4652014652014652,0.17338217338217338,0.34383394383394383,0.23223443223443224,0.12112332112332112,0.4166056166056166,0.7765567765567766,0.4341880341880342
0.580952380952381,0.5794871794871795,0.15531135531135531,0.147985347985348,0.28815628815628813,0.22686202686202686,0.622954822954823,0.6217338217338217,0.6971916971916972,0.2608058608058608,0.4918192918192918,0.8715506715506716,0.3225885225885226,0.22832722832722832,0.38461538461538464,0.10427350427350428,0.0971916971916972,0.6871794871794872,0.4884004884004884,0.1916971916971917,0.42075702075702076,0.6517704517704518,0.14774114774114774,0.3311355311355311,0.2402930402930403,0.6061050061050061,0.2336996336996337,0.26202686202686204,0.5811965811965812,0.5885225885225885,0.5086691086691086,0.5142857142857142,0.24297924297924298,0.4122100122100122,0.2507936507936508,0.6112332112332113,0.09572649572649573,0.6581196581196581,0.4388278388278388,0.15042735042735042,0.4713064713064713,0.1413919413919414,0.43785103785103785,0.18534798534798536,0.12967032967032968,0.31916971916971915,0.45445665445665445,0.19755799755799755,0.03907203907203907,0.30158730158730157,0.29645909645909646,0.16874236874236875,0.14383394383394382,0.21587301587301588,0.4927960927960928,0.15335775335775337,0.24737484737484738,0.305982905982906,0.4905982905982906,0.26935286935286934,0.4288156288156288,0.5794871794871795,0.35824175824175825,0.36923076923076925,0.07155067155067155,0.432967032967033,0.09816849816849817,0.06666666666666667,0.37655677655677655,0.27057387057387056,0.17826617826617827,0.4517704517704518,0.1702075702075702,0.39096459096459096,0.22417582417582418,0.11819291819291819,0.4073260073260073,0.7746031746031746,0.421978021978022
0.588034188034188,0.5921855921855922,0.15848595848595848,0.16532356532356532,0.3018315018315018,0.24151404151404152,0.6124542124542125,0.6024420024420024,0.6976800976800976,0.2507936507936508,0.5264957264957265,0.8715506715506716,0.3457875457875458,0.2468864468864469,0.4275946275946276,0.10427350427350428,0.09743589743589744,0.6852258852258852,0.47448107448107446,0.18461538461538463,0.4415140415140415,0.6713064713064713,0.14383394383394382,0.3225885225885226,0.23296703296703297,0.6063492063492063,0.2271062271062271,0.25396825396825395,0.5643467643467643,0.6126984126984127,0.536996336996337,0.49792429792429793,0.2354090354090354,0.40244200244200246,0.28913308913308916,0.6087912087912087,0.09426129426129426,0.6363858363858363,0.45738705738705737,0.14481074481074482,0.49206349206349204,0.13772893772893774,0.421978021978022,0.18192918192918192,0.1282051282051282,0.30842490842490844,0.4608058608058608,0.1894993894993895,0.03785103785103785,0.2903540903540904,0.28815628815628813,0.16507936507936508,0.1391941391941392,0.21611721611721613,0.5274725274725275,0.15384615384615385,0.2385836385836386,0.29304029304029305,0.536019536019536,0.3006105006105006,0.41367521367521365,0.5626373626373626,0.3755799755799756,0.3606837606837607,0.07521367521367521,0.4188034188034188,0.09694749694749695,0.06715506715506715,0.3653235653235653,0.3230769230769231,0.17338217338217338,0.43907203907203907,0.16727716727716727,0.43492063492063493,0.2170940170940171,0.11526251526251527,0.398046398046398,0.7702075702075702,0.41074481074481073
0.5912087912087912,0.6051282051282051,0.1663003663003663,0.1873015873015873,0.3177045177045177,0.2605616605616606,0.6,0.5848595848595849,0.6969474969474969,0.24126984126984127,0.558974358974359,0.8683760683760684,0.3658119658119658,0.2681318681318681,0.46935286935286935,0.10622710622710622,0.09743589743589744,0.6798534798534799,0.46007326007326005,0.178998778998779,0.463003663003663,0.6886446886446886,0.13968253968253969,0.31404151404151404,0.22686202686202686,0.6048840048840048,0.22026862026862026,0.2459096459096459,0.5474969474969476,0.6341880341880342,0.5619047619047619,0.4835164835164835,0.22686202686202686,0.39267399267399267,0.32844932844932845,0.6034188034188034,0.0927960927960928,0.6161172161172161,0.473992673992674,0.1391941391941392,0.5103785103785103,0.13382173382173382,0.40805860805860805,0.18021978021978022,0.126007326007326,0.2979242979242979,0.46495726495726497,0.18192918192918192,0.036874236874236875,0.28083028083028083,0.27912087912087913,0.16117216117216118,0.1343101343101343,0.2153846153846154,0.5540903540903541,0.15482295482295483,0.23003663003663002,0.28034188034188035,0.578021978021978,0.33406593406593404,0.39829059829059826,0.5389499389499389,0.3894993894993895,0.3516483516483517,0.08278388278388278,0.4056166056166056,0.09694749694749695,0.06666666666666667,0.35433455433455435,0.38266178266178263,0.16874236874236875,0.42686202686202684,0.1641025641025641,0.4700854700854701,0.20903540903540904,0.1115995115995116,0.3894993894993895,0.7626373626373626,0.40024420024420027
0.5914529914529915,0.6168498168498169,0.178998778998779,0.2126984126984127,0.3347985347985348,0.283028083028083,0.5865689865689866,0.5682539682539682,0.6945054945054945,0.23223443223443224,0.5892551892551893,0.8615384615384616,0.3838827838827839,0.30207570207570206,0.5081807081807082,0.11135531135531136,0.09743589743589744,0.6713064713064713,0.44542124542124545,0.1746031746031746,0.48376068376068376,0.7037851037851038,0.13577533577533576,0.30573870573870576,0.21978021978021978,0.600976800976801,0.2139194139194139,0.23833943833943835,0.5306471306471306,0.6525030525030525,0.580952380952381,0.4683760683760684,0.21782661782661783,0.3831501831501832,0.36678876678876676,0.5953601953601954,0.09133089133089133,0.598046398046398,0.48815628815628814,0.13406593406593406,0.5262515262515263,0.12967032967032968,0.39536019536019534,0.1794871794871795,0.12405372405372406,0.28815628815628813,0.4666666666666667,0.1746031746031746,0.03565323565323565,0.27228327228327226,0.2695970695970696,0.1575091575091575,0.13015873015873017,0.21294261294261294,0.575091575091575,0.15482295482295483,0.22173382173382172,0.2681318681318681,0.6163614163614164,0.36800976800976803,0.3833943833943834,0.5125763125763125,0.4031746031746032,0.34285714285714286,0.09572649572649573,0.3934065934065934,0.09865689865689865,0.06593406593406594,0.3440781440781441,0.44664224664224667,0.1641025641025641,0.4146520146520147,0.16214896214896216,0.4989010989010989,0.20073260073260074,0.10818070818070818,0.38168498168498166,0.7518925518925519,0.38974358974358975
0.58998778998779,0.6271062271062271,0.1973137973137973,0.2402930402930403,0.35262515262515265,0.3076923076923077,0.5731379731379731,0.5511599511599512,0.6898656898656899,0.22295482295482297,0.6168498168498169,0.851037851037851,0.4031746031746032,0.3343101343101343,0.544078144078144,0.1203907203907204,0.09743589743589744,0.6598290598290598,0.43174603174603177,0.16923076923076924,0.5025641025641026,0.7162393162393162,0.13235653235653236,0.29743589743589743,0.2126984126984127,0.5948717948717949,0.20757020757020758,0.23101343101343103,0.5137973137973137,0.6673992673992674,0.5956043956043956,0.4537240537240537,0.2126984126984127,0.3733821733821734,0.40341880341880343,0.5848595848595849,0.08986568986568987,0.5814407814407815,0.5003663003663004,0.1291819291819292,0.5399267399267399,0.12551892551892552,0.38168498168498166,0.18168498168498168,0.12258852258852258,0.27936507936507937,0.46642246642246643,0.1675213675213675,0.034432234432234435,0.26275946275946277,0.2600732600732601,0.15384615384615385,0.1264957264957265,0.2105006105006105,0.5956043956043956,0.15433455433455434,0.2139194139194139,0.25665445665445663,0.6507936507936508,0.4014652014652015,0.37045177045177047,0.4927960927960928,0.41562881562881565,0.33406593406593404,0.11575091575091576,0.3819291819291819,0.10329670329670329,0.06471306471306472,0.3343101343101343,0.5108669108669108,0.15995115995115994,0.40293040293040294,0.16092796092796094,0.5272283272283272,0.19267399267399268,0.10476190476190476,0.37362637362637363,0.7387057387057387,0.37997557997557996
0.5863247863247864,0.6346764346764346,0.221001221001221,0.2695970695970696,0.36996336996337,0.3338217338217338,0.5601953601953602,0.5343101343101343,0.6825396825396826,0.2144078144078144,0.6383394383394383,0.8380952380952381,0.4222222222222222,0.3572649572649573,0.5765567765567765,0.1343101343101343,0.0971916971916972,0.6471306471306472,0.41904761904761906,0.16385836385836386,0.5194139194139195,0.726007326007326,0.12869352869352868,0.2893772893772894,0.20586080586080585,0.5863247863247864,0.20170940170940171,0.22344322344322345,0.49694749694749696,0.6774114774114774,0.6105006105006106,0.43956043956043955,0.20927960927960929,0.3636141636141636,0.43736263736263736,0.5716727716727716,0.08986568986568987,0.5643467643467643,0.5101343101343101,0.1242979242979243,0.5511599511599512,0.12307692307692308,0.3672771672771673,0.18803418803418803,0.12234432234432234,0.2713064713064713,0.4634920634920635,0.16092796092796094,0.03492063492063492,0.25347985347985347,0.2507936507936508,0.15067155067155066,0.12258852258852258,0.20732600732600734,0.6148962148962149,0.1540903540903541,0.20634920634920634,0.24566544566544565,0.6818070818070818,0.43272283272283274,0.3592185592185592,0.4766788766788767,0.42588522588522587,0.32283272283272285,0.14334554334554334,0.37094017094017095,0.11184371184371185,0.06324786324786325,0.3247863247863248,0.5736263736263736,0.1562881562881563,0.3924297924297924,0.1592185592185592,0.5533577533577534,0.18461538461538463,0.10158730158730159,0.36556776556776555,0.7223443223443223,0.3711843711843712
0.57997557997558,0.6398046398046398,0.2490842490842491,0.30842490842490844,0.3865689865689866,0.3567765567765568,0.5462759462759462,0.517948717948718,0.6730158730158731,0.2061050061050061,0.6556776556776557,0.8227106227106227,0.4402930402930403,0.38217338217338215,0.6053724053724053,0.15335775335775337,0.0971916971916972,0.6329670329670329,0.4061050061050061,0.15848595848595848,0.5335775335775336,0.7326007326007326,0.12551892551892552,0.2818070818070818,0.19926739926739928,0.5758241758241758,0.19633699633699633,0.21636141636141637,0.4822954822954823,0.684004884004884,0.6234432234432234,0.42588522588522587,0.20341880341880342,0.35433455433455435,0.46813186813186813,0.5582417582417583,0.09035409035409035,0.5472527472527473,0.5177045177045178,0.11965811965811966,0.5584859584859585,0.12185592185592185,0.3528693528693529,0.20024420024420025,0.1242979242979243,0.26422466422466423,0.4581196581196581,0.15604395604395604,0.03565323565323565,0.2442002442002442,0.24151404151404152,0.14774114774114774,0.11892551892551892,0.20195360195360196,0.631013431013431,0.15433455433455434,0.19975579975579977,0.23516483516483516,0.7094017094017094,0.4581196581196581,0.3474969474969475,0.4622710622710623,0.4341880341880342,0.3128205128205128,0.17875457875457876,0.3606837606837607,0.12283272283272283,0.061782661782661785,0.3155067155067155,0.6322344322344322,0.1523809523809524,0.38266178266178263,0.1575091575091575,0.5765567765567765,0.1768009768009768,0.0989010989010989,0.35775335775335776,0.7040293040293041,0.36336996336996336
0.5711843711843712,0.6417582417582418,0.28034188034188035,0.35213675213675216,0.40195360195360197,0.3775335775335775,0.5326007326007326,0.5023199023199023,0.6612942612942613,0.2,0.6732600732600733,0.8053724053724054,0.45714285714285713,0.4122100122100122,0.6315018315018315,0.1772893772893773,0.09816849816849817,0.6163614163614164,0.3934065934065934,0.1536019536019536,0.5455433455433455,0.7365079365079366,0.12283272283272283,0.27521367521367524,0.19316239316239317,0.5638583638583639,0.19096459096459095,0.20976800976800977,0.46813186813186813,0.6893772893772894,0.6346764346764346,0.4126984126984127,0.19633699633699633,0.34505494505494505,0.4954822954822955,0.5443223443223443,0.09035409035409035,0.5301587301587302,0.5230769230769231,0.11526251526251527,0.5628815628815629,0.12014652014652015,0.33894993894993897,0.21855921855921856,0.13015873015873017,0.25811965811965815,0.4507936507936508,0.15213675213675212,0.03540903540903541,0.2354090354090354,0.23272283272283273,0.14481074481074482,0.11550671550671551,0.1956043956043956,0.6444444444444445,0.1562881562881563,0.19365079365079366,0.22466422466422467,0.7294261294261294,0.47912087912087914,0.3367521367521368,0.44884004884004886,0.4402930402930403,0.3052503052503053,0.221001221001221,0.3516483516483517,0.13675213675213677,0.06031746031746032,0.305982905982906,0.685958485958486,0.14896214896214896,0.3724053724053724,0.15604395604395604,0.5956043956043956,0.16923076923076924,0.09645909645909646,0.3496947496947497,0.6857142857142857,0.35482295482295484
0.5604395604395604,0.6407814407814408,0.31355311355311355,0.38925518925518926,0.4134310134310134,0.40024420024420027,0.5186813186813187,0.4874236874236874,0.6476190476190476,0.19462759462759463,0.6898656898656899,0.7860805860805861,0.4725274725274725,0.4388278388278388,0.6544566544566545,0.20537240537240536,0.09963369963369964,0.5985347985347985,0.3811965811965812,0.14847374847374847,0.5543345543345544,0.7365079365079366,0.12014652014652015,0.2691086691086691,0.18754578754578755,0.5504273504273505,0.18608058608058609,0.20293040293040293,0.452991452991453,0.6927960927960928,0.6434676434676435,0.3992673992673993,0.189010989010989,0.3355311355311355,0.5199023199023199,0.528937728937729,0.09010989010989011,0.5133089133089133,0.5262515262515263,0.11233211233211234,0.5665445665445665,0.1199023199023199,0.32551892551892553,0.24297924297924298,0.14188034188034188,0.25225885225885225,0.4427350427350427,0.14725274725274726,0.034432234432234435,0.22661782661782662,0.22393162393162394,0.14188034188034188,0.11233211233211234,0.18852258852258852,0.654945054945055,0.1606837606837607,0.189010989010989,0.2148962148962149,0.7445665445665446,0.5003663003663004,0.32673992673992674,0.43614163614163615,0.4444444444444444,0.2967032967032967,0.26886446886446885,0.34383394383394383,0.15604395604395604,0.05934065934065934,0.2967032967032967,0.7345543345543346,0.14676434676434677,0.3614163614163614,0.15531135531135531,0.610989010989011,0.1619047619047619,0.0945054945054945,0.3413919413919414,0.6671550671550671,0.3457875457875458
0.5484737484737485,0.6366300366300366,0.34798534798534797,0.4183150183150183,0.4222222222222222,0.4231990231990232,0.5054945054945055,0.4725274725274725,0.6327228327228327,0.18852258852258852,0.7042735042735043,0.7658119658119659,0.4862026862026862,0.4568986568986569,0.6744810744810745,0.23247863247863249,0.10134310134310134,0.5802197802197803,0.36971916971916974,0.14358974358974358,0.5604395604395604,0.7333333333333333,0.11892551892551892,0.2622710622710623,0.18192918192918192,0.536996336996337,0.18144078144078143,0.1978021978021978,0.4376068376068376,0.6937728937728938,0.6498168498168498,0.3860805860805861,0.18168498168498168,0.32625152625152626,0.5382173382173382,0.513064713064713,0.08937728937728938,0.49694749694749696,0.526984126984127,0.11013431013431013,0.568009768009768,0.12234432234432234,0.3120879120879121,0.27350427350427353,0.16043956043956045,0.24664224664224665,0.43443223443223444,0.14236874236874236,0.03296703296703297,0.2175824175824176,0.21562881562881564,0.1391941391941392,0.10964590964590964,0.18144078144078143,0.6627594627594627,0.168986568986569,0.18608058608058609,0.2070818070818071,0.7601953601953602,0.5201465201465202,0.31746031746031744,0.42344322344322344,0.44664224664224667,0.28815628815628813,0.31306471306471306,0.3347985347985348,0.18021978021978022,0.05958485958485959,0.28766788766788765,0.7714285714285715,0.14627594627594628,0.35067155067155065,0.15702075702075702,0.622954822954823,0.15433455433455434,0.09255189255189256,0.33406593406593404,0.6471306471306472,0.336996336996337
0.5355311355311355,0.6295482295482295,0.3824175824175824,0.4424908424908425,0.4302808302808303,0.44542124542124545,0.4932844932844933,0.4581196581196581,0.6168498168498169,0.18192918192918192,0.7162393162393162,0.7445665445665446,0.4981684981684982,0.47448107448107446,0.6891330891330891,0.2590964590964591,0.10451770451770452,0.5619047619047619,0.3584859584859585,0.1391941391941392,0.5638583638583639,0.7264957264957265,0.11843711843711843,0.25518925518925517,0.17655677655677657,0.5230769230769231,0.17655677655677657,0.1934065934065934,0.421978021978022,0.6915750915750916,0.652991452991453,0.37264957264957266,0.1746031746031746,0.31746031746031744,0.5523809523809524,0.49694749694749696,0.08888888888888889,0.48083028083028084,0.5247863247863248,0.1072039072039072,0.567032967032967,0.1291819291819292,0.2993894993894994,0.30842490842490844,0.18608058608058609,0.24224664224664225,0.4249084249084249,0.13724053724053725,0.03125763125763126,0.20927960927960929,0.20757020757020758,0.1365079365079365,0.10842490842490843,0.17435897435897435,0.6673992673992674,0.18217338217338216,0.18534798534798536,0.2,0.7743589743589744,0.5374847374847375,0.3086691086691087,0.41098901098901097,0.4468864468864469,0.27936507936507937,0.3553113553113553,0.32551892551892553,0.2083028083028083,0.06227106227106227,0.2788766788766789,0.8007326007326008,0.14627594627594628,0.33894993894993897,0.1623931623931624,0.6315018315018315,0.147008547008547,0.09010989010989011,0.3277167277167277,0.6263736263736264,0.3282051282051282
0.5221001221001221,0.62002442002442,0.41147741147741146,0.4666666666666667,0.4363858363858364,0.46642246642246643,0.48083028083028084,0.44346764346764345,0.6007326007326007,0.17533577533577532,0.7247863247863248,0.7233211233211233,0.5081807081807082,0.49474969474969477,0.6996336996336996,0.28962148962148965,0.11037851037851037,0.5445665445665445,0.34798534798534797,0.13504273504273503,0.5641025641025641,0.7164835164835165,0.11721611721611722,0.24810744810744811,0.1711843711843712,0.5094017094017094,0.17313797313797313,0.18803418803418803,0.40634920634920635,0.6864468864468865,0.6532356532356532,0.3597069597069597,0.1675213675213675,0.31013431013431014,0.566056166056166,0.4818070818070818,0.08791208791208792,0.46495726495726497,0.5201465201465202,0.10354090354090355,0.5638583638583639,0.14188034188034188,0.2874236874236874,0.3457875457875458,0.21343101343101342,0.23833943833943835,0.4146520146520147,0.13235653235653236,0.030525030525030524,0.20146520146520147,0.19975579975579977,0.13504273504273503,0.1076923076923077,0.16776556776556775,0.6695970695970695,0.20170940170940171,0.1873015873015873,0.19194139194139195,0.7860805860805861,0.5523809523809524,0.30036630036630035,0.3987789987789988,0.44517704517704515,0.27057387057387056,0.4021978021978022,0.3155067155067155,0.23882783882783884,0.06886446886446887,0.27106227106227104,0.8305250305250306,0.14847374847374847,0.3274725274725275,0.17216117216117216,0.6366300366300366,0.13992673992673993,0.08888888888888889,0.3203907203907204,0.6056166056166056,0.31965811965811963
0.5086691086691086,0.6078144078144078,0.4368742368742369,0.48937728937728936,0.4402930402930403,0.4862026862026862,0.4686202686202686,0.42905982905982903,0.5841269841269842,0.168986568986569,0.7296703296703296,0.702075702075702,0.5164835164835165,0.5118437118437118,0.7103785103785104,0.32161172161172163,0.1203907203907204,0.527960927960928,0.33724053724053726,0.13113553113553114,0.5616605616605617,0.7040293040293041,0.11575091575091576,0.24102564102564103,0.1663003663003663,0.4976800976800977,0.17045177045177046,0.1829059829059829,0.39096459096459096,0.6778998778998779,0.6505494505494506,0.347008547008547,0.16214896214896216,0.3032967032967033,0.5785103785103786,0.4669108669108669,0.08717948717948718,0.4490842490842491,0.5135531135531135,0.10012210012210013,0.5575091575091575,0.16117216117216118,0.27594627594627597,0.38412698412698415,0.2437118437118437,0.2336996336996337,0.4039072039072039,0.13626373626373625,0.031013431013431014,0.19365079365079366,0.1921855921855922,0.13406593406593406,0.10622710622710622,0.16166056166056167,0.6688644688644688,0.22808302808302808,0.19194139194139195,0.18363858363858365,0.7951159951159951,0.5641025641025641,0.2920634920634921,0.38632478632478634,0.4415140415140415,0.26324786324786326,0.4495726495726496,0.3052503052503053,0.27057387057387056,0.07814407814407814,0.26422466422466423,0.8586080586080586,0.15433455433455434,0.31575091575091574,0.1877899877899878,0.6388278388278388,0.13504273504273503,0.08791208791208792,0.31184371184371185,0.5855921855921856,0.31135531135531136
0.494993894993895,0.5951159951159951,0.46422466422466424,0.5101343101343101,0.4415140415140415,0.5045177045177045,0.4568986568986569,0.4146520146520147,0.5687423687423687,0.16263736263736264,0.7308913308913308,0.6813186813186813,0.5230769230769231,0.5206349206349207,0.7196581196581197,0.35311355311355314,0.13528693528693528,0.512087912087912,0.32673992673992674,0.12796092796092795,0.5567765567765568,0.6886446886446886,0.11428571428571428,0.2341880341880342,0.16117216117216118,0.48644688644688644,0.16678876678876678,0.17753357753357754,0.3755799755799756,0.6659340659340659,0.6451770451770452,0.3347985347985348,0.157997557997558,0.295970695970696,0.589010989010989,0.45274725274725275,0.08644688644688645,0.43394383394383396,0.5052503052503052,0.09694749694749695,0.548962148962149,0.18803418803418803,0.2647130647130647,0.4175824175824176,0.28083028083028083,0.22832722832722832,0.39365079365079364,0.1443223443223443,0.03492063492063492,0.18632478632478633,0.18705738705738706,0.1326007326007326,0.10451770451770452,0.1562881562881563,0.6654456654456654,0.2554334554334554,0.2,0.17533577533577532,0.8007326007326008,0.5728937728937729,0.28376068376068375,0.3738705738705739,0.4363858363858364,0.2564102564102564,0.49474969474969477,0.294993894993895,0.30158730158730157,0.09255189255189256,0.2564102564102564,0.8832722832722832,0.16483516483516483,0.30427350427350425,0.21025641025641026,0.6373626373626373,0.1308913308913309,0.0862026862026862,0.3028083028083028,0.5667887667887668,0.30305250305250303
0.48253968253968255,0.5821733821733822,0.4913308913308913,0.5284493284493285,0.44004884004884004,0.5216117216117216,0.44517704517704515,0.4014652014652015,0.5543345543345544,0.15677655677655677,0.7282051282051282,0.6615384615384615,0.5272283272283272,0.527960927960928,0.726984126984127,0.3833943833943834,0.15531135531135531,0.49694749694749696,0.3308913308913309,0.12551892551892552,0.548962148962149,0.6713064713064713,0.11306471306471307,0.2275946275946276,0.15775335775335775,0.47496947496947495,0.16312576312576313,0.17216117216117216,0.3606837606837607,0.6517704517704518,0.6366300366300366,0.32454212454212455,0.15286935286935288,0.2879120879120879,0.5970695970695971,0.43907203907203907,0.0862026862026862,0.4188034188034188,0.49523809523809526,0.09401709401709402,0.5382173382173382,0.22148962148962148,0.2537240537240537,0.4481074481074481,0.3218559218559219,0.22271062271062272,0.38363858363858366,0.14676434676434677,0.04371184371184371,0.17924297924297924,0.1824175824175824,0.13064713064713065,0.1028083028083028,0.1514041514041514,0.6588522588522588,0.28498168498168497,0.21147741147741148,0.16678876678876678,0.802930402930403,0.5787545787545788,0.2754578754578755,0.36117216117216117,0.43003663003663006,0.2485958485958486,0.5362637362637362,0.2847374847374847,0.33137973137973137,0.1137973137973138,0.24786324786324787,0.9045177045177045,0.18046398046398046,0.29255189255189257,0.23882783882783884,0.6327228327228327,0.12551892551892552,0.0844932844932845,0.29352869352869354,0.5487179487179488,0.29474969474969476
0.47106227106227105,0.5675213675213675,0.5174603174603175,0.544078144078144,0.43614163614163615,0.536996336996337,0.4332112332112332,0.389010989010989,0.5399267399267399,0.15115995115995115,0.7218559218559218,0.642002442002442,0.5286935286935287,0.5374847374847375,0.7318681318681318,0.41098901098901097,0.1807081807081807,0.4827838827838828,0.3426129426129426,0.12527472527472527,0.5389499389499389,0.652014652014652,0.11282051282051282,0.22124542124542124,0.15482295482295483,0.4634920634920635,0.15897435897435896,0.16678876678876678,0.3457875457875458,0.6351648351648351,0.6263736263736264,0.315018315018315,0.147985347985348,0.2800976800976801,0.6026862026862027,0.4261294261294261,0.08644688644688645,0.4056166056166056,0.48424908424908425,0.09157509157509157,0.5252747252747253,0.25982905982905985,0.24517704517704517,0.4805860805860806,0.36434676434676433,0.21684981684981686,0.3741147741147741,0.1457875457875458,0.05958485958485959,0.17387057387057386,0.1768009768009768,0.12869352869352868,0.1010989010989011,0.14725274725274726,0.6503052503052503,0.3218559218559219,0.22686202686202686,0.15824175824175823,0.8021978021978022,0.5816849816849817,0.2669108669108669,0.35018315018315016,0.421978021978022,0.2402930402930403,0.5731379731379731,0.2744810744810745,0.35873015873015873,0.14236874236874236,0.23931623931623933,0.9223443223443224,0.20146520146520147,0.28156288156288156,0.27277167277167275,0.6251526251526252,0.12014652014652015,0.08302808302808302,0.2844932844932845,0.5313797313797314,0.28669108669108667
0.45836385836385835,0.5526251526251527,0.5411477411477411,0.557020757020757,0.4302808302808303,0.5504273504273505,0.4222222222222222,0.37533577533577533,0.5257631257631258,0.1457875457875458,0.7118437118437119,0.6246642246642247,0.5277167277167277,0.5455433455433455,0.7338217338217338,0.4363858363858364,0.21123321123321123,0.4695970695970696,0.34456654456654456,0.12698412698412698,0.5264957264957265,0.6317460317460317,0.11404151404151404,0.2148962148962149,0.1509157509157509,0.4517704517704518,0.15506715506715507,0.1619047619047619,0.33137973137973137,0.6173382173382174,0.6144078144078144,0.3047619047619048,0.14285714285714285,0.27228327228327226,0.6056166056166056,0.4134310134310134,0.08864468864468865,0.39316239316239315,0.47277167277167276,0.08937728937728938,0.5111111111111111,0.30207570207570206,0.23785103785103784,0.5123321123321123,0.40634920634920635,0.2105006105006105,0.3653235653235653,0.14358974358974358,0.08376068376068375,0.16971916971916973,0.1706959706959707,0.12747252747252746,0.09963369963369964,0.14407814407814407,0.6398046398046398,0.36336996336996336,0.24517704517704517,0.1496947496947497,0.7978021978021979,0.5814407814407815,0.25982905982905985,0.33992673992673994,0.41318681318681316,0.23223443223443224,0.6051282051282051,0.263980463980464,0.3833943833943834,0.17777777777777778,0.23076923076923078,0.9367521367521368,0.22735042735042735,0.27057387057387056,0.30573870573870576,0.6153846153846154,0.11477411477411477,0.08205128205128205,0.2754578754578755,0.5145299145299145,0.2788766788766789
0.4444444444444444,0.5377289377289377,0.5626373626373626,0.5672771672771673,0.4227106227106227,0.5623931623931624,0.4122100122100122,0.3614163614163614,0.5115995115995116,0.1409035409035409,0.6981684981684981,0.608058608058608,0.5252747252747253,0.5501831501831502,0.733089133089133,0.4593406593406593,0.24566544566544565,0.45665445665445664,0.3418803418803419,0.13015873015873017,0.5123321123321123,0.610989010989011,0.11819291819291819,0.2087912087912088,0.14652014652014653,0.4405372405372405,0.1514041514041514,0.15702075702075702,0.31697191697191696,0.6,0.5997557997557997,0.29426129426129427,0.13821733821733823,0.2647130647130647,0.6061050061050061,0.400976800976801,0.09304029304029304,0.37948717948717947,0.4610500610500611,0.08766788766788766,0.49621489621489623,0.3404151404151404,0.22954822954822954,0.5428571428571428,0.44590964590964594,0.20415140415140415,0.3567765567765568,0.1413919413919414,0.1115995115995116,0.16483516483516483,0.1641025641025641,0.12796092796092795,0.09816849816849817,0.14236874236874236,0.6263736263736264,0.40634920634920635,0.2656898656898657,0.1413919413919414,0.78998778998779,0.578021978021978,0.252991452991453,0.32893772893772893,0.40341880341880343,0.22417582417582418,0.6322344322344322,0.2537240537240537,0.4048840048840049,0.21855921855921856,0.22197802197802197,0.9477411477411477,0.2571428571428571,0.2617826617826618,0.337973137973138,0.6031746031746031,0.10989010989010989,0.0822954822954823,0.2664224664224664,0.4981684981684982,0.272039072039072
0.42905982905982903,0.5235653235653236,0.5816849816849817,0.5746031746031746,0.41318681318681316,0.5721611721611721,0.4014652014652015,0.34725274725274724,0.49792429792429793,0.13626373626373625,0.683028083028083,0.5912087912087912,0.5216117216117216,0.5533577533577534,0.7291819291819291,0.4796092796092796,0.283028083028083,0.44468864468864466,0.33577533577533575,0.13675213675213677,0.49694749694749696,0.5907203907203907,0.12576312576312576,0.20293040293040293,0.14212454212454212,0.4293040293040293,0.14847374847374847,0.15262515262515264,0.30305250305250303,0.5836385836385837,0.5833943833943834,0.2835164835164835,0.13382173382173382,0.2571428571428571,0.6034188034188034,0.389010989010989,0.10061050061050061,0.3658119658119658,0.4490842490842491,0.08571428571428572,0.4805860805860806,0.3763125763125763,0.22124542124542124,0.5709401709401709,0.4827838827838828,0.1978021978021978,0.3487179487179487,0.14017094017094017,0.14407814407814407,0.15946275946275945,0.157997557997558,0.13064713064713065,0.09645909645909646,0.14114774114774115,0.6112332112332113,0.4490842490842491,0.2874236874236874,0.1330891330891331,0.7787545787545788,0.5724053724053724,0.2454212454212454,0.3181929181929182,0.3934065934065934,0.21611721611721613,0.654945054945055,0.2437118437118437,0.42124542124542125,0.26275946275946277,0.2139194139194139,0.9557997557997558,0.2893772893772894,0.2537240537240537,0.3750915750915751,0.5882783882783883,0.10525030525030525,0.08522588522588523,0.2578754578754579,0.4822954822954823,0.2656898656898657
0.41196581196581195,0.5096459096459096,0.5985347985347985,0.5792429792429793,0.40244200244200246,0.578021978021978,0.3904761904761905,0.3333333333333333,0.48473748473748474,0.13162393162393163,0.6666666666666666,0.5743589743589743,0.5157509157509158,0.5540903540903541,0.7218559218559218,0.49743589743589745,0.32112332112332115,0.43394383394383396,0.3277167277167277,0.14774114774114774,0.4810744810744811,0.5709401709401709,0.13797313797313798,0.19829059829059828,0.13724053724053725,0.4183150183150183,0.14676434676434677,0.14847374847374847,0.2915750915750916,0.5658119658119658,0.5655677655677656,0.27326007326007323,0.12967032967032968,0.25054945054945055,0.598046398046398,0.378021978021978,0.11306471306471307,0.3523809523809524,0.4376068376068376,0.08376068376068375,0.46593406593406594,0.41514041514041516,0.21318681318681318,0.5968253968253968,0.5167277167277168,0.19194139194139195,0.34114774114774116,0.1413919413919414,0.18632478632478633,0.15384615384615385,0.1514041514041514,0.1365079365079365,0.09499389499389499,0.13968253968253969,0.5943833943833944,0.48986568986568985,0.3086691086691087,0.12551892551892552,0.7645909645909645,0.5643467643467643,0.2371184371184371,0.306959706959707,0.3831501831501832,0.20854700854700856,0.6732600732600733,0.23394383394383395,0.43394383394383396,0.3086691086691087,0.2061050061050061,0.9606837606837607,0.32283272283272285,0.24493284493284492,0.4134310134310134,0.5711843711843712,0.10036630036630037,0.09181929181929183,0.24932844932844933,0.4666666666666667,0.25860805860805863
0.3934065934065934,0.49645909645909647,0.6126984126984127,0.5807081807081808,0.3924297924297924,0.5814407814407815,0.37948717948717947,0.3199023199023199,0.4713064713064713,0.12869352869352868,0.6473748473748474,0.5575091575091575,0.5076923076923077,0.5531135531135531,0.7113553113553114,0.513064713064713,0.35433455433455435,0.4222222222222222,0.31916971916971915,0.16385836385836386,0.46495726495726497,0.5518925518925519,0.15506715506715507,0.1943833943833944,0.13284493284493284,0.4073260073260073,0.147008547008547,0.14481074481074482,0.28156288156288156,0.5477411477411478,0.5470085470085471,0.2634920634920635,0.12576312576312576,0.24395604395604395,0.5904761904761905,0.36800976800976803,0.13113553113553114,0.33943833943833945,0.42637362637362636,0.08205128205128205,0.4525030525030525,0.4542124542124542,0.2056166056166056,0.6202686202686203,0.5474969474969476,0.18608058608058609,0.3333333333333333,0.14481074481074482,0.23565323565323565,0.14847374847374847,0.1452991452991453,0.14725274725274726,0.09352869352869353,0.13821733821733823,0.577045177045177,0.5277167277167277,0.3282051282051282,0.11794871794871795,0.748962148962149,0.5538461538461539,0.2288156288156288,0.2962148962148962,0.4061050061050061,0.20122100122100123,0.6879120879120879,0.22612942612942613,0.44590964590964594,0.3540903540903541,0.19877899877899877,0.9621489621489622,0.3516483516483517,0.23565323565323565,0.4507936507936508,0.5523809523809524,0.09597069597069598,0.10305250305250305,0.24126984126984127,0.45274725274725275,0.2515262515262515
0.3733821733821734,0.48376068376068376,0.6244200244200244,0.5787545787545788,0.38266178266178263,0.5838827838827839,0.3682539682539683,0.306959706959707,0.45836385836385835,0.12673992673992673,0.6263736263736264,0.5406593406593406,0.4976800976800977,0.5511599511599512,0.6984126984126984,0.5245421245421246,0.38461538461538464,0.41025641025641024,0.31062271062271063,0.18534798534798536,0.44884004884004886,0.5343101343101343,0.17387057387057386,0.18998778998778998,0.12844932844932844,0.39658119658119656,0.15067155067155066,0.14212454212454212,0.2703296703296703,0.5301587301587302,0.5286935286935287,0.25396825396825395,0.12185592185592185,0.23833943833943835,0.580952380952381,0.35702075702075703,0.15555555555555556,0.32625152625152626,0.41562881562881565,0.08180708180708181,0.4385836385836386,0.4918192918192918,0.19853479853479852,0.6412698412698413,0.5753357753357753,0.18046398046398046,0.326984126984127,0.15042735042735042,0.2893772893772894,0.14334554334554334,0.1391941391941392,0.1641025641025641,0.09206349206349207,0.13675213675213677,0.558974358974359,0.5623931623931624,0.34505494505494505,0.11233211233211234,0.7316239316239316,0.5406593406593406,0.2205128205128205,0.2857142857142857,0.4444444444444444,0.19291819291819293,0.6967032967032967,0.21978021978021978,0.4568986568986569,0.39755799755799753,0.19194139194139195,0.9604395604395605,0.3775335775335775,0.22686202686202686,0.4852258852258852,0.5321123321123321,0.09181929181929183,0.1199023199023199,0.2336996336996337,0.44004884004884004,0.24444444444444444
0.3528693528693529,0.4713064713064713,0.6329670329670329,0.5746031746031746,0.37264957264957266,0.5843711843711844,0.3572649572649573,0.2945054945054945,0.44542124542124545,0.12380952380952381,0.6048840048840048,0.5245421245421246,0.4862026862026862,0.5462759462759462,0.6827838827838828,0.5330891330891331,0.4166056166056166,0.3978021978021978,0.30207570207570206,0.21245421245421245,0.43394383394383396,0.5172161172161173,0.1960927960927961,0.18534798534798536,0.1242979242979243,0.3855921855921856,0.15824175824175823,0.14065934065934066,0.2590964590964591,0.5133089133089133,0.5106227106227106,0.24517704517704517,0.11843711843711843,0.23125763125763127,0.5699633699633699,0.3457875457875458,0.18656898656898657,0.3133089133089133,0.4061050061050061,0.08302808302808302,0.42466422466422465,0.526984126984127,0.1916971916971917,0.6595848595848596,0.6004884004884005,0.17606837606837608,0.32112332112332115,0.1597069597069597,0.3452991452991453,0.13821733821733823,0.1330891330891331,0.1873015873015873,0.09181929181929183,0.13504273504273503,0.5406593406593406,0.5934065934065934,0.3584859584859585,0.1076923076923077,0.7120879120879121,0.526007326007326,0.21245421245421245,0.2754578754578755,0.45616605616605616,0.18583638583638584,0.7013431013431013,0.21196581196581196,0.46593406593406594,0.43785103785103785,0.1851037851037851,0.9545787545787546,0.40463980463980465,0.21782661782661783,0.5164835164835165,0.5118437118437118,0.0884004884004884,0.1426129426129426,0.2275946275946276,0.4261294261294261,0.23785103785103784
0.3326007326007326,0.45885225885225883,0.6378510378510378,0.5684981684981685,0.3626373626373626,0.5826617826617827,0.3465201465201465,0.2822954822954823,0.43272283272283274,0.12112332112332112,0.582905982905983,0.5081807081807082,0.47374847374847373,0.5362637362637362,0.6666666666666666,0.5416361416361416,0.44835164835164837,0.38534798534798537,0.29352869352869354,0.2437118437118437,0.4192918192918193,0.5018315018315018,0.22417582417582418,0.18095238095238095,0.12161172161172161,0.37435897435897436,0.16874236874236875,0.1391941391941392,0.24835164835164836,0.4976800976800977,0.4932844932844933,0.23663003663003662,0.11526251526251527,0.22466422466422467,0.5572649572649573,0.33455433455433453,0.2231990231990232,0.3006105006105006,0.3968253968253968,0.08522588522588523,0.41147741147741146,0.5594627594627595,0.18485958485958487,0.6752136752136753,0.6231990231990232,0.1724053724053724,0.31477411477411477,0.17338217338217338,0.4004884004884005,0.1330891330891331,0.12747252747252746,0.21611721611721613,0.09206349206349207,0.1330891330891331,0.5230769230769231,0.6205128205128205,0.36800976800976803,0.10256410256410256,0.6910866910866911,0.5094017094017094,0.2043956043956044,0.2656898656898657,0.4551892551892552,0.1807081807081807,0.7047619047619048,0.20415140415140415,0.473015873015873,0.47448107448107446,0.18021978021978022,0.9452991452991453,0.4307692307692308,0.20976800976800977,0.5443223443223443,0.4918192918192918,0.08571428571428572,0.16654456654456654,0.22271062271062272,0.4122100122100122,0.23125763125763127
0.3133089133089133,0.44664224664224667,0.6388278388278388,0.55995115995116,0.3755799755799756,0.5787545787545788,0.33528693528693526,0.2708180708180708,0.42002442002442003,0.11965811965811966,0.5614163614163614,0.49230769230769234,0.46007326007326005,0.5257631257631258,0.6498168498168498,0.5492063492063493,0.47814407814407817,0.3728937728937729,0.2852258852258852,0.2778998778998779,0.40586080586080586,0.4874236874236874,0.25665445665445663,0.17655677655677657,0.12087912087912088,0.3636141636141636,0.18217338217338216,0.13821733821733823,0.23809523809523808,0.48253968253968255,0.47692307692307695,0.2288156288156288,0.11306471306471307,0.22026862026862026,0.5433455433455433,0.3235653235653236,0.263980463980464,0.2886446886446886,0.38754578754578756,0.09010989010989011,0.3987789987789988,0.5892551892551893,0.17875457875457876,0.6881562881562882,0.64004884004884,0.16800976800976802,0.30842490842490844,0.19194139194139195,0.45323565323565324,0.12844932844932844,0.12234432234432234,0.24517704517704517,0.09181929181929183,0.13137973137973138,0.5054945054945055,0.6446886446886447,0.3738705738705739,0.09645909645909646,0.6691086691086691,0.49206349206349204,0.19658119658119658,0.25665445665445663,0.44761904761904764,0.1768009768009768,0.7062271062271063,0.1960927960927961,0.4783882783882784,0.5074481074481074,0.17606837606837608,0.9343101343101343,0.4551892551892552,0.20170940170940171,0.5682539682539682,0.4725274725274725,0.08473748473748474,0.19291819291819293,0.21733821733821734,0.39829059829059826,0.22515262515262516
0.29645909645909646,0.43565323565323566,0.6363858363858363,0.54993894993895,0.4,0.5726495726495726,0.32405372405372407,0.2595848595848596,0.40854700854700854,0.12014652014652015,0.5404151404151404,0.4764346764346764,0.4461538461538462,0.517948717948718,0.6315018315018315,0.5555555555555556,0.505982905982906,0.3609279609279609,0.27692307692307694,0.31404151404151404,0.39438339438339437,0.47228327228327227,0.2910866910866911,0.17216117216117216,0.12307692307692308,0.3540903540903541,0.20146520146520147,0.13968253968253969,0.22832722832722832,0.46813186813186813,0.46153846153846156,0.22148962148962148,0.11330891330891331,0.21587301587301588,0.5286935286935287,0.31306471306471306,0.30744810744810747,0.27692307692307694,0.37777777777777777,0.0989010989010989,0.38632478632478634,0.6161172161172161,0.1724053724053724,0.6964590964590964,0.6532356532356532,0.16361416361416362,0.3018315018315018,0.21562881562881564,0.5025641025641026,0.1242979242979243,0.11868131868131868,0.2754578754578755,0.09084249084249084,0.12967032967032968,0.4891330891330891,0.6656898656898657,0.3768009768009768,0.0905982905982906,0.6473748473748474,0.4742368742368742,0.189010989010989,0.24786324786324787,0.4376068376068376,0.17362637362637362,0.7052503052503053,0.18852258852258852,0.4818070818070818,0.5321123321123321,0.1711843711843712,0.9211233211233211,0.4766788766788767,0.1943833943833944,0.589010989010989,0.4542124542124542,0.08644688644688645,0.22515262515262516,0.21172161172161172,0.38461538461538464,0.2188034188034188
0.2818070818070818,0.4253968253968254,0.6317460317460317,0.5387057387057387,0.4070818070818071,0.5645909645909646,0.3128205128205128,0.2485958485958486,0.3978021978021978,0.12454212454212454,0.5206349206349207,0.4608058608058608,0.43272283272283274,0.5086691086691086,0.6122100122100123,0.5594627594627595,0.5306471306471306,0.3492063492063492,0.26886446886446885,0.35018315018315016,0.3838827838827839,0.4568986568986569,0.32625152625152626,0.16800976800976802,0.12844932844932844,0.34554334554334554,0.2253968253968254,0.14407814407814407,0.21904761904761905,0.4542124542124542,0.44713064713064715,0.21562881562881564,0.115995115995116,0.21196581196581196,0.5142857142857142,0.3028083028083028,0.3516483516483517,0.2661782661782662,0.36800976800976803,0.11257631257631258,0.37435897435897436,0.6402930402930402,0.1663003663003663,0.7013431013431013,0.6669108669108669,0.15897435897435896,0.29523809523809524,0.2437118437118437,0.5477411477411478,0.1203907203907204,0.11648351648351649,0.31184371184371185,0.09010989010989011,0.12796092796092795,0.4735042735042735,0.6808302808302809,0.3768009768009768,0.08473748473748474,0.6258852258852259,0.45714285714285713,0.18192918192918192,0.23956043956043957,0.4278388278388278,0.16947496947496948,0.7018315018315018,0.18095238095238095,0.4827838827838828,0.5518925518925519,0.1663003663003663,0.9054945054945055,0.4954822954822955,0.18754578754578755,0.6063492063492063,0.43736263736263736,0.09157509157509157,0.2608058608058608,0.2061050061050061,0.37094017094017095,0.21318681318681318
0.2703296703296703,0.4146520146520147,0.6239316239316239,0.5264957264957265,0.4061050061050061,0.5548229548229549,0.3018315018315018,0.2398046398046398,0.38632478632478634,0.13357753357753357,0.5018315018315018,0.44542124542124545,0.4205128205128205,0.49401709401709404,0.5929181929181929,0.5609279609279609,0.5531135531135531,0.3374847374847375,0.2605616605616606,0.3811965811965812,0.37264957264957266,0.4415140415140415,0.36117216117216117,0.16385836385836386,0.13821733821733823,0.33601953601953605,0.252991452991453,0.15286935286935288,0.21025641025641026,0.441025641025641,0.4332112332112332,0.2105006105006105,0.12185592185592185,0.2083028083028083,0.5001221001221001,0.29304029304029305,0.39536019536019534,0.25616605616605614,0.35824175824175825,0.13162393162393163,0.36288156288156287,0.6617826617826618,0.16214896214896216,0.7052503052503053,0.6796092796092796,0.1540903540903541,0.28888888888888886,0.27521367521367524,0.589010989010989,0.11819291819291819,0.11306471306471307,0.35115995115995113,0.08888888888888889,0.12576312576312576,0.4598290598290598,0.6923076923076923,0.3738705738705739,0.07912087912087912,0.6051282051282051,0.4405372405372405,0.17484737484737484,0.23296703296703297,0.41855921855921857,0.16507936507936508,0.6954822954822955,0.17435897435897435,0.4818070818070818,0.5716727716727716,0.16166056166056167,0.8871794871794871,0.512087912087912,0.18144078144078143,0.6207570207570208,0.4231990231990232,0.10036630036630037,0.2979242979242979,0.2004884004884005,0.3572649572649573,0.20781440781440783
0.26105006105006107,0.4039072039072039,0.6134310134310135,0.5142857142857142,0.4014652014652015,0.5433455433455433,0.29304029304029305,0.23174603174603176,0.3741147741147741,0.14774114774114774,0.484004884004884,0.43003663003663006,0.40927960927960927,0.4771672771672772,0.5743589743589743,0.55995115995116,0.5728937728937729,0.326007326007326,0.25225885225885225,0.4087912087912088,0.36117216117216117,0.42588522588522587,0.39438339438339437,0.15995115995115994,0.1540903540903541,0.32673992673992674,0.28327228327228327,0.1663003663003663,0.20170940170940171,0.4275946275946276,0.42075702075702076,0.20463980463980463,0.13284493284493284,0.2043956043956044,0.4862026862026862,0.28327228327228327,0.43785103785103785,0.24786324786324787,0.34847374847374846,0.15677655677655677,0.3514041514041514,0.6803418803418804,0.1597069597069597,0.7064713064713065,0.6910866910866911,0.1496947496947497,0.2822954822954823,0.3089133089133089,0.6258852258852259,0.11672771672771673,0.10964590964590964,0.3912087912087912,0.08766788766788766,0.12380952380952381,0.4473748473748474,0.7040293040293041,0.3677655677655678,0.07374847374847375,0.5853479853479854,0.4249084249084249,0.16825396825396827,0.22735042735042735,0.4078144078144078,0.16092796092796094,0.6866910866910867,0.16800976800976802,0.4783882783882784,0.5897435897435898,0.15677655677655677,0.8664224664224665,0.526007326007326,0.17533577533577532,0.6305250305250305,0.41098901098901097,0.11477411477411477,0.33455433455433453,0.19462759462759463,0.3384615384615385,0.20293040293040293
0.2515262515262515,0.39316239316239315,0.6,0.5020757020757021,0.3951159951159951,0.5308913308913309,0.28498168498168497,0.2231990231990232,0.3623931623931624,0.16776556776556775,0.46715506715506716,0.4166056166056166,0.398046398046398,0.4656898656898657,0.5560439560439561,0.5560439560439561,0.58998778998779,0.31477411477411477,0.2454212454212454,0.43785103785103785,0.34945054945054943,0.41025641025641024,0.4253968253968254,0.1562881562881563,0.1768009768009768,0.3172161172161172,0.3145299145299145,0.18485958485958487,0.19365079365079366,0.4148962148962149,0.4095238095238095,0.19853479853479852,0.14993894993894993,0.2004884004884005,0.47277167277167276,0.273992673992674,0.4783882783882784,0.2407814407814408,0.3387057387057387,0.1873015873015873,0.3396825396825397,0.6962148962148962,0.15775335775335775,0.7047619047619048,0.7006105006105006,0.14554334554334555,0.27594627594627597,0.3435897435897436,0.6581196581196581,0.11452991452991453,0.10598290598290598,0.4307692307692308,0.08644688644688645,0.12283272283272283,0.4346764346764347,0.715018315018315,0.3584859584859585,0.06886446886446887,0.5665445665445665,0.41025641025641024,0.16361416361416362,0.221001221001221,0.3973137973137973,0.15702075702075702,0.6752136752136753,0.16214896214896216,0.47277167277167276,0.6056166056166056,0.15213675213675212,0.8437118437118437,0.5374847374847375,0.16971916971916973,0.6371184371184371,0.3987789987789988,0.13577533577533576,0.3694749694749695,0.189010989010989,0.31746031746031744,0.19829059829059828
0.24151404151404152,0.3819291819291819,0.5843711843711844,0.4905982905982906,0.38803418803418804,0.5181929181929182,0.27643467643467645,0.21416361416361415,0.35067155067155065,0.19365079365079366,0.4525030525030525,0.4043956043956044,0.3873015873015873,0.45714285714285713,0.5384615384615384,0.54993894993895,0.6046398046398046,0.30573870573870576,0.23956043956043957,0.4666666666666667,0.336996336996337,0.39487179487179486,0.4537240537240537,0.15286935286935288,0.2056166056166056,0.3076923076923077,0.346031746031746,0.2083028083028083,0.18632478632478633,0.4039072039072039,0.39755799755799753,0.19194139194139195,0.1746031746031746,0.19706959706959706,0.46007326007326005,0.26544566544566545,0.5115995115995116,0.23272283272283273,0.3286935286935287,0.22148962148962148,0.3277167277167277,0.7064713064713065,0.15775335775335775,0.6996336996336996,0.7076923076923077,0.14188034188034188,0.26935286935286934,0.3775335775335775,0.6803418803418804,0.11233211233211234,0.10256410256410256,0.4683760683760684,0.08522588522588523,0.12258852258852258,0.421978021978022,0.724053724053724,0.34676434676434675,0.06373626373626373,0.5482295482295483,0.3963369963369963,0.15995115995115994,0.2144078144078144,0.3868131868131868,0.15335775335775337,0.6612942612942613,0.15677655677655677,0.46544566544566546,0.6190476190476191,0.14725274725274726,0.8195360195360195,0.5462759462759462,0.16556776556776556,0.6434676434676435,0.3865689865689866,0.16361416361416362,0.4017094017094017,0.18363858363858365,0.3018315018315018,0.19462759462759463
0.23028083028083027,0.3706959706959707,0.567032967032967,0.4793650793650794,0.38046398046398044,0.5067155067155067,0.2673992673992674,0.20488400488400488,0.33943833943833945,0.22466422466422467,0.43907203907203907,0.39096459096459096,0.3768009768009768,0.4444444444444444,0.5216117216117216,0.5416361416361416,0.6168498168498169,0.2971916971916972,0.23272283272283273,0.49352869352869355,0.32454212454212455,0.37997557997557996,0.47912087912087914,0.1496947496947497,0.23956043956043957,0.2989010989010989,0.37704517704517704,0.23565323565323565,0.18095238095238095,0.3938949938949939,0.3851037851037851,0.18534798534798536,0.2061050061050061,0.1934065934065934,0.4481074481074481,0.2583638583638584,0.5399267399267399,0.22417582417582418,0.3189255189255189,0.25860805860805863,0.31746031746031744,0.7128205128205128,0.16166056166056167,0.6910866910866911,0.7118437118437119,0.13821733821733823,0.26275946275946277,0.4061050061050061,0.7001221001221001,0.10989010989010989,0.0989010989010989,0.503052503052503,0.08424908424908426,0.12136752136752137,0.4095238095238095,0.7316239316239316,0.33284493284493283,0.059096459096459095,0.5306471306471306,0.3848595848595849,0.15604395604395604,0.20781440781440783,0.3763125763125763,0.14993894993894993,0.6451770451770452,0.15213675213675212,0.4568986568986569,0.6295482295482295,0.14285714285714285,0.7946275946275946,0.5528693528693529,0.16263736263736264,0.6485958485958486,0.37484737484737485,0.1973137973137973,0.43052503052503055,0.1794871794871795,0.28913308913308916,0.19194139194139195
0.2175824175824176,0.3597069597069597,0.5482295482295483,0.4683760683760684,0.3724053724053724,0.495970695970696,0.25811965811965815,0.1960927960927961,0.3286935286935287,0.2549450549450549,0.4249084249084249,0.3775335775335775,0.367032967032967,0.43272283272283274,0.505006105006105,0.5313797313797314,0.6249084249084249,0.2879120879120879,0.2253968253968254,0.5223443223443224,0.3120879120879121,0.36556776556776555,0.5018315018315018,0.14774114774114774,0.2774114774114774,0.2905982905982906,0.40634920634920635,0.2656898656898657,0.17777777777777778,0.3824175824175824,0.37264957264957266,0.178998778998779,0.24395604395604395,0.19023199023199022,0.43614163614163615,0.25225885225885225,0.5702075702075702,0.2153846153846154,0.3089133089133089,0.2967032967032967,0.3076923076923077,0.7181929181929182,0.17045177045177046,0.6793650793650794,0.7128205128205128,0.13504273504273503,0.2564102564102564,0.4307692307692308,0.7189255189255189,0.1072039072039072,0.09572649572649573,0.5343101343101343,0.08302808302808302,0.1199023199023199,0.3973137973137973,0.7367521367521368,0.31746031746031744,0.054945054945054944,0.515018315018315,0.37484737484737485,0.15213675213675212,0.20195360195360196,0.3658119658119658,0.14676434676434677,0.6278388278388278,0.1492063492063492,0.44713064713064715,0.6376068376068376,0.1387057387057387,0.7697191697191698,0.5560439560439561,0.1592185592185592,0.6515262515262515,0.36288156288156287,0.23565323565323565,0.45616605616605616,0.17802197802197803,0.27936507936507937,0.18876678876678876
0.20415140415140415,0.3487179487179487,0.5284493284493285,0.4581196581196581,0.3653235653235653,0.48473748473748474,0.24932844932844933,0.18754578754578755,0.3189255189255189,0.2852258852258852,0.4105006105006105,0.3641025641025641,0.3572649572649573,0.4236874236874237,0.4888888888888889,0.5194139194139195,0.63003663003663,0.2783882783882784,0.21831501831501832,0.5511599511599512,0.29987789987789987,0.3514041514041514,0.5221001221001221,0.14652014652014653,0.3172161172161172,0.2822954822954823,0.43345543345543347,0.29743589743589743,0.17533577533577532,0.3706959706959707,0.35995115995115995,0.1724053724053724,0.28644688644688643,0.1873015873015873,0.4249084249084249,0.24517704517704517,0.6,0.2070818070818071,0.2989010989010989,0.33015873015873015,0.29645909645909646,0.7211233211233211,0.1851037851037851,0.6644688644688644,0.7111111111111111,0.13211233211233211,0.25103785103785103,0.4568986568986569,0.7311355311355311,0.10451770451770452,0.0927960927960928,0.5619047619047619,0.08180708180708181,0.11843711843711843,0.3848595848595849,0.7401709401709402,0.30158730158730157,0.05128205128205128,0.5006105006105006,0.3641025641025641,0.147985347985348,0.19633699633699633,0.35555555555555557,0.14358974358974358,0.6095238095238096,0.147008547008547,0.43565323565323566,0.6427350427350428,0.1347985347985348,0.7448107448107448,0.5567765567765568,0.15531135531135531,0.652014652014652,0.3514041514041514,0.27692307692307694,0.4783882783882784,0.18095238095238095,0.26886446886446885,0.18534798534798536
0.1894993894993895,0.337973137973138,0.5086691086691086,0.44884004884004886,0.3584859584859585,0.4735042735042735,0.2402930402930403,0.17924297924297924,0.31062271062271063,0.32063492063492066,0.3960927960927961,0.3514041514041514,0.34798534798534797,0.4141636141636142,0.47277167277167276,0.5074481074481074,0.6346764346764346,0.26935286935286934,0.21147741147741148,0.5741147741147741,0.28766788766788765,0.337973137973138,0.5372405372405372,0.14481074481074482,0.3572649572649573,0.2744810744810745,0.4586080586080586,0.3252747252747253,0.17484737484737484,0.3584859584859585,0.3474969474969475,0.1663003663003663,0.3316239316239316,0.18534798534798536,0.4148962148962149,0.23785103785103784,0.6285714285714286,0.199023199023199,0.28913308913308916,0.3601953601953602,0.28498168498168497,0.7211233211233211,0.2061050061050061,0.6471306471306472,0.7062271062271063,0.12942612942612944,0.24664224664224665,0.48205128205128206,0.7431013431013431,0.10207570207570207,0.09010989010989011,0.5865689865689866,0.08083028083028083,0.11721611721611722,0.37264957264957266,0.7409035409035409,0.28595848595848594,0.05054945054945055,0.48547008547008547,0.35311355311355314,0.14407814407814407,0.1907203907203907,0.34554334554334554,0.1409035409035409,0.5924297924297924,0.14407814407814407,0.4231990231990232,0.644932844932845,0.13113553113553114,0.7223443223443223,0.5565323565323566,0.15115995115995115,0.6500610500610501,0.33992673992673994,0.31916971916971915,0.49743589743589745,0.18852258852258852,0.25860805860805863,0.18217338217338216
0.17533577533577532,0.32722832722832723,0.4896214896214896,0.441025641025641,0.35067155067155065,0.46251526251526254,0.23174603174603176,0.1711843711843712,0.30427350427350425,0.35824175824175825,0.38168498168498166,0.33943833943833945,0.3384615384615385,0.4017094017094017,0.4586080586080586,0.4954822954822955,0.6383394383394383,0.2600732600732601,0.20463980463980463,0.5926739926739927,0.27594627594627597,0.32625152625152626,0.548962148962149,0.1426129426129426,0.39658119658119656,0.26666666666666666,0.47863247863247865,0.35067155067155065,0.1772893772893773,0.3465201465201465,0.3355311355311355,0.16043956043956045,0.37777777777777777,0.18534798534798536,0.40586080586080586,0.23028083028083027,0.6544566544566545,0.19145299145299147,0.28083028083028083,0.3921855921855922,0.27326007326007323,0.7181929181929182,0.23321123321123322,0.6275946275946276,0.6984126984126984,0.12796092796092795,0.24151404151404152,0.5047619047619047,0.7531135531135531,0.09987789987789988,0.08766788766788766,0.608058608058608,0.08131868131868132,0.115995115995116,0.3606837606837607,0.7394383394383395,0.2713064713064713,0.051770451770451774,0.47057387057387057,0.3423687423687424,0.14017094017094017,0.18534798534798536,0.33577533577533575,0.13846153846153847,0.5758241758241758,0.1409035409035409,0.4105006105006105,0.6446886446886447,0.12747252747252746,0.7013431013431013,0.5526251526251527,0.14725274725274726,0.6456654456654457,0.3286935286935287,0.3606837606837607,0.5133089133089133,0.20146520146520147,0.2515262515262515,0.17875457875457876
0.16166056166056167,0.31697191697191696,0.47277167277167276,0.43272283272283274,0.34163614163614164,0.4517704517704518,0.22393162393162394,0.16336996336996337,0.29987789987789987,0.3963369963369963,0.3672771672771673,0.3277167277167277,0.3291819291819292,0.38803418803418804,0.44542124542124545,0.4827838827838828,0.6393162393162393,0.2515262515262515,0.19829059829059828,0.608058608058608,0.2647130647130647,0.3155067155067155,0.5609279609279609,0.14065934065934066,0.43345543345543347,0.2595848595848596,0.4954822954822955,0.378021978021978,0.18363858363858365,0.3343101343101343,0.32332112332112334,0.15482295482295483,0.42295482295482295,0.18803418803418803,0.3963369963369963,0.22295482295482297,0.6783882783882784,0.1838827838827839,0.2737484737484738,0.4236874236874237,0.2612942612942613,0.7120879120879121,0.26544566544566545,0.6068376068376068,0.6884004884004884,0.12698412698412698,0.23614163614163614,0.525030525030525,0.7611721611721611,0.09768009768009768,0.08571428571428572,0.6236874236874237,0.08205128205128205,0.11477411477411477,0.34847374847374846,0.7352869352869353,0.2605616605616606,0.05445665445665446,0.45567765567765567,0.3316239316239316,0.13675213675213677,0.18046398046398046,0.32625152625152626,0.13724053724053725,0.5584859584859585,0.13724053724053725,0.3978021978021978,0.6415140415140416,0.12551892551892552,0.6798534798534799,0.5477411477411478,0.14383394383394382,0.6385836385836385,0.31746031746031744,0.4,0.5242979242979243,0.2231990231990232,0.24395604395604395,0.17533577533577532
0.14822954822954823,0.306959706959707,0.45787545787545786,0.4244200244200244,0.33186813186813185,0.4415140415140415,0.21611721611721613,0.15604395604395604,0.29816849816849816,0.4332112332112332,0.3536019536019536,0.31697191697191696,0.3203907203907204,0.3785103785103785,0.4312576312576313,0.46984126984126984,0.6385836385836385,0.24346764346764346,0.19194139194139195,0.6207570207570208,0.25347985347985347,0.3035409035409035,0.5714285714285714,0.13846153846153847,0.4673992673992674,0.25396825396825395,0.513064713064713,0.40512820512820513,0.19462759462759463,0.3225885225885226,0.31135531135531136,0.1492063492063492,0.4608058608058608,0.19413919413919414,0.3865689865689866,0.21587301587301588,0.6996336996336996,0.17655677655677657,0.2661782661782662,0.4537240537240537,0.24981684981684982,0.7023199023199023,0.30158730158730157,0.5858363858363859,0.6761904761904762,0.12527472527472527,0.23101343101343103,0.5431013431013431,0.7658119658119659,0.09572649572649573,0.08376068376068375,0.6358974358974359,0.08180708180708181,0.11404151404151404,0.3367521367521368,0.7286935286935287,0.2515262515262515,0.060805860805860805,0.44126984126984126,0.32112332112332115,0.1343101343101343,0.17582417582417584,0.31697191697191696,0.13577533577533576,0.5411477411477411,0.13382173382173382,0.38534798534798537,0.6351648351648351,0.12405372405372406,0.6586080586080586,0.5431013431013431,0.13992673992673993,0.6288156288156288,0.30622710622710625,0.43174603174603177,0.5318681318681319,0.25445665445665444,0.2358974358974359,0.17216117216117216
0.13504273504273503,0.29865689865689865,0.4424908424908425,0.4163614163614164,0.3221001221001221,0.4312576312576313,0.20854700854700856,0.1492063492063492,0.2989010989010989,0.4686202686202686,0.3396825396825397,0.3064713064713065,0.3115995115995116,0.3724053724053724,0.4163614163614164,0.4568986568986569,0.6351648351648351,0.23565323565323565,0.18608058608058609,0.6302808302808303,0.2442002442002442,0.29181929181929184,0.57997557997558,0.136996336996337,0.4981684981684982,0.24932844932844933,0.5294261294261294,0.4307692307692308,0.210989010989011,0.31062271062271063,0.2993894993894994,0.14358974358974358,0.4932844932844933,0.20415140415140415,0.3768009768009768,0.2087912087912088,0.717948717948718,0.16947496947496948,0.2583638583638584,0.4810744810744811,0.23833943833943835,0.6898656898656899,0.3396825396825397,0.567032967032967,0.6617826617826618,0.12307692307692308,0.22612942612942613,0.5587301587301587,0.7672771672771673,0.09352869352869353,0.08302808302808302,0.6478632478632479,0.08131868131868132,0.11306471306471307,0.3247863247863248,0.7194139194139194,0.24297924297924298,0.07252747252747253,0.42637362637362636,0.31062271062271063,0.13382173382173382,0.17094017094017094,0.3089133089133089,0.13382173382173382,0.5238095238095238,0.13064713064713065,0.3738705738705739,0.6266178266178266,0.12161172161172161,0.6383394383394383,0.535042735042735,0.13626373626373625,0.6166056166056166,0.294993894993895,0.45836385836385835,0.5389499389499389,0.29474969474969476,0.22808302808302808,0.168986568986569
0.12454212454212454,0.2910866910866911,0.4275946275946276,0.40854700854700854,0.3120879120879121,0.4214896214896215,0.20146520146520147,0.14407814407814407,0.3013431013431013,0.5023199023199023,0.32576312576312577,0.2967032967032967,0.30305250305250303,0.36288156288156287,0.4017094017094017,0.44395604395604393,0.6295482295482295,0.22857142857142856,0.18021978021978022,0.6371184371184371,0.23614163614163614,0.2796092796092796,0.5865689865689866,0.13626373626373625,0.5221001221001221,0.2437118437118437,0.5448107448107448,0.4547008547008547,0.23223443223443224,0.29914529914529914,0.2879120879120879,0.13968253968253969,0.5272283272283272,0.21953601953601953,0.367032967032967,0.20195360195360196,0.7335775335775335,0.16312576312576313,0.2507936507936508,0.505982905982906,0.22735042735042735,0.6747252747252748,0.3785103785103785,0.5496947496947497,0.6451770451770452,0.12112332112332112,0.22148962148962148,0.5714285714285714,0.7658119658119659,0.09157509157509157,0.08302808302808302,0.6586080586080586,0.08083028083028083,0.11233211233211234,0.31306471306471306,0.708913308913309,0.2354090354090354,0.09084249084249084,0.41196581196581195,0.3001221001221001,0.1365079365079365,0.1663003663003663,0.30158730158730157,0.13235653235653236,0.5076923076923077,0.12747252747252746,0.36288156288156287,0.6161172161172161,0.11892551892551892,0.6183150183150183,0.5247863247863248,0.13235653235653236,0.6024420024420024,0.2857142857142857,0.48424908424908425,0.5443223443223443,0.34163614163614164,0.22026862026862026,0.16605616605616605
0.11575091575091576,0.283028083028083,0.4134310134310134,0.4004884004884005,0.30207570207570206,0.41196581196581195,0.19462759462759463,0.13992673992673993,0.30622710622710625,0.5340659340659341,0.31184371184371185,0.2874236874236874,0.29572649572649573,0.35311355311355314,0.3865689865689866,0.4315018315018315,0.6217338217338217,0.22148962148962148,0.1746031746031746,0.64004884004884,0.22735042735042735,0.2678876678876679,0.5907203907203907,0.13675213675213677,0.5413919413919414,0.23809523809523808,0.5584859584859585,0.47619047619047616,0.2576312576312576,0.28815628815628813,0.2783882783882784,0.13724053724053725,0.5601953601953602,0.24004884004884006,0.35946275946275946,0.19511599511599512,0.746031746031746,0.15824175824175823,0.24346764346764346,0.527960927960928,0.21684981684981686,0.6576312576312576,0.41196581196581195,0.5316239316239316,0.6275946275946276,0.11892551892551892,0.2170940170940171,0.5814407814407815,0.7611721611721611,0.09084249084249084,0.0822954822954823,0.6671550671550671,0.08131868131868132,0.1115995115995116,0.3032967032967033,0.6964590964590964,0.2288156288156288,0.11648351648351649,0.3978021978021978,0.28913308913308916,0.14334554334554334,0.16312576312576313,0.2932844932844933,0.1308913308913309,0.4925518925518926,0.12454212454212454,0.35262515262515265,0.6031746031746031,0.115995115995116,0.5995115995115995,0.5123321123321123,0.12869352869352868,0.5868131868131868,0.2774114774114774,0.5081807081807082,0.5474969474969476,0.3934065934065934,0.2126984126984127,0.16312576312576313
0.10525030525030525,0.27472527472527475,0.3992673992673993,0.39267399267399267,0.29181929181929184,0.40244200244200246,0.1894993894993895,0.13504273504273503,0.3133089133089133,0.5631257631257631,0.29816849816849816,0.2796092796092796,0.28888888888888886,0.346031746031746,0.37191697191697193,0.4197802197802198,0.6117216117216118,0.21465201465201464,0.1706959706959707,0.64004884004884,0.21831501831501832,0.25665445665445663,0.5924297924297924,0.13943833943833944,0.5609279609279609,0.23272283272283273,0.5699633699633699,0.494993894993895,0.28595848595848594,0.2774114774114774,0.2703296703296703,0.1343101343101343,0.590964590964591,0.2656898656898657,0.3528693528693529,0.18876678876678876,0.755067155067155,0.15482295482295483,0.2358974358974359,0.5477411477411478,0.2061050061050061,0.6398046398046398,0.442002442002442,0.5142857142857142,0.6092796092796092,0.11672771672771673,0.2126984126984127,0.5882783882783883,0.7533577533577533,0.09084249084249084,0.08205128205128205,0.6737484737484738,0.08351648351648351,0.11184371184371185,0.2945054945054945,0.6818070818070818,0.2231990231990232,0.14822954822954823,0.38363858363858366,0.2783882783882784,0.15335775335775337,0.1606837606837607,0.2844932844932845,0.12869352869352868,0.47814407814407817,0.12161172161172161,0.3431013431013431,0.588034188034188,0.11282051282051282,0.5811965811965812,0.4981684981684982,0.126007326007326,0.5711843711843712,0.2678876678876679,0.528937728937729,0.5484737484737485,0.4473748473748474,0.2056166056166056,0.16092796092796094
0.09352869352869353,0.26666666666666666,0.3851037851037851,0.3851037851037851,0.2818070818070818,0.40512820512820513,0.18534798534798536,0.12991452991452992,0.32161172161172163,0.58998778998779,0.2852258852258852,0.27277167277167275,0.2810744810744811,0.337973137973138,0.3572649572649573,0.40805860805860805,0.5997557997557997,0.2083028083028083,0.1675213675213675,0.6385836385836385,0.20903540903540904,0.24566544566544565,0.5912087912087912,0.14505494505494507,0.5792429792429793,0.22735042735042735,0.5792429792429793,0.5115995115995116,0.3162393162393162,0.26837606837606837,0.26105006105006107,0.13235653235653236,0.6188034188034188,0.29572649572649573,0.34456654456654456,0.18217338217338216,0.7592185592185592,0.15067155067155066,0.22905982905982905,0.5653235653235653,0.1960927960927961,0.6224664224664225,0.473992673992674,0.4976800976800977,0.5907203907203907,0.11428571428571428,0.2087912087912088,0.5921855921855922,0.7433455433455434,0.09010989010989011,0.08351648351648351,0.6774114774114774,0.08986568986568987,0.11257631257631258,0.2844932844932845,0.6659340659340659,0.21855921855921856,0.18583638583638584,0.36971916971916974,0.26764346764346764,0.16727716727716727,0.157997557997558,0.2754578754578755,0.12698412698412698,0.4644688644688645,0.11892551892551892,0.3343101343101343,0.5716727716727716,0.10964590964590964,0.5631257631257631,0.4832722832722833,0.12576312576312576,0.5557997557997558,0.25811965811965815,0.546031746031746,0.5470085470085471,0.5008547008547009,0.19877899877899877,0.15995115995115994
0.08180708180708181,0.25860805860805863,0.3711843711843712,0.37777777777777777,0.2713064713064713,0.4134310134310134,0.18144078144078143,0.12503052503052503,0.3304029304029304,0.6144078144078144,0.2744810744810745,0.26544566544566545,0.27350427350427353,0.326984126984127,0.34285714285714286,0.3973137973137973,0.5865689865689866,0.20317460317460317,0.16385836385836386,0.6346764346764346,0.20024420024420025,0.2354090354090354,0.5873015873015873,0.1540903540903541,0.5953601953601954,0.22246642246642245,0.5855921855921856,0.5257631257631258,0.34725274725274724,0.2608058608058608,0.2512820512820513,0.1330891330891331,0.6437118437118438,0.3282051282051282,0.33577533577533575,0.17606837606837608,0.7597069597069597,0.14627594627594628,0.22271062271062272,0.5807081807081808,0.18656898656898657,0.6056166056166056,0.505006105006105,0.4818070818070818,0.5726495726495726,0.11233211233211234,0.20537240537240536,0.5929181929181929,0.7308913308913308,0.08888888888888889,0.08888888888888889,0.6786324786324787,0.10183150183150183,0.11257631257631258,0.2744810744810745,0.6485958485958486,0.21416361416361415,0.2271062271062271,0.3562881562881563,0.2583638583638584,0.1877899877899878,0.15604395604395604,0.2669108669108669,0.12576312576312576,0.45152625152625153,0.115995115995116,0.32673992673992674,0.5543345543345544,0.10671550671550671,0.5455433455433455,0.4678876678876679,0.12844932844932844,0.5389499389499389,0.24835164835164836,0.5594627594627595,0.5428571428571428,0.5516483516483517,0.1921855921855922,0.16117216117216118
0.06935286935286936,0.25103785103785103,0.3572649572649573,0.37045177045177047,0.2612942612942613,0.41318681318681316,0.17802197802197803,0.1203907203907204,0.33894993894993897,0.6327228327228327,0.26495726495726496,0.2578754578754579,0.2656898656898657,0.315018315018315,0.3286935286935287,0.38632478632478634,0.5736263736263736,0.199023199023199,0.15995115995115994,0.6285714285714286,0.1916971916971917,0.2253968253968254,0.580952380952381,0.16507936507936508,0.6095238095238096,0.2175824175824176,0.5894993894993895,0.5372405372405372,0.3738705738705739,0.252014652014652,0.24151404151404152,0.13797313797313798,0.6659340659340659,0.36166056166056165,0.32673992673992674,0.1711843711843712,0.7582417582417582,0.14212454212454212,0.21636141636141637,0.5936507936507937,0.178998778998779,0.5882783882783883,0.5345543345543345,0.4666666666666667,0.5553113553113553,0.11013431013431013,0.20195360195360196,0.590964590964591,0.7164835164835165,0.08742368742368742,0.09963369963369964,0.6766788766788767,0.12234432234432234,0.11233211233211234,0.263980463980464,0.6305250305250305,0.21001221001221002,0.2703296703296703,0.3426129426129426,0.25054945054945055,0.21465201465201464,0.15555555555555556,0.25860805860805863,0.1242979242979243,0.4388278388278388,0.11330891330891331,0.31916971916971915,0.5365079365079365,0.10329670329670329,0.5284493284493285,0.45225885225885226,0.1343101343101343,0.5216117216117216,0.23882783882783884,0.5694749694749695,0.536019536019536,0.5982905982905983,0.18632478632478633,0.16483516483516483
0.0568986568986569,0.24395604395604395,0.3431013431013431,0.3626373626373626,0.25347985347985347,0.4087912087912088,0.17655677655677657,0.11672771672771673,0.347008547008547,0.6471306471306472,0.2542124542124542,0.25054945054945055,0.25860805860805863,0.30500610500610503,0.31477411477411477,0.3755799755799756,0.5604395604395604,0.19365079365079366,0.1562881562881563,0.6195360195360196,0.18363858363858365,0.21562881562881564,0.5724053724053724,0.17826617826617827,0.6217338217338217,0.2126984126984127,0.5904761904761905,0.5462759462759462,0.3978021978021978,0.24273504273504273,0.23247863247863249,0.147985347985348,0.6854700854700855,0.39536019536019534,0.31746031746031744,0.1675213675213675,0.7543345543345543,0.13821733821733823,0.21025641025641026,0.6046398046398046,0.1724053724053724,0.5709401709401709,0.5623931623931624,0.45225885225885226,0.5387057387057387,0.10818070818070818,0.19975579975579977,0.5863247863247864,0.7001221001221001,0.08595848595848596,0.11746031746031746,0.6715506715506715,0.1523809523809524,0.11184371184371185,0.25396825396825395,0.611965811965812,0.2056166056166056,0.3133089133089133,0.3308913308913309,0.24126984126984127,0.2468864468864469,0.15775335775335775,0.2507936507936508,0.12258852258852258,0.42637362637362636,0.11184371184371185,0.31135531135531136,0.518925518925519,0.09987789987789988,0.5111111111111111,0.43833943833943834,0.14505494505494507,0.504029304029304,0.22979242979242978,0.576068376068376,0.526984126984127,0.64004884004884,0.18168498168498168,0.17582417582417584
0.045177045177045176,0.23736263736263735,0.3286935286935287,0.3550671550671551,0.24664224664224665,0.400976800976801,0.17826617826617827,0.11428571428571428,0.35384615384615387,0.6625152625152625,0.24346764346764346,0.24297924297924298,0.252991452991453,0.29816849816849816,0.30158730158730157,0.3663003663003663,0.5467643467643467,0.18803418803418803,0.15262515262515264,0.608058608058608,0.17606837606837608,0.20634920634920634,0.5623931623931624,0.19633699633699633,0.6315018315018315,0.20757020757020758,0.5885225885225885,0.5516483516483517,0.4231990231990232,0.2336996336996337,0.2231990231990232,0.16361416361416362,0.7023199023199023,0.4275946275946276,0.3098901098901099,0.16263736263736264,0.7472527472527473,0.1343101343101343,0.2043956043956044,0.6112332112332113,0.16532356532356532,0.5538461538461539,0.5877899877899878,0.43833943833943834,0.5230769230769231,0.10598290598290598,0.1978021978021978,0.5792429792429793,0.6827838827838828,0.0844932844932845,0.14358974358974358,0.6634920634920635,0.1921855921855922,0.1115995115995116,0.2442002442002442,0.5934065934065934,0.20122100122100123,0.35018315018315016,0.3201465201465201,0.2315018315018315,0.28253968253968254,0.16336996336996337,0.2424908424908425,0.12136752136752137,0.41514041514041516,0.11135531135531136,0.3032967032967033,0.5018315018315018,0.09645909645909646,0.49401709401709404,0.4256410256410256,0.16214896214896216,0.4874236874236874,0.221001221001221,0.5794871794871795,0.5157509157509158,0.6766788766788767,0.17777777777777778,0.19462759462759463
0.03418803418803419,0.23223443223443224,0.31404151404151404,0.3482295482295482,0.23882783882783884,0.39194139194139194,0.1838827838827839,0.1137973137973138,0.3592185592185592,0.6766788766788767,0.23272283272283273,0.2358974358974359,0.24957264957264957,0.29084249084249086,0.28888888888888886,0.35775335775335776,0.5328449328449328,0.1829059829059829,0.14896214896214896,0.5948717948717949,0.16727716727716727,0.19755799755799755,0.5514041514041514,0.21831501831501832,0.6388278388278388,0.2026862026862027,0.5836385836385837,0.5540903540903541,0.4481074481074481,0.22515262515262516,0.21465201465201464,0.18583638583638584,0.7162393162393162,0.45787545787545786,0.30305250305250303,0.15775335775335775,0.7372405372405373,0.13064713064713065,0.2,0.6148962148962149,0.15775335775335775,0.5372405372405372,0.6107448107448108,0.42466422466422465,0.5079365079365079,0.10525030525030525,0.1956043956043956,0.5699633699633699,0.6644688644688644,0.08571428571428572,0.17753357753357754,0.652991452991453,0.2336996336996337,0.11135531135531136,0.23467643467643468,0.5753357753357753,0.19633699633699633,0.3824175824175824,0.3086691086691087,0.22197802197802197,0.3199023199023199,0.17362637362637362,0.23443223443223443,0.1203907203907204,0.4048840048840049,0.10989010989010989,0.29523809523809524,0.4852258852258852,0.09352869352869353,0.47912087912087914,0.4129426129426129,0.18656898656898657,0.4713064713064713,0.2126984126984127,0.5797313797313798,0.5023199023199023,0.7040293040293041,0.17338217338217338,0.21831501831501832
0.02442002442002442,0.22857142857142856,0.29914529914529914,0.34163614163614164,0.23101343101343103,0.3819291819291819,0.19413919413919414,0.11648351648351649,0.3623931623931624,0.6884004884004884,0.22246642246642245,0.2288156288156288,0.2485958485958486,0.2818070818070818,0.2783882783882784,0.34847374847374846,0.5191697191697192,0.17753357753357754,0.1452991452991453,0.57997557997558,0.15946275946275945,0.19096459096459095,0.5387057387057387,0.24273504273504273,0.6434676434676435,0.19755799755799755,0.576068376068376,0.5553113553113553,0.47106227106227105,0.21636141636141637,0.20683760683760682,0.21416361416361415,0.7277167277167277,0.48205128205128206,0.29523809523809524,0.15262515262515264,0.7245421245421245,0.12698412698412698,0.1960927960927961,0.6175824175824176,0.15042735042735042,0.5213675213675214,0.631013431013431,0.41098901098901097,0.49352869352869355,0.10476190476190476,0.19291819291819293,0.5584859584859585,0.645909645909646,0.08791208791208792,0.21904761904761905,0.6398046398046398,0.2778998778998779,0.1111111111111111,0.2258852258852259,0.557997557997558,0.19291819291819293,0.41611721611721614,0.2967032967032967,0.21318681318681318,0.3572649572649573,0.18925518925518925,0.2271062271062271,0.11941391941391942,0.3934065934065934,0.1076923076923077,0.2869352869352869,0.4695970695970696,0.09255189255189256,0.4652014652014652,0.40024420024420027,0.21782661782661783,0.45616605616605616,0.20488400488400488,0.5768009768009768,0.4891330891330891,0.725030525030525,0.16825396825396827,0.24786324786324787
0.016605616605616606,0.2275946275946276,0.2862026862026862,0.33406593406593404,0.22295482295482297,0.37142857142857144,0.20903540903540904,0.12258852258852258,0.36336996336996336,0.6971916971916972,0.21245421245421245,0.22197802197802197,0.25103785103785103,0.2744810744810745,0.26935286935286934,0.33943833943833945,0.5054945054945055,0.17264957264957265,0.14236874236874236,0.5643467643467643,0.1540903540903541,0.18583638583638584,0.525030525030525,0.26837606837606837,0.6456654456654457,0.19267399267399268,0.567032967032967,0.5540903540903541,0.4918192918192918,0.2083028083028083,0.199023199023199,0.24713064713064714,0.7362637362637363,0.5023199023199023,0.2874236874236874,0.14774114774114774,0.7094017094017094,0.12405372405372406,0.1916971916971917,0.6183150183150183,0.14285714285714285,0.505982905982906,0.6488400488400489,0.39755799755799753,0.4805860805860806,0.10354090354090355,0.18998778998778998,0.5452991452991452,0.6275946275946276,0.0884004884004884,0.2664224664224664,0.6251526251526252,0.3326007326007326,0.1111111111111111,0.2175824175824176,0.5411477411477411,0.1894993894993895,0.4481074481074481,0.28498168498168497,0.20463980463980463,0.3934065934065934,0.21001221001221002,0.22002442002442002,0.11941391941391942,0.38168498168498166,0.10622710622710622,0.2788766788766789,0.4547008547008547,0.09304029304029304,0.45006105006105007,0.38803418803418804,0.2554334554334554,0.4424908424908425,0.19755799755799755,0.5706959706959707,0.47545787545787543,0.746031746031746,0.16361416361416362,0.28253968253968254
0.010012210012210013,0.22905982905982905,0.273992673992674,0.32576312576312577,0.2148962148962149,0.3609279609279609,0.22954822954822954,0.13357753357753357,0.3623931623931624,0.7032967032967034,0.2026862026862027,0.2153846153846154,0.2568986568986569,0.2678876678876679,0.25934065934065936,0.33015873015873015,0.4925518925518926,0.16825396825396827,0.13943833943833944,0.5482295482295483,0.15848595848595848,0.17997557997557997,0.5108669108669108,0.29474969474969476,0.6446886446886447,0.189010989010989,0.5555555555555556,0.5504273504273505,0.5101343101343101,0.2004884004884005,0.19194139194139195,0.2835164835164835,0.7404151404151404,0.5233211233211233,0.27936507936507937,0.1426129426129426,0.6925518925518925,0.12136752136752137,0.1873015873015873,0.6168498168498169,0.13577533577533576,0.4913308913308913,0.6634920634920635,0.3855921855921856,0.4686202686202686,0.10183150183150183,0.18705738705738706,0.5306471306471306,0.6097680097680098,0.08742368742368742,0.31062271062271063,0.6097680097680098,0.3924297924297924,0.11184371184371185,0.21001221001221002,0.5252747252747253,0.18461538461538463,0.4771672771672772,0.27326007326007323,0.1960927960927961,0.42735042735042733,0.2354090354090354,0.21294261294261294,0.11965811965811966,0.36971916971916974,0.10622710622710622,0.27057387057387056,0.44175824175824174,0.09426129426129426,0.4346764346764347,0.3763125763125763,0.29743589743589743,0.4288156288156288,0.1907203907203907,0.5623931623931624,0.46007326007326005,0.7648351648351648,0.15897435897435896,0.3213675213675214
0.005372405372405372,0.23321123321123322,0.2600732600732601,0.3172161172161172,0.20732600732600734,0.3499389499389499,0.25445665445665444,0.1496947496947497,0.3597069597069597,0.7062271062271063,0.1934065934065934,0.2087912087912088,0.2664224664224664,0.26105006105006107,0.2490842490842491,0.32112332112332115,0.4805860805860806,0.1641025641025641,0.13675213675213677,0.5321123321123321,0.16825396825396827,0.17362637362637362,0.49645909645909647,0.3203907203907204,0.6407814407814408,0.18632478632478633,0.5418803418803418,0.5443223443223443,0.5257631257631258,0.19316239316239317,0.1851037851037851,0.31648351648351647,0.7409035409035409,0.5433455433455433,0.2717948717948718,0.13797313797313798,0.6744810744810745,0.11965811965811966,0.1829059829059829,0.6122100122100123,0.1291819291819292,0.4776556776556777,0.6754578754578755,0.37484737484737485,0.45616605616605616,0.10012210012210013,0.1838827838827839,0.5157509157509158,0.5926739926739927,0.0862026862026862,0.3528693528693529,0.5926739926739927,0.45396825396825397,0.11452991452991453,0.20293040293040293,0.5115995115995116,0.178998778998779,0.503052503052503,0.2617826617826618,0.18803418803418803,0.45836385836385835,0.26495726495726496,0.20757020757020758,0.11892551892551892,0.35775335775335776,0.10915750915750916,0.26202686202686204,0.43003663003663006,0.09816849816849817,0.4192918192918193,0.36507936507936506,0.3418803418803419,0.41611721611721614,0.18583638583638584,0.5518925518925519,0.44395604395604393,0.7814407814407814,0.15433455433455434,0.3623931623931624
0.003907203907203907,0.24102564102564103,0.2454212454212454,0.3086691086691087,0.2,0.3384615384615385,0.28327228327228327,0.16776556776556775,0.3553113553113553,0.7054945054945055,0.18461538461538463,0.2026862026862027,0.27692307692307694,0.2542124542124542,0.2385836385836386,0.31184371184371185,0.4686202686202686,0.16043956043956045,0.1347985347985348,0.5177045177045178,0.17264957264957265,0.16727716727716727,0.48205128205128206,0.34505494505494505,0.6344322344322344,0.18315018315018314,0.5272283272283272,0.536019536019536,0.5389499389499389,0.18608058608058609,0.178998778998779,0.34725274725274724,0.7401709401709402,0.5623931623931624,0.26422466422466423,0.13357753357753357,0.6561660561660562,0.11965811965811966,0.17826617826617827,0.6048840048840048,0.12283272283272283,0.46422466422466424,0.6827838827838828,0.3626373626373626,0.44395604395604393,0.09865689865689865,0.18095238095238095,0.5006105006105006,0.5768009768009768,0.08595848595848596,0.4004884004884005,0.5743589743589743,0.5137973137973137,0.1203907203907204,0.19755799755799755,0.4984126984126984,0.17264957264957265,0.5252747252747253,0.2507936507936508,0.18046398046398046,0.4862026862026862,0.2923076923076923,0.20317460317460317,0.11819291819291819,0.3452991452991453,0.11672771672771673,0.2537240537240537,0.41782661782661784,0.10622710622710622,0.4039072039072039,0.35433455433455435,0.3873015873015873,0.4039072039072039,0.18168498168498168,0.5387057387057387,0.4278388278388278,0.7951159951159951,0.14993894993894993,0.40366300366300367
0.004395604395604396,0.25225885225885225,0.23003663003663002,0.3001221001221001,0.19316239316239317,0.32722832722832723,0.31013431013431014,0.18803418803418803,0.3492063492063492,0.7018315018315018,0.17606837606837608,0.19633699633699633,0.28888888888888886,0.24737484737484738,0.22857142857142856,0.30305250305250303,0.45738705738705737,0.15702075702075702,0.1326007326007326,0.5045177045177045,0.17606837606837608,0.1606837606837607,0.46813186813186813,0.3677655677655678,0.6256410256410256,0.18021978021978022,0.5115995115995116,0.5252747252747253,0.5492063492063493,0.1794871794871795,0.1746031746031746,0.3811965811965812,0.7365079365079366,0.5794871794871795,0.2571428571428571,0.12942612942612944,0.6376068376068376,0.12185592185592185,0.17387057387057386,0.5948717948717949,0.11697191697191697,0.45103785103785105,0.6864468864468865,0.3499389499389499,0.4315018315018315,0.09743589743589744,0.17802197802197803,0.4857142857142857,0.5614163614163614,0.08644688644688645,0.4490842490842491,0.5557997557997558,0.5702075702075702,0.13113553113553114,0.19316239316239317,0.48547008547008547,0.1663003663003663,0.5443223443223443,0.24004884004884006,0.17313797313797313,0.5106227106227106,0.3189255189255189,0.1978021978021978,0.11697191697191697,0.33308913308913307,0.12991452991452992,0.2459096459096459,0.4056166056166056,0.1199023199023199,0.3894993894993895,0.3443223443223443,0.4312576312576313,0.39365079365079364,0.17655677655677657,0.5233211233211233,0.4122100122100122,0.8056166056166056,0.1457875457875458,0.4442002442002442
0.005372405372405372,0.26666666666666666,0.2148962148962149,0.29181929181929184,0.18656898656898657,0.31648351648351647,0.33650793650793653,0.2139194139194139,0.3413919413919414,0.6945054945054945,0.16800976800976802,0.19194139194139195,0.30378510378510376,0.24102564102564103,0.2188034188034188,0.2945054945054945,0.4461538461538462,0.15384615384615385,0.13162393162393163,0.49108669108669106,0.18144078144078143,0.1540903540903541,0.4547008547008547,0.38803418803418804,0.613919413919414,0.17875457875457876,0.4954822954822955,0.513064713064713,0.557020757020757,0.17362637362637362,0.17094017094017094,0.41514041514041516,0.7301587301587301,0.5943833943833944,0.2507936507936508,0.12527472527472527,0.6205128205128205,0.12698412698412698,0.16947496947496948,0.5821733821733822,0.11135531135531136,0.43833943833943834,0.6884004884004884,0.33724053724053726,0.4192918192918193,0.09645909645909646,0.17533577533577532,0.47155067155067154,0.5467643467643467,0.08742368742368742,0.49645909645909647,0.5374847374847375,0.621978021978022,0.14505494505494507,0.18803418803418803,0.47277167277167276,0.15946275946275945,0.55995115995116,0.22979242979242978,0.16605616605616605,0.528937728937729,0.3492063492063492,0.19194139194139195,0.11575091575091576,0.3213675213675214,0.15067155067155066,0.23833943833943835,0.3934065934065934,0.13992673992673993,0.3755799755799756,0.33406593406593404,0.47277167277167276,0.38412698412698415,0.1711843711843712,0.505982905982906,0.39755799755799753,0.8134310134310134,0.14212454212454212,0.4822954822954823
0.00757020757020757,0.2835164835164835,0.20024420024420025,0.284004884004884,0.1807081807081807,0.3072039072039072,0.3663003663003663,0.24273504273504273,0.33235653235653234,0.684004884004884,0.16214896214896216,0.18852258852258852,0.32112332112332115,0.23443223443223443,0.20976800976800977,0.28595848595848594,0.4354090354090354,0.15213675213675212,0.13137973137973138,0.47814407814407817,0.19706959706959706,0.14774114774114774,0.44175824175824174,0.40634920634920635,0.6,0.1794871794871795,0.47985347985347987,0.49914529914529915,0.5616605616605617,0.16923076923076924,0.16678876678876678,0.44761904761904764,0.7203907203907204,0.6075702075702075,0.24444444444444444,0.12112332112332112,0.6041514041514041,0.13528693528693528,0.16532356532356532,0.5675213675213675,0.10573870573870574,0.4271062271062271,0.6881562881562882,0.3247863247863248,0.4070818070818071,0.09645909645909646,0.17264957264957265,0.4581196581196581,0.5333333333333333,0.09010989010989011,0.5404151404151404,0.5199023199023199,0.6686202686202686,0.16336996336996337,0.1824175824175824,0.4603174603174603,0.15262515262515264,0.5726495726495726,0.22026862026862026,0.15897435897435896,0.5428571428571428,0.3797313797313797,0.18632478632478633,0.11452991452991453,0.305982905982906,0.178998778998779,0.23223443223443224,0.3811965811965812,0.16654456654456654,0.36214896214896214,0.32405372405372407,0.5062271062271062,0.3741147741147741,0.16556776556776556,0.48766788766788766,0.3838827838827839,0.818070818070818,0.13846153846153847,0.5125763125763125
0.011721611721611722,0.3023199023199023,0.18632478632478633,0.2766788766788767,0.17533577533577532,0.30036630036630035,0.39755799755799753,0.273992673992674,0.3225885225885226,0.6703296703296703,0.1575091575091575,0.18485958485958487,0.3387057387057387,0.22832722832722832,0.20122100122100123,0.27692307692307694,0.4244200244200244,0.1514041514041514,0.13015873015873017,0.4652014652014652,0.2148962148962149,0.14114774114774115,0.4293040293040293,0.4227106227106227,0.5838827838827839,0.1838827838827839,0.46495726495726497,0.48424908424908425,0.5636141636141636,0.16605616605616605,0.1623931623931624,0.4778998778998779,0.707936507936508,0.6183150183150183,0.2385836385836386,0.11868131868131868,0.588034188034188,0.147985347985348,0.16166056166056167,0.5518925518925519,0.10183150183150183,0.4166056166056166,0.684981684981685,0.31306471306471306,0.39487179487179486,0.09914529914529914,0.16971916971916973,0.4461538461538462,0.5208791208791209,0.09597069597069598,0.5807081807081808,0.503052503052503,0.7103785103785104,0.19023199023199022,0.1768009768009768,0.4481074481074481,0.14627594627594628,0.5821733821733822,0.21123321123321123,0.15384615384615385,0.5565323565323566,0.4095238095238095,0.18095238095238095,0.11330891330891331,0.28962148962148965,0.2148962148962149,0.22686202686202686,0.3694749694749695,0.19975579975579977,0.3492063492063492,0.31404151404151404,0.5343101343101343,0.3636141636141636,0.16043956043956045,0.4686202686202686,0.3711843711843712,0.8195360195360195,0.13504273504273503,0.5377289377289377
0.01855921855921856,0.3221001221001221,0.17338217338217338,0.2695970695970696,0.17045177045177046,0.2967032967032967,0.42857142857142855,0.305982905982906,0.3120879120879121,0.6556776556776557,0.15189255189255188,0.1824175824175824,0.3562881562881563,0.22197802197802197,0.19291819291819293,0.26837606837606837,0.4148962148962149,0.1514041514041514,0.12869352869352868,0.4525030525030525,0.2315018315018315,0.13504273504273503,0.41733821733821735,0.4346764346764347,0.566056166056166,0.19267399267399268,0.4507936507936508,0.4695970695970696,0.5619047619047619,0.1619047619047619,0.157997557997558,0.505006105006105,0.6927960927960928,0.6273504273504273,0.2336996336996337,0.11965811965811966,0.5721611721611721,0.16532356532356532,0.15775335775335775,0.5357753357753358,0.09865689865689865,0.40512820512820513,0.6781440781440782,0.30158730158730157,0.3824175824175824,0.10573870573870574,0.16678876678876678,0.4358974358974359,0.5081807081807082,0.10671550671550671,0.6166056166056166,0.4869352869352869,0.747008547008547,0.22466422466422467,0.17167277167277167,0.43614163614163615,0.13968253968253969,0.5882783882783883,0.20415140415140415,0.1496947496947497,0.5684981684981685,0.4376068376068376,0.17582417582417584,0.11257631257631258,0.2774114774114774,0.2512820512820513,0.221001221001221,0.35775335775335776,0.23785103785103784,0.3367521367521368,0.3052503052503053,0.5626373626373626,0.3528693528693529,0.15531135531135531,0.4503052503052503,0.35946275946275946,0.8178266178266178,0.1326007326007326,0.5631257631257631
0.02905982905982906,0.3418803418803419,0.16117216117216118,0.2625152625152625,0.16678876678876678,0.2962148962148962,0.45836385836385835,0.337973137973138,0.3018315018315018,0.6398046398046398,0.1457875457875458,0.1824175824175824,0.3724053724053724,0.21587301587301588,0.18485958485958487,0.2600732600732601,0.40586080586080586,0.15286935286935288,0.12698412698412698,0.43956043956043955,0.25616605616605614,0.12869352869352868,0.40586080586080586,0.4442002442002442,0.5474969474969476,0.20634920634920634,0.4371184371184371,0.4547008547008547,0.5584859584859585,0.15702075702075702,0.1536019536019536,0.5291819291819292,0.6752136752136753,0.6336996336996337,0.22979242979242978,0.12161172161172161,0.5565323565323566,0.1877899877899878,0.15384615384615385,0.5203907203907204,0.0945054945054945,0.39267399267399267,0.6681318681318681,0.2905982905982906,0.37045177045177047,0.11721611721611722,0.16507936507936508,0.4253968253968254,0.4954822954822955,0.12307692307692308,0.6485958485958486,0.472039072039072,0.7787545787545788,0.2656898656898657,0.1663003663003663,0.42466422466422465,0.13382173382173382,0.590964590964591,0.1978021978021978,0.14505494505494507,0.5782661782661783,0.46373626373626375,0.1706959706959707,0.1115995115995116,0.2673992673992674,0.28888888888888886,0.2148962148962149,0.346031746031746,0.27912087912087913,0.3247863247863248,0.29743589743589743,0.5892551892551893,0.3426129426129426,0.15042735042735042,0.43272283272283274,0.34847374847374846,0.8126984126984127,0.1308913308913309,0.5870573870573871
0.04371184371184371,0.36166056166056165,0.15042735042735042,0.2568986568986569,0.1645909645909646,0.29987789987789987,0.49523809523809526,0.36923076923076925,0.2920634920634921,0.6214896214896215,0.13968253968253969,0.1851037851037851,0.3868131868131868,0.20976800976800977,0.17753357753357754,0.25347985347985347,0.3960927960927961,0.15702075702075702,0.12503052503052503,0.42686202686202684,0.28644688644688643,0.12283272283272283,0.39536019536019534,0.45396825396825397,0.5286935286935287,0.2258852258852259,0.42417582417582417,0.44175824175824174,0.5526251526251527,0.15213675213675212,0.14945054945054945,0.5504273504273505,0.6556776556776557,0.6376068376068376,0.22832722832722832,0.12356532356532357,0.5411477411477411,0.2144078144078144,0.15042735042735042,0.505982905982906,0.09010989010989011,0.37997557997557996,0.654945054945055,0.28034188034188035,0.35824175824175825,0.1343101343101343,0.16385836385836386,0.41440781440781443,0.4827838827838828,0.14652014652014653,0.6766788766788767,0.45787545787545786,0.8065934065934066,0.3115995115995116,0.16117216117216118,0.41318681318681316,0.12869352869352868,0.58998778998779,0.19047619047619047,0.13992673992673993,0.5853479853479854,0.4869352869352869,0.1663003663003663,0.11037851037851037,0.25982905982905985,0.3333333333333333,0.20903540903540904,0.3347985347985348,0.3218559218559219,0.315018315018315,0.28888888888888886,0.6131868131868132,0.3326007326007326,0.1452991452991453,0.4158730158730159,0.33821733821733824,0.8043956043956044,0.1291819291819292,0.6083028083028083
0.06349206349206349,0.3807081807081807,0.13992673992673993,0.25225885225885225,0.16092796092796094,0.30793650793650795,0.5362637362637362,0.3992673992673993,0.28253968253968254,0.6021978021978022,0.13382173382173382,0.19194139194139195,0.39951159951159954,0.20366300366300366,0.17216117216117216,0.24713064713064714,0.3860805860805861,0.16532356532356532,0.12307692307692308,0.41367521367521365,0.3213675213675214,0.11843711843711843,0.3860805860805861,0.4627594627594628,0.5103785103785103,0.25054945054945055,0.4129426129426129,0.4302808302808303,0.544078144078144,0.14725274725274726,0.14554334554334555,0.5692307692307692,0.6349206349206349,0.6383394383394383,0.2288156288156288,0.12722832722832722,0.526007326007326,0.2442002442002442,0.14774114774114774,0.4908424908424908,0.08571428571428572,0.3672771672771673,0.6398046398046398,0.2698412698412698,0.3465201465201465,0.15384615384615385,0.1619047619047619,0.40341880341880343,0.4700854700854701,0.1768009768009768,0.701098901098901,0.4442002442002442,0.8263736263736263,0.35995115995115995,0.1562881562881563,0.40195360195360197,0.12551892551892552,0.5858363858363859,0.18315018315018314,0.13504273504273503,0.5897435897435898,0.5076923076923077,0.1619047619047619,0.11037851037851037,0.2537240537240537,0.3807081807081807,0.20317460317460317,0.3235653235653236,0.36434676434676433,0.3064713064713065,0.2796092796092796,0.6344322344322344,0.32283272283272285,0.14065934065934066,0.40024420024420027,0.32844932844932845,0.7931623931623931,0.1282051282051282,0.6263736263736264
0.0884004884004884,0.3987789987789988,0.13211233211233211,0.24664224664224665,0.15702075702075702,0.3213675213675214,0.5709401709401709,0.4278388278388278,0.273992673992674,0.5826617826617827,0.12747252747252746,0.20293040293040293,0.41025641025641024,0.19829059829059828,0.16776556776556775,0.2402930402930403,0.37606837606837606,0.17826617826617827,0.12136752136752137,0.400976800976801,0.3584859584859585,0.11477411477411477,0.3755799755799756,0.47057387057387057,0.4925518925518926,0.27912087912087913,0.40293040293040294,0.41855921855921857,0.5330891330891331,0.1426129426129426,0.14212454212454212,0.5851037851037851,0.6134310134310135,0.6358974358974359,0.2315018315018315,0.13504273504273503,0.5111111111111111,0.27643467643467645,0.1457875457875458,0.4757020757020757,0.08156288156288156,0.35482295482295484,0.621978021978022,0.2600732600732601,0.3367521367521368,0.1768009768009768,0.15946275946275945,0.39267399267399267,0.45787545787545786,0.21343101343101342,0.7223443223443223,0.43174603174603177,0.8407814407814408,0.4087912087912088,0.15115995115995115,0.39096459096459096,0.12307692307692308,0.5794871794871795,0.17582417582417584,0.12991452991452992,0.5912087912087912,0.5252747252747253,0.15775335775335775,0.1111111111111111,0.24713064713064714,0.4278388278388278,0.1973137973137973,0.31306471306471306,0.40024420024420027,0.29743589743589743,0.2708180708180708,0.6532356532356532,0.3128205128205128,0.13626373626373625,0.3855921855921856,0.3199023199023199,0.7797313797313797,0.12942612942612944,0.6417582417582418
0.11819291819291819,0.4148962148962149,0.12576312576312576,0.2407814407814408,0.15335775335775337,0.3396825396825397,0.600976800976801,0.4547008547008547,0.2661782661782662,0.5636141636141636,0.12185592185592185,0.21831501831501832,0.4188034188034188,0.19413919413919414,0.1623931623931624,0.23321123321123322,0.3658119658119658,0.19658119658119658,0.11965811965811966,0.3882783882783883,0.3963369963369963,0.11013431013431013,0.36507936507936506,0.4766788766788767,0.4757020757020757,0.30622710622710625,0.3921855921855922,0.4065934065934066,0.5201465201465202,0.13797313797313798,0.13821733821733823,0.5985347985347985,0.5934065934065934,0.6317460317460317,0.23785103785103784,0.147985347985348,0.4967032967032967,0.3094017094017094,0.14358974358974358,0.4610500610500611,0.07741147741147741,0.3418803418803419,0.6031746031746031,0.2507936507936508,0.3274725274725275,0.20683760683760682,0.1575091575091575,0.3824175824175824,0.44542124542124545,0.2549450549450549,0.7404151404151404,0.4205128205128205,0.8556776556776556,0.45567765567765567,0.14652014652014653,0.37997557997557996,0.11965811965811966,0.5699633699633699,0.16874236874236875,0.12527472527472527,0.5897435897435898,0.5406593406593406,0.15384615384615385,0.11135531135531136,0.2402930402930403,0.4725274725274725,0.1916971916971917,0.30427350427350425,0.4307692307692308,0.2879120879120879,0.2617826617826618,0.6691086691086691,0.30305250305250303,0.13211233211233211,0.3738705738705739,0.31184371184371185,0.7631257631257631,0.13382173382173382,0.6542124542124542
0.15213675213675212,0.4278388278388278,0.11868131868131868,0.23443223443223443,0.15067155067155066,0.3614163614163614,0.6273504273504273,0.4796092796092796,0.25982905982905985,0.5445665445665445,0.11648351648351649,0.23785103785103784,0.4249084249084249,0.19023199023199022,0.15677655677655677,0.22612942612942613,0.3562881562881563,0.22026862026862026,0.11794871794871795,0.37533577533577533,0.4288156288156288,0.10476190476190476,0.35433455433455435,0.4810744810744811,0.4603174603174603,0.33284493284493283,0.38168498168498166,0.39536019536019534,0.5054945054945055,0.1330891330891331,0.1343101343101343,0.6092796092796092,0.5746031746031746,0.6256410256410256,0.24786324786324787,0.16678876678876678,0.48253968253968255,0.3426129426129426,0.1413919413919414,0.4468864468864469,0.07423687423687424,0.3291819291819292,0.5833943833943834,0.24297924297924298,0.3177045177045177,0.24102564102564103,0.15555555555555556,0.37216117216117217,0.432967032967033,0.2989010989010989,0.7526251526251526,0.4087912087912088,0.8688644688644689,0.4993894993894994,0.14236874236874236,0.37045177045177047,0.11575091575091576,0.5575091575091575,0.1619047619047619,0.12087912087912088,0.5853479853479854,0.5531135531135531,0.1514041514041514,0.1115995115995116,0.23394383394383395,0.5133089133089133,0.18632478632478633,0.295970695970696,0.46251526251526254,0.2788766788766789,0.25274725274725274,0.6827838827838828,0.29352869352869354,0.12844932844932844,0.3636141636141636,0.3032967032967033,0.7438339438339439,0.1426129426129426,0.663980463980464
0.18485958485958487,0.4385836385836386,0.1111111111111111,0.2288156288156288,0.1496947496947497,0.3860805860805861,0.6503052503052503,0.4993894993894994,0.2549450549450549,0.526984126984127,0.1111111111111111,0.2608058608058608,0.4288156288156288,0.18583638583638584,0.15115995115995115,0.21904761904761905,0.34676434676434675,0.2485958485958486,0.11648351648351649,0.3641025641025641,0.45787545787545786,0.09963369963369964,0.34383394383394383,0.48376068376068376,0.44713064713064715,0.36288156288156287,0.37094017094017095,0.38461538461538464,0.48986568986568985,0.1291819291819292,0.1308913308913309,0.6158730158730159,0.5555555555555556,0.6166056166056166,0.2625152625152625,0.1916971916971917,0.4683760683760684,0.37484737484737485,0.14017094017094017,0.4332112332112332,0.07203907203907203,0.3172161172161172,0.5631257631257631,0.23663003663003662,0.3076923076923077,0.27765567765567767,0.15482295482295483,0.36214896214896214,0.42075702075702076,0.3440781440781441,0.7606837606837606,0.39658119658119656,0.8800976800976801,0.5387057387057387,0.13846153846153847,0.36166056166056165,0.11184371184371185,0.5431013431013431,0.15555555555555556,0.11672771672771673,0.5777777777777777,0.5631257631257631,0.15042735042735042,0.11184371184371185,0.2275946275946276,0.5496947496947497,0.18095238095238095,0.28669108669108667,0.49230769230769234,0.2703296703296703,0.24395604395604395,0.6937728937728938,0.2844932844932845,0.1264957264957265,0.35262515262515265,0.2945054945054945,0.7225885225885226,0.15677655677655677,0.6713064713064713
0.2170940170940171,0.4490842490842491,0.10329670329670329,0.22344322344322345,0.15189255189255188,0.41196581196581195,0.67008547008547,0.5157509157509158,0.24957264957264957,0.5103785103785103,0.10622710622710622,0.2862026862026862,0.4302808302808303,0.18095238095238095,0.14554334554334555,0.21245421245421245,0.3374847374847375,0.2805860805860806,0.11526251526251527,0.3540903540903541,0.4888888888888889,0.09426129426129426,0.33308913308913307,0.48473748473748474,0.43565323565323566,0.39438339438339437,0.3601953601953602,0.3738705738705739,0.473992673992674,0.12527472527472527,0.12869352869352868,0.6192918192918193,0.5365079365079365,0.6056166056166056,0.28205128205128205,0.22173382173382172,0.4542124542124542,0.40195360195360197,0.1409035409035409,0.42002442002442003,0.07179487179487179,0.30500610500610503,0.5452991452991452,0.2288156288156288,0.2976800976800977,0.31477411477411477,0.15555555555555556,0.35213675213675216,0.4087912087912088,0.3831501831501832,0.7499389499389499,0.38461538461538464,0.8888888888888888,0.5731379731379731,0.13626373626373625,0.3523809523809524,0.10866910866910867,0.5272283272283272,0.14945054945054945,0.11282051282051282,0.5675213675213675,0.5692307692307692,0.14847374847374847,0.11257631257631258,0.22173382173382172,0.5814407814407815,0.17606837606837608,0.27765567765567767,0.518925518925519,0.26202686202686204,0.23516483516483516,0.702075702075702,0.2754578754578755,0.12503052503052503,0.3418803418803419,0.2857142857142857,0.6998778998778998,0.17655677655677657,0.6757020757020757
0.25396825396825395,0.4586080586080586,0.09572649572649573,0.21831501831501832,0.15897435897435896,0.4385836385836386,0.6837606837606838,0.5326007326007326,0.2442002442002442,0.49474969474969477,0.10183150183150183,0.3098901098901099,0.4293040293040293,0.17655677655677657,0.13992673992673993,0.2061050061050061,0.3286935286935287,0.31477411477411477,0.11477411477411477,0.34285714285714286,0.5191697191697192,0.08913308913308914,0.32283272283272285,0.4835164835164835,0.42417582417582417,0.4249084249084249,0.3496947496947497,0.3636141636141636,0.4581196581196581,0.12185592185592185,0.12747252747252746,0.6214896214896215,0.5181929181929182,0.5924297924297924,0.3052503052503053,0.2554334554334554,0.4405372405372405,0.4256410256410256,0.1443223443223443,0.4073260073260073,0.07448107448107448,0.29352869352869354,0.5284493284493285,0.2205128205128205,0.28766788766788765,0.3514041514041514,0.15946275946275945,0.3418803418803419,0.39658119658119656,0.4175824175824176,0.726984126984127,0.3724053724053724,0.8945054945054945,0.599023199023199,0.1343101343101343,0.34285714285714286,0.10573870573870574,0.5101343101343101,0.14358974358974358,0.10891330891330891,0.5560439560439561,0.5721611721611721,0.14774114774114774,0.11282051282051282,0.21587301587301588,0.6095238095238096,0.1711843711843712,0.2681318681318681,0.5418803418803418,0.25396825396825395,0.22686202686202686,0.7076923076923077,0.2681318681318681,0.12283272283272283,0.3316239316239316,0.27643467643467645,0.6761904761904762,0.20146520146520147,0.6778998778998779
0.29255189255189257,0.4666666666666667,0.08791208791208792,0.21318681318681318,0.17167277167277167,0.46495726495726497,0.693040293040293,0.5482295482295483,0.23882783882783884,0.47985347985347987,0.09743589743589744,0.33235653235653234,0.42686202686202684,0.17216117216117216,0.1343101343101343,0.20024420024420025,0.3201465201465201,0.3499389499389499,0.11526251526251527,0.3311355311355311,0.5477411477411478,0.08766788766788766,0.3125763125763126,0.4800976800976801,0.4126984126984127,0.45445665445665445,0.33894993894993897,0.35311355311355314,0.4427350427350427,0.12014652014652015,0.12527472527472527,0.6214896214896215,0.5006105006105006,0.5777777777777777,0.33137973137973137,0.2910866910866911,0.4283272283272283,0.45006105006105007,0.1514041514041514,0.3946275946275946,0.08131868131868132,0.28376068376068375,0.5108669108669108,0.21245421245421245,0.2778998778998779,0.38632478632478634,0.16678876678876678,0.33186813186813185,0.38632478632478634,0.45396825396825397,0.7162393162393162,0.3601953601953602,0.8971916971916972,0.6188034188034188,0.13211233211233211,0.3338217338217338,0.1028083028083028,0.4925518925518926,0.13797313797313798,0.1054945054945055,0.5433455433455433,0.5743589743589743,0.14896214896214896,0.11330891330891331,0.21025641025641026,0.6332112332112332,0.16654456654456654,0.2590964590964591,0.5614163614163614,0.2463980463980464,0.21855921855921856,0.7091575091575092,0.2617826617826618,0.1203907203907204,0.32161172161172163,0.26764346764346764,0.6527472527472528,0.23101343101343103,0.6761904761904762
0.3316239316239316,0.4725274725274725,0.08058608058608059,0.2087912087912088,0.1907203907203907,0.4896214896214896,0.702075702075702,0.5623931623931624,0.2336996336996337,0.46544566544566546,0.09499389499389499,0.35702075702075703,0.421978021978022,0.16776556776556775,0.1291819291819292,0.1943833943833944,0.3115995115995116,0.37997557997557996,0.11452991452991453,0.31965811965811963,0.5738705738705738,0.08791208791208792,0.3023199023199023,0.47448107448107446,0.400976800976801,0.4818070818070818,0.32844932844932845,0.3431013431013431,0.4283272283272283,0.11892551892551892,0.12258852258852258,0.6188034188034188,0.4832722832722833,0.5616605616605617,0.35946275946275946,0.3274725274725275,0.4170940170940171,0.47374847374847373,0.16312576312576313,0.38217338217338215,0.0927960927960928,0.27521367521367524,0.49401709401709404,0.20415140415140415,0.26886446886446885,0.41855921855921857,0.178998778998779,0.3221001221001221,0.37655677655677655,0.4888888888888889,0.7094017094017094,0.3482295482295482,0.896947496947497,0.6378510378510378,0.1291819291819292,0.32551892551892553,0.10036630036630037,0.47545787545787543,0.13235653235653236,0.10354090354090355,0.5286935286935287,0.5746031746031746,0.15335775335775337,0.11404151404151404,0.20488400488400488,0.652991452991453,0.16263736263736264,0.25006105006105006,0.5777777777777777,0.2385836385836386,0.2105006105006105,0.7074481074481075,0.25445665445665444,0.11819291819291819,0.3115995115995116,0.25860805860805863,0.6293040293040293,0.2634920634920635,0.6722832722832723
0.3694749694749695,0.47619047619047616,0.07423687423687424,0.20463980463980463,0.21636141636141637,0.5096459096459096,0.7084249084249085,0.5743589743589743,0.22832722832722832,0.45274725274725275,0.09352869352869353,0.38217338217338215,0.41514041514041516,0.16361416361416362,0.12380952380952381,0.18852258852258852,0.30427350427350425,0.4070818070818071,0.1137973137973138,0.30915750915750917,0.5975579975579975,0.08644688644688645,0.29255189255189257,0.4678876678876679,0.3894993894993895,0.5067155067155067,0.3181929181929182,0.33284493284493283,0.41562881562881565,0.11648351648351649,0.1199023199023199,0.6131868131868132,0.46642246642246643,0.5452991452991452,0.3877899877899878,0.35873015873015873,0.40512820512820513,0.4954822954822955,0.1794871794871795,0.36996336996337,0.10671550671550671,0.2656898656898657,0.4778998778998779,0.1960927960927961,0.25982905982905985,0.44835164835164837,0.19633699633699633,0.31404151404151404,0.3663003663003663,0.5208791208791209,0.7028083028083028,0.33650793650793653,0.8932844932844933,0.6547008547008547,0.12576312576312576,0.3181929181929182,0.09816849816849817,0.45885225885225883,0.12698412698412698,0.10256410256410256,0.5123321123321123,0.5728937728937729,0.1623931623931624,0.11477411477411477,0.2,0.6688644688644688,0.1597069597069597,0.24126984126984127,0.5907203907203907,0.2315018315018315,0.20317460317460317,0.7042735042735043,0.24713064713064714,0.115995115995116,0.30158730158730157,0.25006105006105006,0.6068376068376068,0.29743589743589743,0.6666666666666666
0.4048840048840049,0.4776556776556777,0.06862026862026863,0.2004884004884005,0.24346764346764346,0.526984126984127,0.7113553113553114,0.5841269841269842,0.22295482295482297,0.441025641025641,0.09157509157509157,0.4065934065934066,0.4065934065934066,0.1597069597069597,0.11868131868131868,0.1829059829059829,0.2976800976800977,0.43565323565323566,0.11282051282051282,0.30036630036630035,0.6183150183150183,0.08424908424908426,0.28327228327228327,0.4598290598290598,0.37826617826617825,0.5294261294261294,0.30793650793650795,0.32283272283272285,0.40463980463980465,0.11330891330891331,0.11721611721611722,0.6048840048840048,0.44981684981684983,0.528937728937729,0.41562881562881565,0.3873015873015873,0.39316239316239315,0.5152625152625152,0.2004884004884005,0.35946275946275946,0.12380952380952381,0.25616605616605614,0.4622710622710623,0.18803418803418803,0.2512820512820513,0.4752136752136752,0.2153846153846154,0.30622710622710625,0.3553113553113553,0.54993894993895,0.6952380952380952,0.32454212454212455,0.8862026862026862,0.6686202686202686,0.12258852258852258,0.3125763125763126,0.09572649572649573,0.4432234432234432,0.12283272283272283,0.10061050061050061,0.4954822954822955,0.5687423687423687,0.1772893772893773,0.11672771672771673,0.19511599511599512,0.6788766788766789,0.1562881562881563,0.23272283272283273,0.600976800976801,0.22442002442002443,0.1973137973137973,0.6986568986568986,0.24004884004884006,0.11404151404151404,0.29181929181929184,0.24175824175824176,0.5853479853479854,0.32722832722832723,0.6586080586080586
0.4376068376068376,0.4766788766788767,0.06471306471306472,0.19658119658119658,0.27277167277167275,0.5445665445665445,0.7108669108669109,0.5907203907203907,0.21733821733821734,0.4278388278388278,0.08913308913308914,0.43003663003663006,0.3963369963369963,0.15653235653235653,0.11452991452991453,0.17875457875457876,0.2905982905982906,0.46373626373626375,0.11184371184371185,0.2937728937728938,0.6393162393162393,0.08156288156288156,0.2754578754578755,0.4503052503052503,0.367032967032967,0.5501831501831502,0.2979242979242979,0.3142857142857143,0.39316239316239315,0.1111111111111111,0.11550671550671551,0.5938949938949939,0.43394383394383396,0.513064713064713,0.4385836385836386,0.4170940170940171,0.38095238095238093,0.5328449328449328,0.2253968253968254,0.3496947496947497,0.14627594627594628,0.2463980463980464,0.44713064713064715,0.1807081807081807,0.24297924297924298,0.4993894993894994,0.23663003663003662,0.2976800976800977,0.3443223443223443,0.575091575091575,0.6852258852258852,0.3133089133089133,0.8757020757020757,0.6796092796092796,0.11892551892551892,0.30915750915750917,0.09352869352869353,0.43003663003663006,0.1199023199023199,0.09841269841269841,0.4783882783882784,0.5623931623931624,0.19853479853479852,0.12014652014652015,0.1916971916971917,0.6854700854700855,0.1523809523809524,0.22417582417582418,0.6083028083028083,0.2175824175824176,0.1921855921855922,0.6901098901098901,0.23321123321123322,0.11233211233211234,0.2822954822954823,0.23394383394383395,0.5665445665445665,0.3540903540903541,0.6485958485958486
0.4673992673992674,0.473015873015873,0.06446886446886448,0.1943833943833944,0.30915750915750917,0.5614163614163614,0.7064713064713065,0.5941391941391941,0.21172161172161172,0.4141636141636142,0.08644688644688645,0.4512820512820513,0.3851037851037851,0.15433455433455434,0.11184371184371185,0.17533577533577532,0.2835164835164835,0.48986568986568985,0.11233211233211234,0.29084249084249086,0.6564102564102564,0.07887667887667887,0.26886446886446885,0.4398046398046398,0.3557997557997558,0.5684981684981685,0.2879120879120879,0.30622710622710625,0.38168498168498166,0.10989010989010989,0.11550671550671551,0.5807081807081808,0.41782661782661784,0.4976800976800977,0.45836385836385835,0.44590964590964594,0.368986568986569,0.5472527472527473,0.24932844932844933,0.33943833943833945,0.17313797313797313,0.23663003663003662,0.4324786324786325,0.17338217338217338,0.2354090354090354,0.517948717948718,0.26324786324786326,0.28888888888888886,0.3338217338217338,0.5968253968253968,0.6727716727716728,0.3028083028083028,0.8620268620268621,0.6871794871794872,0.11575091575091576,0.30842490842490844,0.09181929181929183,0.4183150183150183,0.115995115995116,0.09572649572649573,0.4617826617826618,0.5533577533577534,0.22686202686202686,0.12698412698412698,0.189010989010989,0.6908424908424908,0.14847374847374847,0.21611721611721613,0.6131868131868132,0.21245421245421245,0.18656898656898657,0.6786324786324787,0.22686202686202686,0.1111111111111111,0.27277167277167275,0.22612942612942613,0.548962148962149,0.38266178266178263,0.6358974358974359
0.4937728937728938,0.46715506715506716,0.06764346764346764,0.1921855921855922,0.34945054945054943,0.5768009768009768,0.6981684981684981,0.5943833943833944,0.20634920634920634,0.4,0.08424908424908426,0.47057387057387057,0.37362637362637363,0.1540903540903541,0.1115995115995116,0.1711843711843712,0.27643467643467645,0.5142857142857142,0.11477411477411477,0.2920634920634921,0.6671550671550671,0.07741147741147741,0.2612942612942613,0.4278388278388278,0.3443223443223443,0.5843711843711844,0.2796092796092796,0.2971916971916972,0.36996336996337,0.1115995115995116,0.11819291819291819,0.5650793650793651,0.4021978021978022,0.484004884004884,0.47863247863247865,0.47277167277167276,0.3572649572649573,0.5587301587301587,0.27350427350427353,0.32893772893772893,0.2026862026862027,0.22686202686202686,0.41782661782661784,0.16605616605616605,0.22808302808302808,0.5326007326007326,0.29304029304029305,0.2800976800976801,0.3235653235653236,0.6158730158730159,0.6581196581196581,0.2923076923076923,0.8461538461538461,0.692063492063492,0.11282051282051282,0.31062271062271063,0.09157509157509157,0.40634920634920635,0.11184371184371185,0.0927960927960928,0.4461538461538462,0.5426129426129426,0.2612942612942613,0.136996336996337,0.18608058608058609,0.683028083028083,0.14505494505494507,0.20854700854700856,0.6144078144078144,0.20781440781440783,0.18095238095238095,0.6647130647130647,0.22026862026862026,0.11135531135531136,0.26324786324786326,0.22002442002442002,0.5313797313797314,0.4105006105006105,0.6207570207570208
0.5167277167277168,0.45958485958485956,0.07496947496947497,0.18925518925518925,0.3907203907203907,0.58998778998779,0.685958485958486,0.5914529914529915,0.20122100122100123,0.38534798534798537,0.08205128205128205,0.48766788766788766,0.36214896214896214,0.15604395604395604,0.11404151404151404,0.16678876678876678,0.2695970695970696,0.5362637362637362,0.12087912087912088,0.2976800976800977,0.675946275946276,0.07716727716727717,0.2537240537240537,0.4158730158730159,0.33284493284493283,0.598046398046398,0.27228327228327226,0.2874236874236874,0.3584859584859585,0.11794871794871795,0.12527472527472527,0.5474969474969476,0.3865689865689866,0.472039072039072,0.4984126984126984,0.4976800976800977,0.346031746031746,0.5675213675213675,0.3013431013431013,0.31868131868131866,0.2336996336996337,0.21733821733821734,0.40341880341880343,0.1592185592185592,0.22246642246642245,0.5472527472527473,0.3247863247863248,0.2717948717948718,0.31404151404151404,0.631013431013431,0.6407814407814408,0.284004884004884,0.8275946275946275,0.694017094017094,0.11013431013431013,0.315995115995116,0.09157509157509157,0.39438339438339437,0.10744810744810745,0.09010989010989011,0.4315018315018315,0.5294261294261294,0.3013431013431013,0.15189255189255188,0.18315018315018314,0.6671550671550671,0.14188034188034188,0.20122100122100123,0.6126984126984127,0.20317460317460317,0.17533577533577532,0.6483516483516484,0.21416361416361415,0.11404151404151404,0.2537240537240537,0.2144078144078144,0.5137973137973137,0.43614163614163615,0.6036630036630036
0.536996336996337,0.4512820512820513,0.08717948717948718,0.18608058608058609,0.4315018315018315,0.600976800976801,0.671062271062271,0.5853479853479854,0.19706959706959706,0.3711843711843712,0.08034188034188035,0.5020757020757021,0.35115995115995113,0.16043956043956045,0.11965811965811966,0.16263736263736264,0.2634920634920635,0.5565323565323566,0.13137973137973138,0.3076923076923077,0.6810744810744811,0.07594627594627594,0.2463980463980464,0.4039072039072039,0.3213675213675214,0.6075702075702075,0.263980463980464,0.27765567765567767,0.347008547008547,0.12991452991452992,0.13797313797313798,0.5291819291819292,0.3733821733821734,0.45958485958485956,0.5164835164835165,0.5203907203907204,0.3308913308913309,0.5731379731379731,0.3304029304029304,0.3086691086691087,0.26495726495726496,0.2083028083028083,0.38925518925518926,0.1540903540903541,0.21733821733821734,0.5611721611721612,0.3572649572649573,0.26373626373626374,0.3047619047619048,0.6434676434676435,0.6236874236874237,0.2766788766788767,0.8065934065934066,0.6927960927960928,0.1076923076923077,0.3242979242979243,0.0905982905982906,0.3824175824175824,0.10329670329670329,0.08742368742368742,0.4175824175824176,0.515018315018315,0.3443223443223443,0.1746031746031746,0.18021978021978022,0.6568986568986569,0.13846153846153847,0.1956043956043956,0.6092796092796092,0.19853479853479852,0.17045177045177046,0.6295482295482295,0.2083028083028083,0.1203907203907204,0.2459096459096459,0.2083028083028083,0.4967032967032967,0.4593406593406593,0.5851037851037851
0.5540903540903541,0.4424908424908425,0.10476190476190476,0.1829059829059829,0.4708180708180708,0.609035409035409,0.6534798534798535,0.5758241758241758,0.19365079365079366,0.35702075702075703,0.07863247863247863,0.5142857142857142,0.3409035409035409,0.16800976800976802,0.12991452991452992,0.15848595848595848,0.2578754578754579,0.5743589743589743,0.14774114774114774,0.3218559218559219,0.683028083028083,0.07448107448107448,0.23882783882783884,0.3924297924297924,0.3115995115995116,0.613919413919414,0.2554334554334554,0.2681318681318681,0.3355311355311355,0.1492063492063492,0.15677655677655677,0.5123321123321123,0.3609279609279609,0.4473748473748474,0.5326007326007326,0.5404151404151404,0.3133089133089133,0.5758241758241758,0.35995115995115995,0.2989010989010989,0.294993894993895,0.19926739926739928,0.37533577533577533,0.15042735042735042,0.21147741147741148,0.5731379731379731,0.389010989010989,0.25616605616605614,0.2962148962148962,0.6532356532356532,0.6065934065934065,0.26837606837606837,0.7841269841269841,0.6891330891330891,0.10573870573870574,0.33308913308913307,0.08913308913308914,0.3706959706959707,0.09963369963369964,0.08498168498168499,0.40463980463980465,0.4993894993894994,0.3833943833943834,0.20634920634920634,0.1768009768009768,0.6476190476190476,0.13553113553113552,0.19047619047619047,0.6034188034188034,0.1943833943833944,0.16532356532356532,0.6097680097680098,0.2021978021978022,0.12991452991452992,0.23931623931623933,0.20170940170940171,0.4800976800976801,0.47912087912087914,0.5655677655677656
0.566056166056166,0.43174603174603177,0.12844932844932844,0.1794871794871795,0.5074481074481074,0.613919413919414,0.6344322344322344,0.5636141636141636,0.18998778998778998,0.3435897435897436,0.07716727716727717,0.5238095238095238,0.3326007326007326,0.17997557997557997,0.14627594627594628,0.15433455433455434,0.25225885225885225,0.58998778998779,0.17045177045177046,0.33650793650793653,0.684004884004884,0.07252747252747253,0.23174603174603176,0.38168498168498166,0.3028083028083028,0.62002442002442,0.2468864468864469,0.2590964590964591,0.32405372405372407,0.17606837606837608,0.1824175824175824,0.49645909645909647,0.34725274725274724,0.43565323565323566,0.5462759462759462,0.557997557997558,0.30036630036630035,0.5758241758241758,0.3887667887667888,0.28962148962148965,0.32405372405372407,0.1907203907203907,0.36336996336996336,0.14652014652014653,0.20488400488400488,0.5833943833943834,0.41904761904761906,0.2485958485958486,0.2879120879120879,0.6586080586080586,0.5873015873015873,0.2600732600732601,0.7604395604395604,0.6818070818070818,0.10476190476190476,0.3426129426129426,0.08766788766788766,0.35873015873015873,0.09597069597069598,0.08351648351648351,0.3921855921855922,0.484981684981685,0.4192918192918193,0.2468864468864469,0.17362637362637362,0.6376068376068376,0.1326007326007326,0.18437118437118438,0.5948717948717949,0.19194139194139195,0.16043956043956045,0.5892551892551893,0.19706959706959706,0.14383394383394382,0.23125763125763127,0.19487179487179487,0.46373626373626375,0.495970695970696,0.5455433455433455
0.5746031746031746,0.4202686202686203,0.15653235653235653,0.17655677655677657,0.5406593406593406,0.6163614163614164,0.6161172161172161,0.5496947496947497,0.18583638583638584,0.33015873015873015,0.07521367521367521,0.5308913308913309,0.32551892551892553,0.19584859584859585,0.16874236874236875,0.15042735042735042,0.24713064713064714,0.6034188034188034,0.19926739926739928,0.35213675213675216,0.6822954822954823,0.07081807081807082,0.22515262515262516,0.37094017094017095,0.29255189255189257,0.6239316239316239,0.2385836385836386,0.25006105006105006,0.3125763125763126,0.2105006105006105,0.21001221001221002,0.4796092796092796,0.3333333333333333,0.4236874236874237,0.5582417582417583,0.5728937728937729,0.28913308913308916,0.5728937728937729,0.41611721611721614,0.28083028083028083,0.35067155067155065,0.1829059829059829,0.3523809523809524,0.14407814407814407,0.19853479853479852,0.590964590964591,0.44713064713064715,0.24151404151404152,0.2796092796092796,0.661050061050061,0.568009768009768,0.252014652014652,0.7362637362637363,0.6722832722832723,0.10476190476190476,0.35433455433455435,0.08595848595848596,0.347008547008547,0.0927960927960928,0.08424908424908426,0.37997557997557996,0.4708180708180708,0.45885225885225883,0.29474969474969476,0.17045177045177046,0.6258852258852259,0.12991452991452992,0.17777777777777778,0.5838827838827839,0.1916971916971917,0.15555555555555556,0.5684981684981685,0.19316239316239317,0.16507936507936508,0.22271062271062272,0.18852258852258852,0.44761904761904764,0.5096459096459096,0.526007326007326
0.5824175824175825,0.4087912087912088,0.18803418803418803,0.17509157509157508,0.5711843711843712,0.6158730158730159,0.598046398046398,0.535042735042735,0.18192918192918192,0.3172161172161172,0.07326007326007326,0.5345543345543345,0.3184371184371184,0.21562881562881564,0.19706959706959706,0.14652014652014653,0.24224664224664225,0.6146520146520147,0.2288156288156288,0.37094017094017095,0.6742368742368743,0.06935286935286936,0.21855921855921856,0.3609279609279609,0.2822954822954823,0.6258852258852259,0.23076923076923078,0.24151404151404152,0.3006105006105006,0.24566544566544565,0.2398046398046398,0.4634920634920635,0.3199023199023199,0.4122100122100122,0.5675213675213675,0.5855921855921856,0.28034188034188035,0.5675213675213675,0.44175824175824174,0.27228327228327226,0.37484737484737485,0.17509157509157508,0.33992673992673994,0.1452991452991453,0.19194139194139195,0.5963369963369963,0.473015873015873,0.23516483516483516,0.2713064713064713,0.662026862026862,0.5484737484737485,0.24395604395604395,0.7123321123321124,0.6605616605616605,0.10402930402930403,0.3672771672771673,0.08376068376068375,0.33528693528693526,0.08986568986568987,0.08791208791208792,0.3694749694749695,0.45567765567765567,0.49792429792429793,0.34798534798534797,0.1675213675213675,0.6122100122100123,0.12722832722832722,0.17094017094017094,0.5706959706959707,0.1943833943833944,0.1509157509157509,0.5482295482295483,0.18998778998778998,0.1934065934065934,0.2144078144078144,0.18192918192918192,0.431990231990232,0.5206349206349207,0.5074481074481074
0.589010989010989,0.39755799755799753,0.22173382173382172,0.17606837606837608,0.599023199023199,0.6122100122100123,0.5787545787545788,0.5201465201465202,0.17777777777777778,0.3045177045177045,0.07252747252747253,0.5355311355311355,0.3115995115995116,0.2385836385836386,0.23028083028083027,0.14285714285714285,0.2371184371184371,0.6217338217338217,0.2595848595848596,0.3912087912087912,0.6647130647130647,0.06788766788766788,0.21245421245421245,0.3514041514041514,0.272039072039072,0.6249084249084249,0.22271062271062272,0.2336996336996337,0.28913308913308916,0.28253968253968254,0.2766788766788767,0.44761904761904764,0.3064713064713065,0.4014652014652015,0.5746031746031746,0.5963369963369963,0.2725274725274725,0.5597069597069597,0.4652014652014652,0.26495726495726496,0.3963369963369963,0.16947496947496948,0.326984126984127,0.15115995115995115,0.18534798534798536,0.599023199023199,0.4967032967032967,0.2288156288156288,0.2647130647130647,0.6612942612942613,0.5299145299145299,0.2358974358974359,0.6886446886446886,0.6476190476190476,0.10305250305250305,0.3807081807081807,0.08180708180708181,0.32332112332112334,0.08693528693528693,0.09572649572649573,0.3597069597069597,0.4405372405372405,0.5347985347985348,0.4043956043956044,0.16483516483516483,0.5968253968253968,0.12551892551892552,0.1641025641025641,0.5548229548229549,0.20146520146520147,0.14676434676434677,0.5301587301587302,0.18608058608058609,0.22808302808302808,0.2061050061050061,0.17582417582417584,0.4163614163614164,0.5286935286935287,0.49108669108669106
0.5936507936507937,0.3868131868131868,0.25665445665445663,0.18021978021978022,0.6234432234432234,0.6063492063492063,0.55995115995116,0.5047619047619047,0.17387057387057386,0.2920634920634921,0.07301587301587302,0.5345543345543345,0.3047619047619048,0.263980463980464,0.2673992673992674,0.13968253968253969,0.23272283272283273,0.6256410256410256,0.29645909645909646,0.4117216117216117,0.6561660561660562,0.06666666666666667,0.20634920634920634,0.3423687423687424,0.2612942612942613,0.6214896214896215,0.2148962148962149,0.2258852258852259,0.27936507936507937,0.326984126984127,0.31746031746031744,0.43272283272283274,0.29352869352869354,0.3904761904761905,0.5794871794871795,0.6031746031746031,0.26422466422466423,0.548962148962149,0.48644688644688644,0.2590964590964591,0.41318681318681316,0.16507936507936508,0.3142857142857143,0.16336996336996337,0.17924297924297924,0.599023199023199,0.517948717948718,0.22417582417582418,0.25860805860805863,0.6576312576312576,0.5118437118437118,0.22832722832722832,0.6656898656898657,0.6332112332112332,0.1028083028083028,0.39316239316239315,0.07985347985347985,0.3115995115995116,0.08376068376068375,0.10842490842490843,0.34945054945054943,0.42588522588522587,0.5684981684981685,0.4612942612942613,0.16263736263736264,0.5797313797313798,0.1242979242979243,0.157997557997558,0.5382173382173382,0.21294261294261294,0.1426129426129426,0.5135531135531135,0.18192918192918192,0.26764346764346764,0.19829059829059828,0.16971916971916973,0.40073260073260075,0.5340659340659341,0.47692307692307695
0.5956043956043956,0.3768009768009768,0.2910866910866911,0.18876678876678876,0.6446886446886447,0.598046398046398,0.5413919413919414,0.4891330891330891,0.1702075702075702,0.2818070818070818,0.07301587301587302,0.5313797313797314,0.2979242979242979,0.29084249084249086,0.305982905982906,0.1365079365079365,0.22954822954822954,0.6280830280830281,0.33601953601953605,0.4307692307692308,0.6434676434676435,0.06568986568986569,0.20073260073260074,0.3343101343101343,0.2507936507936508,0.6151404151404152,0.20757020757020758,0.21831501831501832,0.2708180708180708,0.37484737484737485,0.3597069597069597,0.4188034188034188,0.28083028083028083,0.37924297924297923,0.5814407814407815,0.6068376068376068,0.25616605616605614,0.5365079365079365,0.5054945054945055,0.2554334554334554,0.42686202686202684,0.1597069597069597,0.3018315018315018,0.1824175824175824,0.17338217338217338,0.5963369963369963,0.536996336996337,0.22026862026862026,0.25225885225885225,0.6517704517704518,0.49474969474969477,0.221001221001221,0.6437118437118438,0.6175824175824176,0.10427350427350428,0.4043956043956044,0.0778998778998779,0.2993894993894994,0.08205128205128205,0.12844932844932844,0.3387057387057387,0.41196581196581195,0.5985347985347985,0.5164835164835165,0.16166056166056167,0.5631257631257631,0.12283272283272283,0.1523809523809524,0.5206349206349207,0.22954822954822954,0.13968253968253969,0.4967032967032967,0.17753357753357754,0.3103785103785104,0.19023199023199022,0.16385836385836386,0.3848595848595849,0.5357753357753358,0.4627594627594628
0.5948717948717949,0.3672771672771673,0.3252747252747253,0.2026862026862027,0.6603174603174603,0.5868131868131868,0.5230769230769231,0.47374847374847373,0.16605616605616605,0.2725274725274725,0.0735042735042735,0.5257631257631258,0.29084249084249086,0.3181929181929182,0.34456654456654456,0.13357753357753357,0.2271062271062271,0.629059829059829,0.3763125763125763,0.4481074481074481,0.6231990231990232,0.06471306471306472,0.19658119658119658,0.326984126984127,0.2402930402930403,0.6065934065934065,0.20024420024420025,0.210989010989011,0.2612942612942613,0.42344322344322344,0.4017094017094017,0.40586080586080586,0.26886446886446885,0.3682539682539683,0.580952380952381,0.6097680097680098,0.24786324786324787,0.5223443223443224,0.5221001221001221,0.25396825396825395,0.44004884004884004,0.1540903540903541,0.28962148962148965,0.20903540903540904,0.16800976800976802,0.590964590964591,0.5511599511599512,0.21587301587301588,0.24664224664224665,0.6432234432234433,0.4783882783882784,0.21025641025641026,0.622954822954823,0.6012210012210012,0.10866910866910867,0.41367521367521365,0.07741147741147741,0.2874236874236874,0.08131868131868132,0.15653235653235653,0.3277167277167277,0.3987789987789988,0.6251526251526252,0.5682539682539682,0.1623931623931624,0.5467643467643467,0.12161172161172161,0.147008547008547,0.503052503052503,0.2507936507936508,0.13724053724053725,0.4800976800976801,0.17264957264957265,0.35433455433455435,0.1824175824175824,0.157997557997558,0.368986568986569,0.535042735042735,0.4495726495726496
0.5904761904761905,0.3584859584859585,0.357997557997558,0.2188034188034188,0.6717948717948717,0.5731379731379731,0.5052503052503052,0.45885225885225883,0.16214896214896216,0.2625152625152625,0.07643467643467644,0.5177045177045178,0.2835164835164835,0.34456654456654456,0.3824175824175824,0.13162393162393163,0.22466422466422467,0.6275946275946276,0.41514041514041516,0.46251526251526254,0.6031746031746031,0.06373626373626373,0.19316239316239317,0.3189255189255189,0.23076923076923078,0.5953601953601954,0.19316239316239317,0.20488400488400488,0.2512820512820513,0.4713064713064713,0.44175824175824174,0.3934065934065934,0.2568986568986569,0.35775335775335776,0.578021978021978,0.610989010989011,0.23956043956043957,0.5074481074481074,0.5362637362637362,0.25518925518925517,0.45225885225885226,0.14847374847374847,0.2778998778998779,0.2424908424908425,0.16312576312576313,0.582905982905983,0.5619047619047619,0.21123321123321123,0.2424908424908425,0.6322344322344322,0.4627594627594628,0.19853479853479852,0.6031746031746031,0.5851037851037851,0.11794871794871795,0.42075702075702076,0.07887667887667887,0.2766788766788767,0.07936507936507936,0.19291819291819293,0.31697191697191696,0.38632478632478634,0.6483516483516484,0.6153846153846154,0.16556776556776556,0.528937728937729,0.12136752136752137,0.14212454212454212,0.48547008547008547,0.2725274725274725,0.1343101343101343,0.463980463980464,0.16825396825396827,0.39755799755799753,0.17509157509157508,0.15213675213675212,0.3553113553113553,0.5330891330891331,0.4368742368742369
0.5821733821733822,0.3499389499389499,0.389010989010989,0.23833943833943835,0.683028083028083,0.5582417582417583,0.4879120879120879,0.44468864468864466,0.157997557997558,0.2525030525030525,0.08351648351648351,0.5076923076923077,0.27594627594627597,0.36971916971916974,0.4141636141636142,0.13064713064713065,0.22295482295482297,0.6234432234432234,0.45225885225885226,0.4742368742368742,0.588034188034188,0.06373626373626373,0.18876678876678876,0.3108669108669109,0.22124542124542124,0.5824175824175825,0.18754578754578755,0.20024420024420025,0.24126984126984127,0.5167277167277168,0.4793650793650794,0.38168498168498166,0.2454212454212454,0.34847374847374846,0.5726495726495726,0.6102564102564103,0.2315018315018315,0.49206349206349204,0.5462759462759462,0.25934065934065936,0.46251526251526254,0.14334554334554334,0.2669108669108669,0.28083028083028083,0.157997557997558,0.5731379731379731,0.5731379731379731,0.20634920634920634,0.2407814407814408,0.6195360195360196,0.44761904761904764,0.18998778998778998,0.5853479853479854,0.5687423687423687,0.13235653235653236,0.4256410256410256,0.08327228327228327,0.2669108669108669,0.07716727716727717,0.23614163614163614,0.30622710622710625,0.3741147741147741,0.6681318681318681,0.6525030525030525,0.1711843711843712,0.5106227106227106,0.12258852258852258,0.13724053724053725,0.4691086691086691,0.29523809523809524,0.13113553113553114,0.4485958485958486,0.1645909645909646,0.43833943833943834,0.16800976800976802,0.14627594627594628,0.3426129426129426,0.528937728937729,0.42417582417582417
0.5694749694749695,0.3413919413919414,0.41440781440781443,0.26422466422466423,0.6927960927960928,0.5418803418803418,0.47106227106227105,0.4312576312576313,0.1540903540903541,0.2424908424908425,0.09645909645909646,0.4954822954822955,0.2678876678876679,0.39316239316239315,0.4415140415140415,0.12869352869352868,0.2231990231990232,0.6166056166056166,0.4866910866910867,0.48253968253968255,0.5709401709401709,0.06446886446886448,0.18363858363858365,0.3028083028083028,0.21245421245421245,0.5675213675213675,0.1824175824175824,0.19487179487179487,0.23174603174603176,0.5587301587301587,0.5137973137973137,0.37045177045177047,0.23467643467643468,0.33992673992673994,0.5650793650793651,0.6063492063492063,0.22393162393162394,0.4771672771672772,0.5533577533577534,0.2669108669108669,0.4708180708180708,0.13821733821733823,0.25665445665445663,0.32283272283272285,0.15482295482295483,0.5619047619047619,0.5836385836385837,0.20195360195360196,0.2424908424908425,0.6051282051282051,0.43272283272283274,0.18437118437118438,0.5687423687423687,0.5533577533577534,0.15335775335775337,0.4278388278388278,0.09181929181929183,0.25616605616605614,0.07472527472527472,0.2847374847374847,0.29572649572649573,0.3626373626373626,0.6844932844932845,0.6818070818070818,0.18046398046398046,0.4925518925518926,0.126007326007326,0.1330891330891331,0.45445665445665445,0.32283272283272285,0.12747252747252746,0.43345543345543347,0.16166056166056167,0.47619047619047616,0.16117216117216118,0.14212454212454212,0.3286935286935287,0.5228327228327229,0.4117216117216117
0.5518925518925519,0.33284493284493283,0.43565323565323566,0.29523809523809524,0.7008547008547008,0.5252747252747253,0.45445665445665445,0.4183150183150183,0.15067155067155066,0.23272283272283273,0.115995115995116,0.4822954822954823,0.25982905982905985,0.41196581196581195,0.4700854700854701,0.12698412698412698,0.2258852258852259,0.6073260073260073,0.5181929181929182,0.4874236874236874,0.54993894993895,0.06398046398046398,0.17802197802197803,0.29474969474969476,0.20341880341880342,0.5531135531135531,0.1768009768009768,0.18925518925518925,0.22271062271062272,0.5970695970695971,0.5455433455433455,0.35946275946275946,0.22661782661782662,0.3308913308913309,0.5553113553113553,0.5997557997557997,0.21636141636141637,0.4627594627594628,0.5601953601953602,0.2774114774114774,0.4766788766788767,0.13357753357753357,0.24664224664224665,0.3658119658119658,0.15262515262515264,0.5492063492063493,0.5924297924297924,0.19829059829059828,0.24810744810744811,0.5894993894993895,0.4183150183150183,0.18046398046398046,0.5516483516483517,0.5387057387057387,0.1807081807081807,0.4278388278388278,0.10671550671550671,0.24493284493284492,0.07228327228327229,0.33577533577533575,0.2852258852258852,0.3514041514041514,0.6979242979242979,0.7047619047619048,0.19365079365079366,0.4757020757020757,0.1330891330891331,0.13113553113553114,0.4415140415140415,0.35213675213675216,0.12405372405372406,0.4188034188034188,0.15995115995115994,0.5101343101343101,0.15604395604395604,0.1387057387057387,0.31477411477411477,0.5142857142857142,0.39951159951159954
0.5301587301587302,0.32576312576312577,0.45714285714285713,0.32967032967032966,0.7062271062271063,0.5094017094017094,0.43833943833943834,0.40586080586080586,0.147985347985348,0.2231990231990232,0.14334554334554334,0.46813186813186813,0.252014652014652,0.4275946275946276,0.4976800976800977,0.12527472527472527,0.23174603174603176,0.5951159951159951,0.5467643467643467,0.4884004884004884,0.5318681318681319,0.06349206349206349,0.17216117216117216,0.28669108669108667,0.19487179487179487,0.5387057387057387,0.17094017094017094,0.18363858363858365,0.2139194139194139,0.6317460317460317,0.5738705738705738,0.3487179487179487,0.21953601953601953,0.32161172161172163,0.5433455433455433,0.5904761904761905,0.20903540903540904,0.4490842490842491,0.5658119658119658,0.2903540903540904,0.4800976800976801,0.12869352869352868,0.2371184371184371,0.4031746031746032,0.15067155067155066,0.5355311355311355,0.5992673992673992,0.19413919413919414,0.2578754578754579,0.5736263736263736,0.4056166056166056,0.17631257631257632,0.5343101343101343,0.5247863247863248,0.21416361416361415,0.4256410256410256,0.12869352869352868,0.23321123321123322,0.07057387057387057,0.3877899877899878,0.27521367521367524,0.3404151404151404,0.7062271062271063,0.7286935286935287,0.21147741147741148,0.4598290598290598,0.1443223443223443,0.1308913308913309,0.42857142857142855,0.3819291819291819,0.12087912087912088,0.40463980463980465,0.16117216117216118,0.5401709401709401,0.15189255189255188,0.1347985347985348,0.30085470085470084,0.5035409035409035,0.38754578754578756
0.5079365079365079,0.31916971916971915,0.4771672771672772,0.36556776556776555,0.7084249084249085,0.49401709401709404,0.4222222222222222,0.3951159951159951,0.1457875457875458,0.2139194139194139,0.17753357753357754,0.45323565323565324,0.24517704517704517,0.44346764346764345,0.5233211233211233,0.12356532356532357,0.24126984126984127,0.5811965811965812,0.5721611721611721,0.4869352869352869,0.5186813186813187,0.063003663003663,0.1663003663003663,0.2788766788766789,0.18852258852258852,0.5230769230769231,0.16532356532356532,0.17826617826617827,0.20488400488400488,0.6627594627594627,0.5992673992673992,0.33943833943833945,0.21172161172161172,0.3128205128205128,0.5299145299145299,0.5787545787545788,0.20195360195360196,0.4363858363858364,0.5697191697191697,0.3047619047619048,0.4810744810744811,0.12405372405372406,0.23003663003663002,0.4363858363858364,0.14993894993894993,0.5208791208791209,0.6036630036630036,0.18998778998778998,0.2717948717948718,0.5587301587301587,0.39365079365079364,0.17216117216117216,0.5167277167277168,0.5115995115995116,0.25225885225885225,0.4214896214896215,0.1592185592185592,0.22246642246642245,0.06935286935286936,0.43785103785103785,0.26544566544566545,0.33015873015873015,0.7108669108669109,0.7577533577533577,0.2336996336996337,0.44517704517704515,0.15995115995115994,0.13137973137973138,0.41562881562881565,0.4105006105006105,0.11794871794871795,0.3907203907203907,0.16654456654456654,0.5631257631257631,0.14676434676434677,0.13064713064713065,0.2874236874236874,0.4908424908424908,0.3755799755799756
0.484981684981685,0.31184371184371185,0.49523809523809526,0.40293040293040294,0.707936507936508,0.4793650793650794,0.40634920634920635,0.38534798534798537,0.14334554334554334,0.20488400488400488,0.2175824175824176,0.4388278388278388,0.23882783882783884,0.45885225885225883,0.5470085470085471,0.12161172161172161,0.2549450549450549,0.5655677655677656,0.5948717948717949,0.4827838827838828,0.5037851037851038,0.06227106227106227,0.1606837606837607,0.2708180708180708,0.18315018315018314,0.5069597069597069,0.1597069597069597,0.17313797313797313,0.19658119658119658,0.6905982905982906,0.6183150183150183,0.3308913308913309,0.20366300366300366,0.30427350427350425,0.515018315018315,0.5653235653235653,0.1956043956043956,0.4256410256410256,0.5711843711843712,0.3199023199023199,0.47912087912087914,0.11965811965811966,0.22417582417582418,0.472039072039072,0.15213675213675212,0.5064713064713064,0.6053724053724053,0.18583638583638584,0.28913308913308916,0.5445665445665445,0.3807081807081807,0.16800976800976802,0.49914529914529915,0.4989010989010989,0.2879120879120879,0.4148962148962149,0.1978021978021978,0.21147741147741148,0.0695970695970696,0.48547008547008547,0.25567765567765566,0.3213675213675214,0.7147741147741148,0.7811965811965812,0.2590964590964591,0.4312576312576313,0.18046398046398046,0.1343101343101343,0.4031746031746032,0.43736263736263736,0.115995115995116,0.37704517704517704,0.1768009768009768,0.5811965811965812,0.1413919413919414,0.1264957264957265,0.273992673992674,0.4771672771672772,0.3641025641025641
0.4586080586080586,0.30378510378510376,0.5106227106227106,0.43956043956043955,0.7042735042735043,0.4656898656898657,0.3921855921855922,0.3750915750915751,0.13992673992673993,0.1960927960927961,0.26275946275946277,0.4261294261294261,0.23223443223443224,0.473015873015873,0.5682539682539682,0.1199023199023199,0.2717948717948718,0.548962148962149,0.6112332112332113,0.47545787545787543,0.4884004884004884,0.06202686202686203,0.15482295482295483,0.26324786324786326,0.1768009768009768,0.4918192918192918,0.15433455433455434,0.16776556776556775,0.18876678876678876,0.7152625152625153,0.6334554334554334,0.32112332112332115,0.1960927960927961,0.2971916971916972,0.49963369963369964,0.5501831501831502,0.189010989010989,0.41562881562881565,0.5702075702075702,0.33528693528693526,0.473992673992674,0.11550671550671551,0.2175824175824176,0.5064713064713064,0.15775335775335775,0.49230769230769234,0.6048840048840048,0.18168498168498168,0.30915750915750917,0.5301587301587302,0.3672771672771673,0.16385836385836386,0.4810744810744811,0.4874236874236874,0.3225885225885226,0.40634920634920635,0.24395604395604395,0.20122100122100123,0.07203907203907203,0.528937728937729,0.24786324786324787,0.3133089133089133,0.7164835164835165,0.7997557997557998,0.2862026862026862,0.4183150183150183,0.22002442002442002,0.1409035409035409,0.39096459096459096,0.4617826617826618,0.11648351648351649,0.36385836385836384,0.19023199023199022,0.599023199023199,0.13626373626373625,0.12258852258852258,0.2612942612942613,0.4627594627594628,0.35262515262515265
0.43174603174603177,0.29572649572649573,0.5235653235653236,0.47448107448107446,0.6979242979242979,0.4525030525030525,0.378998778998779,0.36434676434676433,0.13675213675213677,0.18754578754578755,0.3108669108669109,0.4146520146520147,0.22466422466422467,0.4862026862026862,0.5868131868131868,0.11843711843711843,0.2915750915750916,0.5321123321123321,0.6244200244200244,0.4652014652014652,0.473015873015873,0.06202686202686203,0.14896214896214896,0.2554334554334554,0.1706959706959707,0.47692307692307695,0.1496947496947497,0.16312576312576313,0.18144078144078143,0.7338217338217338,0.6485958485958486,0.3108669108669109,0.18852258852258852,0.2923076923076923,0.48424908424908425,0.5343101343101343,0.18437118437118438,0.40512820512820513,0.5667887667887668,0.34945054945054943,0.4666666666666667,0.11282051282051282,0.2105006105006105,0.5391941391941392,0.16776556776556775,0.4783882783882784,0.6012210012210012,0.17753357753357754,0.32844932844932845,0.5157509157509158,0.3540903540903541,0.15995115995115994,0.4634920634920635,0.4764346764346764,0.36117216117216117,0.3960927960927961,0.29474969474969476,0.19096459096459095,0.0778998778998779,0.5675213675213675,0.2402930402930403,0.3047619047619048,0.715995115995116,0.8148962148962149,0.3145299145299145,0.40586080586080586,0.27350427350427353,0.1514041514041514,0.37948717948717947,0.48376068376068376,0.12014652014652015,0.3523809523809524,0.20757020757020758,0.6151404151404152,0.1308913308913309,0.11892551892551892,0.24932844932844933,0.44761904761904764,0.3426129426129426
0.4065934065934066,0.28766788766788765,0.5335775335775336,0.5079365079365079,0.6886446886446886,0.4405372405372405,0.36434676434676433,0.3536019536019536,0.13357753357753357,0.1794871794871795,0.3540903540903541,0.40293040293040294,0.21733821733821734,0.49743589743589745,0.6034188034188034,0.11746031746031746,0.3133089133089133,0.5167277167277168,0.6376068376068376,0.45274725274725275,0.4581196581196581,0.06202686202686203,0.14285714285714285,0.24786324786324787,0.1641025641025641,0.4627594627594628,0.14505494505494507,0.15824175824175823,0.17435897435897435,0.747985347985348,0.6625152625152625,0.3006105006105006,0.18095238095238095,0.29084249084249086,0.46935286935286935,0.517948717948718,0.18021978021978022,0.3877899877899878,0.5604395604395604,0.36166056166056165,0.45714285714285713,0.11135531135531136,0.20341880341880342,0.5694749694749695,0.18315018315018314,0.4652014652014652,0.5953601953601954,0.17338217338217338,0.34725274725274724,0.5015873015873016,0.34114774114774116,0.1562881562881563,0.4456654456654457,0.4652014652014652,0.4004884004884005,0.38412698412698415,0.3474969474969475,0.18192918192918192,0.08864468864468865,0.5970695970695971,0.23223443223443224,0.295970695970696,0.7125763125763126,0.8263736263736263,0.34285714285714286,0.39365079365079364,0.3172161172161172,0.16678876678876678,0.3682539682539683,0.503052503052503,0.12869352869352868,0.3418803418803419,0.23174603174603176,0.6288156288156288,0.12576312576312576,0.11550671550671551,0.23736263736263735,0.432967032967033,0.33308913308913307
0.3848595848595849,0.2796092796092796,0.5404151404151404,0.5389499389499389,0.6771672771672772,0.4297924297924298,0.3496947496947497,0.3426129426129426,0.13015873015873017,0.17338217338217338,0.3938949938949939,0.3912087912087912,0.21025641025641026,0.5069597069597069,0.6175824175824176,0.11794871794871795,0.3333333333333333,0.5025641025641026,0.6500610500610501,0.4385836385836386,0.44297924297924296,0.06202686202686203,0.13772893772893774,0.24126984126984127,0.157997557997558,0.44981684981684983,0.14065934065934066,0.15384615384615385,0.168986568986569,0.7626373626373626,0.673992673992674,0.2905982905982906,0.17387057387057386,0.29304029304029305,0.4551892551892552,0.5032967032967033,0.17509157509157508,0.3672771672771673,0.5518925518925519,0.37191697191697193,0.4468864468864469,0.10866910866910867,0.1960927960927961,0.5963369963369963,0.20317460317460317,0.45274725274725275,0.5870573870573871,0.17045177045177046,0.3684981684981685,0.48815628815628814,0.32844932844932845,0.15262515262515264,0.4283272283272283,0.4537240537240537,0.4376068376068376,0.37142857142857144,0.4004884004884005,0.17313797313797313,0.10451770451770452,0.6207570207570208,0.22393162393162394,0.2869352869352869,0.7067155067155068,0.8346764346764347,0.36971916971916974,0.38217338217338215,0.3557997557997558,0.1873015873015873,0.3572649572649573,0.5194139194139195,0.14285714285714285,0.3308913308913309,0.26202686202686204,0.64004884004884,0.12136752136752137,0.11184371184371185,0.2258852258852259,0.4188034188034188,0.32283272283272285
0.3665445665445665,0.2717948717948718,0.544078144078144,0.568009768009768,0.6644688644688644,0.41782661782661784,0.33455433455433453,0.3316239316239316,0.12161172161172161,0.16825396825396827,0.43736263736263736,0.38046398046398044,0.20341880341880342,0.515018315018315,0.6293040293040293,0.1199023199023199,0.3523809523809524,0.48815628815628814,0.661050061050061,0.4231990231990232,0.42466422466422465,0.06202686202686203,0.13357753357753357,0.2354090354090354,0.15189255189255188,0.43736263736263736,0.1365079365079365,0.1496947496947497,0.16483516483516483,0.7758241758241758,0.683028083028083,0.2805860805860806,0.16678876678876678,0.29987789987789987,0.44175824175824174,0.48937728937728936,0.1702075702075702,0.3536019536019536,0.5411477411477411,0.3785103785103785,0.43565323565323566,0.10573870573870574,0.189010989010989,0.6205128205128205,0.2275946275946276,0.4405372405372405,0.5772893772893772,0.16825396825396827,0.3907203907203907,0.47545787545787543,0.315995115995116,0.1492063492063492,0.41098901098901097,0.44175824175824174,0.47155067155067154,0.3584859584859585,0.4507936507936508,0.16483516483516483,0.12356532356532357,0.6444444444444445,0.21587301587301588,0.2778998778998779,0.6976800976800976,0.8402930402930403,0.39438339438339437,0.37216117216117217,0.3973137973137973,0.21147741147741148,0.34676434676434675,0.5328449328449328,0.1597069597069597,0.31916971916971915,0.29645909645909646,0.6478632478632479,0.11746031746031746,0.10866910866910867,0.2148962148962149,0.40634920634920635,0.3125763125763126
0.3514041514041514,0.263980463980464,0.5443223443223443,0.5948717948717949,0.6507936507936508,0.4061050061050061,0.31965811965811963,0.32112332112332115,0.11013431013431013,0.1623931623931624,0.48131868131868133,0.36996336996337,0.19658119658119658,0.5208791208791209,0.6383394383394383,0.1242979242979243,0.3733821733821734,0.473992673992674,0.6698412698412698,0.4073260073260073,0.40805860805860805,0.06202686202686203,0.13137973137973138,0.22905982905982905,0.1457875457875458,0.4256410256410256,0.1326007326007326,0.147008547008547,0.15946275946275945,0.787057387057387,0.6893772893772894,0.27106227106227104,0.15995115995115994,0.31135531135531136,0.43052503052503055,0.47545787545787543,0.16532356532356532,0.34285714285714286,0.527960927960928,0.38266178266178263,0.4227106227106227,0.10256410256410256,0.18217338217338216,0.6415140415140416,0.2554334554334554,0.42905982905982903,0.5665445665445665,0.16507936507936508,0.4122100122100122,0.4634920634920635,0.30378510378510376,0.14554334554334555,0.39438339438339437,0.4302808302808303,0.5015873015873016,0.34554334554334554,0.49694749694749696,0.15897435897435896,0.14554334554334555,0.6659340659340659,0.2083028083028083,0.2691086691086691,0.6857142857142857,0.8424908424908425,0.41367521367521365,0.36336996336996336,0.43785103785103785,0.2385836385836386,0.33650793650793653,0.5413919413919414,0.19047619047619047,0.3076923076923077,0.33308913308913307,0.652991452991453,0.11404151404151404,0.1054945054945055,0.20634920634920634,0.3951159951159951,0.3018315018315018
0.33894993894993897,0.2564102564102564,0.5411477411477411,0.6158730158730159,0.6358974358974359,0.3938949938949939,0.3047619047619048,0.3103785103785104,0.1028083028083028,0.1562881562881563,0.5242979242979243,0.35995115995115995,0.19047619047619047,0.525030525030525,0.6442002442002442,0.13162393162393163,0.3946275946275946,0.46007326007326005,0.6761904761904762,0.3916971916971917,0.3960927960927961,0.06227106227106227,0.13162393162393163,0.22271062271062272,0.14017094017094017,0.4141636141636142,0.12869352869352868,0.1452991452991453,0.15384615384615385,0.7956043956043956,0.6923076923076923,0.26202686202686204,0.1536019536019536,0.32722832722832723,0.4205128205128205,0.4617826617826618,0.16092796092796094,0.33406593406593404,0.515018315018315,0.3848595848595849,0.4087912087912088,0.0989010989010989,0.17509157509157508,0.6598290598290598,0.28498168498168497,0.4188034188034188,0.5538461538461539,0.16166056166056167,0.4324786324786325,0.4512820512820513,0.2923076923076923,0.14236874236874236,0.3797313797313797,0.4188034188034188,0.5272283272283272,0.33308913308913307,0.5387057387057387,0.1540903540903541,0.17484737484737484,0.684981684981685,0.20073260073260074,0.2600732600732601,0.6717948717948717,0.842002442002442,0.4297924297924298,0.3536019536019536,0.4764346764346764,0.2678876678876679,0.32625152625152626,0.5467643467643467,0.22393162393162394,0.2962148962148962,0.3706959706959707,0.654945054945055,0.11037851037851037,0.10256410256410256,0.19926739926739928,0.3838827838827839,0.2915750915750916
0.3282051282051282,0.24835164835164836,0.535042735042735,0.6329670329670329,0.62002442002442,0.3819291819291819,0.29010989010989013,0.3001221001221001,0.09768009768009768,0.15042735042735042,0.5650793650793651,0.35067155067155065,0.18461538461538463,0.5272283272283272,0.645909645909646,0.14358974358974358,0.41514041514041516,0.44713064713064715,0.6800976800976801,0.37704517704517704,0.3831501831501832,0.06373626373626373,0.1343101343101343,0.21636141636141637,0.13528693528693528,0.40293040293040294,0.1264957264957265,0.1426129426129426,0.14822954822954823,0.800976800976801,0.692063492063492,0.25347985347985347,0.14774114774114774,0.3435897435897436,0.41025641025641024,0.44884004884004886,0.157997557997558,0.32576312576312577,0.5020757020757021,0.38461538461538464,0.3946275946275946,0.09572649572649573,0.16825396825396827,0.6754578754578755,0.3145299145299145,0.409035409035409,0.5401709401709401,0.157997557997558,0.4507936507936508,0.43956043956043955,0.2810744810744811,0.13943833943833944,0.36678876678876676,0.40757020757020757,0.5487179487179488,0.32161172161172163,0.5706959706959707,0.14847374847374847,0.20976800976800977,0.7008547008547008,0.19365079365079366,0.2512820512820513,0.6561660561660562,0.8378510378510379,0.44542124542124545,0.3431013431013431,0.5118437118437118,0.2976800976800977,0.31746031746031744,0.5511599511599512,0.2507936507936508,0.2852258852258852,0.4070818070818071,0.6534798534798535,0.1072039072039072,0.10036630036630037,0.19145299145299147,0.3733821733821734,0.28156288156288156
0.3172161172161172,0.2407814407814408,0.526984126984127,0.6507936507936508,0.6039072039072039,0.36971916971916974,0.27594627594627597,0.29010989010989013,0.09401709401709402,0.14554334554334555,0.6031746031746031,0.34114774114774116,0.178998778998779,0.5264957264957265,0.6446886446886447,0.15995115995115994,0.4346764346764347,0.4346764346764347,0.6815628815628816,0.36385836385836384,0.3677655677655678,0.06568986568986569,0.14065934065934066,0.21025641025641026,0.13064713064713065,0.39316239316239315,0.12503052503052503,0.13968253968253969,0.1426129426129426,0.802930402930403,0.6884004884004884,0.2454212454212454,0.14383394383394382,0.3606837606837607,0.4,0.4363858363858364,0.15677655677655677,0.3181929181929182,0.4879120879120879,0.38168498168498166,0.38046398046398044,0.09255189255189256,0.1619047619047619,0.6884004884004884,0.3396825396825397,0.3987789987789988,0.526007326007326,0.15482295482295483,0.4666666666666667,0.4278388278388278,0.27057387057387056,0.13797313797313798,0.35262515262515265,0.3963369963369963,0.5665445665445665,0.3108669108669109,0.5956043956043956,0.14285714285714285,0.24835164835164836,0.7137973137973138,0.1873015873015873,0.24273504273504273,0.6388278388278388,0.8307692307692308,0.4593406593406593,0.33284493284493283,0.5433455433455433,0.326984126984127,0.3094017094017094,0.5531135531135531,0.28498168498168497,0.27472527472527475,0.441025641025641,0.6490842490842491,0.10427350427350428,0.09914529914529914,0.18315018315018314,0.36288156288156287,0.2717948717948718
0.30573870573870576,0.23443223443223443,0.5157509157509158,0.6676434676434676,0.5885225885225885,0.35775335775335776,0.26202686202686204,0.28034188034188035,0.09181929181929183,0.1426129426129426,0.6385836385836385,0.33186813186813185,0.17362637362637362,0.5238095238095238,0.6417582417582418,0.18168498168498168,0.4525030525030525,0.4227106227106227,0.6800976800976801,0.3516483516483517,0.35482295482295484,0.06617826617826618,0.15189255189255188,0.20415140415140415,0.126007326007326,0.3838827838827839,0.12283272283272283,0.1365079365079365,0.13772893772893774,0.8012210012210013,0.6815628815628816,0.23785103785103784,0.1413919413919414,0.38168498168498166,0.38974358974358975,0.42466422466422465,0.15848595848595848,0.3103785103785104,0.47374847374847373,0.37606837606837606,0.3665445665445665,0.08937728937728938,0.15531135531135531,0.6967032967032967,0.36166056166056165,0.3887667887667888,0.5115995115995116,0.1514041514041514,0.4800976800976801,0.4166056166056166,0.26202686202686204,0.136996336996337,0.3384615384615385,0.38534798534798537,0.5802197802197803,0.30158730158730157,0.6202686202686203,0.13772893772893774,0.28888888888888886,0.7235653235653235,0.18095238095238095,0.23443223443223443,0.6217338217338217,0.8219780219780219,0.47106227106227105,0.3221001221001221,0.5709401709401709,0.3514041514041514,0.3006105006105006,0.5531135531135531,0.32283272283272285,0.26422466422466423,0.472039072039072,0.6417582417582418,0.10305250305250305,0.0971916971916972,0.17509157509157508,0.3528693528693529,0.2622710622710623
0.29255189255189257,0.22905982905982905,0.5023199023199023,0.6827838827838828,0.5736263736263736,0.34554334554334554,0.2485958485958486,0.27057387057387056,0.09035409035409035,0.1426129426129426,0.6708180708180708,0.32283272283272285,0.168986568986569,0.5201465201465202,0.6361416361416361,0.20732600732600734,0.4686202686202686,0.4105006105006105,0.675946275946276,0.3409035409035409,0.34456654456654456,0.06642246642246642,0.16874236874236875,0.19853479853479852,0.12307692307692308,0.3741147741147741,0.12136752136752137,0.13357753357753357,0.1326007326007326,0.7953601953601953,0.6715506715506715,0.23174603174603176,0.13968253968253969,0.4039072039072039,0.3797313797313797,0.41318681318681316,0.16361416361416362,0.3028083028083028,0.45958485958485956,0.36800976800976803,0.3536019536019536,0.08644688644688645,0.14896214896214896,0.701098901098901,0.3848595848595849,0.37826617826617825,0.4976800976800977,0.14822954822954823,0.49108669108669106,0.40586080586080586,0.25445665445665444,0.13528693528693528,0.3128205128205128,0.37435897435897436,0.590964590964591,0.2937728937728938,0.642002442002442,0.13235653235653236,0.32893772893772893,0.7296703296703296,0.17484737484737484,0.22661782661782662,0.6046398046398046,0.810989010989011,0.48083028083028084,0.3115995115995116,0.5941391941391941,0.3724053724053724,0.2910866910866911,0.550915750915751,0.36117216117216117,0.25396825396825395,0.49963369963369964,0.6322344322344322,0.10329670329670329,0.09548229548229548,0.1675213675213675,0.3431013431013431,0.252991452991453
0.28083028083028083,0.22295482295482297,0.4869352869352869,0.6957264957264957,0.5594627594627595,0.3338217338217338,0.23614163614163614,0.26202686202686204,0.0884004884004884,0.14676434676434677,0.6996336996336996,0.31355311355311355,0.16532356532356532,0.5142857142857142,0.6278388278388278,0.23663003663003662,0.4835164835164835,0.3987789987789988,0.6695970695970695,0.33235653235653234,0.3326007326007326,0.06642246642246642,0.19145299145299147,0.19316239316239317,0.12112332112332112,0.3641025641025641,0.12112332112332112,0.1308913308913309,0.12796092796092795,0.7855921855921856,0.6586080586080586,0.22661782661782662,0.14065934065934066,0.4261294261294261,0.36971916971916974,0.40195360195360197,0.17264957264957265,0.29523809523809524,0.44590964590964594,0.35824175824175825,0.34114774114774116,0.08376068376068375,0.1443223443223443,0.7047619047619048,0.4070818070818071,0.3677655677655678,0.484004884004884,0.14505494505494507,0.49963369963369964,0.3960927960927961,0.2459096459096459,0.1330891330891331,0.283028083028083,0.36385836385836384,0.5970695970695971,0.2874236874236874,0.6605616605616605,0.12698412698412698,0.36800976800976803,0.7326007326007326,0.16923076923076924,0.22002442002442002,0.5863247863247864,0.7973137973137974,0.4879120879120879,0.3013431013431013,0.6136752136752137,0.39365079365079364,0.28156288156288156,0.5457875457875457,0.39829059829059826,0.24444444444444444,0.5238095238095238,0.6205128205128205,0.10451770451770452,0.09328449328449329,0.15995115995115994,0.33406593406593404,0.2442002442002442
0.2691086691086691,0.21636141636141637,0.47057387057387057,0.7064713064713065,0.5457875457875457,0.3221001221001221,0.22612942612942613,0.25445665445665444,0.08595848595848596,0.15555555555555556,0.726007326007326,0.3047619047619048,0.16263736263736264,0.5064713064713064,0.6163614163614164,0.26764346764346764,0.49645909645909647,0.3873015873015873,0.6603174603174603,0.32454212454212455,0.3162393162393162,0.06617826617826618,0.22002442002442002,0.1921855921855922,0.11843711843711843,0.35433455433455435,0.12307692307692308,0.1282051282051282,0.12356532356532357,0.7724053724053724,0.6444444444444445,0.22026862026862026,0.14554334554334555,0.44713064713064715,0.3597069597069597,0.39096459096459096,0.18583638583638584,0.28888888888888886,0.432967032967033,0.34725274725274724,0.3291819291819292,0.08156288156288156,0.1409035409035409,0.7057387057387058,0.42735042735042733,0.3572649572649573,0.4708180708180708,0.14188034188034188,0.505982905982906,0.3873015873015873,0.2371184371184371,0.13113553113553114,0.2634920634920635,0.35311355311355314,0.6004884004884005,0.2805860805860806,0.6754578754578755,0.12185592185592185,0.40463980463980465,0.7321123321123321,0.16361416361416362,0.2144078144078144,0.5675213675213675,0.7814407814407814,0.4925518925518926,0.2915750915750916,0.6295482295482295,0.41367521367521365,0.2717948717948718,0.5382173382173382,0.4332112332112332,0.23663003663003662,0.5418803418803418,0.6063492063492063,0.1076923076923077,0.09157509157509157,0.15262515262515264,0.3247863247863248,0.2358974358974359
0.25518925518925517,0.21025641025641026,0.452991452991453,0.7140415140415141,0.5326007326007326,0.3108669108669109,0.2175824175824176,0.24664224664224665,0.08351648351648351,0.17045177045177046,0.7492063492063492,0.29743589743589743,0.1597069597069597,0.49743589743589745,0.6024420024420024,0.2993894993894994,0.5079365079365079,0.3755799755799756,0.6498168498168498,0.31648351648351647,0.3018315018315018,0.06617826617826618,0.252991452991453,0.1934065934065934,0.11550671550671551,0.34456654456654456,0.12869352869352868,0.126007326007326,0.11892551892551892,0.757020757020757,0.629059829059829,0.2139194139194139,0.15604395604395604,0.46642246642246643,0.3499389499389499,0.37997557997557996,0.2004884004884005,0.28327228327228327,0.42075702075702076,0.33528693528693526,0.3184371184371184,0.07912087912087912,0.13626373626373625,0.7040293040293041,0.44590964590964594,0.34676434676434675,0.45836385836385835,0.13846153846153847,0.5096459096459096,0.37704517704517704,0.22832722832722832,0.12942612942612944,0.24932844932844933,0.3440781440781441,0.6021978021978022,0.273992673992674,0.6866910866910867,0.11721611721611722,0.43785103785103785,0.7279609279609279,0.15946275946275945,0.2083028083028083,0.5492063492063493,0.7633699633699633,0.49474969474969477,0.28205128205128205,0.642002442002442,0.4315018315018315,0.2622710622710623,0.5277167277167277,0.46495726495726497,0.23028083028083027,0.5557997557997558,0.5904761904761905,0.11526251526251527,0.08937728937728938,0.1457875457875458,0.31575091575091574,0.22808302808302808
0.2407814407814408,0.20415140415140415,0.43565323565323566,0.7191697191697192,0.5194139194139195,0.30036630036630035,0.20781440781440783,0.23809523809523808,0.08131868131868132,0.19047619047619047,0.7658119658119659,0.29084249084249086,0.15653235653235653,0.48644688644688644,0.5863247863247864,0.3311355311355311,0.5174603174603175,0.3653235653235653,0.6373626373626373,0.3086691086691087,0.2915750915750916,0.0673992673992674,0.2893772893772894,0.19047619047619047,0.11257631257631258,0.33455433455433453,0.1391941391941392,0.12503052503052503,0.11477411477411477,0.73992673992674,0.6117216117216118,0.2070818070818071,0.17216117216117216,0.4832722832722833,0.3401709401709402,0.3684981684981685,0.2170940170940171,0.2766788766788767,0.40927960927960927,0.3230769230769231,0.3076923076923077,0.07814407814407814,0.13113553113553114,0.6986568986568986,0.4622710622710623,0.33650793650793653,0.4468864468864469,0.13553113553113552,0.5108669108669108,0.36678876678876676,0.21953601953601953,0.12796092796092795,0.23785103785103784,0.33577533577533575,0.6021978021978022,0.2678876678876679,0.6942612942612942,0.1137973137973138,0.4678876678876679,0.7203907203907204,0.1562881562881563,0.20170940170940171,0.5316239316239316,0.7438339438339439,0.4945054945054945,0.27277167277167275,0.6498168498168498,0.45836385836385835,0.25347985347985347,0.5152625152625152,0.4927960927960928,0.2271062271062271,0.5692307692307692,0.5726495726495726,0.12796092796092795,0.08766788766788766,0.13968253968253969,0.3064713064713065,0.22148962148962148
0.22612942612942613,0.19829059829059828,0.4188034188034188,0.7211233211233211,0.5064713064713064,0.29181929181929184,0.19755799755799755,0.22979242979242978,0.07887667887667887,0.21587301587301588,0.778021978021978,0.28376068376068375,0.15384615384615385,0.4742368742368742,0.5684981684981685,0.3614163614163614,0.5252747252747253,0.35555555555555557,0.6231990231990232,0.30036630036630035,0.2800976800976801,0.07106227106227106,0.32722832722832723,0.18608058608058609,0.10989010989010989,0.32454212454212455,0.15433455433455434,0.126007326007326,0.11233211233211234,0.7199023199023199,0.5926739926739927,0.20024420024420025,0.19462759462759463,0.49743589743589745,0.3304029304029304,0.3584859584859585,0.23785103785103784,0.2703296703296703,0.39829059829059826,0.3115995115995116,0.2989010989010989,0.07863247863247863,0.12576312576312576,0.6898656898656899,0.4764346764346764,0.32625152625152626,0.43565323565323566,0.13382173382173382,0.5096459096459096,0.3562881562881563,0.210989010989011,0.1264957264957265,0.22808302808302808,0.326984126984127,0.5995115995115995,0.2617826617826618,0.6991452991452991,0.1115995115995116,0.49401709401709404,0.7098901098901099,0.15189255189255188,0.1956043956043956,0.5147741147741147,0.7235653235653235,0.4913308913308913,0.263980463980464,0.653968253968254,0.4884004884004884,0.24493284493284492,0.5010989010989011,0.5174603174603175,0.2271062271062271,0.580952380952381,0.5540903540903541,0.14676434676434677,0.08595848595848596,0.13504273504273503,0.2971916971916972,0.21587301587301588
0.21245421245421245,0.19267399267399268,0.40244200244200246,0.7203907203907204,0.49401709401709404,0.284004884004884,0.1873015873015873,0.22173382173382172,0.07643467643467644,0.24126984126984127,0.78998778998779,0.2761904761904762,0.15262515262515264,0.46153846153846156,0.5496947496947497,0.38974358974358975,0.5304029304029304,0.3452991452991453,0.6073260073260073,0.2920634920634921,0.26837606837606837,0.07887667887667887,0.3653235653235653,0.1824175824175824,0.10744810744810745,0.31477411477411477,0.17509157509157508,0.13064713064713065,0.11037851037851037,0.6981684981684981,0.5731379731379731,0.1934065934065934,0.2231990231990232,0.5089133089133089,0.32063492063492066,0.3492063492063492,0.2612942612942613,0.263980463980464,0.39902319902319905,0.3006105006105006,0.29084249084249086,0.0778998778998779,0.1203907203907204,0.6781440781440782,0.4884004884004884,0.3162393162393162,0.4249084249084249,0.13284493284493284,0.5064713064713064,0.3452991452991453,0.2026862026862027,0.12503052503052503,0.21953601953601953,0.31746031746031744,0.5941391941391941,0.25567765567765566,0.7006105006105006,0.11233211233211234,0.5135531135531135,0.6969474969474969,0.14676434676434677,0.18925518925518925,0.49914529914529915,0.7023199023199023,0.48644688644688644,0.2568986568986569,0.6568986568986569,0.5074481074481074,0.23663003663003662,0.4857142857142857,0.5357753357753358,0.23028083028083027,0.590964590964591,0.5347985347985348,0.17216117216117216,0.0844932844932845,0.1326007326007326,0.28913308913308916,0.20927960927960929
0.19926739926739928,0.18705738705738706,0.3868131868131868,0.7162393162393162,0.4827838827838828,0.2754578754578755,0.1772893772893773,0.21416361416361415,0.07448107448107448,0.26764346764346764,0.8,0.2681318681318681,0.1536019536019536,0.4485958485958486,0.5304029304029304,0.4126984126984127,0.5333333333333333,0.3343101343101343,0.5904761904761905,0.28376068376068375,0.25445665445665444,0.09255189255189256,0.398046398046398,0.17924297924297924,0.10525030525030525,0.3052503052503053,0.20073260073260074,0.1391941391941392,0.1076923076923077,0.6754578754578755,0.5538461538461539,0.18656898656898657,0.25665445665445663,0.5174603174603175,0.31135531135531136,0.3387057387057387,0.2862026862026862,0.2578754578754579,0.4056166056166056,0.29181929181929184,0.28205128205128205,0.07741147741147741,0.11550671550671551,0.663003663003663,0.4989010989010989,0.30622710622710625,0.4158730158730159,0.13137973137973138,0.5010989010989011,0.3343101343101343,0.19462759462759463,0.12356532356532357,0.21172161172161172,0.30842490842490844,0.5863247863247864,0.25006105006105006,0.6984126984126984,0.11672771672771673,0.5284493284493285,0.6810744810744811,0.14212454212454212,0.18339438339438338,0.48424908424908425,0.6810744810744811,0.47912087912087914,0.2507936507936508,0.6573870573870574,0.5194139194139195,0.22832722832722832,0.4695970695970696,0.54993894993895,0.23809523809523808,0.599023199023199,0.515995115995116,0.20415140415140415,0.08327228327228327,0.13382173382173382,0.2818070818070818,0.20293040293040293
0.18754578754578755,0.18168498168498168,0.37264957264957266,0.7094017094017094,0.4725274725274725,0.26666666666666666,0.1675213675213675,0.20683760683760682,0.07301587301587302,0.2937728937728938,0.8068376068376069,0.2600732600732601,0.1575091575091575,0.43565323565323566,0.5111111111111111,0.43174603174603177,0.5357753357753358,0.32332112332112334,0.5731379731379731,0.2754578754578755,0.2424908424908425,0.11330891330891331,0.4271062271062271,0.17484737484737484,0.10256410256410256,0.29572649572649573,0.23076923076923078,0.1509157509157509,0.10476190476190476,0.6527472527472528,0.5345543345543345,0.18021978021978022,0.29352869352869354,0.5233211233211233,0.30305250305250303,0.3277167277167277,0.31135531135531136,0.252014652014652,0.40293040293040294,0.2844932844932845,0.27277167277167275,0.07814407814407814,0.11037851037851037,0.6456654456654457,0.5067155067155067,0.2962148962148962,0.4073260073260073,0.1308913308913309,0.49352869352869355,0.3235653235653236,0.18705738705738706,0.12234432234432234,0.20586080586080585,0.29987789987789987,0.5753357753357753,0.24444444444444444,0.6935286935286935,0.12405372405372406,0.5428571428571428,0.6627594627594627,0.13724053724053725,0.17777777777777778,0.47057387057387057,0.6600732600732601,0.4708180708180708,0.2437118437118437,0.6556776556776557,0.526984126984127,0.22026862026862026,0.4551892551892552,0.5643467643467643,0.2507936507936508,0.6046398046398046,0.4976800976800977,0.24102564102564103,0.08205128205128205,0.13846153846153847,0.27326007326007323,0.19633699633699633
0.1768009768009768,0.17655677655677657,0.3597069597069597,0.7001221001221001,0.4612942612942613,0.2578754578754579,0.15824175824175823,0.2,0.07155067155067155,0.3201465201465201,0.81001221001221,0.2525030525030525,0.1645909645909646,0.42295482295482295,0.4945054945054945,0.45152625152625153,0.5365079365079365,0.3128205128205128,0.5565323565323566,0.26764346764346764,0.2341880341880342,0.13772893772893774,0.45738705738705737,0.17045177045177046,0.09987789987789988,0.28595848595848594,0.2590964590964591,0.1663003663003663,0.10158730158730159,0.63003663003663,0.5162393162393163,0.17387057387057386,0.33186813186813185,0.5257631257631258,0.29572649572649573,0.31648351648351647,0.33601953601953605,0.2459096459096459,0.3968253968253968,0.27692307692307694,0.2634920634920635,0.08205128205128205,0.1054945054945055,0.6266178266178266,0.5123321123321123,0.2879120879120879,0.398046398046398,0.13235653235653236,0.4835164835164835,0.31306471306471306,0.17997557997557997,0.12087912087912088,0.20122100122100123,0.2915750915750916,0.5626373626373626,0.23882783882783884,0.6857142857142857,0.13504273504273503,0.5553113553113553,0.6427350427350428,0.1326007326007326,0.1724053724053724,0.4568986568986569,0.6407814407814408,0.46153846153846156,0.23614163614163614,0.6507936507936508,0.5306471306471306,0.21294261294261294,0.44175824175824174,0.5772893772893772,0.2681318681318681,0.608058608058608,0.4805860805860806,0.28156288156288156,0.08083028083028083,0.14774114774114774,0.2647130647130647,0.18998778998778998
0.1675213675213675,0.17191697191697192,0.3487179487179487,0.6891330891330891,0.4495726495726496,0.2490842490842491,0.14945054945054945,0.19316239316239317,0.07057387057387057,0.35067155067155065,0.8095238095238095,0.24493284493284492,0.17509157509157508,0.41098901098901097,0.47912087912087914,0.47057387057387057,0.536019536019536,0.3023199023199023,0.5396825396825397,0.2595848595848596,0.2231990231990232,0.1663003663003663,0.4869352869352869,0.16605616605616605,0.0971916971916972,0.27643467643467645,0.28669108669108667,0.1877899877899878,0.09865689865689865,0.608058608058608,0.4984126984126984,0.16776556776556775,0.37045177045177047,0.5252747252747253,0.2874236874236874,0.30500610500610503,0.3597069597069597,0.2402930402930403,0.3894993894993895,0.2703296703296703,0.2542124542124542,0.09035409035409035,0.1010989010989011,0.6065934065934065,0.5147741147741147,0.28034188034188035,0.3887667887667888,0.13724053724053725,0.47155067155067154,0.30305250305250303,0.17313797313797313,0.1203907203907204,0.1956043956043956,0.2835164835164835,0.5482295482295483,0.2336996336996337,0.6757020757020757,0.15115995115995115,0.5653235653235653,0.6217338217338217,0.1282051282051282,0.16776556776556775,0.44346764346764345,0.6231990231990232,0.4507936507936508,0.2288156288156288,0.6432234432234433,0.5313797313797314,0.2070818070818071,0.4278388278388278,0.5882783882783883,0.28962148962148965,0.609035409035409,0.4644688644688645,0.3235653235653236,0.08058608058608059,0.16336996336996337,0.25567765567765566,0.18363858363858365
0.15897435897435896,0.16776556776556775,0.3387057387057387,0.6757020757020757,0.43736263736263736,0.2402930402930403,0.14065934065934066,0.18705738705738706,0.0695970695970696,0.3819291819291819,0.8051282051282052,0.23736263736263735,0.18998778998778998,0.40073260073260075,0.4634920634920635,0.4884004884004884,0.5333333333333333,0.2923076923076923,0.5233211233211233,0.2515262515262515,0.2139194139194139,0.2043956043956044,0.5145299145299145,0.16166056166056167,0.09474969474969475,0.26886446886446885,0.3181929181929182,0.21465201465201464,0.09597069597069598,0.5870573870573871,0.48131868131868133,0.16214896214896216,0.4031746031746032,0.5230769230769231,0.2788766788766789,0.29352869352869354,0.38168498168498166,0.23516483516483516,0.37997557997557996,0.263980463980464,0.24517704517704517,0.10451770451770452,0.0971916971916972,0.5858363858363859,0.5147741147741147,0.27228327228327226,0.37924297924297923,0.14725274725274726,0.4586080586080586,0.29352869352869354,0.1663003663003663,0.1203907203907204,0.18998778998778998,0.27594627594627597,0.5326007326007326,0.22832722832722832,0.6627594627594627,0.17264957264957265,0.5726495726495726,0.5997557997557997,0.12356532356532357,0.16312576312576313,0.43052503052503055,0.6051282051282051,0.4388278388278388,0.22148962148962148,0.6329670329670329,0.5294261294261294,0.20170940170940171,0.4141636141636142,0.5970695970695971,0.3142857142857143,0.6073260073260073,0.44981684981684983,0.3606837606837607,0.08083028083028083,0.18583638583638584,0.2468864468864469,0.17753357753357754
0.15189255189255188,0.16532356532356532,0.32844932844932845,0.6612942612942613,0.4253968253968254,0.23174603174603176,0.13235653235653236,0.1807081807081807,0.07008547008547009,0.4126984126984127,0.7968253968253968,0.23003663003663002,0.2083028083028083,0.3912087912087912,0.4481074481074481,0.505006105006105,0.5286935286935287,0.28253968253968254,0.5079365079365079,0.2437118437118437,0.2087912087912088,0.24957264957264957,0.5396825396825397,0.15702075702075702,0.09255189255189256,0.2622710622710623,0.35067155067155065,0.2459096459096459,0.09352869352869353,0.5672771672771673,0.46544566544566546,0.15677655677655677,0.431990231990232,0.517948717948718,0.2703296703296703,0.2822954822954823,0.40195360195360197,0.23028083028083027,0.3694749694749695,0.25860805860805863,0.23614163614163614,0.12527472527472527,0.09474969474969475,0.5672771672771673,0.513064713064713,0.263980463980464,0.3694749694749695,0.16336996336996337,0.44468864468864466,0.2844932844932845,0.16117216117216118,0.1203907203907204,0.18437118437118438,0.26837606837606837,0.5162393162393163,0.22393162393162394,0.6476190476190476,0.19926739926739928,0.577045177045177,0.578021978021978,0.11892551892551892,0.15848595848595848,0.4188034188034188,0.5873015873015873,0.4261294261294261,0.21465201465201464,0.6195360195360196,0.5252747252747253,0.19511599511599512,0.40073260073260075,0.6036630036630036,0.3404151404151404,0.6031746031746031,0.43614163614163615,0.39365079365079364,0.08034188034188035,0.2148962148962149,0.23809523809523808,0.17094017094017094
0.147008547008547,0.16361416361416362,0.3177045177045177,0.6461538461538462,0.41318681318681316,0.22393162393162394,0.12454212454212454,0.17631257631257632,0.07057387057387057,0.44175824175824174,0.7846153846153846,0.22295482295482297,0.22612942612942613,0.3819291819291819,0.4332112332112332,0.5201465201465202,0.5218559218559219,0.27326007326007323,0.49352869352869355,0.2371184371184371,0.20366300366300366,0.2993894993894994,0.5619047619047619,0.1523809523809524,0.09157509157509157,0.2549450549450549,0.38266178266178263,0.28034188034188035,0.09157509157509157,0.5484737484737485,0.45006105006105007,0.15286935286935288,0.46251526251526254,0.5101343101343101,0.26202686202686204,0.27106227106227104,0.4202686202686203,0.22564102564102564,0.3584859584859585,0.25396825396825395,0.2271062271062271,0.15262515262515264,0.09548229548229548,0.54993894993895,0.5094017094017094,0.25616605616605614,0.35946275946275946,0.18608058608058609,0.4307692307692308,0.2766788766788767,0.15702075702075702,0.12112332112332112,0.1794871794871795,0.2612942612942613,0.49963369963369964,0.22002442002442002,0.6305250305250305,0.22954822954822954,0.5785103785103786,0.5565323565323566,0.11477411477411477,0.1540903540903541,0.4078144078144078,0.5702075702075702,0.4134310134310134,0.20781440781440783,0.6039072039072039,0.518925518925519,0.18876678876678876,0.3882783882783883,0.608058608058608,0.3672771672771673,0.5965811965811966,0.4244200244200244,0.42857142857142855,0.07912087912087912,0.25006105006105006,0.22905982905982905,0.16483516483516483
0.14383394383394382,0.16092796092796094,0.306959706959707,0.6307692307692307,0.400976800976801,0.21587301587301588,0.11721611721611722,0.1724053724053724,0.07057387057387057,0.46935286935286935,0.7692307692307693,0.21587301587301588,0.24493284493284492,0.3724053724053724,0.41904761904761906,0.5333333333333333,0.5133089133089133,0.26422466422466423,0.47985347985347987,0.2315018315018315,0.1956043956043956,0.35115995115995113,0.5816849816849817,0.14774114774114774,0.09157509157509157,0.24713064713064714,0.4134310134310134,0.31575091575091574,0.08937728937728938,0.5304029304029304,0.4368742368742369,0.14993894993894993,0.4918192918192918,0.49963369963369964,0.25396825396825395,0.2605616605616606,0.4368742368742369,0.22197802197802197,0.34725274725274724,0.24932844932844933,0.21831501831501832,0.18705738705738706,0.0989010989010989,0.5321123321123321,0.5037851037851038,0.24810744810744811,0.34945054945054943,0.21587301587301588,0.41733821733821735,0.2698412698412698,0.1523809523809524,0.12356532356532357,0.17606837606837608,0.24664224664224665,0.484981684981685,0.2153846153846154,0.6122100122100123,0.26202686202686204,0.577045177045177,0.5357753357753358,0.11135531135531136,0.15115995115995115,0.39584859584859583,0.5538461538461539,0.40073260073260075,0.20195360195360196,0.5868131868131868,0.5101343101343101,0.18192918192918192,0.3768009768009768,0.6097680097680098,0.39365079365079364,0.5882783882783883,0.4134310134310134,0.4617826617826618,0.07765567765567766,0.2893772893772894,0.2205128205128205,0.15897435897435896
0.13992673992673993,0.157997557997558,0.29572649572649573,0.6158730158730159,0.389010989010989,0.20757020757020758,0.1115995115995116,0.16776556776556775,0.07032967032967033,0.49401709401709404,0.7506715506715507,0.2105006105006105,0.26666666666666666,0.36336996336996336,0.4056166056166056,0.5452991452991452,0.503052503052503,0.25616605616605614,0.4673992673992674,0.22515262515262516,0.18754578754578755,0.40244200244200246,0.599023199023199,0.14334554334554334,0.09035409035409035,0.23956043956043957,0.442002442002442,0.35115995115995113,0.08742368742368742,0.513064713064713,0.4249084249084249,0.14652014652014653,0.5191697191697192,0.4869352869352869,0.2463980463980464,0.24981684981684982,0.4512820512820513,0.21904761904761905,0.33650793650793653,0.24444444444444444,0.21001221001221002,0.22661782661782662,0.10671550671550671,0.5147741147741147,0.495970695970696,0.2407814407814408,0.3396825396825397,0.25225885225885225,0.4043956043956044,0.2625152625152625,0.14725274725274726,0.1291819291819292,0.17387057387057386,0.22905982905982905,0.4713064713064713,0.21025641025641026,0.5936507936507937,0.29523809523809524,0.5726495726495726,0.515995115995116,0.10964590964590964,0.1492063492063492,0.3831501831501832,0.5377289377289377,0.3887667887667888,0.1973137973137973,0.5687423687423687,0.49914529914529915,0.17509157509157508,0.3658119658119658,0.6092796092796092,0.4183150183150183,0.5782661782661783,0.40195360195360197,0.49230769230769234,0.0761904761904762,0.33137973137973137,0.2126984126984127,0.15286935286935288
0.1365079365079365,0.15482295482295483,0.284004884004884,0.6007326007326007,0.3768009768009768,0.2,0.1072039072039072,0.16263736263736264,0.0695970695970696,0.5164835164835165,0.7296703296703296,0.20586080586080585,0.2893772893772894,0.35433455433455435,0.3924297924297924,0.5548229548229549,0.4913308913308913,0.24786324786324787,0.45616605616605616,0.21831501831501832,0.18192918192918192,0.4517704517704518,0.6134310134310135,0.1387057387057387,0.08986568986568987,0.23174603174603176,0.4686202686202686,0.38534798534798537,0.08522588522588523,0.4976800976800977,0.4126984126984127,0.14285714285714285,0.544078144078144,0.47277167277167276,0.23882783882783884,0.2398046398046398,0.4622710622710623,0.21562881562881564,0.32551892551892553,0.2398046398046398,0.20170940170940171,0.263980463980464,0.1203907203907204,0.49792429792429793,0.4862026862026862,0.23394383394383395,0.33015873015873015,0.29352869352869354,0.39365079365079364,0.2549450549450549,0.14236874236874236,0.1387057387057387,0.17484737484737484,0.2188034188034188,0.45738705738705737,0.20537240537240536,0.5746031746031746,0.32844932844932845,0.5653235653235653,0.49743589743589745,0.11013431013431013,0.14676434676434677,0.36996336996337,0.5223443223443224,0.3775335775335775,0.1943833943833944,0.5501831501831502,0.48644688644688644,0.16874236874236875,0.3557997557997558,0.6061050061050061,0.43736263736263736,0.566056166056166,0.39023199023199023,0.518925518925519,0.07496947496947497,0.37362637362637363,0.20488400488400488,0.14847374847374847
0.1330891330891331,0.1514041514041514,0.27228327228327226,0.5865689865689866,0.3648351648351648,0.1943833943833944,0.10158730158730159,0.15775335775335775,0.06910866910866911,0.536019536019536,0.7091575091575092,0.20024420024420025,0.3125763125763126,0.34554334554334554,0.3797313797313797,0.5628815628815629,0.47912087912087914,0.24151404151404152,0.4444444444444444,0.21147741147741148,0.17582417582417584,0.49792429792429793,0.6251526251526252,0.1347985347985348,0.08937728937728938,0.22442002442002443,0.4927960927960928,0.4183150183150183,0.0844932844932845,0.4835164835164835,0.39951159951159954,0.13992673992673993,0.566056166056166,0.4581196581196581,0.23223443223443224,0.23223443223443224,0.4708180708180708,0.21172161172161172,0.3145299145299145,0.23516483516483516,0.19365079365079366,0.30085470085470084,0.1413919413919414,0.48205128205128206,0.47496947496947495,0.2275946275946276,0.32112332112332115,0.33821733821733824,0.38461538461538464,0.24713064713064714,0.13724053724053725,0.1536019536019536,0.17875457875457876,0.21123321123321123,0.44395604395604393,0.20024420024420025,0.5565323565323566,0.35995115995115995,0.5545787545787546,0.48131868131868133,0.11330891330891331,0.1452991452991453,0.35702075702075703,0.5074481074481074,0.367032967032967,0.19365079365079366,0.5333333333333333,0.4725274725274725,0.1623931623931624,0.346031746031746,0.6004884004884005,0.45274725274725275,0.5518925518925519,0.378021978021978,0.5418803418803418,0.07374847374847375,0.4146520146520147,0.19755799755799755,0.14505494505494507
0.13064713064713065,0.14822954822954823,0.2605616605616606,0.5728937728937729,0.35262515262515265,0.18925518925518925,0.09572649572649573,0.15262515262515264,0.06862026862026863,0.5504273504273505,0.6884004884004884,0.1943833943833944,0.3347985347985348,0.3367521367521368,0.36678876678876676,0.5684981684981685,0.46715506715506716,0.2358974358974359,0.43272283272283274,0.20488400488400488,0.16776556776556775,0.5401709401709401,0.6341880341880342,0.13211233211233211,0.08864468864468865,0.21733821733821734,0.5147741147741147,0.4485958485958486,0.08522588522588523,0.4683760683760684,0.3865689865689866,0.13846153846153847,0.5855921855921856,0.4427350427350427,0.22564102564102564,0.2253968253968254,0.47912087912087914,0.20757020757020758,0.30378510378510376,0.23028083028083027,0.18754578754578755,0.3426129426129426,0.1702075702075702,0.4669108669108669,0.46251526251526254,0.22295482295482297,0.3120879120879121,0.37826617826617825,0.3750915750915751,0.2398046398046398,0.1326007326007326,0.17362637362637362,0.18632478632478633,0.20537240537240536,0.4307692307692308,0.19511599511599512,0.5389499389499389,0.38925518925518926,0.5416361416361416,0.4669108669108669,0.12087912087912088,0.1457875457875458,0.34383394383394383,0.4925518925518926,0.35775335775335776,0.19658119658119658,0.517948717948718,0.45836385836385835,0.15653235653235653,0.33650793650793653,0.591941391941392,0.4673992673992674,0.5362637362637362,0.3658119658119658,0.5611721611721612,0.07252747252747253,0.452991452991453,0.1907203907203907,0.14065934065934066
0.1282051282051282,0.14505494505494507,0.2485958485958486,0.55995115995116,0.3423687423687424,0.18315018315018314,0.08937728937728938,0.14774114774114774,0.06788766788766788,0.5614163614163614,0.6666666666666666,0.18852258852258852,0.3562881562881563,0.3277167277167277,0.35384615384615387,0.5716727716727716,0.45567765567765567,0.22979242979242978,0.4205128205128205,0.19853479853479852,0.1606837606837607,0.5782661782661783,0.64004884004884,0.12991452991452992,0.0884004884004884,0.2105006105006105,0.5345543345543345,0.4766788766788767,0.08888888888888889,0.45323565323565324,0.37362637362637363,0.13943833943833944,0.6026862026862027,0.4275946275946276,0.21904761904761905,0.2175824175824176,0.4862026862026862,0.20341880341880342,0.2932844932844933,0.22661782661782662,0.18217338217338216,0.3851037851037851,0.2061050061050061,0.45225885225885226,0.4495726495726496,0.22002442002442002,0.3045177045177045,0.41562881562881565,0.3663003663003663,0.23272283272283273,0.1282051282051282,0.19877899877899877,0.19829059829059828,0.20024420024420025,0.4188034188034188,0.19047619047619047,0.5228327228327229,0.41562881562881565,0.5284493284493285,0.4517704517704518,0.13406593406593406,0.14945054945054945,0.3308913308913309,0.4778998778998779,0.3487179487179487,0.20195360195360196,0.5023199023199023,0.4442002442002442,0.1509157509157509,0.326984126984127,0.5816849816849817,0.4805860805860806,0.5199023199023199,0.3540903540903541,0.577045177045177,0.07179487179487179,0.48815628815628814,0.18534798534798536,0.13577533577533576
0.12551892551892552,0.1413919413919414,0.23687423687423687,0.5472527472527473,0.33284493284493283,0.17631257631257632,0.08302808302808302,0.14285714285714285,0.06715506715506715,0.5721611721611721,0.6444444444444445,0.1829059829059829,0.37533577533577533,0.31868131868131866,0.3409035409035409,0.5716727716727716,0.44395604395604393,0.22295482295482297,0.40854700854700854,0.19194139194139195,0.15604395604395604,0.6124542124542125,0.642002442002442,0.12698412698412698,0.09010989010989011,0.20366300366300366,0.5518925518925519,0.4989010989010989,0.09548229548229548,0.43785103785103785,0.3606837606837607,0.14407814407814407,0.6173382173382174,0.4134310134310134,0.21416361416361415,0.21001221001221002,0.4913308913308913,0.19926739926739928,0.283028083028083,0.22295482295482297,0.17606837606837608,0.42686202686202684,0.24810744810744811,0.4376068376068376,0.4363858363858364,0.21978021978021978,0.29743589743589743,0.45665445665445664,0.357997557997558,0.22564102564102564,0.1242979242979243,0.22857142857142856,0.2139194139194139,0.1956043956043956,0.4073260073260073,0.18583638583638584,0.5076923076923077,0.43614163614163615,0.5145299145299145,0.4371184371184371,0.15384615384615385,0.1575091575091575,0.3177045177045177,0.4634920634920635,0.34163614163614164,0.21025641025641026,0.4874236874236874,0.43052503052503055,0.1452991452991453,0.3189255189255189,0.5699633699633699,0.49108669108669106,0.5023199023199023,0.3423687423687424,0.58998778998779,0.07106227106227106,0.5152625152625152,0.1807081807081807,0.13137973137973138
0.12258852258852258,0.13846153846153847,0.2253968253968254,0.5357753357753358,0.3225885225885226,0.16947496947496948,0.07667887667887668,0.13821733821733823,0.06642246642246642,0.580952380952381,0.622954822954823,0.17753357753357754,0.39267399267399267,0.3094017094017094,0.3277167277167277,0.5692307692307692,0.43174603174603177,0.21636141636141637,0.3963369963369963,0.18583638583638584,0.15067155067155066,0.642979242979243,0.6407814407814408,0.12380952380952381,0.09572649572649573,0.19755799755799755,0.567032967032967,0.5172161172161173,0.10695970695970695,0.42295482295482295,0.34798534798534797,0.15384615384615385,0.629059829059829,0.40024420024420027,0.21001221001221002,0.20317460317460317,0.494993894993895,0.1956043956043956,0.2744810744810745,0.21831501831501832,0.16971916971916973,0.46593406593406594,0.2945054945054945,0.42344322344322344,0.42344322344322344,0.22173382173382172,0.2893772893772894,0.49792429792429793,0.3499389499389499,0.21904761904761905,0.1203907203907204,0.2617826617826618,0.23003663003663002,0.19096459096459095,0.39658119658119656,0.18095238095238095,0.4937728937728938,0.45274725274725275,0.49914529914529915,0.4222222222222222,0.18046398046398046,0.17094017094017094,0.30500610500610503,0.44884004884004886,0.3355311355311355,0.2231990231990232,0.473015873015873,0.41782661782661784,0.14017094017094017,0.3115995115995116,0.5560439560439561,0.49914529914529915,0.48473748473748474,0.3308913308913309,0.6,0.07057387057387057,0.536996336996337,0.17533577533577532,0.12722832722832722
0.11965811965811966,0.13577533577533576,0.21611721611721613,0.5245421245421246,0.3115995115995116,0.16263736263736264,0.07106227106227106,0.13382173382173382,0.06593406593406594,0.5873015873015873,0.6019536019536019,0.17216117216117216,0.40854700854700854,0.30036630036630035,0.31648351648351647,0.5653235653235653,0.42002442002442003,0.21001221001221002,0.38412698412698415,0.17997557997557997,0.14407814407814407,0.6656898656898657,0.6376068376068376,0.1199023199023199,0.10695970695970695,0.1916971916971917,0.5777777777777777,0.536019536019536,0.12503052503052503,0.40805860805860805,0.33528693528693526,0.16947496947496948,0.6378510378510378,0.389010989010989,0.20537240537240536,0.1978021978021978,0.495970695970696,0.19194139194139195,0.26666666666666666,0.21318681318681318,0.16336996336996337,0.5025641025641026,0.3435897435897436,0.41001221001221,0.41074481074481073,0.22661782661782662,0.28156288156288156,0.5377289377289377,0.3426129426129426,0.21294261294261294,0.11697191697191697,0.29645909645909646,0.2576312576312576,0.18656898656898657,0.3860805860805861,0.1768009768009768,0.48205128205128206,0.4686202686202686,0.4827838827838828,0.40757020757020757,0.21294261294261294,0.18998778998778998,0.29255189255189257,0.4358974358974359,0.32893772893772893,0.24004884004884006,0.46007326007326005,0.4061050061050061,0.13675213675213677,0.30305250305250303,0.5404151404151404,0.504029304029304,0.4673992673992674,0.31965811965811963,0.6075702075702075,0.07106227106227106,0.557997557997558,0.16971916971916973,0.12307692307692308
0.11672771672771673,0.13357753357753357,0.2083028083028083,0.5125763125763125,0.30085470085470084,0.15653235653235653,0.06666666666666667,0.12942612942612944,0.06568986568986569,0.5912087912087912,0.5816849816849817,0.16678876678876678,0.4222222222222222,0.2923076923076923,0.3064713064713065,0.5597069597069597,0.40854700854700854,0.20341880341880342,0.3724053724053724,0.17387057387057386,0.13821733821733823,0.6835164835164835,0.631990231990232,0.115995115995116,0.12551892551892552,0.1873015873015873,0.5853479853479854,0.5543345543345544,0.1509157509157509,0.39365079365079364,0.32283272283272285,0.19145299145299147,0.6422466422466423,0.37948717948717947,0.2004884004884005,0.19511599511599512,0.49401709401709404,0.189010989010989,0.25811965811965815,0.20781440781440783,0.15677655677655677,0.536019536019536,0.3924297924297924,0.3963369963369963,0.4,0.23467643467643468,0.27326007326007323,0.5753357753357753,0.33528693528693526,0.20683760683760682,0.11428571428571428,0.32722832722832723,0.27912087912087913,0.18217338217338216,0.3755799755799756,0.17313797313797313,0.4713064713064713,0.4832722832722833,0.4666666666666667,0.39316239316239315,0.25054945054945055,0.2144078144078144,0.28083028083028083,0.4236874236874237,0.3225885225885226,0.2605616605616606,0.4481074481074481,0.3951159951159951,0.13406593406593406,0.2937728937728938,0.5235653235653236,0.5062271062271062,0.4512820512820513,0.3086691086691087,0.611965811965812,0.07203907203907203,0.576068376068376,0.1645909645909646,0.11892551892551892
0.11330891330891331,0.13284493284493284,0.199023199023199,0.5006105006105006,0.2903540903540904,0.15042735042735042,0.06446886446886448,0.12454212454212454,0.06593406593406594,0.5921855921855922,0.5626373626373626,0.1619047619047619,0.4341880341880342,0.28498168498168497,0.294993894993895,0.5518925518925519,0.39755799755799753,0.1973137973137973,0.3609279609279609,0.16825396825396827,0.13553113553113552,0.7018315018315018,0.6236874236874237,0.11233211233211234,0.1523809523809524,0.18363858363858365,0.5924297924297924,0.5711843711843712,0.18485958485958487,0.37948717948717947,0.3103785103785104,0.21978021978021978,0.6434676434676435,0.36996336996337,0.1960927960927961,0.19584859584859585,0.4896214896214896,0.18754578754578755,0.24957264957264957,0.2083028083028083,0.1509157509157509,0.566056166056166,0.44004884004884004,0.38412698412698415,0.39023199023199023,0.2463980463980464,0.26495726495726496,0.6097680097680098,0.3274725274725275,0.20073260073260074,0.1137973137973138,0.3553113553113553,0.30158730158730157,0.17777777777777778,0.3653235653235653,0.17045177045177046,0.4603174603174603,0.49523809523809526,0.45103785103785105,0.37924297924297923,0.2910866910866911,0.2437118437118437,0.27106227106227104,0.4105006105006105,0.315995115995116,0.28327228327228327,0.4363858363858364,0.38632478632478634,0.1308913308913309,0.2844932844932845,0.5062271062271062,0.5052503052503052,0.4358974358974359,0.2979242979242979,0.6126984126984127,0.07203907203907203,0.5914529914529915,0.157997557997558,0.11526251526251527
0.10989010989010989,0.1343101343101343,0.1894993894993895,0.48815628815628814,0.28034188034188035,0.14407814407814407,0.06495726495726496,0.12014652014652015,0.06666666666666667,0.5897435897435898,0.5443223443223443,0.15677655677655677,0.44346764346764345,0.2766788766788767,0.28327228327228327,0.5426129426129426,0.3868131868131868,0.19145299145299147,0.34945054945054943,0.16263736263736264,0.1330891330891331,0.7191697191697192,0.6131868131868132,0.10842490842490843,0.1824175824175824,0.17924297924297924,0.598046398046398,0.5858363858363859,0.2258852258852259,0.3658119658119658,0.29865689865689865,0.24835164835164836,0.6432234432234433,0.3609279609279609,0.1916971916971917,0.20122100122100123,0.4827838827838828,0.1877899877899878,0.24126984126984127,0.21123321123321123,0.14505494505494507,0.5929181929181929,0.4852258852258852,0.3728937728937729,0.37997557997557996,0.26105006105006107,0.2568986568986569,0.6415140415140416,0.3199023199023199,0.19511599511599512,0.11477411477411477,0.38534798534798537,0.33528693528693526,0.17338217338217338,0.3553113553113553,0.16825396825396827,0.4490842490842491,0.5045177045177045,0.43614163614163615,0.36556776556776555,0.33308913308913307,0.27643467643467645,0.26275946275946277,0.3973137973137973,0.3094017094017094,0.30744810744810747,0.4256410256410256,0.378998778998779,0.12747252747252746,0.27521367521367524,0.4888888888888889,0.5018315018315018,0.421978021978022,0.28913308913308916,0.6107448107448108,0.07155067155067155,0.6036630036630036,0.15213675213675212,0.1115995115995116
0.10744810744810745,0.13724053724053725,0.18021978021978022,0.4757020757020757,0.27057387057387056,0.13797313797313798,0.07008547008547009,0.11721611721611722,0.06715506715506715,0.5843711843711844,0.5118437118437118,0.15213675213675212,0.44981684981684983,0.2681318681318681,0.2713064713064713,0.5308913308913309,0.3768009768009768,0.18583638583638584,0.3384615384615385,0.15848595848595848,0.12869352869352868,0.7347985347985349,0.5997557997557997,0.10476190476190476,0.21684981684981686,0.1746031746031746,0.6012210012210012,0.5985347985347985,0.27228327228327226,0.35262515262515265,0.2869352869352869,0.27814407814407816,0.64004884004884,0.35213675213675216,0.18754578754578755,0.21123321123321123,0.473992673992674,0.19145299145299147,0.23321123321123322,0.20976800976800977,0.13943833943833944,0.6168498168498169,0.5223443223443224,0.3606837606837607,0.37045177045177047,0.2778998778998779,0.24957264957264957,0.67008547008547,0.3120879120879121,0.1907203907203907,0.11794871794871795,0.41514041514041516,0.3557997557997558,0.168986568986569,0.3465201465201465,0.16556776556776556,0.43785103785103785,0.5108669108669108,0.4222222222222222,0.35262515262515265,0.37435897435897436,0.306959706959707,0.2537240537240537,0.3838827838827839,0.30305250305250303,0.33186813186813185,0.4146520146520147,0.3711843711843712,0.12454212454212454,0.2661782661782662,0.472039072039072,0.49523809523809526,0.40927960927960927,0.2810744810744811,0.6065934065934065,0.07057387057387057,0.6124542124542125,0.147985347985348,0.10964590964590964
0.10525030525030525,0.14358974358974358,0.1711843711843712,0.46373626373626375,0.26105006105006107,0.13235653235653236,0.07912087912087912,0.11526251526251527,0.06666666666666667,0.5758241758241758,0.4735042735042735,0.14725274725274726,0.45323565323565324,0.25934065934065936,0.25982905982905985,0.517948717948718,0.36678876678876676,0.18021978021978022,0.32893772893772893,0.15531135531135531,0.12454212454212454,0.747985347985348,0.5841269841269842,0.10158730158730159,0.2605616605616606,0.16947496947496948,0.6021978021978022,0.6092796092796092,0.3218559218559219,0.3396825396825397,0.2774114774114774,0.31404151404151404,0.6336996336996337,0.34383394383394383,0.1838827838827839,0.22612942612942613,0.46373626373626375,0.19706959706959706,0.22564102564102564,0.2061050061050061,0.13382173382173382,0.6376068376068376,0.5540903540903541,0.34725274725274724,0.3609279609279609,0.295970695970696,0.2424908424908425,0.6957264957264957,0.3045177045177045,0.1873015873015873,0.12380952380952381,0.44346764346764345,0.37484737484737485,0.16483516483516483,0.3384615384615385,0.16312576312576313,0.42686202686202684,0.5145299145299145,0.40927960927960927,0.3396825396825397,0.41367521367521365,0.3355311355311355,0.2442002442002442,0.37094017094017095,0.2967032967032967,0.3557997557997558,0.4039072039072039,0.36385836385836384,0.12185592185592185,0.2571428571428571,0.45567765567765567,0.4862026862026862,0.39829059829059826,0.2725274725274725,0.6,0.0695970695970696,0.6175824175824176,0.14383394383394382,0.10989010989010989
0.1010989010989011,0.15384615384615385,0.16312576312576313,0.4517704517704518,0.252014652014652,0.12722832722832722,0.09328449328449329,0.11184371184371185,0.06617826617826618,0.5645909645909646,0.44713064713064715,0.1443223443223443,0.45567765567765567,0.2507936507936508,0.2485958485958486,0.504029304029304,0.35702075702075703,0.1746031746031746,0.3201465201465201,0.15115995115995115,0.12136752136752137,0.7587301587301587,0.5672771672771673,0.09914529914529914,0.3103785103785104,0.16483516483516483,0.6,0.6173382173382174,0.37264957264957266,0.32844932844932845,0.2691086691086691,0.35213675213675216,0.6244200244200244,0.3355311355311355,0.1807081807081807,0.2463980463980464,0.4537240537240537,0.20537240537240536,0.21831501831501832,0.20146520146520147,0.12844932844932844,0.6554334554334554,0.5868131868131868,0.3338217338217338,0.3516483516483517,0.3142857142857143,0.23565323565323565,0.7184371184371184,0.29645909645909646,0.1829059829059829,0.13382173382173382,0.4695970695970696,0.39194139194139194,0.1619047619047619,0.32967032967032966,0.16043956043956045,0.41562881562881565,0.5147741147741147,0.3973137973137973,0.32673992673992674,0.44542124542124545,0.3677655677655678,0.23516483516483516,0.35824175824175825,0.2905982905982906,0.378021978021978,0.3934065934065934,0.35653235653235654,0.11965811965811966,0.2485958485958486,0.4402930402930403,0.4742368742368742,0.389010989010989,0.26373626373626374,0.5912087912087912,0.06910866910866911,0.6190476190476191,0.13943833943833944,0.11330891330891331
0.09597069597069598,0.16923076923076924,0.15531135531135531,0.4405372405372405,0.24273504273504273,0.12405372405372406,0.11452991452991453,0.10818070818070818,0.06593406593406594,0.5511599511599512,0.4288156288156288,0.14212454212454212,0.4559218559218559,0.24224664224664225,0.23785103785103784,0.4896214896214896,0.3474969474969475,0.1706959706959707,0.3103785103785104,0.14676434676434677,0.11819291819291819,0.7667887667887668,0.5492063492063493,0.09816849816849817,0.36336996336996336,0.16043956043956045,0.5951159951159951,0.6224664224664225,0.4231990231990232,0.31868131868131866,0.2595848595848596,0.3904761904761905,0.611965811965812,0.32673992673992674,0.17777777777777778,0.2703296703296703,0.4432234432234432,0.2175824175824176,0.21123321123321123,0.19633699633699633,0.12380952380952381,0.6673992673992674,0.6183150183150183,0.3199023199023199,0.34285714285714286,0.33235653235653234,0.22905982905982905,0.7382173382173383,0.28962148962148965,0.17826617826617827,0.14822954822954823,0.4927960927960928,0.4065934065934066,0.1597069597069597,0.3201465201465201,0.15775335775335775,0.4043956043956044,0.5115995115995116,0.3860805860805861,0.3155067155067155,0.47155067155067154,0.40024420024420027,0.22661782661782662,0.346031746031746,0.2847374847374847,0.3978021978021978,0.3838827838827839,0.3487179487179487,0.11721611721611722,0.2402930402930403,0.4256410256410256,0.4622710622710623,0.37924297924297923,0.25445665445665444,0.5794871794871795,0.06935286935286936,0.6173382173382174,0.13528693528693528,0.1203907203907204
0.09035409035409035,0.1894993894993895,0.147985347985348,0.43003663003663006,0.23394383394383395,0.12405372405372406,0.14334554334554334,0.10427350427350428,0.0652014652014652,0.536019536019536,0.4141636141636142,0.1387057387057387,0.4542124542124542,0.23394383394383395,0.22735042735042735,0.47496947496947495,0.33821733821733824,0.1675213675213675,0.30036630036630035,0.14212454212454212,0.1137973137973138,0.771916971916972,0.5306471306471306,0.09914529914529914,0.4163614163614164,0.1562881562881563,0.5877899877899878,0.6251526251526252,0.4652014652014652,0.3076923076923077,0.24981684981684982,0.42735042735042733,0.5968253968253968,0.3177045177045177,0.17484737484737484,0.29304029304029305,0.43174603174603177,0.23394383394383395,0.20415140415140415,0.19096459096459095,0.12014652014652015,0.6757020757020757,0.6478632478632479,0.30622710622710625,0.3343101343101343,0.34945054945054943,0.22295482295482297,0.7526251526251526,0.2835164835164835,0.17435897435897435,0.16800976800976802,0.5135531135531135,0.41904761904761906,0.157997557997558,0.31062271062271063,0.15531135531135531,0.39267399267399267,0.5052503052503052,0.37533577533577533,0.3052503052503053,0.49792429792429793,0.4312576312576313,0.21855921855921856,0.33455433455433453,0.2788766788766789,0.4146520146520147,0.37533577533577533,0.3413919413919414,0.11477411477411477,0.23223443223443224,0.41196581196581195,0.4495726495726496,0.3694749694749695,0.24566544566544565,0.5653235653235653,0.07106227106227106,0.611965811965812,0.13113553113553114,0.13235653235653236
0.08473748473748474,0.2148962148962149,0.14065934065934066,0.4197802197802198,0.2253968253968254,0.12796092796092795,0.17802197802197803,0.10061050061050061,0.06471306471306472,0.5208791208791209,0.4,0.13528693528693528,0.45006105006105007,0.2258852258852259,0.21733821733821734,0.4603174603174603,0.33015873015873015,0.16336996336996337,0.2903540903540904,0.13772893772893774,0.10964590964590964,0.7743589743589744,0.5125763125763125,0.10354090354090355,0.4678876678876679,0.1523809523809524,0.5777777777777777,0.6249084249084249,0.5015873015873016,0.29645909645909646,0.2402930402930403,0.4622710622710623,0.5794871794871795,0.30842490842490844,0.17191697191697192,0.3155067155067155,0.42002442002442003,0.2537240537240537,0.19755799755799755,0.18608058608058609,0.11746031746031746,0.6827838827838828,0.6747252747252748,0.29304029304029305,0.32576312576312577,0.3648351648351648,0.21684981684981686,0.7626373626373626,0.27643467643467645,0.1702075702075702,0.1921855921855922,0.5316239316239316,0.4293040293040293,0.157997557997558,0.3013431013431013,0.15286935286935288,0.3811965811965812,0.49621489621489623,0.3658119658119658,0.29426129426129427,0.5228327228327229,0.4598290598290598,0.2105006105006105,0.3235653235653236,0.27326007326007323,0.4271062271062271,0.3653235653235653,0.33406593406593404,0.11257631257631258,0.22417582417582418,0.4,0.4346764346764347,0.3597069597069597,0.2371184371184371,0.548962148962149,0.07594627594627594,0.6031746031746031,0.12844932844932844,0.1509157509157509
0.07985347985347985,0.24395604395604395,0.1330891330891331,0.41001221001221,0.2188034188034188,0.13577533577533576,0.21831501831501832,0.0971916971916972,0.06398046398046398,0.5062271062271062,0.38632478632478634,0.13162393162393163,0.44395604395604393,0.21831501831501832,0.20757020757020758,0.4473748473748474,0.3230769230769231,0.15897435897435896,0.2805860805860806,0.1330891330891331,0.10671550671550671,0.7738705738705739,0.4967032967032967,0.11233211233211234,0.515995115995116,0.14896214896214896,0.5653235653235653,0.6214896214896215,0.5396825396825397,0.2857142857142857,0.23101343101343103,0.4937728937728938,0.5601953601953602,0.29865689865689865,0.168986568986569,0.34114774114774116,0.40854700854700854,0.27643467643467645,0.1916971916971917,0.1824175824175824,0.11404151404151404,0.6874236874236874,0.6991452991452991,0.2800976800976801,0.3172161172161172,0.37826617826617825,0.21196581196581196,0.7726495726495727,0.26886446886446885,0.16654456654456654,0.22002442002442002,0.5470085470085471,0.4368742368742369,0.16092796092796094,0.2923076923076923,0.1509157509157509,0.37045177045177047,0.48424908424908425,0.3572649572649573,0.2822954822954823,0.5448107448107448,0.48547008547008547,0.20317460317460317,0.31306471306471306,0.2678876678876679,0.4358974358974359,0.35482295482295484,0.32673992673992674,0.11013431013431013,0.21684981684981686,0.389010989010989,0.4188034188034188,0.3499389499389499,0.2288156288156288,0.5308913308913309,0.08473748473748474,0.590964590964591,0.12673992673992673,0.1772893772893773
0.07521367521367521,0.27521367521367524,0.126007326007326,0.4014652014652015,0.21343101343101342,0.1492063492063492,0.26202686202686204,0.09352869352869353,0.06349206349206349,0.4896214896214896,0.3733821733821734,0.12844932844932844,0.4358974358974359,0.210989010989011,0.19829059829059828,0.43565323565323566,0.3155067155067155,0.15384615384615385,0.27106227106227104,0.12869352869352868,0.10329670329670329,0.7702075702075702,0.4822954822954823,0.12673992673992673,0.55995115995116,0.1452991452991453,0.5511599511599512,0.6153846153846154,0.5765567765567765,0.274969474969475,0.22173382173382172,0.5218559218559219,0.5399267399267399,0.28888888888888886,0.16727716727716727,0.3677655677655678,0.3973137973137973,0.3006105006105006,0.1873015873015873,0.17997557997557997,0.11013431013431013,0.6896214896214896,0.7206349206349206,0.26764346764346764,0.30842490842490844,0.3887667887667888,0.20781440781440783,0.780952380952381,0.2608058608058608,0.16312576312576313,0.25054945054945055,0.55995115995116,0.4415140415140415,0.16800976800976802,0.28376068376068375,0.14896214896214896,0.3597069597069597,0.47228327228327227,0.34798534798534797,0.27057387057387056,0.5638583638583639,0.5081807081807082,0.1960927960927961,0.30305250305250303,0.2634920634920635,0.4432234432234432,0.34383394383394383,0.3189255189255189,0.10818070818070818,0.21123321123321123,0.3775335775335775,0.4021978021978022,0.3401709401709402,0.2205128205128205,0.5123321123321123,0.09914529914529914,0.5772893772893772,0.1242979242979243,0.2105006105006105
0.07155067155067155,0.30842490842490844,0.11941391941391942,0.39365079365079364,0.2070818070818071,0.16923076923076924,0.3076923076923077,0.0905982905982906,0.063003663003663,0.47277167277167276,0.3601953601953602,0.1264957264957265,0.42637362637362636,0.20366300366300366,0.19096459096459095,0.42344322344322344,0.30744810744810747,0.14847374847374847,0.2622710622710623,0.1242979242979243,0.10036630036630037,0.7631257631257631,0.4673992673992674,0.147985347985348,0.6,0.14383394383394382,0.5372405372405372,0.6073260073260073,0.6112332112332113,0.2647130647130647,0.21318681318681318,0.5467643467643467,0.5191697191697192,0.28083028083028083,0.16605616605616605,0.3938949938949939,0.3868131868131868,0.32576312576312577,0.18363858363858365,0.17631257631257632,0.10598290598290598,0.6886446886446886,0.7391941391941392,0.25567765567765566,0.2993894993894994,0.39658119658119656,0.20317460317460317,0.7865689865689866,0.25274725274725274,0.1597069597069597,0.2822954822954823,0.5706959706959707,0.4456654456654457,0.1807081807081807,0.274969474969475,0.147008547008547,0.35067155067155065,0.45958485958485956,0.33821733821733824,0.2590964590964591,0.5797313797313798,0.5277167277167277,0.1894993894993895,0.29474969474969476,0.2595848595848596,0.44835164835164837,0.33284493284493283,0.31135531135531136,0.10622710622710622,0.20634920634920634,0.3658119658119658,0.3860805860805861,0.3308913308913309,0.21294261294261294,0.49401709401709404,0.11648351648351649,0.5626373626373626,0.12161172161172161,0.25006105006105006
0.06862026862026863,0.3413919413919414,0.11452991452991453,0.38534798534798537,0.2,0.1956043956043956,0.35384615384615387,0.08791208791208792,0.063003663003663,0.4559218559218559,0.34798534798534797,0.12576312576312576,0.4163614163614164,0.1973137973137973,0.1851037851037851,0.41147741147741146,0.2989010989010989,0.14358974358974358,0.2537240537240537,0.1199023199023199,0.09865689865689865,0.7533577533577533,0.452991452991453,0.1768009768009768,0.6361416361416361,0.14358974358974358,0.5233211233211233,0.5965811965811966,0.6432234432234433,0.25445665445665444,0.20463980463980463,0.5684981684981685,0.4984126984126984,0.2737484737484738,0.16483516483516483,0.4188034188034188,0.3768009768009768,0.3509157509157509,0.17924297924297924,0.1724053724053724,0.10183150183150183,0.6842490842490843,0.7543345543345543,0.2442002442002442,0.2915750915750916,0.4043956043956044,0.19853479853479852,0.789010989010989,0.24493284493284492,0.15653235653235653,0.3142857142857143,0.5772893772893772,0.44835164835164837,0.19975579975579977,0.2661782661782662,0.14627594627594628,0.3418803418803419,0.44517704517704515,0.3286935286935287,0.24810744810744811,0.5926739926739927,0.5443223443223443,0.18363858363858365,0.28766788766788765,0.25518925518925517,0.4507936507936508,0.3218559218559219,0.3035409035409035,0.10622710622710622,0.2004884004884005,0.3540903540903541,0.3706959706959707,0.32112332112332115,0.20586080586080585,0.47619047619047616,0.13772893772893774,0.5452991452991452,0.11868131868131868,0.2937728937728938
0.06617826617826618,0.36996336996337,0.11135531135531136,0.3768009768009768,0.19291819291819293,0.22735042735042735,0.39951159951159954,0.08595848595848596,0.06398046398046398,0.4398046398046398,0.33601953601953605,0.1282051282051282,0.4056166056166056,0.1921855921855922,0.17826617826617827,0.4,0.2905982905982906,0.1387057387057387,0.2454212454212454,0.11575091575091576,0.09865689865689865,0.7416361416361417,0.4388278388278388,0.21343101343101342,0.6683760683760683,0.14334554334554334,0.5079365079365079,0.5836385836385837,0.6715506715506715,0.24493284493284492,0.1960927960927961,0.5873015873015873,0.4805860805860806,0.26544566544566545,0.16483516483516483,0.4415140415140415,0.3672771672771673,0.3750915750915751,0.1746031746031746,0.16874236874236875,0.09816849816849817,0.676923076923077,0.7658119658119659,0.23321123321123322,0.2844932844932845,0.4105006105006105,0.19365079365079366,0.7885225885225885,0.2371184371184371,0.1536019536019536,0.34505494505494505,0.5811965811965812,0.4490842490842491,0.22417582417582418,0.2571428571428571,0.14652014652014653,0.33308913308913307,0.4293040293040293,0.31916971916971915,0.23736263736263735,0.6026862026862027,0.5582417582417583,0.17802197802197803,0.2796092796092796,0.25054945054945055,0.4503052503052503,0.3108669108669109,0.2967032967032967,0.1076923076923077,0.19462759462759463,0.3426129426129426,0.35653235653235654,0.31135531135531136,0.19877899877899877,0.4603174603174603,0.16654456654456654,0.5257631257631258,0.11575091575091576,0.33943833943833945
0.06495726495726496,0.39584859584859583,0.10891330891330891,0.3682539682539683,0.18632478632478633,0.26373626373626374,0.4444444444444444,0.08522588522588523,0.06715506715506715,0.42417582417582417,0.3242979242979243,0.1343101343101343,0.3946275946275946,0.1877899877899878,0.1711843711843712,0.3882783882783883,0.2822954822954823,0.1347985347985348,0.23736263736263735,0.11184371184371185,0.10158730158730159,0.7277167277167277,0.4253968253968254,0.25616605616605614,0.6969474969474969,0.14285714285714285,0.4925518925518926,0.5687423687423687,0.6969474969474969,0.23565323565323565,0.1877899877899878,0.6034188034188034,0.46422466422466424,0.2568986568986569,0.1675213675213675,0.4622710622710623,0.35824175824175825,0.398046398046398,0.1702075702075702,0.16532356532356532,0.09426129426129426,0.6666666666666666,0.7733821733821734,0.22466422466422467,0.27643467643467645,0.41514041514041516,0.18925518925518925,0.7843711843711844,0.22979242979242978,0.1509157509157509,0.3706959706959707,0.5841269841269842,0.44835164835164837,0.25396825396825395,0.2490842490842491,0.1492063492063492,0.32405372405372407,0.41367521367521365,0.3098901098901099,0.2271062271062271,0.6097680097680098,0.5694749694749695,0.17435897435897435,0.2717948717948718,0.24566544566544565,0.4473748473748474,0.3006105006105006,0.29084249084249086,0.11086691086691086,0.18852258852258852,0.33137973137973137,0.3435897435897436,0.30158730158730157,0.1916971916971917,0.44664224664224667,0.20195360195360196,0.5052503052503052,0.11282051282051282,0.3848595848595849
0.06617826617826618,0.42344322344322344,0.10891330891330891,0.35995115995115995,0.18021978021978022,0.3023199023199023,0.4879120879120879,0.08742368742368742,0.07228327228327229,0.40927960927960927,0.31306471306471306,0.14505494505494507,0.3848595848595849,0.1829059829059829,0.1641025641025641,0.3768009768009768,0.273992673992674,0.13137973137973138,0.23003663003663002,0.10989010989010989,0.10891330891330891,0.7113553113553114,0.41196581196581195,0.3028083028083028,0.7184371184371184,0.1413919413919414,0.4771672771672772,0.5526251526251527,0.7189255189255189,0.22686202686202686,0.1794871794871795,0.6146520146520147,0.4473748473748474,0.24835164835164836,0.1746031746031746,0.48083028083028084,0.34945054945054943,0.4197802197802198,0.16556776556776556,0.16214896214896216,0.0905982905982906,0.6534798534798535,0.7760683760683761,0.21733821733821734,0.2678876678876679,0.4183150183150183,0.18485958485958487,0.7770451770451771,0.22271062271062272,0.14945054945054945,0.3924297924297924,0.5855921855921856,0.44542124542124545,0.28766788766788765,0.2407814407814408,0.1540903540903541,0.31477411477411477,0.3987789987789988,0.30036630036630035,0.2170940170940171,0.613919413919414,0.5777777777777777,0.1711843711843712,0.263980463980464,0.24102564102564103,0.44175824175824174,0.2905982905982906,0.28376068376068375,0.11672771672771673,0.18217338217338216,0.3201465201465201,0.3316239316239316,0.29181929181929184,0.18656898656898657,0.4324786324786325,0.2424908424908425,0.48424908424908425,0.11013431013431013,0.4288156288156288
0.07032967032967033,0.45152625152625153,0.11257631257631258,0.3516483516483517,0.1746031746031746,0.3423687423687424,0.5291819291819292,0.09181929181929183,0.08131868131868132,0.39536019536019534,0.30207570207570206,0.16092796092796094,0.37606837606837606,0.17777777777777778,0.15702075702075702,0.3658119658119658,0.2661782661782662,0.12967032967032968,0.2231990231990232,0.10891330891330891,0.12185592185592185,0.6935286935286935,0.3992673992673993,0.3514041514041514,0.7352869352869353,0.13943833943833944,0.46251526251526254,0.5355311355311355,0.7374847374847375,0.21855921855921856,0.17338217338217338,0.6224664224664225,0.4307692307692308,0.24004884004884006,0.18656898656898657,0.49694749694749696,0.3409035409035409,0.4371184371184371,0.1619047619047619,0.15897435897435896,0.08742368742368742,0.6383394383394383,0.7748473748473749,0.20854700854700856,0.25934065934065936,0.41904761904761906,0.1807081807081807,0.7667887667887668,0.21587301587301588,0.14847374847374847,0.4146520146520147,0.5851037851037851,0.4402930402930403,0.3235653235653236,0.2341880341880342,0.1623931623931624,0.30573870573870576,0.38461538461538464,0.2905982905982906,0.20732600732600734,0.6153846153846154,0.5824175824175825,0.1675213675213675,0.2564102564102564,0.23614163614163614,0.43345543345543347,0.28083028083028083,0.2761904761904762,0.12673992673992673,0.17606837606837608,0.30915750915750917,0.32063492063492066,0.28376068376068375,0.18217338217338216,0.4188034188034188,0.2857142857142857,0.463980463980464,0.10744810744810745,0.4695970695970696
0.07741147741147741,0.47863247863247865,0.12112332112332112,0.34383394383394383,0.16947496947496948,0.38168498168498166,0.5628815628815629,0.10012210012210013,0.09499389499389499,0.38217338217338215,0.2910866910866911,0.17924297924297924,0.36678876678876676,0.17264957264957265,0.15067155067155066,0.3550671550671551,0.2583638583638584,0.13064713064713065,0.2175824175824176,0.10695970695970695,0.14188034188034188,0.6742368742368743,0.3865689865689866,0.40024420024420027,0.7528693528693529,0.13724053724053725,0.44835164835164837,0.517948717948718,0.7528693528693529,0.2105006105006105,0.16800976800976802,0.63003663003663,0.4148962148962149,0.23174603174603176,0.20463980463980463,0.5111111111111111,0.33186813186813185,0.45152625152625153,0.157997557997558,0.15555555555555556,0.0844932844932845,0.6214896214896215,0.7716727716727717,0.19926739926739928,0.25103785103785103,0.41782661782661784,0.1768009768009768,0.7533577533577533,0.20927960927960929,0.14676434676434677,0.43565323565323566,0.5821733821733822,0.432967032967033,0.3553113553113553,0.22857142857142856,0.17533577533577532,0.29645909645909646,0.3711843711843712,0.28083028083028083,0.19755799755799755,0.6134310134310135,0.5841269841269842,0.16336996336996337,0.2490842490842491,0.23174603174603176,0.4231990231990232,0.2717948717948718,0.26837606837606837,0.14114774114774115,0.157997557997558,0.29816849816849816,0.31062271062271063,0.27643467643467645,0.1768009768009768,0.4061050061050061,0.32967032967032966,0.4442002442002442,0.10451770451770452,0.5067155067155067
0.08864468864468865,0.5047619047619047,0.1347985347985348,0.33577533577533575,0.16483516483516483,0.42002442002442003,0.5914529914529915,0.11282051282051282,0.11452991452991453,0.36923076923076925,0.28083028083028083,0.2004884004884005,0.357997557997558,0.16800976800976802,0.14481074481074482,0.3443223443223443,0.25103785103785103,0.13553113553113552,0.21294261294261294,0.10451770451770452,0.16947496947496948,0.6544566544566545,0.3741147741147741,0.4473748473748474,0.7692307692307693,0.13553113553113552,0.4346764346764347,0.5006105006105006,0.7653235653235653,0.20463980463980463,0.16166056166056167,0.6358974358974359,0.4,0.22417582417582418,0.22857142857142856,0.5233211233211233,0.3242979242979243,0.4666666666666667,0.1540903540903541,0.15262515262515264,0.08156288156288156,0.6051282051282051,0.7655677655677655,0.19023199023199022,0.24273504273504273,0.41440781440781443,0.17338217338217338,0.7374847374847375,0.20463980463980463,0.14505494505494507,0.45396825396825397,0.5768009768009768,0.4236874236874237,0.38412698412698415,0.22246642246642245,0.19365079365079366,0.28766788766788765,0.35873015873015873,0.27106227106227104,0.18803418803418803,0.6083028083028083,0.5843711843711844,0.15946275946275945,0.24151404151404152,0.22735042735042735,0.41098901098901097,0.26324786324786326,0.2605616605616606,0.1606837606837607,0.1347985347985348,0.2869352869352869,0.30207570207570206,0.2681318681318681,0.1711843711843712,0.3938949938949939,0.3724053724053724,0.42588522588522587,0.10158730158730159,0.5357753357753358
0.10525030525030525,0.5286935286935287,0.1536019536019536,0.3282051282051282,0.1597069597069597,0.45225885225885226,0.6217338217338217,0.13113553113553114,0.13992673992673993,0.3567765567765568,0.27228327228327226,0.22808302808302808,0.34945054945054943,0.16336996336996337,0.1391941391941392,0.33406593406593404,0.24395604395604395,0.14383394383394382,0.20757020757020758,0.10183150183150183,0.2175824175824176,0.6344322344322344,0.36214896214896214,0.4918192918192918,0.7838827838827839,0.13504273504273503,0.42173382173382173,0.48376068376068376,0.771916971916972,0.19926739926739928,0.15433455433455434,0.6393162393162393,0.38534798534798537,0.2170940170940171,0.2578754578754579,0.5316239316239316,0.3172161172161172,0.4810744810744811,0.15067155067155066,0.14993894993894993,0.08473748473748474,0.5892551892551893,0.7557997557997558,0.18144078144078143,0.23516483516483516,0.40805860805860805,0.16971916971916973,0.7196581196581197,0.20073260073260074,0.14334554334554334,0.46984126984126984,0.5694749694749695,0.41318681318681316,0.41514041514041516,0.21611721611721613,0.2170940170940171,0.27912087912087913,0.3474969474969475,0.2617826617826618,0.18095238095238095,0.6012210012210012,0.582905982905983,0.15677655677655677,0.23443223443223443,0.22295482295482297,0.3973137973137973,0.25665445665445663,0.2525030525030525,0.1851037851037851,0.12087912087912088,0.27594627594627597,0.2945054945054945,0.2595848595848596,0.16532356532356532,0.38217338217338215,0.4129426129426129,0.409035409035409,0.0989010989010989,0.5587301587301587
0.12698412698412698,0.550915750915751,0.1772893772893773,0.3203907203907204,0.15506715506715507,0.4800976800976801,0.6507936507936508,0.15482295482295483,0.1706959706959707,0.346031746031746,0.26422466422466423,0.25982905982905985,0.3413919413919414,0.1592185592185592,0.13357753357753357,0.32405372405372407,0.23833943833943835,0.15653235653235653,0.20195360195360196,0.09963369963369964,0.2661782661782662,0.6148962148962149,0.3499389499389499,0.5274725274725275,0.7958485958485958,0.13675213675213677,0.409035409035409,0.4673992673992674,0.7748473748473749,0.19291819291819293,0.14725274725274726,0.6402930402930402,0.37191697191697193,0.21025641025641026,0.2915750915750916,0.536996336996337,0.3094017094017094,0.49474969474969477,0.14725274725274726,0.147008547008547,0.09255189255189256,0.5721611721611721,0.7428571428571429,0.1724053724053724,0.22735042735042735,0.4,0.16654456654456654,0.7018315018315018,0.19584859584859585,0.14188034188034188,0.4827838827838828,0.5597069597069597,0.4017094017094017,0.44542124542124545,0.21001221001221002,0.24517704517704517,0.2708180708180708,0.336996336996337,0.2537240537240537,0.17484737484737484,0.591941391941392,0.5787545787545788,0.15653235653235653,0.22735042735042735,0.21904761904761905,0.38461538461538464,0.2507936507936508,0.24493284493284492,0.21343101343101342,0.11184371184371185,0.2647130647130647,0.2857142857142857,0.2507936507936508,0.1597069597069597,0.37094017094017095,0.44981684981684983,0.3934065934065934,0.09645909645909646,0.5821733821733822
0.15384615384615385,0.5709401709401709,0.20463980463980463,0.31306471306471306,0.15189255189255188,0.5096459096459096,0.6781440781440782,0.18363858363858365,0.20586080586080585,0.33650793650793653,0.2554334554334554,0.27814407814407816,0.3333333333333333,0.15531135531135531,0.1282051282051282,0.3142857142857143,0.2336996336996337,0.17606837606837608,0.19633699633699633,0.09768009768009768,0.3032967032967033,0.5956043956043956,0.33821733821733824,0.5575091575091575,0.8053724053724054,0.14188034188034188,0.39658119658119656,0.45225885225885226,0.7770451770451771,0.18608058608058609,0.14065934065934066,0.6378510378510378,0.3584859584859585,0.20366300366300366,0.3282051282051282,0.5413919413919414,0.3013431013431013,0.5067155067155067,0.14407814407814407,0.14554334554334555,0.09621489621489622,0.5553113553113553,0.7264957264957265,0.16385836385836386,0.22026862026862026,0.38974358974358975,0.1645909645909646,0.6837606837606838,0.19047619047619047,0.14017094017094017,0.4927960927960928,0.5482295482295483,0.38925518925518926,0.4735042735042735,0.20366300366300366,0.2766788766788767,0.2625152625152625,0.32673992673992674,0.2468864468864469,0.16727716727716727,0.5797313797313798,0.5724053724053724,0.1597069597069597,0.22026862026862026,0.21562881562881564,0.3724053724053724,0.24395604395604395,0.2371184371184371,0.24444444444444444,0.10573870573870574,0.25518925518925517,0.27643467643467645,0.24224664224664225,0.1540903540903541,0.35995115995115995,0.48253968253968255,0.3785103785103785,0.09548229548229548,0.6034188034188034
0.18485958485958487,0.5885225885225885,0.2354090354090354,0.30573870573870576,0.14896214896214896,0.5389499389499389,0.7023199023199023,0.21636141636141637,0.24395604395604395,0.32551892551892553,0.2463980463980464,0.2874236874236874,0.32576312576312577,0.15189255189255188,0.12356532356532357,0.30573870573870576,0.22832722832722832,0.20170940170940171,0.19096459096459095,0.09597069597069598,0.3606837606837607,0.5772893772893772,0.3277167277167277,0.5885225885225885,0.8114774114774115,0.15115995115995115,0.38412698412698415,0.4388278388278388,0.7768009768009768,0.1794871794871795,0.13406593406593406,0.6322344322344322,0.3457875457875458,0.19755799755799755,0.36117216117216117,0.544078144078144,0.2923076923076923,0.5172161172161173,0.1413919413919414,0.14505494505494507,0.0971916971916972,0.5387057387057387,0.707936507936508,0.15555555555555556,0.21318681318681318,0.3785103785103785,0.16336996336996337,0.6642246642246642,0.1851037851037851,0.1391941391941392,0.5001221001221001,0.5347985347985348,0.37777777777777777,0.4989010989010989,0.1978021978021978,0.31013431013431014,0.25445665445665444,0.3181929181929182,0.23931623931623933,0.1592185592185592,0.5655677655677656,0.5636141636141636,0.1675213675213675,0.21318681318681318,0.21318681318681318,0.35946275946275946,0.2371184371184371,0.23003663003663002,0.2766788766788767,0.10183150183150183,0.2468864468864469,0.2669108669108669,0.23394383394383395,0.14847374847374847,0.3492063492063492,0.5111111111111111,0.3663003663003663,0.09474969474969475,0.621978021978022
0.21855921855921856,0.6041514041514041,0.2681318681318681,0.29987789987789987,0.14505494505494507,0.5665445665445665,0.7235653235653235,0.25225885225885225,0.2835164835164835,0.3145299145299145,0.2371184371184371,0.30573870573870576,0.3181929181929182,0.14822954822954823,0.11892551892551892,0.2979242979242979,0.2231990231990232,0.23272283272283273,0.18608058608058609,0.09426129426129426,0.4261294261294261,0.5609279609279609,0.3184371184371184,0.6180708180708181,0.8148962148962149,0.16605616605616605,0.37191697191697193,0.4271062271062271,0.7731379731379732,0.17313797313797313,0.1282051282051282,0.6236874236874237,0.3333333333333333,0.1916971916971917,0.40073260073260075,0.5443223443223443,0.2835164835164835,0.5257631257631258,0.14017094017094017,0.14383394383394382,0.09816849816849817,0.5228327228327229,0.6871794871794872,0.14725274725274726,0.20683760683760682,0.36800976800976803,0.16166056166056167,0.6446886446886447,0.18021978021978022,0.1391941391941392,0.5045177045177045,0.5203907203907204,0.36678876678876676,0.5216117216117216,0.19194139194139195,0.3440781440781441,0.2468864468864469,0.3103785103785104,0.23125763125763127,0.15115995115995115,0.5496947496947497,0.5518925518925519,0.18095238095238095,0.20683760683760682,0.21123321123321123,0.3465201465201465,0.23028083028083027,0.2231990231990232,0.3086691086691087,0.09914529914529914,0.23785103785103784,0.2571428571428571,0.2258852258852259,0.14334554334554334,0.33821733821733824,0.5357753357753358,0.3553113553113553,0.09304029304029304,0.6373626373626373
0.2537240537240537,0.6173382173382174,0.29743589743589743,0.29474969474969476,0.14114774114774115,0.591941391941392,0.7416361416361417,0.2893772893772894,0.3230769230769231,0.3032967032967033,0.22832722832722832,0.3282051282051282,0.3103785103785104,0.14481074481074482,0.11648351648351649,0.28962148962148965,0.21831501831501832,0.26837606837606837,0.18144078144078143,0.0927960927960928,0.47057387057387057,0.5455433455433455,0.3076923076923077,0.6456654456654457,0.8144078144078144,0.18656898656898657,0.3609279609279609,0.4146520146520147,0.7663003663003664,0.16654456654456654,0.12307692307692308,0.6122100122100123,0.3213675213675214,0.18754578754578755,0.4388278388278388,0.5418803418803418,0.27472527472527475,0.5321123321123321,0.1409035409035409,0.14236874236874236,0.10036630036630037,0.5076923076923077,0.6654456654456654,0.13968253968253969,0.2004884004884005,0.357997557997558,0.15995115995115994,0.6256410256410256,0.17533577533577532,0.14065934065934066,0.505982905982906,0.505006105006105,0.3553113553113553,0.5411477411477411,0.18656898656898657,0.37704517704517704,0.24102564102564103,0.3018315018315018,0.22393162393162394,0.14358974358974358,0.5326007326007326,0.5387057387057387,0.20073260073260074,0.20195360195360196,0.20854700854700856,0.33406593406593404,0.22393162393162394,0.2170940170940171,0.33577533577533575,0.09597069597069598,0.22832722832722832,0.24786324786324787,0.21831501831501832,0.13821733821733823,0.3274725274725275,0.5533577533577534,0.34383394383394383,0.09084249084249084,0.6498168498168498
0.2886446886446886,0.6278388278388278,0.32454212454212455,0.28913308913308916,0.13821733821733823,0.6151404151404152,0.7555555555555555,0.32722832722832723,0.3614163614163614,0.29181929181929184,0.21953601953601953,0.3514041514041514,0.30305250305250303,0.14236874236874236,0.11428571428571428,0.2810744810744811,0.21343101343101342,0.306959706959707,0.17655677655677657,0.09133089133089133,0.503052503052503,0.5299145299145299,0.29645909645909646,0.6703296703296703,0.8107448107448108,0.20927960927960929,0.3509157509157509,0.4021978021978022,0.756043956043956,0.1606837606837607,0.11941391941391942,0.5982905982905983,0.3108669108669109,0.18437118437118438,0.46593406593406594,0.5365079365079365,0.2656898656898657,0.5362637362637362,0.14285714285714285,0.14114774114774115,0.10671550671550671,0.49352869352869355,0.6432234432234433,0.1326007326007326,0.19584859584859585,0.347008547008547,0.16043956043956045,0.6068376068376068,0.1711843711843712,0.14481074481074482,0.5045177045177045,0.4908424908424908,0.3435897435897436,0.557997557997558,0.18192918192918192,0.40854700854700854,0.23565323565323565,0.2923076923076923,0.21636141636141637,0.13626373626373625,0.5145299145299145,0.5235653235653236,0.22686202686202686,0.19853479853479852,0.20586080586080585,0.32283272283272285,0.2175824175824176,0.21147741147741148,0.3597069597069597,0.0927960927960928,0.21904761904761905,0.23833943833943835,0.210989010989011,0.13357753357753357,0.3172161172161172,0.5665445665445665,0.33186813186813185,0.08888888888888889,0.6595848595848596
0.3221001221001221,0.6344322344322344,0.35433455433455435,0.28327228327228327,0.13772893772893774,0.6356532356532356,0.7648351648351648,0.36434676434676433,0.3934065934065934,0.28034188034188035,0.210989010989011,0.3738705738705739,0.29523809523809524,0.14065934065934066,0.1115995115995116,0.2725274725274725,0.2087912087912088,0.3465201465201465,0.17216117216117216,0.09010989010989011,0.5335775335775336,0.5142857142857142,0.28498168498168497,0.6927960927960928,0.8034188034188035,0.23467643467643468,0.3396825396825397,0.38974358974358975,0.7423687423687424,0.15531135531135531,0.11697191697191697,0.5826617826617827,0.30158730158730157,0.17997557997557997,0.49523809523809526,0.5284493284493285,0.2571428571428571,0.5382173382173382,0.14822954822954823,0.13992673992673993,0.11794871794871795,0.4796092796092796,0.621001221001221,0.12747252747252746,0.19194139194139195,0.33601953601953605,0.16312576312576313,0.5892551892551893,0.1675213675213675,0.15262515262515264,0.5008547008547009,0.4771672771672772,0.33186813186813185,0.5716727716727716,0.1772893772893773,0.43394383394383396,0.22979242979242978,0.28253968253968254,0.20976800976800977,0.12942612942612944,0.49645909645909647,0.5074481074481074,0.2537240537240537,0.19487179487179487,0.20317460317460317,0.3128205128205128,0.21147741147741148,0.20732600732600734,0.3838827838827839,0.08937728937728938,0.21001221001221002,0.22857142857142856,0.20415140415140415,0.12869352869352868,0.3086691086691087,0.5787545787545788,0.3201465201465201,0.08644688644688645,0.6666666666666666
0.35433455433455435,0.6378510378510378,0.38461538461538464,0.2778998778998779,0.14114774114774115,0.6527472527472528,0.76996336996337,0.4004884004884005,0.42075702075702076,0.26886446886446885,0.2021978021978022,0.39487179487179486,0.2874236874236874,0.13797313797313798,0.10866910866910867,0.263980463980464,0.2043956043956044,0.3855921855921856,0.16800976800976802,0.08913308913308914,0.5699633699633699,0.4989010989010989,0.273992673992674,0.7123321123321124,0.7931623931623931,0.26666666666666666,0.3277167277167277,0.37777777777777777,0.7262515262515262,0.15115995115995115,0.11721611721611722,0.567032967032967,0.29084249084249086,0.17533577533577532,0.5242979242979243,0.5174603174603175,0.2485958485958486,0.5377289377289377,0.15824175824175823,0.13846153846153847,0.13528693528693528,0.46642246642246643,0.5997557997557997,0.12380952380952381,0.1873015873015873,0.32551892551892553,0.16923076923076924,0.5721611721611721,0.16385836385836386,0.16507936507936508,0.49523809523809526,0.4627594627594628,0.32112332112332115,0.582905982905983,0.17264957264957265,0.44297924297924296,0.2231990231990232,0.27277167277167275,0.20293040293040293,0.12283272283272283,0.4783882783882784,0.4905982905982906,0.28253968253968254,0.19267399267399268,0.20073260073260074,0.30378510378510376,0.20537240537240536,0.20415140415140415,0.4070818070818071,0.0862026862026862,0.20146520146520147,0.2188034188034188,0.1978021978021978,0.12551892551892552,0.3013431013431013,0.5897435897435898,0.30842490842490844,0.08424908424908426,0.671062271062271
0.38095238095238093,0.6405372405372405,0.4134310134310134,0.27350427350427353,0.15042735042735042,0.6669108669108669,0.7702075702075702,0.43052503052503055,0.4495726495726496,0.2571428571428571,0.1943833943833944,0.41440781440781443,0.2805860805860806,0.13528693528693528,0.1054945054945055,0.2554334554334554,0.20024420024420025,0.42344322344322344,0.16385836385836386,0.08937728937728938,0.6048840048840048,0.48376068376068376,0.26373626373626374,0.7289377289377289,0.7804639804639805,0.3028083028083028,0.31575091575091574,0.36556776556776555,0.7076923076923077,0.14896214896214896,0.12112332112332112,0.5511599511599512,0.2796092796092796,0.17094017094017094,0.5516483516483517,0.504029304029304,0.24004884004884006,0.5347985347985348,0.17338217338217338,0.13724053724053725,0.15946275946275945,0.45323565323565324,0.5811965811965812,0.11892551892551892,0.18217338217338216,0.31575091575091574,0.1794871794871795,0.5555555555555556,0.1606837606837607,0.1794871794871795,0.4874236874236874,0.4485958485958486,0.3108669108669109,0.591941391941392,0.16971916971916973,0.44590964590964594,0.21684981684981686,0.26275946275946277,0.19633699633699633,0.11672771672771673,0.4612942612942613,0.47545787545787543,0.3177045177045177,0.19267399267399268,0.19877899877899877,0.2962148962148962,0.19926739926739928,0.2,0.4275946275946276,0.08327228327228327,0.19291819291819293,0.20927960927960929,0.1921855921855922,0.12356532356532357,0.2932844932844933,0.5985347985347985,0.2962148962148962,0.08205128205128205,0.6727716727716728
0.4039072039072039,0.6407814407814408,0.4405372405372405,0.2698412698412698,0.16605616605616605,0.6781440781440782,0.7658119658119659,0.4568986568986569,0.4776556776556777,0.2459096459096459,0.18632478632478633,0.4297924297924298,0.2744810744810745,0.13235653235653236,0.10256410256410256,0.24713064713064714,0.1973137973137973,0.4593406593406593,0.16117216117216118,0.09035409035409035,0.629059829059829,0.4686202686202686,0.25445665445665444,0.7423687423687424,0.7645909645909645,0.3409035409035409,0.30744810744810747,0.35384615384615387,0.6874236874236874,0.14896214896214896,0.12796092796092795,0.5335775335775336,0.2681318681318681,0.16654456654456654,0.5768009768009768,0.48937728937728936,0.2315018315018315,0.5301587301587302,0.19413919413919414,0.13626373626373625,0.18998778998778998,0.4405372405372405,0.5643467643467643,0.11404151404151404,0.1772893772893773,0.3064713064713065,0.19462759462759463,0.5399267399267399,0.15775335775335775,0.19755799755799755,0.4771672771672772,0.4346764346764347,0.30158730158730157,0.5982905982905983,0.16776556776556775,0.45665445665445664,0.21025641025641026,0.25274725274725274,0.19023199023199022,0.1111111111111111,0.44517704517704515,0.4612942612942613,0.3562881562881563,0.1960927960927961,0.19755799755799755,0.28913308913308916,0.19365079365079366,0.1956043956043956,0.44542124542124545,0.08058608058608059,0.18461538461538463,0.20024420024420025,0.18803418803418803,0.12087912087912088,0.2847374847374847,0.6051282051282051,0.28376068376068375,0.0800976800976801,0.6717948717948717
0.4278388278388278,0.6383394383394383,0.4652014652014652,0.2673992673992674,0.18876678876678876,0.6854700854700855,0.7572649572649572,0.484981684981685,0.5037851037851038,0.23516483516483516,0.17875457875457876,0.44175824175824174,0.2669108669108669,0.12967032967032968,0.09914529914529914,0.23931623931623933,0.1960927960927961,0.49230769230769234,0.1592185592185592,0.09035409035409035,0.6598290598290598,0.45396825396825397,0.24737484737484738,0.7528693528693529,0.746031746031746,0.37924297924297923,0.30036630036630035,0.3423687423687424,0.6666666666666666,0.15189255189255188,0.13846153846153847,0.5157509157509158,0.25665445665445663,0.1623931623931624,0.5995115995115995,0.473015873015873,0.22466422466422467,0.5235653235653236,0.22026862026862026,0.13626373626373625,0.22612942612942613,0.4297924297924298,0.5474969474969476,0.10891330891330891,0.17216117216117216,0.29816849816849816,0.2144078144078144,0.5245421245421246,0.1562881562881563,0.22148962148962148,0.46544566544566546,0.42173382173382173,0.2923076923076923,0.6017094017094017,0.16507936507936508,0.4695970695970696,0.20415140415140415,0.24297924297924298,0.1838827838827839,0.10573870573870574,0.4312576312576313,0.4468864468864469,0.3960927960927961,0.20415140415140415,0.19829059829059828,0.283028083028083,0.18803418803418803,0.19096459096459095,0.4603174603174603,0.0778998778998779,0.1768009768009768,0.19145299145299147,0.18461538461538463,0.11941391941391942,0.27643467643467645,0.6092796092796092,0.2713064713064713,0.0778998778998779,0.6676434676434676
0.45103785103785105,0.6327228327228327,0.4866910866910867,0.2647130647130647,0.21831501831501832,0.6891330891330891,0.7452991452991453,0.513064713064713,0.5277167277167277,0.22442002442002443,0.17264957264957265,0.45445665445665445,0.2595848595848596,0.12698412698412698,0.09597069597069598,0.2315018315018315,0.19706959706959706,0.5186813186813187,0.15653235653235653,0.08986568986568987,0.6864468864468865,0.43907203907203907,0.24346764346764346,0.7601953601953602,0.725030525030525,0.4163614163614164,0.2893772893772894,0.3308913308913309,0.6446886446886447,0.15824175824175823,0.15482295482295483,0.49792429792429793,0.2454212454212454,0.15848595848595848,0.6202686202686203,0.45665445665445664,0.21855921855921856,0.515018315018315,0.25103785103785103,0.13821733821733823,0.2664224664224664,0.41904761904761906,0.5306471306471306,0.10427350427350428,0.16727716727716727,0.2905982905982906,0.23785103785103784,0.5096459096459096,0.15555555555555556,0.25054945054945055,0.4525030525030525,0.409035409035409,0.28376068376068375,0.6019536019536019,0.16312576312576313,0.48253968253968255,0.19829059829059828,0.2336996336996337,0.17802197802197803,0.10207570207570207,0.4188034188034188,0.43272283272283274,0.43492063492063493,0.2170940170940171,0.20170940170940171,0.2774114774114774,0.18437118437118438,0.18705738705738706,0.4725274725274725,0.0757020757020757,0.16971916971916973,0.18437118437118438,0.18046398046398046,0.1203907203907204,0.2678876678876679,0.610989010989011,0.2590964590964591,0.0761904761904762,0.6612942612942613
0.47277167277167276,0.6244200244200244,0.5052503052503052,0.26202686202686204,0.25347985347985347,0.6884004884004884,0.7301587301587301,0.5396825396825397,0.5492063492063493,0.21416361416361415,0.16776556776556775,0.46593406593406594,0.252014652014652,0.1242979242979243,0.09304029304029304,0.22417582417582418,0.20073260073260074,0.5404151404151404,0.1536019536019536,0.08888888888888889,0.7040293040293041,0.4244200244200244,0.24297924297924298,0.764102564102564,0.7025641025641025,0.45225885225885226,0.27692307692307694,0.31916971916971915,0.6246642246642247,0.16947496947496948,0.17631257631257632,0.48083028083028084,0.23443223443223443,0.15531135531135531,0.6383394383394383,0.442002442002442,0.21172161172161172,0.505006105006105,0.2852258852258852,0.14383394383394382,0.3032967032967033,0.40757020757020757,0.5137973137973137,0.09987789987789988,0.16263736263736264,0.2835164835164835,0.26373626373626374,0.49645909645909647,0.15433455433455434,0.283028083028083,0.4388278388278388,0.3968253968253968,0.27521367521367524,0.6012210012210012,0.16214896214896216,0.49401709401709404,0.1921855921855922,0.22417582417582418,0.1724053724053724,0.09963369963369964,0.40634920634920635,0.4188034188034188,0.472039072039072,0.2354090354090354,0.2087912087912088,0.2717948717948718,0.18144078144078143,0.18315018315018314,0.48205128205128206,0.07326007326007326,0.16312576312576313,0.17875457875457876,0.17606837606837608,0.12551892551892552,0.2595848595848596,0.6102564102564103,0.24664224664224665,0.07448107448107448,0.6527472527472528
0.4927960927960928,0.6136752136752137,0.5206349206349207,0.2583638583638584,0.2920634920634921,0.684004884004884,0.7111111111111111,0.5641025641025641,0.5682539682539682,0.20586080586080585,0.16166056166056167,0.4764346764346764,0.2442002442002442,0.12161172161172161,0.08986568986568987,0.2170940170940171,0.20732600732600734,0.5631257631257631,0.15042735042735042,0.0884004884004884,0.7211233211233211,0.41001221001221,0.24737484737484738,0.7633699633699633,0.6793650793650794,0.48547008547008547,0.26422466422466423,0.3076923076923077,0.6061050061050061,0.18632478632478633,0.20293040293040293,0.46422466422466424,0.22393162393162394,0.15213675213675212,0.653968253968254,0.4288156288156288,0.20488400488400488,0.49352869352869355,0.3213675213675214,0.1540903540903541,0.337973137973138,0.39584859584859583,0.49743589743589745,0.09572649572649573,0.15848595848595848,0.2766788766788767,0.2915750915750916,0.48376068376068376,0.15262515262515264,0.3172161172161172,0.4253968253968254,0.38534798534798537,0.2669108669108669,0.5985347985347985,0.16361416361416362,0.5035409035409035,0.18656898656898657,0.2148962148962149,0.16825396825396827,0.09597069597069598,0.39438339438339437,0.4056166056166056,0.5062271062271062,0.25860805860805863,0.22026862026862026,0.2669108669108669,0.17753357753357754,0.1794871794871795,0.4888888888888889,0.07081807081807082,0.157997557997558,0.17216117216117216,0.17167277167277167,0.1365079365079365,0.2515262515262515,0.6065934065934065,0.23443223443223443,0.07374847374847375,0.6417582417582418
0.5111111111111111,0.600976800976801,0.5330891330891331,0.25396825396825395,0.3277167277167277,0.676923076923077,0.6901098901098901,0.5863247863247864,0.5848595848595849,0.19877899877899877,0.15531135531135531,0.48473748473748474,0.23614163614163614,0.11941391941391942,0.08693528693528693,0.21147741147741148,0.21636141636141637,0.5851037851037851,0.147008547008547,0.08766788766788766,0.7387057387057387,0.3951159951159951,0.25518925518925517,0.7597069597069597,0.6556776556776557,0.5162393162393163,0.2515262515262515,0.2967032967032967,0.5870573870573871,0.20903540903540904,0.2336996336996337,0.44884004884004886,0.21343101343101342,0.14896214896214896,0.6669108669108669,0.4148962148962149,0.19829059829059828,0.48083028083028084,0.357997557997558,0.1675213675213675,0.37606837606837606,0.3838827838827839,0.4810744810744811,0.09181929181929183,0.15482295482295483,0.2703296703296703,0.3162393162393162,0.46984126984126984,0.1509157509157509,0.3523809523809524,0.4117216117216117,0.3741147741147741,0.25982905982905985,0.5938949938949939,0.16800976800976802,0.5106227106227106,0.18192918192918192,0.20634920634920634,0.16532356532356532,0.09255189255189256,0.3824175824175824,0.39316239316239315,0.536996336996337,0.28644688644688643,0.23687423687423687,0.26275946275946277,0.17387057387057386,0.17655677655677657,0.4932844932844933,0.06886446886446887,0.14822954822954823,0.16532356532356532,0.1675213675213675,0.1540903540903541,0.2442002442002442,0.6007326007326007,0.22271062271062272,0.07374847374847375,0.6285714285714286
0.5274725274725275,0.5873015873015873,0.5428571428571428,0.25006105006105006,0.3614163614163614,0.6669108669108669,0.6676434676434676,0.6061050061050061,0.5985347985347985,0.1907203907203907,0.1492063492063492,0.49108669108669106,0.22857142857142856,0.11721611721611722,0.08424908424908426,0.20634920634920634,0.23028083028083027,0.6051282051282051,0.14358974358974358,0.08717948717948718,0.7536019536019536,0.3807081807081807,0.2664224664224664,0.7540903540903541,0.6329670329670329,0.5445665445665445,0.23956043956043957,0.28766788766788765,0.5682539682539682,0.23736263736263735,0.2669108669108669,0.43443223443223444,0.20366300366300366,0.1457875457875458,0.6752136752136753,0.4014652014652015,0.1916971916971917,0.4673992673992674,0.38925518925518926,0.18485958485958487,0.4141636141636142,0.37216117216117217,0.46495726495726497,0.0884004884004884,0.15115995115995115,0.2647130647130647,0.33943833943833945,0.4554334554334554,0.14847374847374847,0.3868131868131868,0.39829059829059826,0.36336996336996336,0.25347985347985347,0.5868131868131868,0.1768009768009768,0.5157509157509158,0.17753357753357754,0.19926739926739928,0.1619047619047619,0.08937728937728938,0.3706959706959707,0.3811965811965812,0.5641025641025641,0.3172161172161172,0.25445665445665444,0.2578754578754579,0.17045177045177046,0.17387057387057386,0.4954822954822955,0.06764346764346764,0.1365079365079365,0.15897435897435896,0.16336996336996337,0.17924297924297924,0.23736263736263735,0.5924297924297924,0.21318681318681318,0.07326007326007326,0.6131868131868132
0.5413919413919414,0.5728937728937729,0.5496947496947497,0.2463980463980464,0.39829059829059826,0.6542124542124542,0.6444444444444445,0.6231990231990232,0.6102564102564103,0.1824175824175824,0.14334554334554334,0.4954822954822955,0.22124542124542124,0.11526251526251527,0.08327228327228327,0.20122100122100123,0.24810744810744811,0.6231990231990232,0.14017094017094017,0.08693528693528693,0.7626373626373626,0.36800976800976803,0.28253968253968254,0.7457875457875458,0.610989010989011,0.5706959706959707,0.22979242979242978,0.2796092796092796,0.5501831501831502,0.27057387057387056,0.3018315018315018,0.4202686202686203,0.1943833943833944,0.1443223443223443,0.6800976800976801,0.389010989010989,0.18534798534798536,0.4542124542124542,0.4170940170940171,0.20927960927960929,0.4503052503052503,0.35995115995115995,0.4485958485958486,0.08473748473748474,0.14822954822954823,0.2595848595848596,0.36434676434676433,0.441025641025641,0.14652014652014653,0.42002442002442003,0.3860805860805861,0.35262515262515265,0.24566544566544565,0.5777777777777777,0.1907203907203907,0.5181929181929182,0.17484737484737484,0.1934065934065934,0.15775335775335775,0.08791208791208792,0.3592185592185592,0.36971916971916974,0.5877899877899878,0.3452991452991453,0.27472527472527475,0.2525030525030525,0.16727716727716727,0.1711843711843712,0.4954822954822955,0.06715506715506715,0.1291819291819292,0.15262515262515264,0.15946275946275945,0.21172161172161172,0.23247863247863249,0.5824175824175825,0.20488400488400488,0.07252747252747253,0.5960927960927961
0.5528693528693529,0.5584859584859585,0.5523809523809524,0.24175824175824176,0.4354090354090354,0.6388278388278388,0.621001221001221,0.6376068376068376,0.6192918192918193,0.17435897435897435,0.13772893772893774,0.49792429792429793,0.2139194139194139,0.11330891330891331,0.08278388278388278,0.19584859584859585,0.26935286935286934,0.6393162393162393,0.136996336996337,0.08644688644688645,0.7675213675213676,0.35653235653235654,0.3035409035409035,0.7345543345543346,0.58998778998779,0.5941391941391941,0.22148962148962148,0.2708180708180708,0.5326007326007326,0.306959706959707,0.33650793650793653,0.40634920634920635,0.18534798534798536,0.14358974358974358,0.6842490842490843,0.37704517704517704,0.1794871794871795,0.4415140415140415,0.4468864468864469,0.2402930402930403,0.48376068376068376,0.3482295482295482,0.43272283272283274,0.08156288156288156,0.14652014652014653,0.2537240537240537,0.38925518925518926,0.42637362637362636,0.1452991452991453,0.4507936507936508,0.3738705738705739,0.3435897435897436,0.23785103785103784,0.5658119658119658,0.21025641025641026,0.518925518925519,0.17264957264957265,0.18656898656898657,0.1536019536019536,0.08937728937728938,0.3474969474969475,0.35873015873015873,0.608058608058608,0.37191697191697193,0.30036630036630035,0.24664224664224665,0.1641025641025641,0.16874236874236875,0.4932844932844933,0.06593406593406594,0.12258852258852258,0.14676434676434677,0.15604395604395604,0.25006105006105006,0.23028083028083027,0.5709401709401709,0.19584859584859585,0.07594627594627594,0.5777777777777777
0.5619047619047619,0.5452991452991452,0.5518925518925519,0.23882783882783884,0.47106227106227105,0.621978021978022,0.598046398046398,0.6490842490842491,0.6239316239316239,0.16605616605616605,0.13211233211233211,0.4976800976800977,0.2070818070818071,0.11282051282051282,0.08156288156288156,0.19047619047619047,0.29255189255189257,0.6532356532356532,0.13382173382173382,0.08644688644688645,0.7682539682539683,0.3440781440781441,0.3274725274725275,0.7206349206349206,0.5702075702075702,0.6124542124542125,0.21196581196581196,0.2617826617826618,0.5152625152625152,0.34456654456654456,0.36996336996337,0.3924297924297924,0.17875457875457876,0.14212454212454212,0.6866910866910867,0.3658119658119658,0.17387057387057386,0.42905982905982903,0.4764346764346764,0.2766788766788767,0.5142857142857142,0.3367521367521368,0.4166056166056166,0.07814407814407814,0.1452991452991453,0.24713064713064714,0.4129426129426129,0.4122100122100122,0.14407814407814407,0.4783882783882784,0.3626373626373626,0.3347985347985348,0.22979242979242978,0.5518925518925519,0.23516483516483516,0.5172161172161173,0.16971916971916973,0.17924297924297924,0.1496947496947497,0.0945054945054945,0.33650793650793653,0.34798534798534797,0.6256410256410256,0.400976800976801,0.32967032967032966,0.2407814407814408,0.16092796092796094,0.16727716727716727,0.4891330891330891,0.06446886446886448,0.11794871794871795,0.14114774114774115,0.1523809523809524,0.29304029304029305,0.23125763125763127,0.557997557997558,0.18608058608058609,0.08083028083028083,0.5587301587301587
0.5687423687423687,0.5326007326007326,0.5492063492063493,0.23882783882783884,0.5047619047619047,0.6041514041514041,0.5755799755799755,0.6576312576312576,0.6261294261294261,0.157997557997558,0.12673992673992673,0.49523809523809526,0.19975579975579977,0.11257631257631258,0.07985347985347985,0.1851037851037851,0.31746031746031744,0.6644688644688644,0.1308913308913309,0.0862026862026862,0.7643467643467643,0.3316239316239316,0.3528693528693529,0.7037851037851038,0.5516483516483517,0.6273504273504273,0.2026862026862027,0.2525030525030525,0.49914529914529915,0.38266178266178263,0.4014652014652015,0.38046398046398044,0.17313797313797313,0.13992673992673993,0.6864468864468865,0.35555555555555557,0.16874236874236875,0.41733821733821735,0.5045177045177045,0.31648351648351647,0.5413919413919414,0.32576312576312577,0.40073260073260075,0.07667887667887668,0.14334554334554334,0.2402930402930403,0.43492063492063493,0.398046398046398,0.14285714285714285,0.5032967032967033,0.35311355311355314,0.32551892551892553,0.22148962148962148,0.536996336996337,0.26495726495726496,0.5133089133089133,0.16654456654456654,0.17191697191697192,0.14652014652014653,0.10427350427350428,0.3252747252747253,0.33724053724053726,0.6376068376068376,0.4302808302808303,0.3606837606837607,0.23467643467643468,0.157997557997558,0.1663003663003663,0.4827838827838828,0.063003663003663,0.115995115995116,0.13577533577533576,0.14896214896214896,0.337973137973138,0.2358974358974359,0.5435897435897435,0.17655677655677657,0.08742368742368742,0.5399267399267399
0.5716727716727716,0.5191697191697192,0.544078144078144,0.2437118437118437,0.5357753357753358,0.5863247863247864,0.5540903540903541,0.662026862026862,0.6273504273504273,0.15067155067155066,0.12185592185592185,0.4905982905982906,0.19365079365079366,0.1115995115995116,0.07765567765567766,0.17997557997557997,0.3426129426129426,0.6730158730158731,0.12796092796092795,0.08717948717948718,0.7606837606837606,0.31965811965811963,0.3785103785103785,0.684981684981685,0.535042735042735,0.642979242979243,0.19291819291819293,0.24395604395604395,0.4832722832722833,0.4197802197802198,0.43003663003663006,0.36923076923076925,0.16654456654456654,0.13772893772893774,0.683028083028083,0.3457875457875458,0.16361416361416362,0.40634920634920635,0.5306471306471306,0.357997557997558,0.5650793650793651,0.3155067155067155,0.3868131868131868,0.07594627594627594,0.1409035409035409,0.2336996336996337,0.4554334554334554,0.3838827838827839,0.1413919413919414,0.5223443223443224,0.34505494505494505,0.31575091575091574,0.21343101343101342,0.5206349206349207,0.29816849816849816,0.5074481074481074,0.16361416361416362,0.16507936507936508,0.14334554334554334,0.11965811965811966,0.31404151404151404,0.3282051282051282,0.6461538461538462,0.4581196581196581,0.39194139194139194,0.2288156288156288,0.15506715506715507,0.16483516483516483,0.47448107448107446,0.06153846153846154,0.11648351648351649,0.13064713064713065,0.14554334554334555,0.37704517704517704,0.24566544566544565,0.5286935286935287,0.16776556776556775,0.10036630036630037,0.5213675213675214
0.5716727716727716,0.505982905982906,0.536019536019536,0.25396825396825395,0.5641025641025641,0.5643467643467643,0.5333333333333333,0.6632478632478632,0.6263736263736264,0.14334554334554334,0.11746031746031746,0.48376068376068376,0.18852258852258852,0.11037851037851037,0.0757020757020757,0.17484737484737484,0.367032967032967,0.6786324786324787,0.12503052503052503,0.0884004884004884,0.7528693528693529,0.3076923076923077,0.40366300366300367,0.6644688644688644,0.5201465201465202,0.6576312576312576,0.18315018315018314,0.23614163614163614,0.46715506715506716,0.4542124542124542,0.45274725274725275,0.3567765567765568,0.15946275946275945,0.13504273504273503,0.6771672771672772,0.33601953601953605,0.15897435897435896,0.3973137973137973,0.5553113553113553,0.39951159951159954,0.5855921855921856,0.30573870573870576,0.3738705738705739,0.07423687423687424,0.13846153846153847,0.22686202686202686,0.47374847374847373,0.36996336996337,0.13992673992673993,0.5374847374847375,0.33650793650793653,0.30573870573870576,0.2056166056166056,0.5037851037851038,0.32893772893772893,0.49963369963369964,0.16117216117216118,0.15897435897435896,0.14017094017094017,0.1409035409035409,0.3028083028083028,0.3199023199023199,0.653968253968254,0.4832722832722833,0.421978021978022,0.22295482295482297,0.15262515262515264,0.16336996336996337,0.4644688644688645,0.06031746031746032,0.11892551892551892,0.12551892551892552,0.14407814407814407,0.4126984126984127,0.2608058608058608,0.5133089133089133,0.1592185592185592,0.13064713064713065,0.5032967032967033
0.5697191697191697,0.4932844932844933,0.5252747252747253,0.2703296703296703,0.5897435897435898,0.5452991452991452,0.5152625152625152,0.663003663003663,0.6231990231990232,0.13626373626373625,0.11330891330891331,0.4757020757020757,0.18217338217338216,0.10915750915750916,0.0735042735042735,0.16971916971916973,0.3907203907203907,0.6815628815628816,0.12307692307692308,0.08864468864468865,0.7382173382173383,0.2962148962148962,0.42735042735042733,0.6432234432234433,0.5045177045177045,0.671062271062271,0.17387057387057386,0.23076923076923078,0.45152625152625153,0.4857142857142857,0.47155067155067154,0.3440781440781441,0.1523809523809524,0.1326007326007326,0.6683760683760683,0.32625152625152626,0.15433455433455434,0.389010989010989,0.5777777777777777,0.4402930402930403,0.6031746031746031,0.2962148962148962,0.3592185592185592,0.07179487179487179,0.13626373626373625,0.22002442002442002,0.49035409035409033,0.3567765567765568,0.1387057387057387,0.5523809523809524,0.3277167277167277,0.29572649572649573,0.1978021978021978,0.4884004884004884,0.35824175824175825,0.48986568986568985,0.1597069597069597,0.15286935286935288,0.13772893772893774,0.1675213675213675,0.2932844932844933,0.3103785103785104,0.6598290598290598,0.5054945054945055,0.45006105006105007,0.2170940170940171,0.15115995115995115,0.16166056166056167,0.45274725274725275,0.059096459096459095,0.13162393162393163,0.12087912087912088,0.14383394383394382,0.4503052503052503,0.28156288156288156,0.49792429792429793,0.15115995115995115,0.16361416361416362,0.4862026862026862
0.5653235653235653,0.48083028083028084,0.513064713064713,0.29181929181929184,0.6131868131868132,0.5318681318681319,0.49914529914529915,0.6603174603174603,0.6178266178266179,0.12967032967032968,0.10989010989010989,0.4666666666666667,0.17582417582417584,0.1076923076923077,0.07179487179487179,0.16483516483516483,0.4126984126984127,0.6815628815628816,0.12234432234432234,0.0884004884004884,0.7218559218559218,0.28498168498168497,0.4485958485958486,0.621978021978022,0.4888888888888889,0.6822954822954823,0.16532356532356532,0.22735042735042735,0.4358974358974359,0.5108669108669108,0.49035409035409033,0.3308913308913309,0.1452991452991453,0.13015873015873017,0.6527472527472528,0.31648351648351647,0.15115995115995115,0.38046398046398044,0.5982905982905983,0.47863247863247865,0.6178266178266179,0.28815628815628813,0.3435897435897436,0.06935286935286936,0.13382173382173382,0.21343101343101342,0.5047619047619047,0.3435897435897436,0.1391941391941392,0.5655677655677656,0.3189255189255189,0.28595848595848594,0.19047619047619047,0.473992673992674,0.3907203907203907,0.47814407814407817,0.1597069597069597,0.14725274725274726,0.13528693528693528,0.199023199023199,0.2847374847374847,0.3006105006105006,0.6632478632478632,0.525030525030525,0.4757020757020757,0.21147741147741148,0.15189255189255188,0.1597069597069597,0.44004884004884004,0.05811965811965812,0.14676434676434677,0.11746031746031746,0.1443223443223443,0.4874236874236874,0.306959706959707,0.48253968253968255,0.14407814407814407,0.19145299145299147,0.4713064713064713
0.557997557997558,0.4686202686202686,0.49914529914529915,0.31746031746031744,0.6341880341880342,0.5191697191697192,0.4822954822954823,0.6554334554334554,0.6102564102564103,0.12356532356532357,0.10818070818070818,0.45616605616605616,0.168986568986569,0.10622710622710622,0.07155067155067155,0.15995115995115994,0.43272283272283274,0.6783882783882784,0.1203907203907204,0.08791208791208792,0.708913308913309,0.273992673992674,0.4673992673992674,0.6012210012210012,0.473015873015873,0.6910866910866911,0.15702075702075702,0.2271062271062271,0.42173382173382173,0.5316239316239316,0.5074481074481074,0.31746031746031744,0.13846153846153847,0.12747252747252746,0.6366300366300366,0.30793650793650795,0.14847374847374847,0.37142857142857144,0.6168498168498169,0.5142857142857142,0.6293040293040293,0.28156288156288156,0.3282051282051282,0.06715506715506715,0.13113553113553114,0.2070818070818071,0.5174603174603175,0.3308913308913309,0.1409035409035409,0.5768009768009768,0.3103785103785104,0.2766788766788767,0.18315018315018314,0.45885225885225883,0.4231990231990232,0.4652014652014652,0.16605616605616605,0.14212454212454212,0.13284493284493284,0.22954822954822954,0.274969474969475,0.2905982905982906,0.6642246642246642,0.5416361416361416,0.4981684981684982,0.2061050061050061,0.15506715506715507,0.15848595848595848,0.4271062271062271,0.057631257631257635,0.1606837606837607,0.11526251526251527,0.14676434676434677,0.5216117216117216,0.33577533577533575,0.46813186813186813,0.13724053724053725,0.22857142857142856,0.4581196581196581
0.5482295482295483,0.4568986568986569,0.48473748473748474,0.3465201465201465,0.6525030525030525,0.5069597069597069,0.4652014652014652,0.6473748473748474,0.6004884004884005,0.11892551892551892,0.1076923076923077,0.44468864468864466,0.16214896214896216,0.10476190476190476,0.07374847374847375,0.15555555555555556,0.4485958485958486,0.6722832722832723,0.11868131868131868,0.08766788766788766,0.6910866910866911,0.26373626373626374,0.4835164835164835,0.5826617826617827,0.45714285714285713,0.6969474969474969,0.1492063492063492,0.2336996336996337,0.4087912087912088,0.5523809523809524,0.5228327228327229,0.3045177045177045,0.13235653235653236,0.12503052503052503,0.6239316239316239,0.3001221001221001,0.14554334554334555,0.3626373626373626,0.6332112332112332,0.5462759462759462,0.6361416361416361,0.2737484737484738,0.31306471306471306,0.06446886446886448,0.12844932844932844,0.2004884004884005,0.527960927960928,0.3201465201465201,0.14383394383394382,0.5858363858363859,0.3018315018315018,0.2678876678876679,0.17606837606837608,0.4442002442002442,0.4542124542124542,0.4512820512820513,0.17753357753357754,0.136996336996337,0.13162393162393163,0.2595848595848596,0.26495726495726496,0.2805860805860806,0.6625152625152625,0.5548229548229549,0.5177045177045178,0.2021978021978022,0.16214896214896216,0.157997557997558,0.4141636141636142,0.0568986568986569,0.18095238095238095,0.1115995115995116,0.15262515262515264,0.5523809523809524,0.36678876678876676,0.45445665445665445,0.13113553113553114,0.2713064713064713,0.4444444444444444
0.5362637362637362,0.44517704517704515,0.4695970695970696,0.3775335775335775,0.6656898656898657,0.49401709401709404,0.4481074481074481,0.6371184371184371,0.589010989010989,0.11575091575091576,0.10818070818070818,0.432967032967033,0.15531135531135531,0.10354090354090355,0.08034188034188035,0.15115995115995115,0.4617826617826618,0.6634920634920635,0.11672771672771673,0.08742368742368742,0.6659340659340659,0.2549450549450549,0.4967032967032967,0.5658119658119658,0.4415140415140415,0.6998778998778998,0.1413919413919414,0.2424908424908425,0.3946275946275946,0.5716727716727716,0.5355311355311355,0.29181929181929184,0.1264957264957265,0.12234432234432234,0.6083028083028083,0.29084249084249086,0.14212454212454212,0.35384615384615387,0.6473748473748474,0.5716727716727716,0.64004884004884,0.2661782661782662,0.29816849816849816,0.061782661782661785,0.12576312576312576,0.19413919413919414,0.535042735042735,0.31062271062271063,0.15042735042735042,0.5926739926739927,0.2932844932844933,0.2590964590964591,0.16947496947496948,0.43003663003663006,0.4827838827838828,0.4363858363858364,0.19145299145299147,0.13211233211233211,0.13113553113553114,0.29352869352869354,0.25445665445665444,0.27057387057387056,0.6576312576312576,0.5655677655677656,0.5343101343101343,0.199023199023199,0.17387057387057386,0.15848595848595848,0.4014652014652015,0.05641025641025641,0.2105006105006105,0.1076923076923077,0.16361416361416362,0.5792429792429793,0.39829059829059826,0.4415140415140415,0.12527472527472527,0.31062271062271063,0.4307692307692308
0.5230769230769231,0.4332112332112332,0.45445665445665445,0.409035409035409,0.6754578754578755,0.4805860805860806,0.4312576312576313,0.6244200244200244,0.576068376068376,0.1115995115995116,0.11037851037851037,0.42075702075702076,0.14896214896214896,0.10207570207570207,0.09255189255189256,0.14822954822954823,0.4757020757020757,0.6525030525030525,0.11452991452991453,0.08717948717948718,0.6478632478632479,0.24713064713064714,0.5054945054945055,0.5487179487179488,0.4256410256410256,0.6996336996336996,0.13406593406593406,0.24175824175824176,0.3797313797313797,0.5892551892551893,0.5455433455433455,0.27936507936507937,0.12087912087912088,0.11941391941391942,0.5926739926739927,0.2810744810744811,0.13846153846153847,0.3452991452991453,0.6588522588522588,0.5924297924297924,0.6427350427350428,0.2583638583638584,0.284004884004884,0.05885225885225885,0.12307692307692308,0.1877899877899878,0.5396825396825397,0.3006105006105006,0.1619047619047619,0.5970695970695971,0.2847374847374847,0.2507936507936508,0.1645909645909646,0.4163614163614164,0.5081807081807082,0.42173382173382173,0.21025641025641026,0.1282051282051282,0.12967032967032968,0.3286935286935287,0.2442002442002442,0.2605616605616606,0.6500610500610501,0.5731379731379731,0.5457875457875457,0.19487179487179487,0.19194139194139195,0.16166056166056167,0.3894993894993895,0.056654456654456654,0.23736263736263735,0.10402930402930403,0.18021978021978022,0.6026862026862027,0.4288156288156288,0.42905982905982903,0.12112332112332112,0.3474969474969475,0.4175824175824176
0.5086691086691086,0.42173382173382173,0.43956043956043955,0.4363858363858364,0.6844932844932845,0.4669108669108669,0.4146520146520147,0.6102564102564103,0.5626373626373626,0.10695970695970695,0.115995115995116,0.409035409035409,0.14285714285714285,0.1010989010989011,0.10842490842490843,0.14627594627594628,0.4888888888888889,0.6388278388278388,0.11257631257631258,0.08717948717948718,0.6280830280830281,0.24224664224664225,0.5111111111111111,0.5318681318681319,0.4095238095238095,0.6964590964590964,0.12698412698412698,0.2407814407814408,0.3648351648351648,0.6046398046398046,0.5528693528693529,0.2673992673992674,0.11526251526251527,0.11672771672771673,0.5768009768009768,0.27106227106227104,0.13528693528693528,0.336996336996337,0.6659340659340659,0.6136752136752137,0.6432234432234433,0.25103785103785103,0.2703296703296703,0.05616605616605617,0.12087912087912088,0.18315018315018314,0.5433455433455433,0.29084249084249086,0.17924297924297924,0.5992673992673992,0.2761904761904762,0.24297924297924298,0.16043956043956045,0.40366300366300367,0.5304029304029304,0.4070818070818071,0.23467643467643468,0.12551892551892552,0.12747252747252746,0.36336996336996336,0.23394383394383395,0.25103785103785103,0.6393162393162393,0.5782661782661783,0.5543345543345544,0.19047619047619047,0.21684981684981686,0.16825396825396827,0.37826617826617825,0.057387057387057384,0.2590964590964591,0.10012210012210013,0.20293040293040293,0.622954822954823,0.45738705738705737,0.41733821733821735,0.11794871794871795,0.38803418803418804,0.40463980463980465
0.4937728937728938,0.4105006105006105,0.4261294261294261,0.4612942612942613,0.6923076923076923,0.45323565323565324,0.398046398046398,0.5943833943833944,0.5484737484737485,0.10256410256410256,0.12527472527472527,0.3978021978021978,0.13724053724053725,0.10012210012210013,0.12967032967032968,0.14334554334554334,0.5003663003663004,0.622954822954823,0.11037851037851037,0.08717948717948718,0.6021978021978022,0.2398046398046398,0.5157509157509158,0.515995115995116,0.39365079365079364,0.6898656898656899,0.12185592185592185,0.24932844932844933,0.3496947496947497,0.6173382173382174,0.5572649572649573,0.25518925518925517,0.10989010989010989,0.11526251526251527,0.55995115995116,0.26105006105006107,0.13211233211233211,0.32893772893772893,0.6698412698412698,0.6334554334554334,0.6412698412698413,0.2437118437118437,0.25665445665445663,0.05445665445665446,0.11868131868131868,0.178998778998779,0.5455433455433455,0.28205128205128205,0.20366300366300366,0.5985347985347985,0.26764346764346764,0.23687423687423687,0.15555555555555556,0.3916971916971917,0.548962148962149,0.3924297924297924,0.25982905982905985,0.12234432234432234,0.12576312576312576,0.39584859584859583,0.22393162393162394,0.24175824175824176,0.6261294261294261,0.57997557997558,0.5626373626373626,0.18608058608058609,0.2490842490842491,0.18046398046398046,0.368986568986569,0.057387057387057384,0.28498168498168497,0.09645909645909646,0.2315018315018315,0.64004884004884,0.4832722832722833,0.4070818070818071,0.11330891330891331,0.4275946275946276,0.39194139194139194
0.4793650793650794,0.39902319902319905,0.4141636141636142,0.4888888888888889,0.6976800976800976,0.43956043956043955,0.3819291819291819,0.5782661782661783,0.5340659340659341,0.09816849816849817,0.1391941391941392,0.3873015873015873,0.13235653235653236,0.10036630036630037,0.15946275946275945,0.13992673992673993,0.5106227106227106,0.6053724053724053,0.10866910866910867,0.08742368742368742,0.5811965811965812,0.2398046398046398,0.5174603174603175,0.5006105006105006,0.378021978021978,0.6810744810744811,0.11794871794871795,0.26275946275946277,0.33455433455433453,0.6271062271062271,0.5584859584859585,0.2437118437118437,0.10671550671550671,0.11452991452991453,0.5428571428571428,0.2512820512820513,0.1291819291819292,0.32112332112332115,0.6727716727716728,0.6512820512820513,0.6361416361416361,0.23663003663003662,0.2437118437118437,0.05445665445665446,0.11843711843711843,0.17387057387057386,0.5457875457875457,0.27521367521367524,0.23467643467643468,0.5953601953601954,0.25934065934065936,0.2315018315018315,0.15067155067155066,0.37997557997557996,0.5643467643467643,0.378998778998779,0.2869352869352869,0.11892551892551892,0.12503052503052503,0.4253968253968254,0.21416361416361415,0.23321123321123322,0.6105006105006106,0.5792429792429793,0.5697191697191697,0.18144078144078143,0.2869352869352869,0.19877899877899877,0.3606837606837607,0.0568986568986569,0.31868131868131866,0.09328449328449329,0.26495726495726496,0.6542124542124542,0.5054945054945055,0.39755799755799753,0.10866910866910867,0.4644688644688645,0.37948717948717947
0.46544566544566546,0.389010989010989,0.4014652014652015,0.5172161172161173,0.6996336996336996,0.42588522588522587,0.3653235653235653,0.5619047619047619,0.5203907203907204,0.09426129426129426,0.1575091575091575,0.3768009768009768,0.12747252747252746,0.1010989010989011,0.19658119658119658,0.1365079365079365,0.5194139194139195,0.5868131868131868,0.10744810744810745,0.08742368742368742,0.5628815628815629,0.24346764346764346,0.515995115995116,0.48547008547008547,0.3623931623931624,0.67008547008547,0.11282051282051282,0.28376068376068375,0.3199023199023199,0.6341880341880342,0.5567765567765568,0.23272283272283273,0.10427350427350428,0.11282051282051282,0.5262515262515263,0.24151404151404152,0.12576312576312576,0.3133089133089133,0.673992673992674,0.6669108669108669,0.6285714285714286,0.22954822954822954,0.23125763125763127,0.057387057387057384,0.12014652014652015,0.168986568986569,0.5435897435897435,0.2708180708180708,0.2717948717948718,0.5894993894993895,0.2525030525030525,0.2258852258852259,0.1457875457875458,0.368986568986569,0.5765567765567765,0.3672771672771673,0.3203907203907204,0.11575091575091576,0.12576312576312576,0.45152625152625153,0.20463980463980463,0.22515262515262516,0.5943833943833944,0.5765567765567765,0.575091575091575,0.17655677655677657,0.32967032967032966,0.21953601953601953,0.3516483516483517,0.056654456654456654,0.3487179487179487,0.09035409035409035,0.3013431013431013,0.6654456654456654,0.5223443223443224,0.38754578754578756,0.10354090354090355,0.49743589743589745,0.36678876678876676
0.4525030525030525,0.3797313797313797,0.3882783882783883,0.5452991452991452,0.6979242979242979,0.4126984126984127,0.3487179487179487,0.5457875457875457,0.5076923076923077,0.09035409035409035,0.18021978021978022,0.367032967032967,0.12283272283272283,0.10134310134310134,0.23956043956043957,0.1330891330891331,0.5264957264957265,0.568009768009768,0.1072039072039072,0.08742368742368742,0.5448107448107448,0.25054945054945055,0.5111111111111111,0.4708180708180708,0.3492063492063492,0.6568986568986569,0.10744810744810745,0.3032967032967033,0.30573870573870576,0.6383394383394383,0.5518925518925519,0.22393162393162394,0.10036630036630037,0.11086691086691086,0.5103785103785103,0.23174603174603176,0.12283272283272283,0.30573870573870576,0.6725274725274726,0.6798534798534799,0.6178266178266179,0.22271062271062272,0.21953601953601953,0.06446886446886448,0.1242979242979243,0.1641025641025641,0.5391941391941392,0.2698412698412698,0.3125763125763126,0.580952380952381,0.2463980463980464,0.22002442002442002,0.1413919413919414,0.357997557997558,0.5858363858363859,0.3567765567765568,0.35702075702075703,0.11257631257631258,0.12967032967032968,0.473992673992674,0.1956043956043956,0.2170940170940171,0.5782661782661783,0.5714285714285714,0.5785103785103786,0.1724053724053724,0.37435897435897436,0.2437118437118437,0.34285714285714286,0.05641025641025641,0.3738705738705739,0.08888888888888889,0.33943833943833945,0.6717948717948717,0.535042735042735,0.37704517704517704,0.09865689865689865,0.5257631257631258,0.3540903540903541
0.44126984126984126,0.36971916971916974,0.3755799755799756,0.5724053724053724,0.6927960927960928,0.39951159951159954,0.33284493284493283,0.5308913308913309,0.494993894993895,0.08693528693528693,0.20634920634920634,0.3572649572649573,0.11965811965811966,0.10158730158730159,0.28595848595848594,0.12991452991452992,0.5316239316239316,0.548962148962149,0.10866910866910867,0.08864468864468865,0.5274725274725275,0.26105006105006107,0.503052503052503,0.4559218559218559,0.33724053724053726,0.6412698412698413,0.10207570207570207,0.31697191697191696,0.29181929181929184,0.6393162393162393,0.5445665445665445,0.21636141636141637,0.09645909645909646,0.10866910866910867,0.49523809523809526,0.22246642246642245,0.1199023199023199,0.29816849816849816,0.6681318681318681,0.6905982905982906,0.6048840048840048,0.21636141636141637,0.21025641025641026,0.07643467643467644,0.13235653235653236,0.15946275946275945,0.5326007326007326,0.27350427350427353,0.3557997557997558,0.5711843711843712,0.23931623931623933,0.2139194139194139,0.13772893772893774,0.34725274725274724,0.5914529914529915,0.346031746031746,0.3946275946275946,0.10915750915750916,0.13772893772893774,0.4927960927960928,0.18656898656898657,0.210989010989011,0.55995115995116,0.5643467643467643,0.5802197802197803,0.16874236874236875,0.42002442002442003,0.2754578754578755,0.33406593406593404,0.05616605616605617,0.4004884004884005,0.08864468864468865,0.37704517704517704,0.6747252747252748,0.5470085470085471,0.36678876678876676,0.09352869352869353,0.5496947496947497,0.3413919413919414
0.4315018315018315,0.3597069597069597,0.36288156288156287,0.5978021978021978,0.6842490842490843,0.3865689865689866,0.31916971916971915,0.5174603174603175,0.48253968253968255,0.08351648351648351,0.23565323565323565,0.3487179487179487,0.11697191697191697,0.10158730158730159,0.33406593406593404,0.12722832722832722,0.5345543345543345,0.5306471306471306,0.11257631257631258,0.09035409035409035,0.5106227106227106,0.2754578754578755,0.4918192918192918,0.44126984126984126,0.3242979242979243,0.6239316239316239,0.09694749694749695,0.3311355311355311,0.2783882783882784,0.6376068376068376,0.5357753357753358,0.20854700854700856,0.09304029304029304,0.10671550671550671,0.48083028083028084,0.21294261294261294,0.11721611721611722,0.29181929181929184,0.6605616605616605,0.6984126984126984,0.58998778998779,0.2105006105006105,0.1978021978021978,0.09572649572649573,0.1452991452991453,0.15482295482295483,0.5233211233211233,0.28156288156288156,0.4,0.5604395604395604,0.23174603174603176,0.20781440781440783,0.13382173382173382,0.336996336996337,0.5941391941391941,0.3355311355311355,0.4315018315018315,0.10622710622710622,0.14993894993894993,0.5079365079365079,0.17802197802197803,0.2056166056166056,0.5404151404151404,0.5548229548229549,0.57997557997558,0.16483516483516483,0.46422466422466424,0.31306471306471306,0.3252747252747253,0.055921855921855924,0.42075702075702076,0.08717948717948718,0.409035409035409,0.676923076923077,0.557020757020757,0.3567765567765568,0.08888888888888889,0.5694749694749695,0.32893772893772893
0.42173382173382173,0.3496947496947497,0.35018315018315016,0.6214896214896215,0.6725274725274726,0.37362637362637363,0.3072039072039072,0.5035409035409035,0.47057387057387057,0.0800976800976801,0.2669108669108669,0.3409035409035409,0.11330891330891331,0.10158730158730159,0.38217338217338215,0.12454212454212454,0.535042735042735,0.5135531135531135,0.11892551892551892,0.09157509157509157,0.4945054945054945,0.29304029304029305,0.4778998778998779,0.42637362637362636,0.31135531135531136,0.6061050061050061,0.09181929181929183,0.346031746031746,0.2656898656898657,0.6329670329670329,0.525030525030525,0.20024420024420025,0.0905982905982906,0.10476190476190476,0.4669108669108669,0.20415140415140415,0.11575091575091576,0.28595848595848594,0.6503052503052503,0.7032967032967034,0.5741147741147741,0.2061050061050061,0.1824175824175824,0.12380952380952381,0.16385836385836386,0.15042735042735042,0.5125763125763125,0.29426129426129427,0.43736263736263736,0.5482295482295483,0.22442002442002443,0.2021978021978022,0.13064713064713065,0.3277167277167277,0.5956043956043956,0.3252747252747253,0.46593406593406594,0.10329670329670329,0.16776556776556775,0.5194139194139195,0.1711843711843712,0.19926739926739928,0.5208791208791209,0.5433455433455433,0.5772893772893772,0.16117216117216118,0.5062271062271062,0.3536019536019536,0.3162393162393162,0.05543345543345543,0.43614163614163615,0.08644688644688645,0.4363858363858364,0.676923076923077,0.5643467643467643,0.34676434676434675,0.08424908424908426,0.5853479853479854,0.3181929181929182
0.41196581196581195,0.3396825396825397,0.33821733821733824,0.6427350427350428,0.6581196581196581,0.3606837606837607,0.29352869352869354,0.48937728937728936,0.45836385836385835,0.07667887667887668,0.294993894993895,0.33235653235653234,0.10915750915750916,0.10036630036630037,0.42857142857142855,0.12185592185592185,0.5333333333333333,0.4984126984126984,0.12967032967032968,0.09255189255189256,0.47814407814407817,0.3120879120879121,0.4622710622710623,0.4117216117216117,0.29816849816849816,0.5873015873015873,0.08693528693528693,0.35824175824175825,0.2537240537240537,0.6256410256410256,0.512087912087912,0.19194139194139195,0.09035409035409035,0.10329670329670329,0.4537240537240537,0.1956043956043956,0.11550671550671551,0.27936507936507937,0.6376068376068376,0.7047619047619048,0.5575091575091575,0.2026862026862027,0.1711843711843712,0.16092796092796094,0.18852258852258852,0.14627594627594628,0.5006105006105006,0.31135531135531136,0.47057387057387057,0.5345543345543345,0.21733821733821734,0.19755799755799755,0.12747252747252746,0.31916971916971915,0.5953601953601954,0.3155067155067155,0.4976800976800977,0.10061050061050061,0.19096459096459095,0.5264957264957265,0.16532356532356532,0.19291819291819293,0.5018315018315018,0.5301587301587302,0.5726495726495726,0.157997557997558,0.5399267399267399,0.39487179487179486,0.3076923076923077,0.05518925518925519,0.44761904761904764,0.08595848595848596,0.4644688644688645,0.6744810744810745,0.5687423687423687,0.336996336996337,0.07985347985347985,0.598046398046398,0.30793650793650795
0.4021978021978022,0.32967032967032966,0.326007326007326,0.6615384615384615,0.6415140415140416,0.34945054945054943,0.27936507936507937,0.4752136752136752,0.44664224664224667,0.07326007326007326,0.32112332112332115,0.3230769230769231,0.10525030525030525,0.09865689865689865,0.47228327228327227,0.11965811965811966,0.5294261294261294,0.4852258852258852,0.14505494505494507,0.09328449328449329,0.4622710622710623,0.3326007326007326,0.44542124542124545,0.3968253968253968,0.28595848595848594,0.5692307692307692,0.0822954822954823,0.36556776556776555,0.2437118437118437,0.6153846153846154,0.49694749694749696,0.1838827838827839,0.09401709401709402,0.10183150183150183,0.4402930402930403,0.18925518925518925,0.11550671550671551,0.2725274725274725,0.6224664224664225,0.7028083028083028,0.5421245421245421,0.19853479853479852,0.1623931623931624,0.2061050061050061,0.21831501831501832,0.14236874236874236,0.48766788766788766,0.3286935286935287,0.5054945054945055,0.5206349206349207,0.2105006105006105,0.19462759462759463,0.1242979242979243,0.31013431013431014,0.5926739926739927,0.30573870573870576,0.526007326007326,0.09841269841269841,0.21953601953601953,0.5301587301587302,0.15848595848595848,0.18632478632478633,0.4832722832722833,0.5152625152625152,0.566056166056166,0.15482295482295483,0.568009768009768,0.4358974358974359,0.2993894993894994,0.054945054945054944,0.45445665445665445,0.0844932844932845,0.4908424908424908,0.6691086691086691,0.5706959706959707,0.32722832722832723,0.07594627594627594,0.6075702075702075,0.2967032967032967
0.3924297924297924,0.3199023199023199,0.31404151404151404,0.6781440781440782,0.6251526251526252,0.33894993894993897,0.26495726495726496,0.4612942612942613,0.43492063492063493,0.07106227106227106,0.3492063492063492,0.31355311355311355,0.10158730158730159,0.09768009768009768,0.5125763125763125,0.11721611721611722,0.5238095238095238,0.472039072039072,0.16532356532356532,0.09426129426129426,0.4503052503052503,0.3536019536019536,0.4278388278388278,0.3838827838827839,0.2737484737484738,0.5511599511599512,0.0778998778998779,0.3711843711843712,0.23467643467643468,0.6031746031746031,0.4810744810744811,0.17655677655677657,0.1028083028083028,0.10036630036630037,0.4275946275946276,0.1838827838827839,0.11697191697191697,0.26544566544566545,0.6056166056166056,0.6979242979242979,0.5277167277167277,0.19413919413919414,0.15482295482295483,0.2571428571428571,0.252014652014652,0.1387057387057387,0.473992673992674,0.347008547008547,0.5401709401709401,0.5067155067155067,0.2043956043956044,0.1934065934065934,0.12014652014652015,0.30036630036630035,0.5873015873015873,0.2962148962148962,0.550915750915751,0.09743589743589744,0.24737484737484738,0.5318681318681319,0.1514041514041514,0.17997557997557997,0.46544566544566546,0.4993894993894994,0.5575091575091575,0.15286935286935288,0.5968253968253968,0.4752136752136752,0.2915750915750916,0.0547008547008547,0.4581196581196581,0.08278388278388278,0.5147741147741147,0.6612942612942613,0.5692307692307692,0.3181929181929182,0.0735042735042735,0.6126984126984127,0.28498168498168497
0.3824175824175824,0.3098901098901099,0.3018315018315018,0.692063492063492,0.6087912087912087,0.3274725274725275,0.25054945054945055,0.4473748473748474,0.42344322344322344,0.0695970695970696,0.3775335775335775,0.30378510378510376,0.09987789987789988,0.09743589743589744,0.5496947496947497,0.115995115995116,0.5164835164835165,0.4586080586080586,0.19096459096459095,0.09474969474969475,0.4363858363858364,0.37362637362637363,0.4129426129426129,0.37191697191697193,0.26202686202686204,0.5335775335775336,0.07374847374847375,0.37362637362637363,0.22515262515262516,0.5882783882783883,0.4644688644688645,0.16947496947496948,0.11843711843711843,0.09914529914529914,0.41611721611721614,0.17777777777777778,0.12112332112332112,0.25860805860805863,0.5877899877899878,0.6898656898656899,0.5125763125763125,0.1894993894993895,0.14774114774114774,0.3120879120879121,0.28766788766788765,0.13528693528693528,0.46153846153846156,0.36923076923076925,0.5726495726495726,0.4927960927960928,0.19853479853479852,0.19487179487179487,0.11843711843711843,0.2905982905982906,0.5792429792429793,0.28669108669108667,0.5721611721611721,0.09987789987789988,0.27594627594627597,0.5313797313797314,0.1443223443223443,0.17338217338217338,0.4485958485958486,0.4832722832722833,0.5477411477411478,0.15189255189255188,0.6244200244200244,0.5118437118437118,0.2835164835164835,0.05445665445665446,0.45958485958485956,0.08058608058608059,0.5357753357753358,0.6503052503052503,0.5645909645909646,0.30915750915750917,0.0735042735042735,0.6151404151404152,0.27350427350427353
0.37216117216117217,0.3001221001221001,0.28962148962148965,0.701098901098901,0.590964590964591,0.3155067155067155,0.23614163614163614,0.43394383394383396,0.4117216117216117,0.06715506715506715,0.4048840048840049,0.29426129426129427,0.1010989010989011,0.0971916971916972,0.582905982905983,0.11575091575091576,0.5074481074481074,0.44590964590964594,0.22148962148962148,0.09572649572649573,0.41782661782661784,0.3921855921855922,0.39902319902319905,0.3584859584859585,0.2507936507936508,0.5167277167277168,0.06935286935286936,0.3738705738705739,0.2148962148962149,0.5716727716727716,0.44835164835164837,0.1623931623931624,0.14114774114774115,0.09841269841269841,0.4056166056166056,0.17094017094017094,0.1291819291819292,0.252014652014652,0.5706959706959707,0.6796092796092796,0.49792429792429793,0.18534798534798536,0.14114774114774115,0.36800976800976803,0.32405372405372407,0.1330891330891331,0.45006105006105007,0.3934065934065934,0.6026862026862027,0.4796092796092796,0.19291819291819293,0.19926739926739928,0.11672771672771673,0.2805860805860806,0.5684981684981685,0.27765567765567767,0.5904761904761905,0.10525030525030525,0.30915750915750917,0.527960927960928,0.13772893772893774,0.16727716727716727,0.4324786324786325,0.4669108669108669,0.5372405372405372,0.1496947496947497,0.6493284493284494,0.5455433455433455,0.2754578754578755,0.054945054945054944,0.45836385836385835,0.07863247863247863,0.5538461538461539,0.6366300366300366,0.557020757020757,0.30036630036630035,0.07667887667887668,0.6163614163614164,0.2622710622710623
0.36117216117216117,0.2905982905982906,0.2778998778998779,0.7067155067155068,0.5728937728937729,0.30305250305250303,0.22271062271062272,0.42002442002442003,0.40024420024420027,0.06398046398046398,0.4307692307692308,0.2847374847374847,0.10695970695970695,0.0971916971916972,0.6087912087912087,0.11526251526251527,0.49645909645909647,0.43345543345543347,0.2554334554334554,0.09645909645909646,0.400976800976801,0.4065934065934066,0.3848595848595849,0.3443223443223443,0.2398046398046398,0.5008547008547009,0.06715506715506715,0.3728937728937729,0.20537240537240536,0.5540903540903541,0.43272283272283274,0.15604395604395604,0.17167277167277167,0.09865689865689865,0.3938949938949939,0.1641025641025641,0.1413919413919414,0.2454212454212454,0.5540903540903541,0.6669108669108669,0.48376068376068376,0.18144078144078143,0.13504273504273503,0.42295482295482295,0.3597069597069597,0.13162393162393163,0.43833943833943834,0.41782661782661784,0.63003663003663,0.46715506715506716,0.18754578754578755,0.20732600732600734,0.1115995115995116,0.2708180708180708,0.5557997557997558,0.26886446886446885,0.6034188034188034,0.11477411477411477,0.3452991452991453,0.5216117216117216,0.13113553113553114,0.16117216117216118,0.4170940170940171,0.4525030525030525,0.525030525030525,0.14725274725274726,0.6717948717948717,0.576068376068376,0.26886446886446885,0.055921855921855924,0.4542124542124542,0.07643467643467644,0.5692307692307692,0.6205128205128205,0.546031746031746,0.29304029304029305,0.0844932844932845,0.6161172161172161,0.2512820512820513
0.3499389499389499,0.28156288156288156,0.2678876678876679,0.7118437118437119,0.5555555555555556,0.2905982905982906,0.20903540903540904,0.40634920634920635,0.3887667887667888,0.061782661782661785,0.4547008547008547,0.27521367521367524,0.11868131868131868,0.09841269841269841,0.6295482295482295,0.11550671550671551,0.48376068376068376,0.42124542124542125,0.2910866910866911,0.09768009768009768,0.3851037851037851,0.41855921855921857,0.3711843711843712,0.3299145299145299,0.22905982905982905,0.48547008547008547,0.06593406593406594,0.36971916971916974,0.19584859584859585,0.5357753357753358,0.41782661782661784,0.14993894993894993,0.20854700854700856,0.09963369963369964,0.38217338217338215,0.1575091575091575,0.15897435897435896,0.23931623931623933,0.5365079365079365,0.652014652014652,0.47057387057387057,0.17777777777777778,0.12942612942612944,0.47448107448107446,0.38974358974358975,0.12942612942612944,0.42637362637362636,0.44126984126984126,0.6547008547008547,0.45567765567765567,0.18217338217338216,0.2170940170940171,0.10915750915750916,0.2612942612942613,0.5413919413919414,0.25982905982905985,0.6131868131868132,0.1391941391941392,0.38168498168498166,0.5123321123321123,0.12527472527472527,0.15555555555555556,0.40244200244200246,0.43907203907203907,0.5115995115995116,0.14505494505494507,0.6915750915750916,0.6036630036630036,0.26275946275946277,0.05641025641025641,0.4473748473748474,0.07448107448107448,0.5816849816849817,0.6021978021978022,0.5326007326007326,0.2862026862026862,0.09816849816849817,0.6136752136752137,0.2407814407814408
0.3384615384615385,0.273992673992674,0.2590964590964591,0.7147741147741148,0.5384615384615384,0.2788766788766789,0.1960927960927961,0.39316239316239315,0.3785103785103785,0.06105006105006105,0.4764346764346764,0.2656898656898657,0.13772893772893774,0.10134310134310134,0.6515262515262515,0.11794871794871795,0.4700854700854701,0.4087912087912088,0.32722832722832723,0.09865689865689865,0.37142857142857144,0.4293040293040293,0.3584859584859585,0.31575091575091574,0.21904761904761905,0.47228327228327227,0.06398046398046398,0.3614163614163614,0.18705738705738706,0.5174603174603175,0.4043956043956044,0.1443223443223443,0.24444444444444444,0.09987789987789988,0.37045177045177047,0.1509157509157509,0.18095238095238095,0.23321123321123322,0.5191697191697192,0.6358974358974359,0.45787545787545786,0.17484737484737484,0.12405372405372406,0.5223443223443224,0.4158730158730159,0.12673992673992673,0.4148962148962149,0.463003663003663,0.6766788766788767,0.4444444444444444,0.1768009768009768,0.2288156288156288,0.10744810744810745,0.25225885225885225,0.526007326007326,0.2512820512820513,0.621978021978022,0.17387057387057386,0.4170940170940171,0.5006105006105006,0.11941391941391942,0.15042735042735042,0.3887667887667888,0.4256410256410256,0.49743589743589745,0.1426129426129426,0.708913308913309,0.6246642246642247,0.25616605616605614,0.056654456654456654,0.4376068376068376,0.07203907203907203,0.5921855921855922,0.5824175824175825,0.5181929181929182,0.2783882783882784,0.11868131868131868,0.6087912087912087,0.23076923076923078
0.326984126984127,0.2678876678876679,0.24932844932844933,0.7152625152625153,0.5221001221001221,0.2673992673992674,0.1838827838827839,0.3797313797313797,0.368986568986569,0.063003663003663,0.495970695970696,0.25665445665445663,0.1645909645909646,0.10695970695970695,0.6725274725274726,0.12307692307692308,0.45616605616605616,0.3963369963369963,0.3626373626373626,0.09963369963369964,0.35873015873015873,0.4385836385836386,0.3465201465201465,0.3018315018315018,0.21123321123321123,0.46007326007326005,0.06373626373626373,0.35213675213675216,0.17777777777777778,0.4993894993894994,0.3916971916971917,0.14017094017094017,0.2805860805860806,0.10012210012210013,0.35873015873015873,0.1443223443223443,0.20732600732600734,0.22735042735042735,0.5023199023199023,0.6183150183150183,0.44542124542124545,0.17191697191697192,0.11868131868131868,0.5609279609279609,0.4427350427350427,0.12405372405372406,0.4039072039072039,0.48253968253968255,0.6954822954822955,0.43394383394383396,0.17338217338217338,0.2442002442002442,0.10671550671550671,0.24346764346764346,0.5096459096459096,0.24395604395604395,0.6293040293040293,0.2083028083028083,0.4503052503052503,0.4866910866910867,0.1137973137973138,0.14554334554334555,0.3768009768009768,0.4122100122100122,0.4827838827838828,0.14065934065934066,0.7233211233211233,0.6415140415140416,0.24957264957264957,0.056654456654456654,0.4256410256410256,0.0695970695970696,0.6004884004884005,0.5616605616605617,0.5035409035409035,0.2708180708180708,0.14725274725274726,0.6012210012210012,0.22124542124542124
0.3172161172161172,0.2612942612942613,0.23882783882783884,0.7133089133089133,0.5067155067155067,0.25567765567765566,0.1724053724053724,0.3682539682539683,0.35873015873015873,0.06862026862026863,0.5125763125763125,0.24786324786324787,0.19316239316239317,0.11575091575091576,0.6913308913308913,0.13211233211233211,0.4424908424908425,0.38363858363858366,0.39658119658119656,0.1010989010989011,0.3452991452991453,0.4456654456654457,0.3347985347985348,0.28815628815628813,0.20463980463980463,0.4473748473748474,0.06617826617826618,0.3440781440781441,0.16923076923076924,0.4822954822954823,0.37948717948717947,0.13724053724053725,0.32161172161172163,0.10183150183150183,0.3474969474969475,0.13846153846153847,0.23663003663003662,0.22124542124542124,0.4862026862026862,0.6004884004884005,0.4332112332112332,0.168986568986569,0.11526251526251527,0.5924297924297924,0.4686202686202686,0.12258852258852258,0.3934065934065934,0.49963369963369964,0.7118437118437119,0.42466422466422465,0.17045177045177046,0.2622710622710623,0.10866910866910867,0.23467643467643468,0.49474969474969477,0.23736263736263735,0.6346764346764346,0.24517704517704517,0.4810744810744811,0.47155067155067154,0.10818070818070818,0.14236874236874236,0.36556776556776555,0.39951159951159954,0.4686202686202686,0.13846153846153847,0.7347985347985349,0.6586080586080586,0.24297924297924298,0.056654456654456654,0.41562881562881565,0.0673992673992674,0.6061050061050061,0.5426129426129426,0.48644688644688644,0.2634920634920635,0.1838827838827839,0.5914529914529915,0.21196581196581196
0.30793650793650795,0.2554334554334554,0.22857142857142856,0.7091575091575092,0.49206349206349204,0.24444444444444444,0.16166056166056167,0.35775335775335776,0.34847374847374846,0.07912087912087912,0.5272283272283272,0.23956043956043957,0.22515262515262516,0.12991452991452992,0.7081807081807082,0.1452991452991453,0.4288156288156288,0.3711843711843712,0.42857142857142855,0.10305250305250305,0.3311355311355311,0.45006105006105007,0.32405372405372407,0.274969474969475,0.19706959706959706,0.43443223443223444,0.07252747252747253,0.3338217338217338,0.16214896214896216,0.46593406593406594,0.36923076923076925,0.1330891330891331,0.36434676434676433,0.10622710622710622,0.3367521367521368,0.1326007326007326,0.26764346764346764,0.21636141636141637,0.4708180708180708,0.5826617826617827,0.42124542124542125,0.1663003663003663,0.11282051282051282,0.6249084249084249,0.4927960927960928,0.12258852258852258,0.38266178266178263,0.5142857142857142,0.7252747252747253,0.41611721611721614,0.16678876678876678,0.28205128205128205,0.11404151404151404,0.22661782661782662,0.4805860805860806,0.23003663003663002,0.6376068376068376,0.2847374847374847,0.5089133089133089,0.4559218559218559,0.1028083028083028,0.13968253968253969,0.3536019536019536,0.3877899877899878,0.4551892551892552,0.1365079365079365,0.7435897435897436,0.6747252747252748,0.23687423687423687,0.056654456654456654,0.4021978021978022,0.0652014652014652,0.608058608058608,0.5247863247863248,0.4683760683760684,0.25616605616605614,0.2275946275946276,0.5797313797313798,0.20317460317460317
0.29816849816849816,0.25103785103785103,0.21831501831501832,0.7025641025641025,0.4778998778998779,0.23321123321123322,0.15335775335775337,0.346031746031746,0.33821733821733824,0.09597069597069598,0.5391941391941392,0.23272283272283273,0.2652014652014652,0.1509157509157509,0.7223443223443223,0.16336996336996337,0.4158730158730159,0.35873015873015873,0.4542124542124542,0.10427350427350428,0.31697191697191696,0.4517704517704518,0.31355311355311355,0.2622710622710623,0.189010989010989,0.4214896214896215,0.08473748473748474,0.3184371184371184,0.15604395604395604,0.4507936507936508,0.35995115995115995,0.12844932844932844,0.40634920634920635,0.11550671550671551,0.32625152625152626,0.12722832722832722,0.29914529914529914,0.21245421245421245,0.4559218559218559,0.5650793650793651,0.40927960927960927,0.16361416361416362,0.10964590964590964,0.6556776556776557,0.5152625152625152,0.12551892551892552,0.37264957264957266,0.5257631257631258,0.7362637362637363,0.4073260073260073,0.16312576312576313,0.3028083028083028,0.12356532356532357,0.21978021978021978,0.46544566544566546,0.22271062271062272,0.6378510378510378,0.326007326007326,0.5335775335775336,0.4402930402930403,0.09914529914529914,0.1365079365079365,0.34114774114774116,0.3763125763125763,0.442002442002442,0.1343101343101343,0.7492063492063492,0.6891330891330891,0.23076923076923078,0.056654456654456654,0.3831501831501832,0.06471306471306472,0.608058608058608,0.5062271062271062,0.45006105006105007,0.2490842490842491,0.27594627594627597,0.566056166056166,0.19462759462759463
0.28815628815628813,0.24932844932844933,0.20781440781440783,0.694017094017094,0.463980463980464,0.22271062271062272,0.14627594627594628,0.33455433455433453,0.3277167277167277,0.11965811965811966,0.548962148962149,0.22686202686202686,0.31013431013431014,0.17924297924297924,0.7335775335775335,0.18583638583638584,0.40341880341880343,0.34798534798534797,0.4757020757020757,0.10476190476190476,0.30305250305250303,0.4507936507936508,0.3032967032967033,0.25054945054945055,0.18144078144078143,0.40805860805860805,0.10305250305250305,0.30378510378510376,0.15042735042735042,0.4376068376068376,0.35018315018315016,0.12380952380952381,0.44590964590964594,0.13113553113553114,0.3162393162393162,0.12234432234432234,0.326984126984127,0.20732600732600734,0.44175824175824174,0.5477411477411478,0.3978021978021978,0.1619047619047619,0.10598290598290598,0.6837606837606838,0.5357753357753358,0.13235653235653236,0.36288156288156287,0.5345543345543345,0.7423687423687424,0.398046398046398,0.15897435897435896,0.32332112332112334,0.14774114774114774,0.21343101343101342,0.4507936507936508,0.2153846153846154,0.6356532356532356,0.3682539682539683,0.5553113553113553,0.4253968253968254,0.09694749694749695,0.13284493284493284,0.3286935286935287,0.36556776556776555,0.4302808302808303,0.1326007326007326,0.7518925518925519,0.701098901098901,0.22466422466422467,0.056654456654456654,0.36507936507936506,0.06715506715506715,0.6065934065934065,0.48815628815628814,0.4324786324786325,0.24224664224664225,0.32576312576312577,0.5514041514041514,0.18803418803418803
0.27814407814407816,0.2507936507936508,0.1978021978021978,0.684004884004884,0.44981684981684983,0.2144078144078144,0.13797313797313798,0.32283272283272285,0.3177045177045177,0.1492063492063492,0.5548229548229549,0.22026862026862026,0.3572649572649573,0.21465201465201464,0.7421245421245422,0.21196581196581196,0.3916971916971917,0.3374847374847375,0.4981684981684982,0.10525030525030525,0.28962148962148965,0.44664224664224667,0.2932844932844933,0.23443223443223443,0.17387057387057386,0.3951159951159951,0.1282051282051282,0.29352869352869354,0.14652014652014653,0.42588522588522587,0.3401709401709402,0.11892551892551892,0.48205128205128206,0.15482295482295483,0.3072039072039072,0.11868131868131868,0.35213675213675216,0.2021978021978022,0.4278388278388278,0.5313797313797314,0.38632478632478634,0.16092796092796094,0.10256410256410256,0.708913308913309,0.5533577533577534,0.14383394383394382,0.3536019536019536,0.5406593406593406,0.7452991452991453,0.389010989010989,0.15506715506715507,0.3431013431013431,0.16776556776556775,0.20683760683760682,0.4368742368742369,0.20781440781440783,0.6302808302808303,0.40927960927960927,0.5738705738705738,0.4126984126984127,0.09352869352869353,0.12942612942612944,0.3162393162393162,0.35555555555555557,0.41904761904761906,0.1308913308913309,0.7506715506715507,0.7108669108669109,0.21904761904761905,0.056654456654456654,0.3482295482295482,0.07326007326007326,0.6031746031746031,0.4713064713064713,0.4158730158730159,0.23565323565323565,0.3755799755799756,0.5355311355311355,0.1829059829059829
0.26837606837606837,0.2564102564102564,0.1877899877899878,0.6725274725274726,0.43565323565323566,0.20757020757020758,0.1291819291819292,0.3108669108669109,0.30793650793650795,0.17924297924297924,0.557997557997558,0.2139194139194139,0.40463980463980465,0.2564102564102564,0.7474969474969475,0.24102564102564103,0.38168498168498166,0.32576312576312577,0.5201465201465202,0.10525030525030525,0.27692307692307694,0.4398046398046398,0.28327228327228327,0.22612942612942613,0.16678876678876678,0.38217338217338215,0.1597069597069597,0.2822954822954823,0.14358974358974358,0.41318681318681316,0.32967032967032966,0.11452991452991453,0.5142857142857142,0.18656898656898657,0.2989010989010989,0.11648351648351649,0.37924297924297923,0.1973137973137973,0.41440781440781443,0.5157509157509158,0.3763125763125763,0.15897435897435896,0.0989010989010989,0.7308913308913308,0.5692307692307692,0.16043956043956045,0.3440781440781441,0.5435897435897435,0.7472527472527473,0.3797313797313797,0.1514041514041514,0.3614163614163614,0.1894993894993895,0.19975579975579977,0.42344322344322344,0.20073260073260074,0.621978021978022,0.44835164835164837,0.5868131868131868,0.4014652014652015,0.09010989010989011,0.12576312576312576,0.30378510378510376,0.34554334554334554,0.40854700854700854,0.12991452991452992,0.746031746031746,0.717948717948718,0.2139194139194139,0.056654456654456654,0.3343101343101343,0.08522588522588523,0.6051282051282051,0.4554334554334554,0.4004884004884005,0.22905982905982905,0.4231990231990232,0.5191697191697192,0.17655677655677657
0.25934065934065936,0.2661782661782662,0.17802197802197803,0.6600732600732601,0.42295482295482295,0.19975579975579977,0.12014652014652015,0.29914529914529914,0.2989010989010989,0.21123321123321123,0.5597069597069597,0.2070818070818071,0.45006105006105007,0.3028083028083028,0.7494505494505495,0.27106227106227104,0.3724053724053724,0.31355311355311355,0.5401709401709401,0.10476190476190476,0.26495726495726496,0.43052503052503055,0.27350427350427353,0.21782661782661783,0.1597069597069597,0.36923076923076925,0.19658119658119658,0.27057387057387056,0.14065934065934066,0.4,0.3189255189255189,0.11086691086691086,0.5428571428571428,0.22661782661782662,0.2920634920634921,0.11282051282051282,0.40634920634920635,0.19267399267399268,0.40073260073260075,0.5015873015873016,0.36678876678876676,0.15653235653235653,0.09572649572649573,0.7499389499389499,0.5826617826617827,0.18217338217338216,0.33601953601953605,0.5443223443223443,0.747008547008547,0.3706959706959707,0.14822954822954823,0.378021978021978,0.22905982905982905,0.19267399267399268,0.41147741147741146,0.19413919413919414,0.6117216117216118,0.484981684981685,0.5963369963369963,0.38974358974358975,0.08644688644688645,0.12258852258852258,0.2915750915750916,0.33577533577533575,0.39829059829059826,0.12991452991452992,0.7394383394383395,0.7223443223443223,0.20903540903540904,0.0568986568986569,0.3225885225885226,0.10476190476190476,0.6078144078144078,0.441025641025641,0.3865689865689866,0.22295482295482297,0.46715506715506716,0.5037851037851038,0.17045177045177046
0.2507936507936508,0.27936507936507937,0.168986568986569,0.6468864468864469,0.41147741147741146,0.1916971916971917,0.11135531135531136,0.28766788766788765,0.29010989010989013,0.24957264957264957,0.5594627594627595,0.2004884004884005,0.4927960927960928,0.3514041514041514,0.7487179487179487,0.29743589743589743,0.3626373626373626,0.30085470085470084,0.5584859584859585,0.10427350427350428,0.25347985347985347,0.4192918192918193,0.2652014652014652,0.20463980463980463,0.15286935286935288,0.35653235653235654,0.23809523809523808,0.26105006105006107,0.13846153846153847,0.3865689865689866,0.30793650793650795,0.10695970695970695,0.5682539682539682,0.2725274725274725,0.2879120879120879,0.10891330891330891,0.43272283272283274,0.18803418803418803,0.3873015873015873,0.4884004884004884,0.35653235653235654,0.15384615384615385,0.09401709401709402,0.7457875457875458,0.5936507936507937,0.20854700854700856,0.3286935286935287,0.5428571428571428,0.7438339438339439,0.36117216117216117,0.14505494505494507,0.3921855921855922,0.2600732600732601,0.18583638583638584,0.4,0.18754578754578755,0.599023199023199,0.5145299145299145,0.6051282051282051,0.3785103785103785,0.08327228327228327,0.11941391941391942,0.2796092796092796,0.32625152625152626,0.38974358974358975,0.12967032967032968,0.7304029304029304,0.724053724053724,0.2043956043956044,0.05811965811965812,0.31062271062271063,0.13357753357753357,0.6012210012210012,0.4271062271062271,0.3738705738705739,0.2170940170940171,0.5018315018315018,0.48937728937728936,0.1641025641025641
0.24224664224664225,0.295970695970696,0.15995115995115994,0.6341880341880342,0.3987789987789988,0.18363858363858365,0.1028083028083028,0.27643467643467645,0.28205128205128205,0.2910866910866911,0.5567765567765568,0.19462759462759463,0.5328449328449328,0.4014652014652015,0.7443223443223443,0.3213675213675214,0.3528693528693529,0.2886446886446886,0.5743589743589743,0.10402930402930403,0.24175824175824176,0.40805860805860805,0.2576312576312576,0.1960927960927961,0.14652014652014653,0.3443223443223443,0.28156288156288156,0.25396825396825395,0.13821733821733823,0.37362637362637363,0.29743589743589743,0.10305250305250305,0.58998778998779,0.32283272283272285,0.2857142857142857,0.10573870573870574,0.45738705738705737,0.18363858363858365,0.3750915750915751,0.47496947496947495,0.34554334554334554,0.15115995115995115,0.09426129426129426,0.7279609279609279,0.6021978021978022,0.2341880341880342,0.32063492063492066,0.5389499389499389,0.737973137973138,0.3516483516483517,0.14236874236874236,0.4043956043956044,0.2920634920634921,0.17924297924297924,0.389010989010989,0.18144078144078143,0.5843711843711844,0.5389499389499389,0.6122100122100123,0.36800976800976803,0.0800976800976801,0.115995115995116,0.2681318681318681,0.31697191697191696,0.38217338217338215,0.1291819291819292,0.7181929181929182,0.7233211233211233,0.2,0.05958485958485959,0.2993894993894994,0.1711843711843712,0.589010989010989,0.41367521367521365,0.3623931623931624,0.21147741147741148,0.5294261294261294,0.4742368742368742,0.15824175824175823
0.23394383394383395,0.31477411477411477,0.15335775335775337,0.6217338217338217,0.3855921855921856,0.17582417582417584,0.0945054945054945,0.2661782661782662,0.274969474969475,0.33406593406593404,0.5511599511599512,0.189010989010989,0.5692307692307692,0.4503052503052503,0.7238095238095238,0.34725274725274724,0.3431013431013431,0.2766788766788767,0.5882783882783883,0.10451770451770452,0.23101343101343103,0.39658119658119656,0.2485958485958486,0.1877899877899878,0.14065934065934066,0.3326007326007326,0.3201465201465201,0.2463980463980464,0.1409035409035409,0.3606837606837607,0.28644688644688643,0.09914529914529914,0.6087912087912087,0.3682539682539683,0.28498168498168497,0.10402930402930403,0.4805860805860806,0.1794871794871795,0.36385836385836384,0.4610500610500611,0.33455433455433453,0.14822954822954823,0.09743589743589744,0.7216117216117216,0.6073260073260073,0.2595848595848596,0.3120879120879121,0.5326007326007326,0.7294261294261294,0.3426129426129426,0.13992673992673993,0.4129426129426129,0.32405372405372407,0.17313797313797313,0.3785103785103785,0.17533577533577532,0.5699633699633699,0.5645909645909646,0.6173382173382174,0.357997557997558,0.07667887667887668,0.11306471306471307,0.2568986568986569,0.3089133089133089,0.3738705738705739,0.1282051282051282,0.7037851037851038,0.7196581196581197,0.19706959706959706,0.060805860805860805,0.28888888888888886,0.21733821733821734,0.5728937728937729,0.40073260073260075,0.3516483516483517,0.2070818070818071,0.5567765567765568,0.4593406593406593,0.15262515262515264
0.2258852258852259,0.33528693528693526,0.14774114774114774,0.609035409035409,0.3733821733821734,0.16800976800976802,0.08693528693528693,0.25616605616605614,0.26935286935286934,0.37655677655677655,0.5428571428571428,0.18339438339438338,0.6021978021978022,0.4913308913308913,0.6942612942612942,0.3728937728937729,0.33308913308913307,0.2652014652014652,0.5997557997557997,0.10744810744810745,0.22246642246642245,0.3833943833943834,0.23956043956043957,0.17997557997557997,0.13553113553113552,0.3225885225885226,0.3562881562881563,0.2385836385836386,0.147008547008547,0.34725274725274724,0.27594627594627597,0.09572649572649573,0.621978021978022,0.41025641025641024,0.28669108669108667,0.10451770451770452,0.5018315018315018,0.17533577533577532,0.3516483516483517,0.44713064713064715,0.32405372405372407,0.1452991452991453,0.10525030525030525,0.7191697191697192,0.6092796092796092,0.28888888888888886,0.30378510378510376,0.5233211233211233,0.717948717948718,0.3333333333333333,0.13772893772893774,0.41855921855921857,0.3540903540903541,0.16727716727716727,0.368986568986569,0.16971916971916973,0.5555555555555556,0.5892551892551893,0.6195360195360196,0.3482295482295482,0.0735042735042735,0.11013431013431013,0.2459096459096459,0.30158730158730157,0.3653235653235653,0.12747252747252746,0.6869352869352869,0.7133089133089133,0.19462759462759463,0.06153846153846154,0.2788766788766789,0.26935286935286934,0.5543345543345544,0.38803418803418804,0.3426129426129426,0.20341880341880342,0.5814407814407815,0.44468864468864466,0.147008547008547
0.21831501831501832,0.3536019536019536,0.14114774114774115,0.5960927960927961,0.3614163614163614,0.15995115995115994,0.07936507936507936,0.24664224664224665,0.26544566544566545,0.41782661782661784,0.5326007326007326,0.17802197802197803,0.631990231990232,0.5272283272283272,0.6730158730158731,0.39755799755799753,0.3235653235653236,0.2542124542124542,0.6092796092796092,0.11477411477411477,0.2153846153846154,0.3694749694749695,0.23003663003663002,0.1724053724053724,0.13211233211233211,0.31355311355311355,0.3951159951159951,0.23125763125763127,0.15702075702075702,0.33406593406593404,0.26544566544566545,0.09206349206349207,0.631013431013431,0.4554334554334554,0.2905982905982906,0.10891330891330891,0.5208791208791209,0.1724053724053724,0.3396825396825397,0.4332112332112332,0.31404151404151404,0.14236874236874236,0.11746031746031746,0.7162393162393162,0.6097680097680098,0.3199023199023199,0.29523809523809524,0.5111111111111111,0.7042735042735043,0.3242979242979243,0.13675213675213677,0.42295482295482295,0.3824175824175824,0.16117216117216118,0.3592185592185592,0.16532356532356532,0.5396825396825397,0.611965811965812,0.6192918192918193,0.3384615384615385,0.07057387057387057,0.10744810744810745,0.2371184371184371,0.2932844932844933,0.35702075702075703,0.12722832722832722,0.6683760683760683,0.7040293040293041,0.1916971916971917,0.06202686202686203,0.2695970695970696,0.32454212454212455,0.5343101343101343,0.37533577533577533,0.3343101343101343,0.19926739926739928,0.6026862026862027,0.4307692307692308,0.14188034188034188
0.2126984126984127,0.3706959706959707,0.1343101343101343,0.5833943833943834,0.3499389499389499,0.15262515262515264,0.07203907203907203,0.23882783882783884,0.2634920634920635,0.4568986568986569,0.5201465201465202,0.17264957264957265,0.6588522588522588,0.5650793650793651,0.6544566544566545,0.4202686202686203,0.3145299145299145,0.2437118437118437,0.6163614163614164,0.12869352869352868,0.2070818070818071,0.3557997557997558,0.221001221001221,0.16556776556776556,0.13113553113553114,0.30378510378510376,0.43394383394383396,0.22393162393162394,0.1711843711843712,0.32112332112332115,0.25518925518925517,0.09010989010989011,0.6398046398046398,0.5003663003663004,0.29645909645909646,0.11843711843711843,0.5384615384615384,0.17094017094017094,0.3274725274725275,0.4197802197802198,0.3045177045177045,0.13968253968253969,0.13504273504273503,0.7120879120879121,0.6083028083028083,0.35018315018315016,0.2869352869352869,0.49694749694749696,0.6884004884004884,0.315018315018315,0.13626373626373625,0.4256410256410256,0.40805860805860805,0.15555555555555556,0.3496947496947497,0.16166056166056167,0.5230769230769231,0.6327228327228327,0.6161172161172161,0.3286935286935287,0.06813186813186813,0.10573870573870574,0.22905982905982905,0.2844932844932845,0.34847374847374846,0.12698412698412698,0.6485958485958486,0.6925518925518925,0.189010989010989,0.06227106227106227,0.26105006105006107,0.38046398046398044,0.5133089133089133,0.3641025641025641,0.32551892551892553,0.19511599511599512,0.6202686202686203,0.41782661782661784,0.13675213675213677
0.20757020757020758,0.38974358974358975,0.12747252747252746,0.5711843711843712,0.33894993894993897,0.1457875457875458,0.06568986568986569,0.23247863247863249,0.26324786324786326,0.4932844932844933,0.5064713064713064,0.16800976800976802,0.6788766788766789,0.6021978021978022,0.6363858363858363,0.4415140415140415,0.3052503052503053,0.2336996336996337,0.621001221001221,0.14725274725274726,0.19853479853479852,0.34285714285714286,0.21172161172161172,0.15946275946275945,0.13382173382173382,0.2937728937728938,0.4708180708180708,0.21684981684981686,0.18925518925518925,0.30842490842490844,0.24493284493284492,0.08888888888888889,0.6468864468864469,0.5428571428571428,0.30378510378510376,0.13406593406593406,0.5533577533577534,0.17191697191697192,0.31575091575091574,0.4061050061050061,0.29523809523809524,0.13724053724053725,0.1540903540903541,0.7067155067155068,0.6046398046398046,0.37924297924297923,0.27912087912087913,0.48205128205128206,0.671062271062271,0.30744810744810747,0.13504273504273503,0.4261294261294261,0.4312576312576313,0.15042735042735042,0.3413919413919414,0.15702075702075702,0.5067155067155067,0.6505494505494506,0.6097680097680098,0.31916971916971915,0.06666666666666667,0.10598290598290598,0.22026862026862026,0.2754578754578755,0.33992673992673994,0.12698412698412698,0.6278388278388278,0.6786324786324787,0.18705738705738706,0.06251526251526252,0.252991452991453,0.4341880341880342,0.4925518925518926,0.35384615384615387,0.31648351648351647,0.19096459096459095,0.6341880341880342,0.4056166056166056,0.13162393162393163
0.20195360195360196,0.40927960927960927,0.12136752136752137,0.5594627594627595,0.32844932844932845,0.13943833943833944,0.06105006105006105,0.2253968253968254,0.26495726495726496,0.5264957264957265,0.49230769230769234,0.1645909645909646,0.694993894993895,0.6371184371184371,0.6178266178266179,0.4608058608058608,0.29645909645909646,0.22393162393162394,0.6224664224664225,0.17216117216117216,0.18998778998778998,0.3308913308913309,0.20293040293040293,0.1536019536019536,0.13992673992673993,0.28376068376068375,0.505006105006105,0.21001221001221002,0.210989010989011,0.295970695970696,0.23663003663003662,0.08742368742368742,0.6515262515262515,0.5816849816849817,0.3120879120879121,0.1562881562881563,0.566056166056166,0.17533577533577532,0.30427350427350425,0.3924297924297924,0.28644688644688643,0.13553113553113552,0.17582417582417584,0.6993894993894993,0.5982905982905983,0.4061050061050061,0.2717948717948718,0.46593406593406594,0.6525030525030525,0.30036630036630035,0.13357753357753357,0.4244200244200244,0.45152625152625153,0.1452991452991453,0.3338217338217338,0.1523809523809524,0.49108669108669106,0.6656898656898657,0.600976800976801,0.3094017094017094,0.0673992673992674,0.10866910866910867,0.21123321123321123,0.2669108669108669,0.33137973137973137,0.12698412698412698,0.6075702075702075,0.6627594627594627,0.18656898656898657,0.063003663003663,0.2454212454212454,0.48424908424908425,0.4742368742368742,0.3426129426129426,0.3072039072039072,0.18754578754578755,0.6442002442002442,0.3938949938949939,0.12673992673992673
0.1960927960927961,0.4278388278388278,0.11526251526251527,0.5472527472527473,0.3181929181929182,0.13284493284493284,0.058363858363858365,0.21782661782661783,0.26837606837606837,0.557020757020757,0.47814407814407817,0.1619047619047619,0.7108669108669109,0.6695970695970695,0.599023199023199,0.47814407814407817,0.28766788766788765,0.2144078144078144,0.6214896214896215,0.2083028083028083,0.18168498168498168,0.31965811965811963,0.19462759462759463,0.147985347985348,0.1509157509157509,0.273992673992674,0.5362637362637362,0.20317460317460317,0.23467643467643468,0.2857142857142857,0.22905982905982905,0.08693528693528693,0.6532356532356532,0.6168498168498169,0.3203907203907204,0.18437118437118438,0.5743589743589743,0.18217338217338216,0.29255189255189257,0.37924297924297923,0.2778998778998779,0.13553113553113552,0.2026862026862027,0.6893772893772894,0.5897435897435898,0.4307692307692308,0.2652014652014652,0.44981684981684983,0.6349206349206349,0.29255189255189257,0.13211233211233211,0.4205128205128205,0.46935286935286935,0.1413919413919414,0.3252747252747253,0.14774114774114774,0.4764346764346764,0.6778998778998779,0.5731379731379731,0.29987789987789987,0.07081807081807082,0.11404151404151404,0.20170940170940171,0.2583638583638584,0.3225885225885226,0.12698412698412698,0.5873015873015873,0.644932844932845,0.18876678876678876,0.06349206349206349,0.23785103785103784,0.5242979242979243,0.45787545787545786,0.3304029304029304,0.29743589743589743,0.18363858363858365,0.6505494505494506,0.38266178266178263,0.12307692307692308
0.19023199023199022,0.4456654456654457,0.10915750915750916,0.5355311355311355,0.3076923076923077,0.1264957264957265,0.05616605616605617,0.2105006105006105,0.273992673992674,0.5843711843711844,0.4652014652014652,0.15824175824175823,0.725030525030525,0.6991452991452991,0.57997557997558,0.4937728937728938,0.2788766788766789,0.2070818070818071,0.6183150183150183,0.25445665445665444,0.17362637362637362,0.30915750915750917,0.18705738705738706,0.14236874236874236,0.1675213675213675,0.2647130647130647,0.5645909645909646,0.1960927960927961,0.25982905982905985,0.27643467643467645,0.221001221001221,0.08864468864468865,0.652014652014652,0.6485958485958486,0.3277167277167277,0.21733821733821734,0.5797313797313798,0.19316239316239317,0.2818070818070818,0.3663003663003663,0.2698412698412698,0.13797313797313798,0.23272283272283273,0.6761904761904762,0.5787545787545788,0.45323565323565324,0.2600732600732601,0.43394383394383396,0.6180708180708181,0.2844932844932845,0.1308913308913309,0.41440781440781443,0.4822954822954823,0.13846153846153847,0.315995115995116,0.14285714285714285,0.463003663003663,0.6869352869352869,0.5362637362637362,0.2915750915750916,0.0778998778998779,0.12356532356532357,0.19267399267399268,0.24981684981684982,0.31404151404151404,0.12698412698412698,0.5697191697191697,0.6261294261294261,0.1943833943833944,0.06398046398046398,0.23003663003663002,0.5567765567765568,0.4402930402930403,0.3181929181929182,0.2874236874236874,0.18021978021978022,0.653968253968254,0.37142857142857144,0.12087912087912088
0.18461538461538463,0.4617826617826618,0.10354090354090355,0.5238095238095238,0.2976800976800977,0.12234432234432234,0.05543345543345543,0.20366300366300366,0.28083028083028083,0.609035409035409,0.45323565323565324,0.15482295482295483,0.7362637362637363,0.7255189255189255,0.5611721611721612,0.5079365079365079,0.2703296703296703,0.2004884004884005,0.6136752136752137,0.3098901098901099,0.1663003663003663,0.29987789987789987,0.1794871794871795,0.13821733821733823,0.1894993894993895,0.25567765567765566,0.5897435897435898,0.18925518925518925,0.2822954822954823,0.2578754578754579,0.21245421245421245,0.09426129426129426,0.6476190476190476,0.6761904761904762,0.3338217338217338,0.24932844932844933,0.5841269841269842,0.2083028083028083,0.2708180708180708,0.3536019536019536,0.26422466422466423,0.14212454212454212,0.2647130647130647,0.661050061050061,0.5658119658119658,0.4735042735042735,0.2576312576312576,0.42002442002442003,0.6007326007326007,0.27643467643467645,0.12967032967032968,0.4061050061050061,0.49206349206349204,0.1347985347985348,0.3064713064713065,0.13846153846153847,0.45103785103785105,0.6927960927960928,0.5111111111111111,0.2835164835164835,0.08986568986568987,0.13846153846153847,0.18363858363858365,0.24151404151404152,0.30573870573870576,0.12673992673992673,0.5533577533577534,0.6068376068376068,0.2043956043956044,0.06495726495726496,0.22344322344322345,0.589010989010989,0.4231990231990232,0.30573870573870576,0.27765567765567767,0.17631257631257632,0.6534798534798535,0.3606837606837607,0.11746031746031746
0.17924297924297924,0.4764346764346764,0.09816849816849817,0.5123321123321123,0.28962148962148965,0.11892551892551892,0.05811965811965812,0.19829059829059828,0.2886446886446886,0.6273504273504273,0.441025641025641,0.15115995115995115,0.7443223443223443,0.7492063492063492,0.5428571428571428,0.5201465201465202,0.26275946275946277,0.1934065934065934,0.6068376068376068,0.37094017094017095,0.1592185592185592,0.2905982905982906,0.17264957264957265,0.13504273504273503,0.21684981684981686,0.24713064713064714,0.6112332112332113,0.18217338217338216,0.30305250305250303,0.23516483516483516,0.20366300366300366,0.1054945054945055,0.64004884004884,0.7008547008547008,0.33724053724053726,0.2805860805860806,0.5865689865689866,0.2275946275946276,0.2605616605616606,0.34114774114774116,0.2608058608058608,0.1496947496947497,0.2967032967032967,0.6437118437118438,0.5514041514041514,0.49108669108669106,0.2571428571428571,0.40757020757020757,0.5833943833943834,0.26837606837606837,0.12869352869352868,0.3960927960927961,0.5015873015873016,0.1308913308913309,0.2971916971916972,0.13406593406593406,0.4398046398046398,0.6957264957264957,0.4925518925518926,0.27472527472527475,0.1076923076923077,0.15946275946275945,0.17509157509157508,0.2336996336996337,0.2976800976800977,0.12722832722832722,0.536996336996337,0.5873015873015873,0.2188034188034188,0.06764346764346764,0.2175824175824176,0.6183150183150183,0.4070818070818071,0.2932844932844933,0.2678876678876679,0.1724053724053724,0.6498168498168498,0.3509157509157509,0.11404151404151404
0.1978021978021978,0.48937728937728936,0.0927960927960928,0.5010989010989011,0.2822954822954823,0.11477411477411477,0.06568986568986569,0.19413919413919414,0.2962148962148962,0.6415140415140416,0.4288156288156288,0.14774114774114774,0.7484737484737485,0.76996336996337,0.525030525030525,0.5286935286935287,0.2564102564102564,0.18608058608058609,0.5978021978021978,0.4354090354090354,0.1523809523809524,0.2818070818070818,0.16776556776556775,0.12844932844932844,0.24786324786324787,0.23882783882783884,0.63003663003663,0.17655677655677657,0.3252747252747253,0.21904761904761905,0.1956043956043956,0.12283272283272283,0.629059829059829,0.7221001221001221,0.33894993894993897,0.31575091575091574,0.5865689865689866,0.25054945054945055,0.25054945054945055,0.3304029304029304,0.2583638583638584,0.1623931623931624,0.3282051282051282,0.6256410256410256,0.536019536019536,0.5067155067155067,0.2590964590964591,0.39487179487179486,0.5665445665445665,0.2608058608058608,0.1282051282051282,0.3848595848595849,0.5096459096459096,0.12722832722832722,0.2879120879120879,0.12991452991452992,0.4293040293040293,0.6945054945054945,0.4776556776556777,0.26495726495726496,0.13235653235653236,0.18632478632478633,0.16678876678876678,0.22564102564102564,0.29084249084249086,0.1282051282051282,0.5208791208791209,0.5687423687423687,0.23809523809523808,0.07301587301587302,0.2105006105006105,0.6442002442002442,0.3916971916971917,0.28083028083028083,0.25811965811965815,0.168986568986569,0.642002442002442,0.3418803418803419,0.11135531135531136
0.22832722832722832,0.5003663003663004,0.0884004884004884,0.4908424908424908,0.2737484737484738,0.11013431013431013,0.07814407814407814,0.1921855921855922,0.3032967032967033,0.6559218559218559,0.4170940170940171,0.1443223443223443,0.7487179487179487,0.7882783882783883,0.5086691086691086,0.5345543345543345,0.24932844932844933,0.178998778998779,0.5870573870573871,0.5001221001221001,0.14627594627594628,0.27326007326007323,0.16385836385836386,0.1242979242979243,0.28156288156288156,0.23101343101343103,0.6451770451770452,0.17216117216117216,0.34725274725274724,0.20683760683760682,0.18754578754578755,0.14725274725274726,0.6153846153846154,0.7404151404151404,0.3387057387057387,0.3514041514041514,0.5836385836385837,0.2754578754578755,0.2424908424908425,0.32063492063492066,0.2590964590964591,0.1807081807081807,0.357997557997558,0.6063492063492063,0.5203907203907204,0.517948717948718,0.26275946275946277,0.38266178266178263,0.5501831501831502,0.2537240537240537,0.12747252747252746,0.37264957264957266,0.515995115995116,0.12503052503052503,0.27912087912087913,0.12576312576312576,0.4192918192918193,0.6901098901098901,0.4634920634920635,0.25518925518925517,0.16336996336996337,0.21855921855921856,0.1592185592185592,0.21782661782661783,0.2847374847374847,0.12796092796092795,0.5054945054945055,0.550915750915751,0.26105006105006107,0.08058608058608059,0.2026862026862027,0.6661782661782661,0.37704517704517704,0.26837606837606837,0.2485958485958486,0.16532356532356532,0.631990231990232,0.33235653235653234,0.10989010989010989
0.2407814407814408,0.5089133089133089,0.08498168498168499,0.4810744810744811,0.26495726495726496,0.10525030525030525,0.09694749694749695,0.1934065934065934,0.3094017094017094,0.6688644688644688,0.40586080586080586,0.14114774114774115,0.7450549450549451,0.8036630036630037,0.49401709401709404,0.5401709401709401,0.24175824175824176,0.17216117216117216,0.5746031746031746,0.5626373626373626,0.14017094017094017,0.2656898656898657,0.1592185592185592,0.12112332112332112,0.315995115995116,0.22344322344322345,0.6556776556776557,0.16678876678876678,0.3682539682539683,0.19633699633699633,0.17997557997557997,0.17875457875457876,0.5992673992673992,0.7526251526251526,0.33601953601953605,0.38632478632478634,0.578021978021978,0.3018315018315018,0.2354090354090354,0.3103785103785104,0.2634920634920635,0.2043956043956044,0.3855921855921856,0.5873015873015873,0.505006105006105,0.5262515262515263,0.26935286935286934,0.3711843711843712,0.5345543345543345,0.2468864468864469,0.12673992673992673,0.3606837606837607,0.5201465201465202,0.12405372405372406,0.27057387057387056,0.12185592185592185,0.4105006105006105,0.6837606837606838,0.44981684981684983,0.24517704517704517,0.2,0.25445665445665444,0.15213675213675212,0.21172161172161172,0.2778998778998779,0.12722832722832722,0.4905982905982906,0.5335775335775336,0.2835164835164835,0.09181929181929183,0.1943833943833944,0.684981684981685,0.36288156288156287,0.2564102564102564,0.2398046398046398,0.16263736263736264,0.62002442002442,0.3218559218559219,0.11086691086691086
0.24444444444444444,0.515018315018315,0.08473748473748474,0.4708180708180708,0.25616605616605614,0.10036630036630037,0.12161172161172161,0.19829059829059828,0.3145299145299145,0.6793650793650794,0.39487179487179486,0.13797313797313798,0.7377289377289378,0.8161172161172161,0.48083028083028084,0.5448107448107448,0.23443223443223443,0.16605616605616605,0.5611721611721612,0.621001221001221,0.1365079365079365,0.25934065934065936,0.1540903540903541,0.1199023199023199,0.35018315018315016,0.21611721611721613,0.6617826617826618,0.15946275946275945,0.38754578754578756,0.18754578754578755,0.1724053724053724,0.21562881562881564,0.580952380952381,0.7606837606837606,0.3308913308913309,0.4192918192918193,0.5694749694749695,0.32844932844932845,0.2275946275946276,0.29987789987789987,0.27277167277167275,0.23296703296703297,0.41098901098901097,0.5687423687423687,0.49108669108669106,0.5343101343101343,0.27814407814407816,0.3609279609279609,0.5199023199023199,0.2402930402930403,0.12576312576312576,0.3496947496947497,0.5221001221001221,0.12576312576312576,0.2625152625152625,0.11819291819291819,0.4021978021978022,0.6744810744810745,0.4371184371184371,0.23516483516483516,0.2407814407814408,0.29304029304029305,0.1452991452991453,0.20683760683760682,0.27106227106227104,0.126007326007326,0.47619047619047616,0.5177045177045178,0.30573870573870576,0.10866910866910867,0.18608058608058609,0.6996336996336996,0.34945054945054943,0.24444444444444444,0.23101343101343103,0.1606837606837607,0.6046398046398046,0.31184371184371185,0.11477411477411477
0.24395604395604395,0.517948717948718,0.08742368742368742,0.45958485958485956,0.24713064713064714,0.09572649572649573,0.15189255189255188,0.20683760683760682,0.31746031746031744,0.6869352869352869,0.3838827838827839,0.1347985347985348,0.7267399267399267,0.8231990231990232,0.46715506715506716,0.5477411477411478,0.22735042735042735,0.15995115995115994,0.5470085470085471,0.6747252747252748,0.13357753357753357,0.252014652014652,0.14896214896214896,0.12356532356532357,0.38266178266178263,0.21025641025641026,0.6666666666666666,0.15262515262515264,0.40463980463980465,0.1794871794871795,0.16532356532356532,0.2568986568986569,0.5628815628815629,0.7687423687423688,0.32283272283272285,0.44981684981684983,0.5584859584859585,0.35433455433455435,0.22002442002442002,0.2893772893772894,0.2869352869352869,0.2656898656898657,0.4341880341880342,0.5511599511599512,0.4783882783882784,0.5406593406593406,0.28888888888888886,0.35115995115995113,0.505006105006105,0.2341880341880342,0.12454212454212454,0.33992673992673994,0.5216117216117216,0.13137973137973138,0.2549450549450549,0.11452991452991453,0.3934065934065934,0.6627594627594627,0.4249084249084249,0.22515262515262516,0.28327228327228327,0.33186813186813185,0.1387057387057387,0.20073260073260074,0.263980463980464,0.12503052503052503,0.4617826617826618,0.5037851037851038,0.3316239316239316,0.13235653235653236,0.17777777777777778,0.7108669108669109,0.33601953601953605,0.2407814407814408,0.22393162393162394,0.157997557997558,0.5865689865689866,0.3018315018315018,0.12356532356532357
0.24151404151404152,0.5186813186813187,0.09328449328449329,0.44761904761904764,0.23833943833943835,0.09084249084249084,0.18608058608058609,0.21904761904761905,0.31868131868131866,0.6910866910866911,0.3733821733821734,0.13137973137973138,0.7125763125763126,0.8266178266178266,0.45396825396825397,0.5487179487179488,0.2205128205128205,0.1540903540903541,0.5321123321123321,0.7235653235653235,0.12991452991452992,0.24395604395604395,0.14383394383394382,0.13162393162393163,0.40927960927960927,0.20537240537240536,0.6686202686202686,0.14774114774114774,0.4197802197802198,0.17191697191697192,0.15848595848595848,0.29474969474969476,0.5452991452991452,0.7753357753357754,0.31306471306471306,0.4771672771672772,0.5455433455433455,0.37948717948717947,0.2126984126984127,0.27936507936507937,0.30573870573870576,0.3013431013431013,0.4547008547008547,0.5355311355311355,0.46544566544566546,0.5452991452991452,0.30036630036630035,0.3413919413919414,0.4908424908424908,0.22832722832722832,0.1242979242979243,0.32967032967032966,0.5186813186813187,0.14188034188034188,0.24713064713064714,0.11233211233211234,0.3838827838827839,0.6485958485958486,0.4134310134310134,0.21562881562881564,0.326007326007326,0.36996336996337,0.13406593406593406,0.19462759462759463,0.2571428571428571,0.12380952380952381,0.4481074481074481,0.4913308913308913,0.3592185592185592,0.1623931623931624,0.16971916971916973,0.7189255189255189,0.3230769230769231,0.24102564102564103,0.2175824175824176,0.15506715506715507,0.5667887667887668,0.29181929181929184,0.13772893772893774
0.2398046398046398,0.5174603174603175,0.10451770451770452,0.43565323565323566,0.23003663003663002,0.08644688644688645,0.2231990231990232,0.23272283272283273,0.3184371184371184,0.6913308913308913,0.3626373626373626,0.12844932844932844,0.6969474969474969,0.8295482295482296,0.4405372405372405,0.5472527472527473,0.2144078144078144,0.14847374847374847,0.5174603174603175,0.7606837606837606,0.126007326007326,0.23565323565323565,0.1387057387057387,0.1457875457875458,0.431990231990232,0.19926739926739928,0.6673992673992674,0.14236874236874236,0.4324786324786325,0.16483516483516483,0.1523809523809524,0.3308913308913309,0.526007326007326,0.778998778998779,0.3018315018315018,0.5018315018315018,0.5313797313797314,0.4031746031746032,0.20537240537240536,0.2695970695970696,0.3277167277167277,0.33821733821733824,0.47057387057387057,0.5213675213675214,0.4473748473748474,0.5467643467643467,0.3120879120879121,0.3316239316239316,0.47692307692307695,0.22393162393162394,0.12454212454212454,0.31965811965811963,0.513064713064713,0.15775335775335775,0.24126984126984127,0.11086691086691086,0.3741147741147741,0.6322344322344322,0.40244200244200246,0.20683760683760682,0.3672771672771673,0.4017094017094017,0.13064713064713065,0.18876678876678876,0.2507936507936508,0.12258852258852258,0.4341880341880342,0.47863247863247865,0.3860805860805861,0.19853479853479852,0.1619047619047619,0.7235653235653235,0.31013431013431014,0.23809523809523808,0.2105006105006105,0.1523809523809524,0.546031746031746,0.28205128205128205,0.15775335775335775
0.23809523809523808,0.5137973137973137,0.12161172161172161,0.42295482295482295,0.22173382173382172,0.0822954822954823,0.2622710622710623,0.24786324786324787,0.31648351648351647,0.6879120879120879,0.35213675213675216,0.12551892551892552,0.6796092796092796,0.8305250305250306,0.42735042735042733,0.5433455433455433,0.20854700854700856,0.14358974358974358,0.503052503052503,0.7909645909645909,0.12234432234432234,0.22735042735042735,0.13382173382173382,0.16556776556776556,0.4547008547008547,0.19316239316239317,0.6627594627594627,0.13528693528693528,0.4427350427350427,0.157997557997558,0.14774114774114774,0.37045177045177047,0.5064713064713064,0.77997557997558,0.28962148962148965,0.5235653235653236,0.515995115995116,0.4222222222222222,0.19829059829059828,0.2600732600732601,0.35262515262515265,0.37533577533577533,0.4827838827838828,0.5067155067155067,0.42735042735042733,0.5455433455433455,0.32405372405372407,0.3218559218559219,0.4634920634920635,0.22002442002442002,0.12503052503052503,0.31013431013431014,0.5047619047619047,0.178998778998779,0.23614163614163614,0.10915750915750916,0.36434676434676433,0.6146520146520147,0.3924297924297924,0.19829059829059828,0.40634920634920635,0.4288156288156288,0.126007326007326,0.1829059829059829,0.24444444444444444,0.12136752136752137,0.4202686202686203,0.4656898656898657,0.41147741147741146,0.23931623931623933,0.1540903540903541,0.7252747252747253,0.29914529914529914,0.23394383394383395,0.20293040293040293,0.1496947496947497,0.5247863247863248,0.272039072039072,0.1838827838827839
0.23467643467643468,0.5079365079365079,0.1452991452991453,0.41025641025641024,0.2139194139194139,0.07863247863247863,0.2967032967032967,0.2669108669108669,0.31306471306471306,0.6808302808302809,0.34114774114774116,0.12380952380952381,0.6600732600732601,0.8290598290598291,0.41440781440781443,0.5645909645909646,0.20317460317460317,0.13846153846153847,0.48986568986568985,0.8217338217338217,0.11843711843711843,0.21904761904761905,0.1291819291819292,0.19096459096459095,0.4764346764346764,0.18705738705738706,0.6544566544566545,0.12869352869352868,0.45103785103785105,0.1514041514041514,0.14407814407814407,0.41025641025641024,0.48766788766788766,0.7775335775335775,0.2774114774114774,0.5428571428571428,0.5001221001221001,0.4385836385836386,0.19145299145299147,0.2512820512820513,0.3785103785103785,0.41147741147741146,0.494993894993895,0.4927960927960928,0.4117216117216117,0.5411477411477411,0.33455433455433453,0.3125763125763126,0.44981684981684983,0.21587301587301588,0.126007326007326,0.30085470085470084,0.4945054945054945,0.20146520146520147,0.23076923076923078,0.10891330891330891,0.35433455433455435,0.5960927960927961,0.3831501831501832,0.18998778998778998,0.43785103785103785,0.45665445665445664,0.12161172161172161,0.1768009768009768,0.2385836385836386,0.12014652014652015,0.4065934065934066,0.45274725274725275,0.4346764346764347,0.28253968253968254,0.14676434676434677,0.7238095238095238,0.28888888888888886,0.2275946275946276,0.1956043956043956,0.14676434676434677,0.5035409035409035,0.2625152625152625,0.2153846153846154
0.23101343101343103,0.4993894993894994,0.1746031746031746,0.398046398046398,0.2061050061050061,0.07496947496947497,0.3286935286935287,0.28815628815628813,0.30744810744810747,0.6703296703296703,0.3316239316239316,0.12234432234432234,0.6388278388278388,0.8246642246642246,0.4014652014652015,0.5965811965811966,0.19829059829059828,0.13528693528693528,0.4778998778998779,0.8507936507936508,0.11477411477411477,0.210989010989011,0.12454212454212454,0.21733821733821734,0.495970695970696,0.18095238095238095,0.6427350427350428,0.12405372405372406,0.4568986568986569,0.14652014652014653,0.13992673992673993,0.44835164835164837,0.46984126984126984,0.771916971916972,0.26544566544566545,0.5594627594627595,0.4857142857142857,0.4554334554334554,0.18461538461538463,0.24273504273504273,0.4043956043956044,0.4415140415140415,0.5054945054945055,0.4793650793650794,0.39829059829059826,0.5340659340659341,0.34383394383394383,0.30305250305250303,0.4376068376068376,0.21172161172161172,0.12991452991452992,0.2923076923076923,0.48205128205128206,0.22564102564102564,0.22466422466422467,0.11135531135531136,0.3443223443223443,0.5772893772893772,0.3738705738705739,0.18217338217338216,0.463980463980464,0.48253968253968255,0.11697191697191697,0.1711843711843712,0.23296703296703297,0.11941391941391942,0.3934065934065934,0.44004884004884004,0.4559218559218559,0.32722832722832723,0.13968253968253969,0.7191697191697192,0.27765567765567767,0.2205128205128205,0.18803418803418803,0.14383394383394382,0.4832722832722833,0.25347985347985347,0.24566544566544565
0.22686202686202686,0.4888888888888889,0.20903540903540904,0.3865689865689866,0.199023199023199,0.07326007326007326,0.3636141636141636,0.31062271062271063,0.3001221001221001,0.6571428571428571,0.3225885225885226,0.12014652014652015,0.6168498168498169,0.8168498168498168,0.3887667887667888,0.6048840048840048,0.19316239316239317,0.13284493284493284,0.4652014652014652,0.8774114774114774,0.1111111111111111,0.2026862026862027,0.1199023199023199,0.24517704517704517,0.513064713064713,0.17533577533577532,0.6280830280830281,0.11892551892551892,0.4598290598290598,0.14236874236874236,0.13577533577533576,0.4835164835164835,0.452991452991453,0.7631257631257631,0.25396825396825395,0.5714285714285714,0.4725274725274725,0.4713064713064713,0.17777777777777778,0.23467643467643468,0.42905982905982903,0.4673992673992674,0.5145299145299145,0.46593406593406594,0.38632478632478634,0.5245421245421246,0.3509157509157509,0.294993894993895,0.42637362637362636,0.2083028083028083,0.13797313797313798,0.2844932844932845,0.46935286935286935,0.2554334554334554,0.21904761904761905,0.11746031746031746,0.33406593406593404,0.5587301587301587,0.36507936507936506,0.17631257631257632,0.4896214896214896,0.5062271062271062,0.11257631257631258,0.16605616605616605,0.22808302808302808,0.11843711843711843,0.3819291819291819,0.4275946275946276,0.47448107448107446,0.37094017094017095,0.13284493284493284,0.7118437118437119,0.2656898656898657,0.21318681318681318,0.18095238095238095,0.1409035409035409,0.46373626373626375,0.24444444444444444,0.2761904761904762
0.2231990231990232,0.4764346764346764,0.2468864468864469,0.3755799755799756,0.1934065934065934,0.07228327228327229,0.3987789987789988,0.3333333333333333,0.2915750915750916,0.6427350427350428,0.3120879120879121,0.11819291819291819,0.5953601953601954,0.8056166056166056,0.37606837606837606,0.6,0.1894993894993895,0.12991452991452992,0.45274725274725275,0.9003663003663004,0.1072039072039072,0.19462759462759463,0.11526251526251527,0.2783882783882784,0.5277167277167277,0.16971916971916973,0.6112332112332113,0.11306471306471307,0.4603174603174603,0.13724053724053725,0.13211233211233211,0.515018315018315,0.4371184371184371,0.7514041514041514,0.24346764346764346,0.57997557997558,0.45885225885225883,0.4862026862026862,0.17094017094017094,0.22735042735042735,0.4490842490842491,0.49474969474969477,0.5208791208791209,0.45274725274725275,0.37484737484737485,0.5125763125763125,0.3557997557997558,0.2879120879120879,0.41440781440781443,0.20634920634920634,0.1509157509157509,0.2766788766788767,0.45665445665445664,0.28815628815628813,0.21465201465201464,0.12869352869352868,0.3235653235653236,0.5406593406593406,0.3572649572649573,0.17191697191697192,0.5133089133089133,0.5272283272283272,0.10891330891330891,0.1606837606837607,0.22295482295482297,0.11868131868131868,0.37142857142857144,0.41514041514041516,0.4908424908424908,0.4122100122100122,0.12796092796092795,0.702075702075702,0.2542124542124542,0.20586080586080585,0.1746031746031746,0.13821733821733823,0.44542124542124545,0.23736263736263735,0.31135531135531136
0.22026862026862026,0.4627594627594628,0.28644688644688643,0.3658119658119658,0.1907203907203907,0.07032967032967033,0.43272283272283274,0.3557997557997558,0.2822954822954823,0.6273504273504273,0.3013431013431013,0.115995115995116,0.5743589743589743,0.7912087912087912,0.3636141636141636,0.5885225885225885,0.18656898656898657,0.12698412698412698,0.441025641025641,0.9201465201465201,0.10329670329670329,0.18656898656898657,0.11037851037851037,0.3145299145299145,0.5399267399267399,0.1645909645909646,0.5924297924297924,0.1076923076923077,0.45958485958485956,0.13235653235653236,0.1282051282051282,0.5433455433455433,0.421978021978022,0.7365079365079366,0.23394383394383395,0.5882783882783883,0.4456654456654457,0.4993894993894994,0.1645909645909646,0.22197802197802197,0.46593406593406594,0.5206349206349207,0.525030525030525,0.4398046398046398,0.3636141636141636,0.49963369963369964,0.35873015873015873,0.27936507936507937,0.4017094017094017,0.20683760683760682,0.1702075702075702,0.26935286935286934,0.4424908424908425,0.3221001221001221,0.21196581196581196,0.14554334554334555,0.31404151404151404,0.5235653235653236,0.35018315018315016,0.1663003663003663,0.5343101343101343,0.5452991452991452,0.1072039072039072,0.15555555555555556,0.21831501831501832,0.11965811965811966,0.35995115995115995,0.4031746031746032,0.5047619047619047,0.45006105006105007,0.12380952380952381,0.6893772893772894,0.2424908424908425,0.19853479853479852,0.16874236874236875,0.13528693528693528,0.4283272283272283,0.23101343101343103,0.34798534798534797
0.2188034188034188,0.44835164835164837,0.326984126984127,0.3567765567765568,0.19096459096459095,0.06764346764346764,0.4644688644688645,0.37704517704517704,0.27277167277167275,0.6102564102564103,0.29010989010989013,0.1137973137973138,0.5543345543345544,0.7741147741147741,0.3516483516483517,0.575091575091575,0.18315018315018314,0.12527472527472527,0.4293040293040293,0.9365079365079365,0.09987789987789988,0.178998778998779,0.1076923076923077,0.3514041514041514,0.5496947496947497,0.15946275946275945,0.5726495726495726,0.10525030525030525,0.45616605616605616,0.12747252747252746,0.12454212454212454,0.5682539682539682,0.4078144078144078,0.7196581196581197,0.22686202686202686,0.5951159951159951,0.43272283272283274,0.5108669108669108,0.15848595848595848,0.21855921855921856,0.4827838827838828,0.5445665445665445,0.5262515262515263,0.42686202686202684,0.35262515262515265,0.48547008547008547,0.35946275946275946,0.2703296703296703,0.389010989010989,0.2105006105006105,0.1960927960927961,0.26202686202686204,0.4275946275946276,0.3553113553113553,0.21172161172161172,0.16800976800976802,0.3045177045177045,0.5086691086691086,0.3426129426129426,0.1606837606837607,0.5518925518925519,0.5601953601953602,0.10842490842490843,0.15067155067155066,0.21465201465201464,0.11941391941391942,0.3482295482295482,0.39096459096459096,0.5162393162393163,0.4796092796092796,0.11868131868131868,0.673992673992674,0.23076923076923078,0.1916971916971917,0.16312576312576313,0.1326007326007326,0.4141636141636142,0.22417582417582418,0.38363858363858366
0.21978021978021978,0.43345543345543347,0.367032967032967,0.3492063492063492,0.1943833943833944,0.06471306471306472,0.49401709401709404,0.3968253968253968,0.26373626373626374,0.591941391941392,0.27936507936507937,0.11135531135531136,0.5355311355311355,0.7545787545787546,0.3413919413919414,0.5604395604395604,0.17924297924297924,0.12551892551892552,0.4183150183150183,0.9492063492063492,0.09621489621489622,0.17313797313797313,0.10671550671550671,0.38754578754578756,0.557020757020757,0.15433455433455434,0.5526251526251527,0.10305250305250305,0.45103785103785105,0.12307692307692308,0.12136752136752137,0.58998778998779,0.3938949938949939,0.7013431013431013,0.221001221001221,0.5995115995115995,0.4202686202686203,0.5206349206349207,0.1540903540903541,0.21562881562881564,0.4984126984126984,0.5658119658119658,0.5245421245421246,0.41367521367521365,0.3423687423687424,0.47228327228327227,0.357997557997558,0.26105006105006107,0.37606837606837606,0.21855921855921856,0.22857142857142856,0.2549450549450549,0.4129426129426129,0.38632478632478634,0.2153846153846154,0.19487179487179487,0.29523809523809524,0.494993894993895,0.33455433455433453,0.15677655677655677,0.5665445665445665,0.5726495726495726,0.11330891330891331,0.1457875457875458,0.21172161172161172,0.11843711843711843,0.33650793650793653,0.378998778998779,0.5257631257631258,0.5032967032967033,0.11330891330891331,0.6561660561660562,0.21904761904761905,0.18534798534798536,0.1575091575091575,0.13015873015873017,0.400976800976801,0.2170940170940171,0.41733821733821735
0.22417582417582418,0.4192918192918193,0.400976800976801,0.3426129426129426,0.20146520146520147,0.061782661782661785,0.5213675213675214,0.41514041514041516,0.2549450549450549,0.5728937728937729,0.2691086691086691,0.10891330891330891,0.5174603174603175,0.7335775335775335,0.3316239316239316,0.544078144078144,0.17509157509157508,0.12869352869352868,0.4070818070818071,0.9587301587301588,0.0927960927960928,0.16800976800976802,0.10622710622710622,0.42173382173382173,0.5614163614163614,0.1496947496947497,0.5343101343101343,0.09914529914529914,0.44346764346764345,0.11868131868131868,0.11892551892551892,0.6087912087912087,0.37997557997557996,0.6835164835164835,0.21465201465201464,0.6017094017094017,0.40805860805860805,0.5286935286935287,0.15067155067155066,0.2144078144078144,0.512087912087912,0.5843711843711844,0.5194139194139195,0.40073260073260075,0.33308913308913307,0.45958485958485956,0.3540903540903541,0.252014652014652,0.36336996336996336,0.23125763125763127,0.2661782661782662,0.24932844932844933,0.39829059829059826,0.4148962148962149,0.22344322344322345,0.2253968253968254,0.2879120879120879,0.48131868131868133,0.32673992673992674,0.1540903540903541,0.5782661782661783,0.5821733821733822,0.12405372405372406,0.14236874236874236,0.2083028083028083,0.11746031746031746,0.3247863247863248,0.36678876678876676,0.5313797313797314,0.5264957264957265,0.10818070818070818,0.6363858363858363,0.2083028083028083,0.1794871794871795,0.1523809523809524,0.12942612942612944,0.38754578754578756,0.21025641025641026,0.4481074481074481
0.23321123321123322,0.4061050061050061,0.4315018315018315,0.33577533577533575,0.21318681318681318,0.058363858363858365,0.5457875457875457,0.431990231990232,0.2463980463980464,0.5543345543345544,0.25934065934065936,0.10671550671550671,0.49963369963369964,0.7133089133089133,0.32112332112332115,0.526984126984127,0.1711843711843712,0.1365079365079365,0.39584859584859583,0.9645909645909646,0.0905982905982906,0.16214896214896216,0.10842490842490843,0.4537240537240537,0.5628815628815629,0.14652014652014653,0.5172161172161173,0.09548229548229548,0.4341880341880342,0.11452991452991453,0.11330891330891331,0.6244200244200244,0.3682539682539683,0.6656898656898657,0.2087912087912088,0.600976800976801,0.3963369963369963,0.5345543345543345,0.1457875457875458,0.21611721611721613,0.5233211233211233,0.6004884004884005,0.5118437118437118,0.3877899877899878,0.3247863247863248,0.4461538461538462,0.3482295482295482,0.24273504273504273,0.35115995115995113,0.2485958485958486,0.30744810744810747,0.24395604395604395,0.38461538461538464,0.4405372405372405,0.23736263736263735,0.2578754578754579,0.2818070818070818,0.4683760683760684,0.3184371184371184,0.1509157509157509,0.5868131868131868,0.5885225885225885,0.14114774114774115,0.13968253968253969,0.20463980463980463,0.11697191697191697,0.31404151404151404,0.3567765567765568,0.5345543345543345,0.5477411477411478,0.10329670329670329,0.6153846153846154,0.1978021978021978,0.17387057387057386,0.14896214896214896,0.12967032967032968,0.3741147741147741,0.20341880341880342,0.4752136752136752
0.24713064713064714,0.39487179487179486,0.46373626373626375,0.3291819291819292,0.22979242979242978,0.05543345543345543,0.5675213675213675,0.4468864468864469,0.2398046398046398,0.5362637362637362,0.25006105006105006,0.10451770451770452,0.4822954822954823,0.693040293040293,0.31013431013431014,0.5101343101343101,0.16800976800976802,0.14945054945054945,0.38461538461538464,0.9672771672771673,0.08937728937728938,0.1562881562881563,0.11477411477411477,0.48253968253968255,0.5611721611721612,0.1443223443223443,0.49963369963369964,0.0927960927960928,0.42295482295482295,0.1111111111111111,0.10818070818070818,0.6371184371184371,0.3572649572649573,0.6471306471306472,0.20317460317460317,0.5970695970695971,0.3848595848595849,0.5384615384615384,0.1409035409035409,0.22197802197802197,0.5318681318681319,0.613919413919414,0.5018315018315018,0.37655677655677655,0.31575091575091574,0.43272283272283274,0.3409035409035409,0.23394383394383395,0.33943833943833945,0.2703296703296703,0.3452991452991453,0.23809523809523808,0.37142857142857144,0.4634920634920635,0.2571428571428571,0.28669108669108667,0.27472527472527475,0.4554334554334554,0.31013431013431014,0.14725274725274726,0.5924297924297924,0.5924297924297924,0.16166056166056167,0.1365079365079365,0.20073260073260074,0.11794871794871795,0.3032967032967033,0.3474969474969475,0.5372405372405372,0.5665445665445665,0.09865689865689865,0.5941391941391941,0.1877899877899878,0.16874236874236875,0.14627594627594628,0.1308913308913309,0.3614163614163614,0.1973137973137973,0.4989010989010989
0.2634920634920635,0.3912087912087912,0.495970695970696,0.3230769230769231,0.2507936507936508,0.052503052503052504,0.5865689865689866,0.4581196581196581,0.2341880341880342,0.518925518925519,0.24102564102564103,0.1028083028083028,0.46544566544566546,0.6722832722832723,0.29987789987789987,0.4937728937728938,0.16556776556776556,0.16800976800976802,0.3733821733821734,0.9660561660561661,0.08717948717948718,0.15042735042735042,0.12698412698412698,0.5086691086691086,0.557020757020757,0.14114774114774115,0.48253968253968255,0.09010989010989011,0.41025641025641024,0.10818070818070818,0.11037851037851037,0.6446886446886447,0.3452991452991453,0.6288156288156288,0.1978021978021978,0.5907203907203907,0.3733821733821734,0.5396825396825397,0.13553113553113552,0.23272283272283273,0.5374847374847375,0.6246642246642247,0.4896214896214896,0.3665445665445665,0.30622710622710625,0.4197802197802198,0.3316239316239316,0.2253968253968254,0.3282051282051282,0.29523809523809524,0.3807081807081807,0.23174603174603176,0.35946275946275946,0.4827838827838828,0.2822954822954823,0.31306471306471306,0.2678876678876679,0.4427350427350427,0.3018315018315018,0.14407814407814407,0.5948717948717949,0.5934065934065934,0.18608058608058609,0.13357753357753357,0.19706959706959706,0.12185592185592185,0.29304029304029305,0.3374847374847375,0.5382173382173382,0.5816849816849817,0.09426129426129426,0.5731379731379731,0.17826617826617827,0.16483516483516483,0.14285714285714285,0.13406593406593406,0.34945054945054943,0.19096459096459095,0.518925518925519
0.28253968253968254,0.3907203907203907,0.5262515262515263,0.3172161172161172,0.27521367521367524,0.04981684981684982,0.6021978021978022,0.4666666666666667,0.2288156288156288,0.5023199023199023,0.23247863247863249,0.10134310134310134,0.4503052503052503,0.6512820512820513,0.2903540903540904,0.4783882783882784,0.16507936507936508,0.19194139194139195,0.36166056166056165,0.9604395604395605,0.08424908424908426,0.1443223443223443,0.14505494505494507,0.5316239316239316,0.550915750915751,0.13797313797313798,0.46642246642246643,0.08644688644688645,0.3968253968253968,0.10671550671550671,0.11794871794871795,0.6488400488400489,0.33284493284493283,0.6107448107448108,0.19291819291819293,0.5811965811965812,0.36214896214896214,0.5382173382173382,0.13015873015873017,0.24810744810744811,0.5401709401709401,0.6327228327228327,0.4771672771672772,0.35555555555555557,0.2967032967032967,0.4070818070818071,0.32161172161172163,0.2170940170940171,0.31746031746031744,0.3189255189255189,0.4202686202686203,0.2253968253968254,0.34798534798534797,0.4993894993894994,0.30744810744810747,0.34114774114774116,0.2612942612942613,0.43003663003663006,0.2937728937728938,0.1409035409035409,0.5938949938949939,0.5912087912087912,0.21855921855921856,0.13211233211233211,0.1934065934065934,0.13162393162393163,0.28327228327228327,0.32722832722832723,0.5372405372405372,0.5938949938949939,0.09010989010989011,0.5526251526251527,0.16947496947496948,0.1619047619047619,0.13968253968253969,0.14065934065934066,0.33724053724053726,0.1851037851037851,0.5357753357753358
0.3072039072039072,0.3851037851037851,0.5548229548229549,0.31135531135531136,0.3018315018315018,0.047619047619047616,0.6126984126984127,0.47496947496947495,0.22393162393162394,0.4866910866910867,0.22417582417582418,0.10158730158730159,0.43614163614163615,0.6305250305250305,0.2822954822954823,0.463980463980464,0.16727716727716727,0.2205128205128205,0.3516483516483517,0.9511599511599511,0.08083028083028083,0.1391941391941392,0.16947496947496948,0.5516483516483517,0.5416361416361416,0.13504273504273503,0.4512820512820513,0.08351648351648351,0.3833943833943834,0.1072039072039072,0.13015873015873017,0.6517704517704518,0.3203907203907204,0.5929181929181929,0.18803418803418803,0.5694749694749695,0.3509157509157509,0.5343101343101343,0.12503052503052503,0.2681318681318681,0.5396825396825397,0.6376068376068376,0.46495726495726497,0.3443223443223443,0.2874236874236874,0.3951159951159951,0.3108669108669109,0.2087912087912088,0.3072039072039072,0.3423687423687424,0.46007326007326005,0.21855921855921856,0.336996336996337,0.513064713064713,0.3333333333333333,0.3682539682539683,0.2549450549450549,0.4175824175824176,0.28595848595848594,0.13797313797313798,0.5897435897435898,0.5868131868131868,0.2568986568986569,0.1330891330891331,0.19023199023199022,0.14896214896214896,0.273992673992674,0.3172161172161172,0.5340659340659341,0.6034188034188034,0.08644688644688645,0.5328449328449328,0.16263736263736264,0.15848595848595848,0.13724053724053725,0.15189255189255188,0.3252747252747253,0.18021978021978022,0.5492063492063493
0.33577533577533575,0.37704517704517704,0.5811965811965812,0.3052503052503053,0.32967032967032966,0.04542124542124542,0.6195360195360196,0.4818070818070818,0.21904761904761905,0.47155067155067154,0.21611721611721613,0.10354090354090355,0.4205128205128205,0.6107448107448108,0.2766788766788767,0.4495726495726496,0.1724053724053724,0.252991452991453,0.3423687423687424,0.9399267399267399,0.07765567765567766,0.1343101343101343,0.19975579975579977,0.5667887667887668,0.5301587301587302,0.13382173382173382,0.4368742368742369,0.08083028083028083,0.36971916971916974,0.11013431013431013,0.1492063492063492,0.6525030525030525,0.3076923076923077,0.5758241758241758,0.18339438339438338,0.5555555555555556,0.3409035409035409,0.5286935286935287,0.1199023199023199,0.2923076923076923,0.536019536019536,0.6393162393162393,0.4507936507936508,0.3333333333333333,0.27765567765567767,0.3838827838827839,0.30036630036630035,0.20073260073260074,0.29865689865689865,0.368986568986569,0.4981684981684982,0.21196581196581196,0.32625152625152626,0.5223443223443224,0.36434676434676433,0.3934065934065934,0.24835164835164836,0.40512820512820513,0.27814407814407816,0.13504273504273503,0.5833943833943834,0.5802197802197803,0.2993894993894994,0.13797313797313798,0.18705738705738706,0.17484737484737484,0.26544566544566545,0.30744810744810747,0.5286935286935287,0.6105006105006106,0.08327228327228327,0.5157509157509158,0.15702075702075702,0.15555555555555556,0.136996336996337,0.16825396825396827,0.3133089133089133,0.17606837606837608,0.5584859584859585
0.367032967032967,0.36800976800976803,0.6053724053724053,0.29987789987789987,0.3572649572649573,0.04371184371184371,0.6249084249084249,0.4866910866910867,0.21465201465201464,0.4568986568986569,0.21001221001221002,0.10744810744810745,0.40463980463980465,0.591941391941392,0.273992673992674,0.4354090354090354,0.18168498168498168,0.28327228327228327,0.33186813186813185,0.9262515262515263,0.07448107448107448,0.13113553113553114,0.23443223443223443,0.578021978021978,0.5162393162393163,0.13528693528693528,0.4227106227106227,0.07814407814407814,0.35653235653235654,0.11648351648351649,0.17387057387057386,0.6500610500610501,0.294993894993895,0.558974358974359,0.178998778998779,0.5404151404151404,0.3316239316239316,0.5208791208791209,0.11526251526251527,0.31965811965811963,0.5294261294261294,0.6383394383394383,0.43614163614163615,0.3225885225885226,0.2678876678876679,0.3728937728937729,0.29010989010989013,0.19316239316239317,0.29084249084249086,0.3963369963369963,0.5335775335775336,0.20586080586080585,0.31697191697191696,0.528937728937729,0.3973137973137973,0.41562881562881565,0.24175824175824176,0.39267399267399267,0.27106227106227104,0.13284493284493284,0.5743589743589743,0.5716727716727716,0.3435897435897436,0.14725274725274726,0.1838827838827839,0.21025641025641026,0.25860805860805863,0.29816849816849816,0.5213675213675214,0.6146520146520147,0.0800976800976801,0.5003663003663004,0.15042735042735042,0.1536019536019536,0.14554334554334555,0.19047619047619047,0.3018315018315018,0.17338217338217338,0.5641025641025641
0.40024420024420027,0.357997557997558,0.6271062271062271,0.29426129426129427,0.3848595848595849,0.04322344322344322,0.6273504273504273,0.4891330891330891,0.21025641025641026,0.4427350427350427,0.20488400488400488,0.11428571428571428,0.3882783882783883,0.5738705738705738,0.274969474969475,0.4214896214896215,0.19511599511599512,0.3125763125763126,0.3213675213675214,0.9094017094017094,0.07155067155067155,0.12991452991452992,0.27277167277167275,0.5892551892551893,0.5008547008547009,0.14065934065934066,0.40854700854700854,0.0761904761904762,0.3452991452991453,0.1264957264957265,0.2043956043956044,0.6446886446886447,0.283028083028083,0.5426129426129426,0.17435897435897435,0.5262515262515263,0.3218559218559219,0.5111111111111111,0.11086691086691086,0.34847374847374846,0.5213675213675214,0.6351648351648351,0.42173382173382173,0.3120879120879121,0.25811965811965815,0.3626373626373626,0.28034188034188035,0.18754578754578755,0.28253968253968254,0.42295482295482295,0.5658119658119658,0.2,0.30842490842490844,0.5347985347985348,0.43003663003663006,0.43492063492063493,0.2354090354090354,0.38046398046398044,0.263980463980464,0.13162393162393163,0.5628815628815629,0.5604395604395604,0.3873015873015873,0.16312576312576313,0.18144078144078143,0.25445665445665444,0.252991452991453,0.2893772893772894,0.5118437118437118,0.6163614163614164,0.07814407814407814,0.484981684981685,0.14334554334554334,0.15384615384615385,0.16312576312576313,0.2175824175824176,0.2903540903540904,0.17264957264957265,0.5687423687423687
0.43345543345543347,0.34798534798534797,0.645909645909646,0.2886446886446886,0.4078144078144078,0.04322344322344322,0.6258852258852259,0.4888888888888889,0.2061050061050061,0.43052503052503055,0.199023199023199,0.12503052503052503,0.37216117216117217,0.5565323565323566,0.2796092796092796,0.40805860805860805,0.21025641025641026,0.34505494505494505,0.3103785103785104,0.8898656898656898,0.0695970695970696,0.13137973137973138,0.3125763125763126,0.5985347985347985,0.484004884004884,0.15067155067155066,0.3946275946275946,0.07472527472527472,0.33528693528693526,0.1413919413919414,0.23882783882783884,0.6361416361416361,0.27106227106227104,0.5264957264957265,0.16971916971916973,0.5123321123321123,0.3120879120879121,0.5001221001221001,0.10671550671550671,0.378021978021978,0.5111111111111111,0.6295482295482295,0.40757020757020757,0.3018315018315018,0.2485958485958486,0.3636141636141636,0.2713064713064713,0.1824175824175824,0.27472527472527475,0.4481074481074481,0.5948717948717949,0.1943833943833944,0.29914529914529914,0.5391941391941392,0.4612942612942613,0.4512820512820513,0.22905982905982905,0.3682539682539683,0.25811965811965815,0.12967032967032968,0.5492063492063493,0.5470085470085471,0.4288156288156288,0.1851037851037851,0.1794871794871795,0.2979242979242979,0.2463980463980464,0.28083028083028083,0.5003663003663004,0.6158730158730159,0.07741147741147741,0.4695970695970696,0.13626373626373625,0.15775335775335775,0.1851037851037851,0.24932844932844933,0.27912087912087913,0.17435897435897435,0.5716727716727716
0.46642246642246643,0.3374847374847375,0.6615384615384615,0.28253968253968254,0.4275946275946276,0.042002442002442006,0.6202686202686203,0.48547008547008547,0.20195360195360196,0.41904761904761906,0.19316239316239317,0.13992673992673993,0.3562881562881563,0.5391941391941392,0.2879120879120879,0.3963369963369963,0.22735042735042735,0.3785103785103785,0.29987789987789987,0.8678876678876679,0.07008547008547009,0.1365079365079365,0.34725274725274724,0.6061050061050061,0.4669108669108669,0.16605616605616605,0.38095238095238093,0.07472527472527472,0.3252747252747253,0.1619047619047619,0.2754578754578755,0.6246642246642247,0.2595848595848596,0.5108669108669108,0.16654456654456654,0.4976800976800977,0.30207570207570206,0.48766788766788766,0.10305250305250305,0.40341880341880343,0.4989010989010989,0.6217338217338217,0.39438339438339437,0.2920634920634921,0.2398046398046398,0.36923076923076925,0.2647130647130647,0.17655677655677657,0.2669108669108669,0.47106227106227105,0.6202686202686203,0.189010989010989,0.28962148962148965,0.5418803418803418,0.49035409035409033,0.46495726495726497,0.22295482295482297,0.35775335775335776,0.252991452991453,0.12722832722832722,0.5335775335775336,0.5316239316239316,0.4673992673992674,0.21343101343101342,0.17924297924297924,0.3423687423687424,0.23931623931623933,0.2725274725274725,0.48766788766788766,0.6124542124542125,0.07594627594627594,0.45445665445665445,0.1291819291819292,0.1663003663003663,0.2144078144078144,0.28376068376068375,0.2678876678876679,0.17826617826617827,0.5721611721611721
0.4981684981684982,0.3274725274725275,0.673992673992674,0.27814407814407816,0.4481074481074481,0.04053724053724054,0.610989010989011,0.47985347985347987,0.1978021978021978,0.4065934065934066,0.18754578754578755,0.1597069597069597,0.3409035409035409,0.5228327228327229,0.29987789987789987,0.38534798534798537,0.2542124542124542,0.41147741147741146,0.2893772893772894,0.8444444444444444,0.0735042735042735,0.1457875457875458,0.3785103785103785,0.6105006105006106,0.4495726495726496,0.18705738705738706,0.3677655677655678,0.0761904761904762,0.3155067155067155,0.1873015873015873,0.3133089133089133,0.6102564102564103,0.2485958485958486,0.49523809523809526,0.16361416361416362,0.4827838827838828,0.2920634920634921,0.47448107448107446,0.10158730158730159,0.4261294261294261,0.48473748473748474,0.6112332112332113,0.38168498168498166,0.28253968253968254,0.23101343101343103,0.3672771672771673,0.25934065934065936,0.17045177045177046,0.2605616605616606,0.4918192918192918,0.642002442002442,0.18363858363858365,0.28034188034188035,0.5426129426129426,0.5164835164835165,0.47619047619047616,0.21733821733821734,0.3474969474969475,0.24786324786324787,0.12503052503052503,0.5167277167277168,0.515018315018315,0.5023199023199023,0.24737484737484738,0.1807081807081807,0.3946275946275946,0.23223443223443224,0.26422466422466423,0.473992673992674,0.6068376068376068,0.07521367521367521,0.4398046398046398,0.12185592185592185,0.1807081807081807,0.2512820512820513,0.3201465201465201,0.2590964590964591,0.1851037851037851,0.5697191697191697
0.5286935286935287,0.3177045177045177,0.683028083028083,0.2744810744810745,0.4673992673992674,0.03907203907203907,0.5982905982905983,0.472039072039072,0.19365079365079366,0.3938949938949939,0.18339438339438338,0.18339438339438338,0.32576312576312577,0.5067155067155067,0.31184371184371185,0.37362637362637363,0.2874236874236874,0.4427350427350427,0.27912087912087913,0.8197802197802198,0.08180708180708181,0.15775335775335775,0.41196581196581195,0.611965811965812,0.43272283272283274,0.2126984126984127,0.3557997557997558,0.08131868131868132,0.30622710622710625,0.2170940170940171,0.3509157509157509,0.5934065934065934,0.23833943833943835,0.4810744810744811,0.1597069597069597,0.4683760683760684,0.28205128205128205,0.4612942612942613,0.10158730158730159,0.4503052503052503,0.4695970695970696,0.5992673992673992,0.3694749694749695,0.27350427350427353,0.22197802197802197,0.36166056166056165,0.25396825396825395,0.1641025641025641,0.25616605616605614,0.5101343101343101,0.661050061050061,0.17875457875457876,0.2708180708180708,0.5406593406593406,0.5396825396825397,0.484981684981685,0.21343101343101342,0.336996336996337,0.24224664224664225,0.12258852258852258,0.49914529914529915,0.49792429792429793,0.5330891330891331,0.2805860805860806,0.18437118437118438,0.4495726495726496,0.22515262515262516,0.2564102564102564,0.4610500610500611,0.5992673992673992,0.0761904761904762,0.4253968253968254,0.11477411477411477,0.20170940170940171,0.29572649572649573,0.3514041514041514,0.25103785103785103,0.19511599511599512,0.5643467643467643
0.5572649572649573,0.30793650793650795,0.6874236874236874,0.2695970695970696,0.48547008547008547,0.03833943833943834,0.582905982905983,0.4622710622710623,0.1894993894993895,0.38095238095238093,0.18144078144078143,0.21025641025641026,0.3108669108669109,0.49230769230769234,0.32454212454212455,0.36117216117216117,0.31965811965811963,0.4713064713064713,0.26935286935286934,0.7951159951159951,0.09352869352869353,0.1724053724053724,0.4444444444444444,0.6097680097680098,0.4166056166056166,0.2424908424908425,0.3452991452991453,0.08766788766788766,0.29743589743589743,0.24957264957264957,0.3868131868131868,0.575091575091575,0.22832722832722832,0.46715506715506716,0.15531135531135531,0.4542124542124542,0.272039072039072,0.44835164835164837,0.1028083028083028,0.47448107448107446,0.4542124542124542,0.5855921855921856,0.35775335775335776,0.26422466422466423,0.2148962148962149,0.3528693528693529,0.2490842490842491,0.157997557997558,0.2542124542124542,0.526007326007326,0.676923076923077,0.17509157509157508,0.2617826617826618,0.5362637362637362,0.5597069597069597,0.4913308913308913,0.21025641025641026,0.326007326007326,0.23614163614163614,0.1203907203907204,0.48131868131868133,0.48083028083028084,0.5597069597069597,0.3133089133089133,0.19145299145299147,0.5035409035409035,0.21831501831501832,0.2485958485958486,0.4485958485958486,0.5897435897435898,0.08034188034188035,0.41074481074481073,0.10842490842490843,0.22954822954822954,0.3452991452991453,0.37948717948717947,0.24224664224664225,0.2083028083028083,0.5560439560439561
0.5838827838827839,0.29987789987789987,0.6881562881562882,0.26422466422466423,0.5010989010989011,0.0398046398046398,0.5655677655677656,0.4512820512820513,0.18656898656898657,0.36800976800976803,0.18217338217338216,0.23882783882783884,0.2967032967032967,0.47863247863247865,0.33943833943833945,0.3492063492063492,0.35067155067155065,0.4976800976800977,0.25982905982905985,0.7702075702075702,0.11037851037851037,0.19267399267399268,0.47496947496947495,0.6046398046398046,0.4017094017094017,0.2708180708180708,0.3333333333333333,0.09474969474969475,0.2886446886446886,0.2835164835164835,0.4205128205128205,0.5555555555555556,0.22026862026862026,0.4525030525030525,0.1509157509157509,0.4405372405372405,0.2625152625152625,0.43565323565323566,0.10695970695970695,0.49694749694749696,0.4388278388278388,0.5714285714285714,0.3465201465201465,0.25567765567765566,0.2087912087912088,0.3423687423687424,0.2442002442002442,0.15213675213675212,0.2554334554334554,0.5396825396825397,0.6874236874236874,0.1724053724053724,0.2525030525030525,0.5299145299145299,0.5765567765567765,0.495970695970696,0.20683760683760682,0.315018315018315,0.23028083028083027,0.11843711843711843,0.463980463980464,0.46373626373626375,0.5824175824175825,0.35115995115995113,0.20293040293040293,0.5540903540903541,0.21147741147741148,0.2424908424908425,0.43565323565323566,0.5787545787545788,0.08888888888888889,0.3963369963369963,0.10183150183150183,0.26324786324786326,0.3904761904761905,0.409035409035409,0.23296703296703297,0.22344322344322345,0.5448107448107448
0.6083028083028083,0.2923076923076923,0.6866910866910867,0.25934065934065936,0.5147741147741147,0.04493284493284493,0.5467643467643467,0.4398046398046398,0.18437118437118438,0.3553113553113553,0.18632478632478633,0.26886446886446885,0.283028083028083,0.46422466422466424,0.35482295482295484,0.336996336996337,0.38046398046398044,0.5213675213675214,0.25103785103785103,0.7462759462759463,0.1343101343101343,0.21636141636141637,0.5023199023199023,0.5960927960927961,0.38925518925518926,0.29816849816849816,0.3213675213675214,0.1076923076923077,0.2796092796092796,0.3177045177045177,0.4512820512820513,0.5377289377289377,0.21343101343101342,0.4371184371184371,0.14652014652014653,0.4275946275946276,0.25347985347985347,0.42417582417582417,0.11526251526251527,0.517948717948718,0.42417582417582417,0.5572649572649573,0.33528693528693526,0.2490842490842491,0.20146520146520147,0.33137973137973137,0.2398046398046398,0.14652014652014653,0.2608058608058608,0.5511599511599512,0.6945054945054945,0.168986568986569,0.24346764346764346,0.5208791208791209,0.590964590964591,0.49743589743589745,0.20317460317460317,0.3045177045177045,0.22466422466422467,0.11672771672771673,0.4473748473748474,0.44713064713064715,0.5985347985347985,0.3904761904761905,0.21978021978021978,0.5995115995115995,0.20463980463980463,0.2371184371184371,0.4222222222222222,0.5665445665445665,0.10305250305250305,0.3819291819291819,0.09548229548229548,0.3006105006105006,0.432967032967033,0.4376068376068376,0.22417582417582418,0.2402930402930403,0.5308913308913309
0.6275946275946276,0.284004884004884,0.6825396825396826,0.25445665445665444,0.5257631257631258,0.054945054945054944,0.5274725274725275,0.4288156288156288,0.18144078144078143,0.3426129426129426,0.19462759462759463,0.29865689865689865,0.2717948717948718,0.4495726495726496,0.36996336996337,0.3247863247863248,0.4087912087912088,0.5426129426129426,0.24273504273504273,0.7247863247863248,0.16556776556776556,0.24297924297924298,0.526984126984127,0.5772893772893772,0.3785103785103785,0.32893772893772893,0.3089133089133089,0.1343101343101343,0.27106227106227104,0.3509157509157509,0.47912087912087914,0.5213675213675214,0.2056166056166056,0.4214896214896215,0.14236874236874236,0.4148962148962149,0.2442002442002442,0.41318681318681316,0.1291819291819292,0.536996336996337,0.4105006105006105,0.5431013431013431,0.32576312576312577,0.24297924297924298,0.19365079365079366,0.3201465201465201,0.2354090354090354,0.14114774114774115,0.2703296703296703,0.5587301587301587,0.7018315018315018,0.16532356532356532,0.23443223443223443,0.5096459096459096,0.6007326007326007,0.4967032967032967,0.19926739926739928,0.29426129426129427,0.21904761904761905,0.11575091575091576,0.431990231990232,0.43272283272283274,0.6102564102564103,0.42905982905982903,0.24175824175824176,0.6398046398046398,0.19829059829059828,0.23125763125763127,0.41001221001221,0.5528693528693529,0.12405372405372406,0.3677655677655678,0.08913308913308914,0.3355311355311355,0.47985347985347987,0.46422466422466424,0.2153846153846154,0.2583638583638584,0.515018315018315
0.6434676434676435,0.27594627594627597,0.6752136752136753,0.25006105006105006,0.5340659340659341,0.07081807081807082,0.5086691086691086,0.4183150183150183,0.17802197802197803,0.33015873015873015,0.20732600732600734,0.32722832722832723,0.26202686202686204,0.43443223443223444,0.38412698412698415,0.31306471306471306,0.4354090354090354,0.5611721611721612,0.23467643467643468,0.7047619047619048,0.20341880341880342,0.27106227106227104,0.5482295482295483,0.5619047619047619,0.3672771672771673,0.3606837606837607,0.29645909645909646,0.1623931623931624,0.2625152625152625,0.38217338217338215,0.5006105006105006,0.5037851037851038,0.1973137973137973,0.40586080586080586,0.13821733821733823,0.40244200244200246,0.23565323565323565,0.4039072039072039,0.14847374847374847,0.5538461538461539,0.3978021978021978,0.5291819291819292,0.3172161172161172,0.23614163614163614,0.18608058608058609,0.30915750915750917,0.23076923076923078,0.13626373626373625,0.284004884004884,0.5638583638583639,0.7074481074481075,0.1619047619047619,0.2258852258852259,0.49694749694749696,0.6075702075702075,0.494993894993895,0.1956043956043956,0.284004884004884,0.21343101343101342,0.11648351648351649,0.431990231990232,0.4197802197802198,0.6207570207570208,0.4656898656898657,0.26886446886446885,0.6742368742368743,0.1916971916971917,0.2253968253968254,0.398046398046398,0.5382173382173382,0.1514041514041514,0.35384615384615387,0.08473748473748474,0.3684981684981685,0.5264957264957265,0.48815628815628814,0.2070818070818071,0.2766788766788767,0.4976800976800977
0.6600732600732601,0.2678876678876679,0.663980463980464,0.24566544566544565,0.5391941391941392,0.09401709401709402,0.4918192918192918,0.4070818070818071,0.17484737484737484,0.3181929181929182,0.22442002442002443,0.35115995115995113,0.2512820512820513,0.4197802197802198,0.3963369963369963,0.3013431013431013,0.4598290598290598,0.577045177045177,0.22832722832722832,0.6844932844932845,0.2459096459096459,0.29914529914529914,0.5665445665445665,0.5457875457875457,0.3557997557997558,0.3912087912087912,0.2844932844932845,0.1851037851037851,0.2537240537240537,0.41147741147741146,0.5177045177045178,0.48644688644688644,0.189010989010989,0.39023199023199023,0.13406593406593406,0.39023199023199023,0.22735042735042735,0.39584859584859583,0.17387057387057386,0.5684981684981685,0.3860805860805861,0.5157509157509158,0.3076923076923077,0.22905982905982905,0.17875457875457876,0.29865689865689865,0.2258852258852259,0.13137973137973138,0.30207570207570206,0.5682539682539682,0.7108669108669109,0.15848595848595848,0.2175824175824176,0.48473748473748474,0.613919413919414,0.4918192918192918,0.1916971916971917,0.2744810744810745,0.20781440781440783,0.1199023199023199,0.441025641025641,0.40634920634920635,0.6293040293040293,0.49914529914529915,0.2989010989010989,0.7037851037851038,0.1851037851037851,0.21953601953601953,0.3868131868131868,0.5230769230769231,0.18583638583638584,0.33992673992673994,0.08083028083028083,0.4056166056166056,0.5706959706959707,0.5094017094017094,0.19877899877899877,0.29426129426129427,0.4793650793650794
0.6754578754578755,0.2608058608058608,0.6493284493284494,0.24126984126984127,0.5416361416361416,0.1242979242979243,0.4766788766788767,0.39584859584859583,0.17167277167277167,0.3064713064713065,0.2424908424908425,0.37142857142857144,0.24004884004884006,0.4048840048840049,0.40634920634920635,0.28962148962148965,0.48253968253968255,0.5885225885225885,0.22295482295482297,0.6647130647130647,0.29181929181929184,0.32625152625152626,0.5816849816849817,0.513064713064713,0.34456654456654456,0.4202686202686203,0.27228327228327226,0.2144078144078144,0.24493284493284492,0.4346764346764347,0.5345543345543345,0.47057387057387057,0.1807081807081807,0.37484737484737485,0.12991452991452992,0.378021978021978,0.2205128205128205,0.38754578754578756,0.2043956043956044,0.5811965811965812,0.3750915750915751,0.504029304029304,0.2979242979242979,0.22197802197802197,0.17167277167277167,0.28815628815628813,0.22124542124542124,0.12698412698412698,0.3201465201465201,0.5711843711843712,0.7113553113553114,0.15506715506715507,0.21001221001221002,0.47155067155067154,0.6190476190476191,0.4866910866910867,0.1877899877899878,0.26495726495726496,0.2026862026862027,0.12747252747252746,0.4398046398046398,0.39316239316239315,0.6351648351648351,0.528937728937729,0.3311355311355311,0.7291819291819291,0.178998778998779,0.2139194139194139,0.37655677655677655,0.5076923076923077,0.22515262515262516,0.3282051282051282,0.07594627594627594,0.4427350427350427,0.6105006105006106,0.527960927960928,0.1907203907203907,0.31013431013431014,0.46251526251526254
0.6893772893772894,0.25567765567765566,0.6327228327228327,0.2371184371184371,0.5404151404151404,0.1562881562881563,0.4610500610500611,0.3851037851037851,0.16825396825396827,0.2962148962148962,0.26202686202686204,0.39267399267399267,0.22905982905982905,0.3904761904761905,0.41367521367521365,0.2788766788766789,0.5032967032967033,0.5970695970695971,0.21684981684981686,0.6456654456654457,0.33894993894993897,0.35213675213675216,0.5938949938949939,0.494993894993895,0.3338217338217338,0.44713064713064715,0.2608058608058608,0.2554334554334554,0.2371184371184371,0.45396825396825397,0.54993894993895,0.45567765567765567,0.17313797313797313,0.3601953601953602,0.12551892551892552,0.3672771672771673,0.21465201465201464,0.378998778998779,0.23882783882783884,0.5914529914529915,0.3663003663003663,0.49352869352869355,0.28815628815628813,0.2153846153846154,0.16483516483516483,0.27814407814407816,0.21636141636141637,0.1242979242979243,0.3387057387057387,0.5721611721611721,0.7094017094017094,0.15189255189255188,0.20341880341880342,0.45714285714285713,0.621978021978022,0.4796092796092796,0.18363858363858365,0.25567765567765566,0.1973137973137973,0.13846153846153847,0.43174603174603177,0.38046398046398044,0.6378510378510378,0.5553113553113553,0.36385836385836384,0.7504273504273504,0.17435897435897435,0.20854700854700856,0.3665445665445665,0.49230769230769234,0.26202686202686204,0.31746031746031744,0.07081807081807082,0.47814407814407817,0.645909645909646,0.544078144078144,0.18315018315018314,0.32405372405372407,0.44664224664224667
0.701098901098901,0.25347985347985347,0.6161172161172161,0.23296703296703297,0.5362637362637362,0.1907203907203907,0.44542124542124545,0.37484737484737485,0.16507936507936508,0.2886446886446886,0.2857142857142857,0.4134310134310134,0.21855921855921856,0.37655677655677655,0.41855921855921857,0.2681318681318681,0.5191697191697192,0.6051282051282051,0.21025641025641026,0.6266178266178266,0.3855921855921856,0.37533577533577533,0.6024420024420024,0.47692307692307695,0.32283272283272285,0.47155067155067154,0.24957264957264957,0.29352869352869354,0.23076923076923078,0.4735042735042735,0.5628815628815629,0.4415140415140415,0.16556776556776556,0.3465201465201465,0.12161172161172161,0.35775335775335776,0.2083028083028083,0.37045177045177047,0.2754578754578755,0.5992673992673992,0.35824175824175825,0.4822954822954823,0.2783882783882784,0.20903540903540904,0.15824175824175823,0.26886446886446885,0.21172161172161172,0.12258852258852258,0.3609279609279609,0.5709401709401709,0.7042735042735043,0.14847374847374847,0.1978021978021978,0.442002442002442,0.6224664224664225,0.47057387057387057,0.1794871794871795,0.24664224664224665,0.19316239316239317,0.1536019536019536,0.42124542124542125,0.36800976800976803,0.6376068376068376,0.5777777777777777,0.39584859584859583,0.7653235653235653,0.17045177045177046,0.20317460317460317,0.35702075702075703,0.4776556776556777,0.2976800976800977,0.305982905982906,0.06617826617826618,0.5106227106227106,0.676923076923077,0.5572649572649573,0.17533577533577532,0.33455433455433453,0.4297924297924298
0.7106227106227107,0.25445665445665444,0.5995115995115995,0.22905982905982905,0.5301587301587302,0.23272283272283273,0.4297924297924298,0.36507936507936506,0.16214896214896216,0.28327228327228327,0.3115995115995116,0.43272283272283274,0.2083028083028083,0.36336996336996336,0.4205128205128205,0.2578754578754579,0.5321123321123321,0.6117216117216118,0.20415140415140415,0.608058608058608,0.43052503052503055,0.3960927960927961,0.6073260073260073,0.4507936507936508,0.31184371184371185,0.4937728937728938,0.2385836385836386,0.3203907203907204,0.2231990231990232,0.4918192918192918,0.5736263736263736,0.4278388278388278,0.15848595848595848,0.33308913308913307,0.11892551892551892,0.3465201465201465,0.20146520146520147,0.3614163614163614,0.31306471306471306,0.6031746031746031,0.3492063492063492,0.4713064713064713,0.26886446886446885,0.20293040293040293,0.15213675213675212,0.2595848595848596,0.20781440781440783,0.1199023199023199,0.38461538461538464,0.5672771672771673,0.6962148962148962,0.1452991452991453,0.19145299145299147,0.4271062271062271,0.6202686202686203,0.4593406593406593,0.17582417582417584,0.23809523809523808,0.18998778998778998,0.17582417582417584,0.409035409035409,0.3562881562881563,0.6341880341880342,0.5968253968253968,0.42588522588522587,0.7753357753357754,0.16605616605616605,0.19829059829059828,0.3474969474969475,0.463003663003663,0.337973137973138,0.29426129426129427,0.061782661782661785,0.5399267399267399,0.7037851037851038,0.5684981684981685,0.16825396825396827,0.3423687423687424,0.41318681318681316
0.7177045177045177,0.2595848595848596,0.5811965811965812,0.22612942612942613,0.5221001221001221,0.27936507936507937,0.4146520146520147,0.3557997557997558,0.1592185592185592,0.2800976800976801,0.3387057387057387,0.44981684981684983,0.19829059829059828,0.3499389499389499,0.4192918192918193,0.24932844932844933,0.5455433455433455,0.6161172161172161,0.19829059829059828,0.5897435897435898,0.4725274725274725,0.4141636141636142,0.6083028083028083,0.43443223443223444,0.30085470085470084,0.5135531135531135,0.22808302808302808,0.34505494505494505,0.21562881562881564,0.5081807081807082,0.5814407814407815,0.4146520146520147,0.15213675213675212,0.3201465201465201,0.11746031746031746,0.3343101343101343,0.19462759462759463,0.35262515262515265,0.3499389499389499,0.6039072039072039,0.33992673992673994,0.4603174603174603,0.25934065934065936,0.19706959706959706,0.14627594627594628,0.2512820512820513,0.20463980463980463,0.11697191697191697,0.40805860805860805,0.5614163614163614,0.6852258852258852,0.14236874236874236,0.18461538461538463,0.4126984126984127,0.6153846153846154,0.44664224664224667,0.1724053724053724,0.23101343101343103,0.18583638583638584,0.20463980463980463,0.39658119658119656,0.34505494505494505,0.6273504273504273,0.6126984126984127,0.45006105006105007,0.7853479853479853,0.16166056166056167,0.19316239316239317,0.3384615384615385,0.45006105006105007,0.378998778998779,0.28205128205128205,0.05811965811965812,0.5655677655677656,0.7267399267399267,0.5772893772893772,0.16312576312576313,0.34847374847374846,0.3973137973137973
0.7218559218559218,0.2691086691086691,0.5623931623931624,0.22393162393162394,0.5115995115995116,0.3277167277167277,0.4,0.34676434676434675,0.1562881562881563,0.28034188034188035,0.3663003663003663,0.46495726495726497,0.18852258852258852,0.33724053724053726,0.4163614163614164,0.24175824175824176,0.5575091575091575,0.6178266178266179,0.19267399267399268,0.5714285714285714,0.5108669108669108,0.4275946275946276,0.6063492063492063,0.41904761904761906,0.29010989010989013,0.5306471306471306,0.21782661782661783,0.3728937728937729,0.20757020757020758,0.5230769230769231,0.5863247863247864,0.40195360195360197,0.1457875457875458,0.3094017094017094,0.11648351648351649,0.3218559218559219,0.1877899877899878,0.34383394383394383,0.3811965811965812,0.6031746031746031,0.3308913308913309,0.44981684981684983,0.24981684981684982,0.19145299145299147,0.14065934065934066,0.24517704517704517,0.20024420024420025,0.11404151404151404,0.4312576312576313,0.5533577533577534,0.6717948717948717,0.13943833943833944,0.17777777777777778,0.3987789987789988,0.6083028083028083,0.432967032967033,0.1706959706959707,0.22515262515262516,0.18168498168498168,0.2398046398046398,0.38412698412698415,0.3338217338217338,0.6173382173382174,0.6258852258852259,0.4700854700854701,0.7938949938949939,0.157997557997558,0.18876678876678876,0.3291819291819292,0.43833943833943834,0.41855921855921857,0.2703296703296703,0.056654456654456654,0.588034188034188,0.746031746031746,0.5841269841269842,0.15848595848595848,0.35262515262515265,0.38217338217338215
0.7225885225885226,0.2822954822954823,0.5448107448107448,0.221001221001221,0.4984126984126984,0.37655677655677655,0.3851037851037851,0.3374847374847375,0.1536019536019536,0.2847374847374847,0.39316239316239315,0.4778998778998779,0.17924297924297924,0.32454212454212455,0.41098901098901097,0.23394383394383395,0.568009768009768,0.6166056166056166,0.18754578754578755,0.5533577533577534,0.5455433455433455,0.43785103785103785,0.6019536019536019,0.40463980463980465,0.27912087912087913,0.5457875457875457,0.21001221001221002,0.39951159951159954,0.20024420024420025,0.5355311355311355,0.5882783882783883,0.3894993894993895,0.14017094017094017,0.3001221001221001,0.11428571428571428,0.3094017094017094,0.18095238095238095,0.33455433455433453,0.409035409035409,0.5997557997557997,0.3213675213675214,0.43956043956043955,0.2407814407814408,0.18608058608058609,0.1365079365079365,0.2402930402930403,0.1956043956043956,0.11135531135531136,0.452991452991453,0.5433455433455433,0.6564102564102564,0.13772893772893774,0.17094017094017094,0.3855921855921856,0.5982905982905983,0.4188034188034188,0.17167277167277167,0.21855921855921856,0.1772893772893773,0.27936507936507937,0.37191697191697193,0.32283272283272285,0.6046398046398046,0.6341880341880342,0.4908424908424908,0.8007326007326008,0.1562881562881563,0.18583638583638584,0.32161172161172163,0.42637362637362636,0.4547008547008547,0.25860805860805863,0.058363858363858365,0.6073260073260073,0.7614163614163614,0.6075702075702075,0.15335775335775337,0.35433455433455435,0.36800976800976803
0.7203907203907204,0.29914529914529914,0.5286935286935287,0.21733821733821734,0.48424908424908425,0.42417582417582417,0.37045177045177047,0.32893772893772893,0.1509157509157509,0.2932844932844933,0.4183150183150183,0.4891330891330891,0.1706959706959707,0.31404151404151404,0.4031746031746032,0.22564102564102564,0.576068376068376,0.6122100122100123,0.1829059829059829,0.5355311355311355,0.5721611721611721,0.44713064713064715,0.5943833943833944,0.3907203907203907,0.26837606837606837,0.5565323565323566,0.20317460317460317,0.41782661782661784,0.19316239316239317,0.5455433455433455,0.5870573870573871,0.37704517704517704,0.1365079365079365,0.2893772893772894,0.11233211233211234,0.2971916971916972,0.17435897435897435,0.32551892551892553,0.43833943833943834,0.5938949938949939,0.31184371184371185,0.4293040293040293,0.23174603174603176,0.18168498168498168,0.1330891330891331,0.23614163614163614,0.1907203907203907,0.10891330891330891,0.47277167277167276,0.5318681318681319,0.6393162393162393,0.1365079365079365,0.1645909645909646,0.37362637362637363,0.5855921855921856,0.4043956043956044,0.17582417582417584,0.21196581196581196,0.17313797313797313,0.32161172161172163,0.35946275946275946,0.31184371184371185,0.589010989010989,0.639072039072039,0.5101343101343101,0.8051282051282052,0.157997557997558,0.18485958485958487,0.3145299145299145,0.4146520146520147,0.4874236874236874,0.24810744810744811,0.06471306471306472,0.6231990231990232,0.7711843711843712,0.6388278388278388,0.14774114774114774,0.3536019536019536,0.35482295482295484
0.715018315018315,0.31575091575091574,0.512087912087912,0.2139194139194139,0.46935286935286935,0.4695970695970696,0.3562881562881563,0.3203907203907204,0.1492063492063492,0.3064713064713065,0.4415140415140415,0.4981684981684982,0.1623931623931624,0.3047619047619048,0.39267399267399267,0.21782661782661783,0.5821733821733822,0.6048840048840048,0.17802197802197803,0.5174603174603175,0.5934065934065934,0.4542124542124542,0.5841269841269842,0.37704517704517704,0.25811965811965815,0.5641025641025641,0.19511599511599512,0.4363858363858364,0.18632478632478633,0.5528693528693529,0.5833943833943834,0.36507936507936506,0.13357753357753357,0.27912087912087913,0.10989010989010989,0.28498168498168497,0.16800976800976802,0.3162393162393162,0.4669108669108669,0.5853479853479854,0.3023199023199023,0.4197802197802198,0.22344322344322345,0.178998778998779,0.12869352869352868,0.23296703296703297,0.17313797313797313,0.10622710622710622,0.4905982905982906,0.5191697191697192,0.622954822954823,0.1347985347985348,0.15824175824175823,0.3623931623931624,0.5709401709401709,0.3916971916971917,0.18363858363858365,0.2056166056166056,0.168986568986569,0.36507936507936506,0.347008547008547,0.3013431013431013,0.5728937728937729,0.6432234432234433,0.5274725274725275,0.8070818070818071,0.16483516483516483,0.18705738705738706,0.3064713064713065,0.4031746031746032,0.515995115995116,0.23809523809523808,0.07716727716727717,0.6363858363858363,0.7765567765567766,0.653968253968254,0.14188034188034188,0.3499389499389499,0.3418803418803419
0.7076923076923077,0.33284493284493283,0.4954822954822955,0.21025641025641026,0.45396825396825397,0.5123321123321123,0.3423687423687424,0.3128205128205128,0.147985347985348,0.32332112332112334,0.4627594627594628,0.5052503052503052,0.15433455433455434,0.29474969474969476,0.3807081807081807,0.2105006105006105,0.5855921855921856,0.5943833943833944,0.17338217338217338,0.4993894993894994,0.6148962148962149,0.4586080586080586,0.5714285714285714,0.3641025641025641,0.24957264957264957,0.5714285714285714,0.18705738705738706,0.4568986568986569,0.17997557997557997,0.5575091575091575,0.576068376068376,0.35482295482295484,0.12967032967032968,0.26886446886446885,0.10744810744810745,0.27350427350427353,0.16214896214896216,0.30744810744810747,0.4945054945054945,0.5746031746031746,0.29304029304029305,0.41025641025641024,0.21562881562881564,0.17802197802197803,0.12405372405372406,0.23101343101343103,0.14822954822954823,0.10402930402930403,0.5062271062271062,0.5054945054945055,0.6063492063492063,0.1326007326007326,0.15213675213675212,0.3516483516483517,0.5543345543345544,0.3797313797313797,0.19755799755799755,0.199023199023199,0.16507936507936508,0.40757020757020757,0.3347985347985348,0.29084249084249086,0.5565323565323566,0.6451770451770452,0.5428571428571428,0.8065934065934066,0.17777777777777778,0.1921855921855922,0.2979242979242979,0.39194139194139194,0.5406593406593406,0.22832722832722832,0.09621489621489622,0.644932844932845,0.7814407814407814,0.6595848595848596,0.13577533577533576,0.3440781440781441,0.33015873015873015
0.6984126984126984,0.35262515262515265,0.4796092796092796,0.2070818070818071,0.4385836385836386,0.5523809523809524,0.32844932844932845,0.30573870573870576,0.14627594627594628,0.3431013431013431,0.48205128205128206,0.5103785103785103,0.14847374847374847,0.2844932844932845,0.3672771672771673,0.20317460317460317,0.5865689865689866,0.5811965811965812,0.16874236874236875,0.4832722832722833,0.6346764346764346,0.46007326007326005,0.5565323565323566,0.3528693528693529,0.2424908424908425,0.5772893772893772,0.178998778998779,0.47374847374847373,0.17362637362637362,0.5594627594627595,0.5672771672771673,0.3452991452991453,0.12576312576312576,0.25860805860805863,0.10525030525030525,0.2622710622710623,0.15653235653235653,0.29987789987789987,0.5194139194139195,0.5619047619047619,0.28327228327228327,0.4004884004884005,0.20927960927960929,0.17826617826617827,0.11941391941391942,0.23003663003663002,0.1326007326007326,0.10158730158730159,0.5199023199023199,0.4927960927960928,0.589010989010989,0.13064713064713065,0.14652014652014653,0.34114774114774116,0.5382173382173382,0.3672771672771673,0.21782661782661783,0.19291819291819293,0.16117216117216118,0.4481074481074481,0.32332112332112334,0.28205128205128205,0.5382173382173382,0.6451770451770452,0.5560439560439561,0.8036630036630037,0.1978021978021978,0.2021978021978022,0.2893772893772894,0.38095238095238093,0.5614163614163614,0.2188034188034188,0.12258852258852258,0.6500610500610501,0.7843711843711844,0.6590964590964591,0.13015873015873017,0.33650793650793653,0.31868131868131866
0.6871794871794872,0.37264957264957266,0.46422466422466424,0.20415140415140415,0.42417582417582417,0.5894993894993895,0.3162393162393162,0.29743589743589743,0.14407814407814407,0.3648351648351648,0.4989010989010989,0.512087912087912,0.14383394383394382,0.2744810744810745,0.35384615384615387,0.1960927960927961,0.5843711843711844,0.5655677655677656,0.16507936507936508,0.46813186813186813,0.652014652014652,0.4586080586080586,0.5399267399267399,0.3423687423687424,0.2341880341880342,0.580952380952381,0.17094017094017094,0.48473748473748474,0.16776556776556775,0.557997557997558,0.5567765567765568,0.33455433455433453,0.12234432234432234,0.2490842490842491,0.10305250305250305,0.2512820512820513,0.1509157509157509,0.29304029304029305,0.5426129426129426,0.5477411477411478,0.2737484737484738,0.3907203907203907,0.2043956043956044,0.18095238095238095,0.11452991452991453,0.23003663003663002,0.12161172161172161,0.10012210012210013,0.5306471306471306,0.4805860805860806,0.5711843711843712,0.1282051282051282,0.14114774114774115,0.33186813186813185,0.5221001221001221,0.3550671550671551,0.24493284493284492,0.18705738705738706,0.157997557997558,0.48547008547008547,0.31355311355311355,0.273992673992674,0.5186813186813187,0.642979242979243,0.5672771672771673,0.7980463980463981,0.22515262515262516,0.2175824175824176,0.2810744810744811,0.36996336996337,0.5785103785103786,0.20976800976800977,0.1509157509157509,0.6542124542124542,0.7841269841269841,0.6544566544566545,0.12454212454212454,0.32722832722832723,0.3072039072039072
0.6744810744810745,0.3921855921855922,0.4495726495726496,0.2021978021978022,0.41025641025641024,0.6234432234432234,0.3052503052503053,0.28888888888888886,0.14188034188034188,0.3865689865689866,0.5133089133089133,0.5118437118437118,0.13821733821733823,0.2647130647130647,0.3404151404151404,0.18925518925518925,0.5797313797313798,0.5484737484737485,0.1623931623931624,0.45225885225885226,0.6666666666666666,0.45396825396825397,0.5221001221001221,0.3308913308913309,0.22564102564102564,0.5821733821733822,0.16336996336996337,0.4945054945054945,0.1619047619047619,0.5533577533577534,0.5435897435897435,0.3235653235653236,0.11868131868131868,0.2398046398046398,0.10134310134310134,0.24102564102564103,0.147008547008547,0.2852258852258852,0.5631257631257631,0.5326007326007326,0.26422466422466423,0.38217338217338215,0.19853479853479852,0.18705738705738706,0.11037851037851037,0.23076923076923078,0.11330891330891331,0.10012210012210013,0.5382173382173382,0.46715506715506716,0.5538461538461539,0.12576312576312576,0.13626373626373625,0.32332112332112334,0.5047619047619047,0.3431013431013431,0.2774114774114774,0.18095238095238095,0.15555555555555556,0.5194139194139195,0.30500610500610503,0.26544566544566545,0.49914529914529915,0.6378510378510378,0.5765567765567765,0.7897435897435897,0.25860805860805863,0.23882783882783884,0.27277167277167275,0.35946275946275946,0.5921855921855922,0.2021978021978022,0.18192918192918192,0.6561660561660562,0.7804639804639805,0.6463980463980464,0.11965811965811966,0.31697191697191696,0.29743589743589743
0.6605616605616605,0.41025641025641024,0.4346764346764347,0.20195360195360196,0.3973137973137973,0.6544566544566545,0.2932844932844933,0.2800976800976801,0.13943833943833944,0.40854700854700854,0.5235653235653236,0.5103785103785103,0.13235653235653236,0.25445665445665444,0.3274725274725275,0.1824175824175824,0.5724053724053724,0.5321123321123321,0.1592185592185592,0.4358974358974359,0.6781440781440782,0.4461538461538462,0.5045177045177045,0.31868131868131866,0.21733821733821734,0.5807081807081808,0.15604395604395604,0.5025641025641026,0.1562881562881563,0.5470085470085471,0.528937728937729,0.3125763125763126,0.11526251526251527,0.23101343101343103,0.09987789987789988,0.2315018315018315,0.14407814407814407,0.27692307692307694,0.5816849816849817,0.5164835164835165,0.2549450549450549,0.3741147741147741,0.1921855921855922,0.19658119658119658,0.10622710622710622,0.23125763125763127,0.10671550671550671,0.10305250305250305,0.5421245421245421,0.4542124542124542,0.536996336996337,0.12356532356532357,0.13235653235653236,0.31355311355311355,0.4869352869352869,0.33186813186813185,0.31404151404151404,0.17533577533577532,0.15482295482295483,0.5457875457875457,0.29572649572649573,0.25665445665445663,0.47985347985347987,0.6302808302808303,0.5836385836385837,0.7787545787545788,0.29181929181929184,0.2652014652014652,0.26495726495726496,0.3487179487179487,0.6024420024420024,0.19633699633699633,0.22026862026862026,0.6556776556776557,0.7738705738705739,0.6358974358974359,0.11477411477411477,0.30573870573870576,0.2886446886446886
0.645909645909646,0.4256410256410256,0.4205128205128205,0.20463980463980463,0.3851037851037851,0.6786324786324787,0.28083028083028083,0.2708180708180708,0.13724053724053725,0.42905982905982903,0.5313797313797314,0.5067155067155067,0.1264957264957265,0.24493284493284492,0.3155067155067155,0.17582417582417584,0.5636141636141636,0.515995115995116,0.15555555555555556,0.4197802197802198,0.6866910866910867,0.43614163614163615,0.4866910866910867,0.3064713064713065,0.20927960927960929,0.576068376068376,0.14896214896214896,0.5086691086691086,0.15213675213675212,0.5382173382173382,0.513064713064713,0.30158730158730157,0.1115995115995116,0.22271062271062272,0.09865689865689865,0.22393162393162394,0.13992673992673993,0.26886446886446885,0.5978021978021978,0.5008547008547009,0.24713064713064714,0.36556776556776555,0.18583638583638584,0.2105006105006105,0.10256410256410256,0.2315018315018315,0.10061050061050061,0.10964590964590964,0.5455433455433455,0.4415140415140415,0.5206349206349207,0.12112332112332112,0.12942612942612944,0.3035409035409035,0.46984126984126984,0.32161172161172163,0.3528693528693529,0.16971916971916973,0.15653235653235653,0.567032967032967,0.28595848595848594,0.24786324786324787,0.46153846153846156,0.6195360195360196,0.5885225885225885,0.7658119658119659,0.32576312576312577,0.295970695970696,0.2568986568986569,0.3384615384615385,0.6083028083028083,0.18998778998778998,0.26275946275946277,0.6525030525030525,0.7631257631257631,0.6224664224664225,0.11013431013431013,0.2945054945054945,0.2788766788766789
0.631013431013431,0.4385836385836386,0.4065934065934066,0.21123321123321123,0.3750915750915751,0.6981684981684981,0.2681318681318681,0.26202686202686204,0.13504273504273503,0.4456654456654457,0.5387057387057387,0.5015873015873016,0.1203907203907204,0.2354090354090354,0.30427350427350425,0.16947496947496948,0.5531135531135531,0.4984126984126984,0.15189255189255188,0.40366300366300367,0.692063492063492,0.42417582417582417,0.4695970695970696,0.29474969474969476,0.20146520146520147,0.5692307692307692,0.14212454212454212,0.5111111111111111,0.1492063492063492,0.526984126984127,0.49645909645909647,0.29084249084249086,0.10818070818070818,0.21465201465201464,0.09768009768009768,0.21733821733821734,0.13553113553113552,0.2605616605616606,0.6117216117216118,0.48547008547008547,0.2407814407814408,0.3567765567765568,0.1794871794871795,0.22832722832722832,0.0989010989010989,0.23076923076923078,0.09474969474969475,0.12014652014652015,0.5470085470085471,0.4293040293040293,0.505006105006105,0.11892551892551892,0.12576312576312576,0.2932844932844933,0.4537240537240537,0.31184371184371185,0.39267399267399267,0.1645909645909646,0.16092796092796094,0.5885225885225885,0.2761904761904762,0.23882783882783884,0.4442002442002442,0.6065934065934065,0.5912087912087912,0.7514041514041514,0.3653235653235653,0.3291819291819292,0.24932844932844933,0.32844932844932845,0.6107448107448108,0.18339438339438338,0.30622710622710625,0.6461538461538462,0.7492063492063492,0.6075702075702075,0.10573870573870574,0.28253968253968254,0.26837606837606837
0.6163614163614164,0.4485958485958486,0.39267399267399267,0.22246642246642245,0.3663003663003663,0.7181929181929182,0.25616605616605614,0.252991452991453,0.1326007326007326,0.4593406593406593,0.5445665445665445,0.4945054945054945,0.11526251526251527,0.2258852258852259,0.29426129426129427,0.16507936507936508,0.5404151404151404,0.4810744810744811,0.14822954822954823,0.38803418803418804,0.694017094017094,0.41074481074481073,0.4547008547008547,0.28327228327228327,0.19365079365079366,0.5594627594627595,0.13553113553113552,0.5108669108669108,0.1452991452991453,0.5135531135531135,0.4796092796092796,0.2800976800976801,0.10476190476190476,0.20683760683760682,0.09816849816849817,0.21001221001221002,0.1308913308913309,0.25225885225885225,0.622954822954823,0.47228327228327227,0.23296703296703297,0.34798534798534797,0.17338217338217338,0.24957264957264957,0.09548229548229548,0.22832722832722832,0.0905982905982906,0.13724053724053725,0.546031746031746,0.41782661782661784,0.49035409035409033,0.11697191697191697,0.12185592185592185,0.283028083028083,0.4385836385836386,0.3028083028083028,0.43174603174603177,0.1606837606837607,0.16874236874236875,0.6087912087912087,0.2664224664224664,0.23394383394383395,0.4278388278388278,0.5914529914529915,0.5912087912087912,0.7357753357753358,0.4065934065934066,0.36385836385836384,0.24175824175824176,0.31868131868131866,0.6117216117216118,0.17777777777777778,0.3487179487179487,0.6371184371184371,0.7321123321123321,0.5912087912087912,0.10183150183150183,0.27350427350427353,0.25811965811965815
0.6019536019536019,0.4551892551892552,0.378998778998779,0.23614163614163614,0.3567765567765568,0.7367521367521368,0.2442002442002442,0.24493284493284492,0.13015873015873017,0.473015873015873,0.5482295482295483,0.48547008547008547,0.11086691086691086,0.21684981684981686,0.28498168498168497,0.16117216117216118,0.526007326007326,0.463980463980464,0.14481074481074482,0.3724053724053724,0.6925518925518925,0.3963369963369963,0.4415140415140415,0.2717948717948718,0.18632478632478633,0.5477411477411478,0.12942612942612944,0.505982905982906,0.14114774114774115,0.4989010989010989,0.463003663003663,0.2691086691086691,0.10158730158730159,0.19926739926739928,0.09865689865689865,0.20195360195360196,0.1264957264957265,0.24395604395604395,0.63003663003663,0.4603174603174603,0.22466422466422467,0.33894993894993897,0.1675213675213675,0.27326007326007323,0.09206349206349207,0.22564102564102564,0.08766788766788766,0.16166056166056167,0.5428571428571428,0.4070818070818071,0.47619047619047616,0.11452991452991453,0.11819291819291819,0.2725274725274725,0.42466422466422465,0.2937728937728938,0.4686202686202686,0.15824175824175823,0.18168498168498168,0.6266178266178266,0.2568986568986569,0.23101343101343103,0.4129426129426129,0.575091575091575,0.5892551892551893,0.717948717948718,0.4473748473748474,0.398046398046398,0.23443223443223443,0.31013431013431014,0.6105006105006106,0.17313797313797313,0.3887667887667888,0.6251526251526252,0.7120879120879121,0.5741147741147741,0.09987789987789988,0.26666666666666666,0.24737484737484738
0.588034188034188,0.45836385836385835,0.36507936507936506,0.25396825396825395,0.347008547008547,0.7531135531135531,0.23272283272283273,0.23687423687423687,0.1282051282051282,0.4857142857142857,0.5492063492063493,0.4752136752136752,0.10818070818070818,0.20781440781440783,0.2778998778998779,0.1562881562881563,0.5106227106227106,0.4473748473748474,0.1413919413919414,0.3572649572649573,0.6874236874236874,0.3833943833943834,0.4278388278388278,0.2608058608058608,0.17924297924297924,0.5345543345543345,0.12527472527472527,0.49694749694749696,0.13724053724053725,0.4827838827838828,0.44713064713064715,0.25860805860805863,0.09963369963369964,0.1934065934065934,0.09841269841269841,0.19365079365079366,0.12185592185592185,0.23614163614163614,0.6336996336996337,0.4481074481074481,0.21684981684981686,0.3304029304029304,0.1619047619047619,0.29816849816849816,0.08888888888888889,0.22246642246642245,0.08351648351648351,0.19291819291819293,0.5372405372405372,0.3963369963369963,0.46251526251526254,0.11257631257631258,0.11428571428571428,0.26202686202686204,0.4117216117216117,0.2852258852258852,0.4984126984126984,0.1562881562881563,0.2,0.6417582417582418,0.24737484737484738,0.22515262515262516,0.39902319902319905,0.558974358974359,0.5858363858363859,0.6991452991452991,0.4862026862026862,0.4307692307692308,0.2288156288156288,0.3023199023199023,0.6065934065934065,0.1702075702075702,0.4249084249084249,0.610989010989011,0.6896214896214896,0.5582417582417583,0.09841269841269841,0.25982905982905985,0.2371184371184371
0.5741147741147741,0.4581196581196581,0.35311355311355314,0.27814407814407816,0.3374847374847375,0.7667887667887668,0.22148962148962148,0.22905982905982905,0.126007326007326,0.49645909645909647,0.5477411477411478,0.46373626373626375,0.1076923076923077,0.20122100122100123,0.272039072039072,0.15067155067155066,0.49474969474969477,0.4312576312576313,0.13821733821733823,0.34285714285714286,0.6798534798534799,0.3711843711843712,0.4141636141636142,0.25006105006105006,0.17216117216117216,0.5201465201465202,0.12234432234432234,0.4866910866910867,0.13382173382173382,0.4666666666666667,0.43174603174603177,0.2490842490842491,0.09816849816849817,0.18852258852258852,0.09816849816849817,0.18608058608058609,0.11794871794871795,0.2288156288156288,0.6363858363858363,0.4358974358974359,0.20903540903540904,0.3218559218559219,0.1562881562881563,0.3235653235653236,0.08717948717948718,0.21684981684981686,0.07887667887667887,0.23028083028083027,0.5291819291819292,0.38632478632478634,0.4490842490842491,0.11135531135531136,0.11086691086691086,0.2515262515262515,0.3992673992673993,0.27692307692307694,0.5233211233211233,0.1562881562881563,0.2231990231990232,0.653968253968254,0.2385836385836386,0.2175824175824176,0.3860805860805861,0.5433455433455433,0.580952380952381,0.6793650793650794,0.5221001221001221,0.46153846153846156,0.22417582417582418,0.2945054945054945,0.5997557997557997,0.16923076923076924,0.45714285714285713,0.5948717948717949,0.6659340659340659,0.5428571428571428,0.09597069597069598,0.25347985347985347,0.2271062271062271
0.55995115995116,0.4551892551892552,0.3423687423687424,0.2923076923076923,0.3282051282051282,0.7768009768009768,0.2105006105006105,0.22197802197802197,0.12503052503052503,0.5045177045177045,0.5433455433455433,0.45152625152625153,0.11086691086691086,0.1956043956043956,0.2652014652014652,0.14505494505494507,0.47863247863247865,0.4158730158730159,0.13504273504273503,0.3286935286935287,0.6698412698412698,0.35824175824175825,0.4004884004884005,0.2398046398046398,0.16556776556776556,0.5064713064713064,0.11843711843711843,0.4783882783882784,0.13015873015873017,0.45006105006105007,0.4170940170940171,0.23956043956043957,0.09743589743589744,0.1829059829059829,0.09816849816849817,0.17826617826617827,0.11404151404151404,0.22197802197802197,0.6373626373626373,0.42417582417582417,0.20170940170940171,0.3133089133089133,0.15067155067155066,0.34554334554334554,0.0862026862026862,0.20927960927960929,0.07448107448107448,0.27277167277167275,0.518925518925519,0.3763125763125763,0.43736263736263736,0.11086691086691086,0.1076923076923077,0.24151404151404152,0.3873015873015873,0.26886446886446885,0.5484737484737485,0.15946275946275945,0.25103785103785103,0.663003663003663,0.23003663003663002,0.21001221001221002,0.37362637362637363,0.5262515262515263,0.5741147741147741,0.6590964590964591,0.5548229548229549,0.4862026862026862,0.2188034188034188,0.2862026862026862,0.5904761904761905,0.17094017094017094,0.4852258852258852,0.5768009768009768,0.6437118437118438,0.5272283272283272,0.09328449328449329,0.24786324786324787,0.2170940170940171
0.5455433455433455,0.45006105006105007,0.33015873015873015,0.30378510378510376,0.3189255189255189,0.7829059829059829,0.19975579975579977,0.2153846153846154,0.1242979242979243,0.5094017094017094,0.5362637362637362,0.43956043956043955,0.11819291819291819,0.18876678876678876,0.2583638583638584,0.13943833943833944,0.4634920634920635,0.40073260073260075,0.13211233211233211,0.315018315018315,0.6571428571428571,0.34554334554334554,0.3868131868131868,0.23003663003663002,0.16117216117216118,0.4937728937728938,0.11452991452991453,0.46715506715506716,0.12673992673992673,0.4341880341880342,0.4031746031746032,0.23223443223443224,0.09768009768009768,0.1768009768009768,0.09914529914529914,0.17094017094017094,0.11037851037851037,0.21562881562881564,0.6356532356532356,0.4126984126984127,0.19487179487179487,0.3047619047619048,0.1452991452991453,0.36507936507936506,0.0844932844932845,0.20122100122100123,0.07008547008547009,0.3177045177045177,0.5067155067155067,0.3665445665445665,0.42637362637362636,0.10915750915750916,0.10573870573870574,0.23174603174603176,0.37533577533577533,0.2617826617826618,0.5716727716727716,0.1675213675213675,0.2818070818070818,0.6691086691086691,0.22173382173382172,0.20293040293040293,0.3626373626373626,0.5089133089133089,0.5653235653235653,0.639072039072039,0.5841269841269842,0.5062271062271062,0.21318681318681318,0.2778998778998779,0.5782661782661783,0.17582417582417584,0.5089133089133089,0.5597069597069597,0.6224664224664225,0.5118437118437118,0.0905982905982906,0.24273504273504273,0.20757020757020758
0.5326007326007326,0.442002442002442,0.3177045177045177,0.3311355311355311,0.3098901098901099,0.7853479853479853,0.18925518925518925,0.21001221001221002,0.12307692307692308,0.5108669108669108,0.526984126984127,0.42735042735042733,0.1291819291819292,0.18168498168498168,0.2512820512820513,0.13406593406593406,0.4485958485958486,0.38632478632478634,0.1291819291819292,0.30378510378510376,0.642002442002442,0.3338217338217338,0.37362637362637363,0.221001221001221,0.157997557997558,0.4800976800976801,0.11086691086691086,0.4512820512820513,0.12380952380952381,0.4188034188034188,0.38974358974358975,0.22564102564102564,0.09743589743589744,0.1706959706959707,0.10305250305250305,0.16385836385836386,0.1072039072039072,0.20927960927960929,0.6307692307692307,0.400976800976801,0.18803418803418803,0.29645909645909646,0.14188034188034188,0.3851037851037851,0.0822954822954823,0.1921855921855922,0.06568986568986569,0.36385836385836384,0.4927960927960928,0.35824175824175825,0.4148962148962149,0.1076923076923077,0.10573870573870574,0.22246642246642245,0.36507936507936506,0.2549450549450549,0.5924297924297924,0.1807081807081807,0.3145299145299145,0.6725274725274726,0.21416361416361415,0.19755799755799755,0.3528693528693529,0.4918192918192918,0.5543345543345544,0.62002442002442,0.6097680097680098,0.5264957264957265,0.20757020757020758,0.2695970695970696,0.5638583638583639,0.18315018315018314,0.5284493284493285,0.5426129426129426,0.6004884004884005,0.49694749694749696,0.0884004884004884,0.2385836385836386,0.19853479853479852
0.5203907203907204,0.43174603174603177,0.3052503052503053,0.3665445665445665,0.30085470085470084,0.7836385836385836,0.18095238095238095,0.2056166056166056,0.12136752136752137,0.5091575091575091,0.5152625152625152,0.41562881562881565,0.14358974358974358,0.1746031746031746,0.24395604395604395,0.12869352869352868,0.43443223443223444,0.37216117216117217,0.126007326007326,0.29426129426129427,0.6251526251526252,0.3225885225885226,0.3606837606837607,0.21343101343101342,0.15384615384615385,0.4669108669108669,0.1072039072039072,0.4398046398046398,0.12087912087912088,0.4039072039072039,0.3785103785103785,0.21855921855921856,0.09865689865689865,0.16483516483516483,0.1111111111111111,0.15702075702075702,0.10402930402930403,0.20463980463980463,0.6231990231990232,0.3894993894993895,0.18168498168498168,0.28815628815628813,0.1391941391941392,0.4039072039072039,0.08034188034188035,0.18315018315018314,0.06153846153846154,0.409035409035409,0.47814407814407817,0.35067155067155065,0.4031746031746032,0.10598290598290598,0.10842490842490843,0.21318681318681318,0.35555555555555557,0.24737484737484738,0.6105006105006106,0.20024420024420025,0.34798534798534797,0.6725274725274726,0.20683760683760682,0.1934065934065934,0.3418803418803419,0.4752136752136752,0.5416361416361416,0.6017094017094017,0.6322344322344322,0.5455433455433455,0.2021978021978022,0.26202686202686204,0.5474969474969476,0.1934065934065934,0.5416361416361416,0.5242979242979243,0.5785103785103786,0.4832722832722833,0.0862026862026862,0.23467643467643468,0.1894993894993895
0.5069597069597069,0.4197802197802198,0.2932844932844933,0.4056166056166056,0.2923076923076923,0.7775335775335775,0.17435897435897435,0.2004884004884005,0.11965811965811966,0.504029304029304,0.5025641025641026,0.40512820512820513,0.1641025641025641,0.16776556776556775,0.23663003663003662,0.12356532356532357,0.42124542124542125,0.3584859584859585,0.1242979242979243,0.2835164835164835,0.6075702075702075,0.3120879120879121,0.34798534798534797,0.20732600732600734,0.1492063492063492,0.45396825396825397,0.10402930402930403,0.4307692307692308,0.11819291819291819,0.38974358974358975,0.3682539682539683,0.21123321123321123,0.10256410256410256,0.15897435897435896,0.1242979242979243,0.15067155067155066,0.10207570207570207,0.20073260073260074,0.6124542124542125,0.378021978021978,0.17582417582417584,0.2800976800976801,0.13553113553113552,0.42124542124542125,0.07814407814407814,0.17435897435897435,0.05787545787545788,0.45225885225885226,0.463003663003663,0.3418803418803419,0.3912087912087912,0.10427350427350428,0.11477411477411477,0.20586080586080585,0.34554334554334554,0.2398046398046398,0.6261294261294261,0.22564102564102564,0.38046398046398044,0.6691086691086691,0.20122100122100123,0.18876678876678876,0.3304029304029304,0.45958485958485956,0.527960927960928,0.5841269841269842,0.6515262515262515,0.5623931623931624,0.1973137973137973,0.25445665445665444,0.5301587301587302,0.2061050061050061,0.5511599511599512,0.505982905982906,0.5572649572649573,0.4700854700854701,0.08937728937728938,0.23125763125763127,0.1807081807081807
0.49352869352869355,0.4065934065934066,0.28156288156288156,0.44517704517704515,0.284004884004884,0.7682539682539683,0.16605616605616605,0.19511599511599512,0.11794871794871795,0.495970695970696,0.49035409035409033,0.39584859584859583,0.19047619047619047,0.16117216117216118,0.22905982905982905,0.11843711843711843,0.40805860805860805,0.347008547008547,0.12356532356532357,0.2725274725274725,0.5892551892551893,0.3028083028083028,0.3355311355311355,0.2004884004884005,0.14481074481074482,0.44175824175824174,0.1010989010989011,0.4170940170940171,0.11550671550671551,0.37777777777777777,0.35702075702075703,0.20415140415140415,0.11013431013431013,0.15335775335775337,0.1443223443223443,0.1443223443223443,0.1010989010989011,0.1960927960927961,0.5992673992673992,0.3665445665445665,0.1702075702075702,0.27326007326007323,0.13211233211233211,0.4358974358974359,0.07643467643467644,0.16556776556776556,0.0547008547008547,0.49230769230769234,0.4495726495726496,0.33308913308913307,0.37948717948717947,0.1028083028083028,0.12551892551892552,0.19975579975579977,0.33455433455433453,0.23174603174603176,0.639072039072039,0.25567765567765566,0.41098901098901097,0.663003663003663,0.19633699633699633,0.1838827838827839,0.31868131868131866,0.44468864468864466,0.5133089133089133,0.568009768009768,0.6673992673992674,0.577045177045177,0.19267399267399268,0.24737484737484738,0.5118437118437118,0.21904761904761905,0.5594627594627595,0.4879120879120879,0.5372405372405372,0.4581196581196581,0.09548229548229548,0.22735042735042735,0.17387057387057386
0.4800976800976801,0.3934065934065934,0.2698412698412698,0.484004884004884,0.2761904761904762,0.7562881562881563,0.1575091575091575,0.19023199023199022,0.11648351648351649,0.48473748473748474,0.47814407814407817,0.3860805860805861,0.221001221001221,0.15506715506715507,0.22173382173382172,0.11330891330891331,0.39584859584859583,0.33650793650793653,0.12161172161172161,0.26202686202686204,0.5711843711843712,0.29352869352869354,0.3235653235653236,0.19316239316239317,0.14017094017094017,0.43003663003663006,0.09841269841269841,0.400976800976801,0.1137973137973138,0.36678876678876676,0.34554334554334554,0.19706959706959706,0.12307692307692308,0.14822954822954823,0.17191697191697192,0.14017094017094017,0.09914529914529914,0.19096459096459095,0.5841269841269842,0.3553113553113553,0.1663003663003663,0.2673992673992674,0.1282051282051282,0.44835164835164837,0.07448107448107448,0.15824175824175823,0.05201465201465202,0.5081807081807082,0.4368742368742369,0.32405372405372407,0.36800976800976803,0.10158730158730159,0.13821733821733823,0.19267399267399268,0.32332112332112334,0.22344322344322345,0.6493284493284494,0.28913308913308916,0.4398046398046398,0.6542124542124542,0.1907203907203907,0.17924297924297924,0.306959706959707,0.43052503052503055,0.4981684981684982,0.5526251526251527,0.6781440781440782,0.5897435897435898,0.1877899877899878,0.2402930402930403,0.494993894993895,0.23247863247863249,0.5655677655677656,0.4708180708180708,0.5181929181929182,0.4468864468864469,0.09768009768009768,0.2231990231990232,0.16800976800976802
0.4678876678876679,0.3807081807081807,0.25860805860805863,0.5216117216117216,0.26837606837606837,0.7423687423687424,0.1492063492063492,0.18534798534798536,0.11477411477411477,0.47277167277167276,0.46495726495726497,0.3763125763125763,0.2542124542124542,0.14896214896214896,0.2144078144078144,0.10866910866910867,0.3851037851037851,0.3247863247863248,0.1199023199023199,0.252014652014652,0.5533577533577534,0.28498168498168497,0.31184371184371185,0.18583638583638584,0.13626373626373625,0.4188034188034188,0.09645909645909646,0.3904761904761905,0.11257631257631258,0.3550671550671551,0.33406593406593404,0.18998778998778998,0.14212454212454212,0.14358974358974358,0.2061050061050061,0.13724053724053725,0.09768009768009768,0.18608058608058609,0.5675213675213675,0.3440781440781441,0.16336996336996337,0.2605616605616606,0.12454212454212454,0.4586080586080586,0.07228327228327229,0.15189255189255188,0.05054945054945055,0.5096459096459096,0.42344322344322344,0.3145299145299145,0.3562881562881563,0.10036630036630037,0.15384615384615385,0.18534798534798536,0.3120879120879121,0.21562881562881564,0.6568986568986569,0.3242979242979243,0.46251526251526254,0.6434676434676435,0.1851037851037851,0.17484737484737484,0.29523809523809524,0.41733821733821735,0.4832722832722833,0.5387057387057387,0.6852258852258852,0.6,0.18339438339438338,0.2336996336996337,0.4793650793650794,0.24737484737484738,0.5687423687423687,0.4547008547008547,0.5003663003663004,0.43565323565323566,0.09841269841269841,0.22002442002442002,0.16117216117216118
0.45665445665445664,0.36923076923076925,0.24835164835164836,0.557020757020757,0.2625152625152625,0.7264957264957265,0.1413919413919414,0.1807081807081807,0.11330891330891331,0.4603174603174603,0.45152625152625153,0.36678876678876676,0.2893772893772894,0.14334554334554334,0.2070818070818071,0.10427350427350428,0.37533577533577533,0.31306471306471306,0.11526251526251527,0.24224664224664225,0.5365079365079365,0.27643467643467645,0.30036630036630035,0.17875457875457876,0.13211233211233211,0.40757020757020757,0.09645909645909646,0.38217338217338215,0.11037851037851037,0.3431013431013431,0.3221001221001221,0.18315018315018314,0.16678876678876678,0.13846153846153847,0.2463980463980464,0.1343101343101343,0.0971916971916972,0.18144078144078143,0.5504273504273505,0.33455433455433453,0.1592185592185592,0.2537240537240537,0.12112332112332112,0.4666666666666667,0.07032967032967033,0.14627594627594628,0.051770451770451774,0.5230769230769231,0.4105006105006105,0.30500610500610503,0.34505494505494505,0.09963369963369964,0.17509157509157508,0.17826617826617827,0.3013431013431013,0.20757020757020758,0.6617826617826618,0.35995115995115995,0.48131868131868133,0.6302808302808303,0.1794871794871795,0.1706959706959707,0.28376068376068375,0.40463980463980465,0.4686202686202686,0.5257631257631258,0.6915750915750916,0.608058608058608,0.1794871794871795,0.2271062271062271,0.463003663003663,0.2622710622710623,0.5694749694749695,0.44004884004884004,0.4835164835164835,0.42466422466422465,0.09816849816849817,0.2170940170940171,0.1540903540903541
0.4461538461538462,0.3584859584859585,0.2385836385836386,0.5853479853479854,0.2571428571428571,0.7091575091575092,0.1347985347985348,0.17606837606837608,0.11233211233211234,0.44590964590964594,0.4385836385836386,0.3572649572649573,0.3247863247863248,0.13821733821733823,0.2,0.10158730158730159,0.36507936507936506,0.30085470085470084,0.10866910866910867,0.23272283272283273,0.5208791208791209,0.2681318681318681,0.2905982905982906,0.17167277167277167,0.1282051282051282,0.3963369963369963,0.0989010989010989,0.3711843711843712,0.10818070818070818,0.33137973137973137,0.3103785103785104,0.17655677655677657,0.19755799755799755,0.13382173382173382,0.2844932844932845,0.13284493284493284,0.09865689865689865,0.17655677655677657,0.5330891330891331,0.326007326007326,0.15482295482295483,0.2468864468864469,0.11746031746031746,0.4725274725274725,0.06862026862026863,0.1413919413919414,0.05543345543345543,0.5406593406593406,0.39829059829059826,0.29572649572649573,0.3338217338217338,0.0989010989010989,0.2004884004884005,0.17167277167277167,0.29084249084249086,0.2,0.663980463980464,0.3904761904761905,0.5006105006105006,0.6148962148962149,0.17387057387057386,0.1663003663003663,0.2725274725274725,0.39194139194139194,0.45567765567765567,0.5123321123321123,0.6964590964590964,0.6136752136752137,0.17582417582417584,0.22148962148962148,0.4468864468864469,0.27594627594627597,0.567032967032967,0.4261294261294261,0.46715506715506716,0.41367521367521365,0.09841269841269841,0.21318681318681318,0.147008547008547
0.4368742368742369,0.3492063492063492,0.22905982905982905,0.609035409035409,0.2512820512820513,0.6908424908424908,0.12942612942612944,0.17167277167277167,0.1111111111111111,0.4307692307692308,0.4261294261294261,0.3482295482295482,0.3592185592185592,0.13357753357753357,0.1943833943833944,0.09987789987789988,0.35433455433455435,0.28888888888888886,0.10451770451770452,0.22393162393162394,0.5062271062271062,0.2612942612942613,0.2818070818070818,0.16483516483516483,0.1242979242979243,0.38534798534798537,0.10427350427350428,0.35873015873015873,0.1054945054945055,0.3199023199023199,0.29865689865689865,0.17045177045177046,0.23247863247863249,0.1308913308913309,0.32161172161172163,0.13382173382173382,0.1028083028083028,0.17216117216117216,0.5172161172161173,0.31648351648351647,0.14993894993894993,0.2402930402930403,0.11428571428571428,0.47619047619047616,0.06666666666666667,0.13846153846153847,0.06324786324786325,0.5594627594627595,0.3868131868131868,0.28644688644688643,0.3230769230769231,0.09865689865689865,0.22857142857142856,0.16507936507936508,0.28083028083028083,0.19194139194139195,0.6632478632478632,0.4170940170940171,0.5186813186813187,0.598046398046398,0.16874236874236875,0.1619047619047619,0.2617826617826618,0.38095238095238093,0.4442002442002442,0.4989010989010989,0.6984126984126984,0.6166056166056166,0.17216117216117216,0.21636141636141637,0.4312576312576313,0.28766788766788765,0.5616605616605617,0.4129426129426129,0.45152625152625153,0.40293040293040294,0.09914529914529914,0.20903540903540904,0.13992673992673993
0.4275946275946276,0.3401709401709402,0.22173382173382172,0.6344322344322344,0.24517704517704517,0.6725274725274726,0.126007326007326,0.16727716727716727,0.11013431013431013,0.41562881562881565,0.4141636141636142,0.33894993894993897,0.3916971916971917,0.12942612942612944,0.1894993894993895,0.09816849816849817,0.3440781440781441,0.27692307692307694,0.10134310134310134,0.2153846153846154,0.49206349206349204,0.25518925518925517,0.272039072039072,0.157997557997558,0.1203907203907204,0.37484737484737485,0.11306471306471307,0.35018315018315016,0.1028083028083028,0.30842490842490844,0.28669108669108667,0.1645909645909646,0.2698412698412698,0.12869352869352868,0.36336996336996336,0.13797313797313798,0.11086691086691086,0.16800976800976802,0.5023199023199023,0.306959706959707,0.14554334554334555,0.2341880341880342,0.11135531135531136,0.4771672771672772,0.06617826617826618,0.1365079365079365,0.07643467643467644,0.577045177045177,0.3755799755799756,0.27765567765567767,0.3125763125763126,0.09914529914529914,0.25811965811965815,0.15897435897435896,0.2708180708180708,0.18437118437118438,0.6598290598290598,0.44468864468864466,0.535042735042735,0.5802197802197803,0.16336996336996337,0.15677655677655677,0.2507936507936508,0.3711843711843712,0.4324786324786325,0.4852258852258852,0.6976800976800976,0.6166056166056166,0.16971916971916973,0.21123321123321123,0.41611721611721614,0.2971916971916972,0.5531135531135531,0.4,0.43614163614163615,0.39316239316239315,0.10061050061050061,0.20488400488400488,0.13284493284493284
0.41855921855921857,0.33186813186813185,0.2153846153846154,0.6595848595848596,0.23882783882783884,0.6542124542124542,0.126007326007326,0.16312576312576313,0.10915750915750916,0.4004884004884005,0.4021978021978022,0.33015873015873015,0.42173382173382173,0.12673992673992673,0.1838827838827839,0.09694749694749695,0.3338217338217338,0.2656898656898657,0.0989010989010989,0.2070818070818071,0.4793650793650794,0.24810744810744811,0.26202686202686204,0.1514041514041514,0.11697191697191697,0.36556776556776555,0.12673992673992673,0.3404151404151404,0.10036630036630037,0.2967032967032967,0.27521367521367524,0.15848595848595848,0.3035409035409035,0.12551892551892552,0.4061050061050061,0.14676434676434677,0.12307692307692308,0.16385836385836386,0.48766788766788766,0.2967032967032967,0.1413919413919414,0.22832722832722832,0.10842490842490843,0.4757020757020757,0.06617826617826618,0.13357753357753357,0.09645909645909646,0.5929181929181929,0.36507936507936506,0.26935286935286934,0.3018315018315018,0.10012210012210013,0.2874236874236874,0.15262515262515264,0.26105006105006107,0.17655677655677657,0.653968253968254,0.47155067155067154,0.54993894993895,0.5623931623931624,0.157997557997558,0.15115995115995115,0.2402930402930403,0.3601953601953602,0.42075702075702076,0.47155067155067154,0.6937728937728938,0.613919413919414,0.16776556776556775,0.2056166056166056,0.40195360195360197,0.3035409035409035,0.5416361416361416,0.3868131868131868,0.4227106227106227,0.3838827838827839,0.10402930402930403,0.20073260073260074,0.1264957264957265
0.40927960927960927,0.3252747252747253,0.20781440781440783,0.6827838827838828,0.23272283272283273,0.6361416361416361,0.12991452991452992,0.1592185592185592,0.10891330891330891,0.3865689865689866,0.3907203907203907,0.3213675213675214,0.4490842490842491,0.12503052503052503,0.17826617826617827,0.09816849816849817,0.32332112332112334,0.25518925518925517,0.09743589743589744,0.19926739926739928,0.4678876678876679,0.2407814407814408,0.252014652014652,0.14554334554334555,0.11330891330891331,0.35702075702075703,0.14627594627594628,0.3277167277167277,0.09865689865689865,0.2852258852258852,0.263980463980464,0.15286935286935288,0.33455433455433453,0.12185592185592185,0.4554334554334554,0.16043956043956045,0.14017094017094017,0.15995115995115994,0.473015873015873,0.2869352869352869,0.13772893772893774,0.22271062271062272,0.10573870573870574,0.4725274725274725,0.0652014652014652,0.13015873015873017,0.12356532356532357,0.6068376068376068,0.35482295482295484,0.26105006105006107,0.29255189255189257,0.10061050061050061,0.31575091575091574,0.147008547008547,0.252014652014652,0.1706959706959707,0.6451770451770452,0.49645909645909647,0.5626373626373626,0.5443223443223443,0.15286935286935288,0.1452991452991453,0.23174603174603176,0.3487179487179487,0.41001221001221,0.4581196581196581,0.6869352869352869,0.6092796092796092,0.16483516483516483,0.19975579975579977,0.3882783882783883,0.3064713064713065,0.5274725274725275,0.37362637362637363,0.41025641025641024,0.3738705738705739,0.1111111111111111,0.19633699633699633,0.1199023199023199
0.400976800976801,0.31916971916971915,0.2,0.7040293040293041,0.22661782661782662,0.6188034188034188,0.13846153846153847,0.15677655677655677,0.10915750915750916,0.37362637362637363,0.3797313797313797,0.3125763125763126,0.47374847374847373,0.12185592185592185,0.17264957264957265,0.1028083028083028,0.3133089133089133,0.24566544566544565,0.09621489621489622,0.1921855921855922,0.4554334554334554,0.23296703296703297,0.24224664224664225,0.13968253968253969,0.11135531135531136,0.34725274725274724,0.17167277167277167,0.3162393162393162,0.09865689865689865,0.273992673992674,0.252991452991453,0.14945054945054945,0.3677655677655678,0.11843711843711843,0.4976800976800977,0.178998778998779,0.1619047619047619,0.15653235653235653,0.45958485958485956,0.2774114774114774,0.1347985347985348,0.2175824175824176,0.10305250305250305,0.4678876678876679,0.06446886446886448,0.12673992673992673,0.15677655677655677,0.6180708180708181,0.34505494505494505,0.252991452991453,0.28498168498168497,0.1010989010989011,0.3418803418803419,0.14188034188034188,0.24297924297924298,0.16556776556776556,0.6344322344322344,0.5186813186813187,0.5728937728937729,0.526984126984127,0.147985347985348,0.13846153846153847,0.22124542124542124,0.3367521367521368,0.3992673992673993,0.4444444444444444,0.676923076923077,0.6021978021978022,0.16117216117216118,0.19413919413919414,0.3755799755799756,0.30622710622710625,0.5111111111111111,0.36214896214896214,0.39658119658119656,0.36336996336996336,0.12356532356532357,0.1907203907203907,0.1137973137973138
0.3934065934065934,0.3128205128205128,0.19194139194139195,0.7223443223443223,0.2205128205128205,0.6017094017094017,0.15262515262515264,0.15482295482295483,0.10891330891330891,0.36214896214896214,0.36923076923076925,0.30378510378510376,0.4925518925518926,0.11868131868131868,0.1675213675213675,0.11233211233211234,0.3035409035409035,0.23809523809523808,0.09548229548229548,0.18705738705738706,0.4427350427350427,0.2253968253968254,0.23272283272283273,0.13577533577533576,0.11013431013431013,0.336996336996337,0.2021978021978022,0.30793650793650795,0.10134310134310134,0.26324786324786326,0.2442002442002442,0.14676434676434677,0.40024420024420027,0.11477411477411477,0.526007326007326,0.20170940170940171,0.1873015873015873,0.1540903540903541,0.44664224664224667,0.2678876678876679,0.13382173382173382,0.2126984126984127,0.10207570207570207,0.4608058608058608,0.06373626373626373,0.12356532356532357,0.19511599511599512,0.6271062271062271,0.3347985347985348,0.2468864468864469,0.27643467643467645,0.1010989010989011,0.36556776556776555,0.13675213675213677,0.2358974358974359,0.15995115995115994,0.6214896214896215,0.5382173382173382,0.5811965811965812,0.5101343101343101,0.14358974358974358,0.13357753357753357,0.20757020757020758,0.3242979242979243,0.38925518925518926,0.4307692307692308,0.663980463980464,0.5929181929181929,0.15775335775335775,0.18876678876678876,0.3636141636141636,0.30305250305250303,0.49352869352869355,0.3514041514041514,0.38266178266178263,0.3523809523809524,0.14236874236874236,0.18583638583638584,0.1076923076923077
0.38461538461538464,0.30622710622710625,0.18437118437118438,0.7377289377289378,0.21465201465201464,0.5848595848595849,0.16923076923076924,0.15213675213675212,0.10866910866910867,0.35115995115995113,0.3584859584859585,0.29645909645909646,0.5074481074481074,0.11575091575091576,0.16214896214896216,0.12722832722832722,0.2937728937728938,0.23247863247863249,0.09548229548229548,0.18339438339438338,0.43003663003663006,0.2175824175824176,0.22442002442002443,0.13284493284493284,0.10818070818070818,0.32673992673992674,0.2371184371184371,0.29914529914529914,0.1076923076923077,0.2525030525030525,0.23614163614163614,0.14334554334554334,0.43052503052503055,0.11013431013431013,0.5538461538461539,0.2275946275946276,0.21562881562881564,0.1523809523809524,0.43394383394383396,0.25860805860805863,0.1365079365079365,0.2083028083028083,0.10256410256410256,0.45152625152625153,0.06398046398046398,0.12014652014652015,0.2371184371184371,0.6329670329670329,0.3252747252747253,0.24151404151404152,0.2673992673992674,0.10061050061050061,0.3865689865689866,0.1330891330891331,0.22979242979242978,0.1540903540903541,0.6061050061050061,0.5545787545787546,0.5870573870573871,0.49401709401709404,0.1409035409035409,0.12869352869352868,0.19633699633699633,0.31184371184371185,0.3797313797313797,0.41733821733821735,0.6483516483516484,0.5814407814407815,0.15433455433455434,0.18339438339438338,0.3516483516483517,0.2967032967032967,0.4764346764346764,0.33943833943833945,0.3682539682539683,0.34163614163614164,0.16825396825396827,0.18217338217338216,0.10207570207570207
0.3750915750915751,0.2993894993894994,0.1768009768009768,0.7499389499389499,0.20903540903540904,0.5682539682539682,0.189010989010989,0.1492063492063492,0.10915750915750916,0.34114774114774116,0.3482295482295482,0.28962148962148965,0.5216117216117216,0.11330891330891331,0.15702075702075702,0.14822954822954823,0.284004884004884,0.23003663003663002,0.09621489621489622,0.18046398046398046,0.41733821733821735,0.21001221001221002,0.21733821733821734,0.1291819291819292,0.10573870573870574,0.315995115995116,0.27521367521367524,0.28766788766788765,0.11892551892551892,0.2437118437118437,0.2275946275946276,0.13968253968253969,0.4581196581196581,0.10525030525030525,0.5794871794871795,0.25616605616605614,0.24224664224664225,0.1496947496947497,0.4214896214896215,0.25006105006105006,0.14383394383394382,0.20488400488400488,0.10354090354090355,0.441025641025641,0.06642246642246642,0.11697191697191697,0.2805860805860806,0.6358974358974359,0.31697191697191696,0.23565323565323565,0.25811965811965815,0.10036630036630037,0.40463980463980465,0.13064713064713065,0.22271062271062272,0.14822954822954823,0.5892551892551893,0.5684981684981685,0.5907203907203907,0.47912087912087914,0.1391941391941392,0.12258852258852258,0.18437118437118438,0.2993894993894994,0.37045177045177047,0.40366300366300367,0.6305250305250305,0.5682539682539682,0.1523809523809524,0.17826617826617827,0.3404151404151404,0.29010989010989013,0.45958485958485956,0.32625152625152626,0.35384615384615387,0.33137973137973137,0.20146520146520147,0.1768009768009768,0.09841269841269841
0.3653235653235653,0.29304029304029305,0.16971916971916973,0.7582417582417582,0.1934065934065934,0.5523809523809524,0.2144078144078144,0.1457875457875458,0.11135531135531136,0.33137973137973137,0.33943833943833945,0.2822954822954823,0.5335775335775336,0.11233211233211234,0.15262515262515264,0.17484737484737484,0.27472527472527475,0.23076923076923078,0.09645909645909646,0.1794871794871795,0.4048840048840049,0.2021978021978022,0.2126984126984127,0.12454212454212454,0.10451770451770452,0.30573870573870576,0.315018315018315,0.2774114774114774,0.13553113553113552,0.23565323565323565,0.21904761904761905,0.1365079365079365,0.4822954822954823,0.10134310134310134,0.6021978021978022,0.28498168498168497,0.26764346764346764,0.147008547008547,0.409035409035409,0.24273504273504273,0.15677655677655677,0.2026862026862027,0.10695970695970695,0.4293040293040293,0.07228327228327229,0.1137973137973138,0.3235653235653236,0.6356532356532356,0.30915750915750917,0.22954822954822954,0.24932844932844933,0.10012210012210013,0.41782661782661784,0.12698412698412698,0.21562881562881564,0.14236874236874236,0.5711843711843712,0.57997557997558,0.591941391941392,0.46593406593406594,0.1365079365079365,0.11575091575091576,0.17435897435897435,0.2869352869352869,0.3609279609279609,0.3904761904761905,0.6131868131868132,0.5531135531135531,0.15189255189255188,0.17338217338217338,0.32967032967032966,0.28205128205128205,0.44126984126984126,0.31306471306471306,0.33943833943833945,0.32112332112332115,0.2402930402930403,0.1706959706959707,0.09572649572649573
0.3557997557997558,0.28644688644688643,0.16312576312576313,0.7628815628815628,0.17313797313797313,0.5377289377289377,0.2442002442002442,0.1426129426129426,0.115995115995116,0.32283272283272285,0.3311355311355311,0.2744810744810745,0.5433455433455433,0.11306471306471307,0.14822954822954823,0.2061050061050061,0.26666666666666666,0.2341880341880342,0.0971916971916972,0.18168498168498168,0.3924297924297924,0.19487179487179487,0.21025641025641026,0.12014652014652015,0.10573870573870574,0.29572649572649573,0.3550671550671551,0.26764346764346764,0.1540903540903541,0.2271062271062271,0.2105006105006105,0.1330891330891331,0.503052503052503,0.09865689865689865,0.6217338217338217,0.31062271062271063,0.29572649572649573,0.14407814407814407,0.39658119658119656,0.23614163614163614,0.17313797313797313,0.19975579975579977,0.11404151404151404,0.41733821733821735,0.08302808302808302,0.11037851037851037,0.36556776556776555,0.6317460317460317,0.30085470085470084,0.2231990231990232,0.2402930402930403,0.09963369963369964,0.4278388278388278,0.12356532356532357,0.20854700854700856,0.136996336996337,0.5528693528693529,0.5892551892551893,0.5904761904761905,0.45396825396825397,0.1330891330891331,0.10866910866910867,0.16678876678876678,0.27472527472527475,0.3516483516483517,0.37704517704517704,0.5956043956043956,0.5365079365079365,0.15433455433455434,0.16874236874236875,0.3201465201465201,0.2713064713064713,0.4227106227106227,0.29987789987789987,0.3247863247863248,0.3108669108669109,0.2835164835164835,0.16654456654456654,0.09181929181929183
0.34676434676434675,0.2800976800976801,0.15677655677655677,0.7636141636141636,0.16117216117216118,0.5242979242979243,0.2766788766788767,0.13943833943833944,0.1242979242979243,0.315018315018315,0.3218559218559219,0.2664224664224664,0.5501831501831502,0.11697191697191697,0.1443223443223443,0.24126984126984127,0.25982905982905985,0.24102564102564103,0.09963369963369964,0.18754578754578755,0.37997557997557996,0.18754578754578755,0.21147741147741148,0.11575091575091576,0.11086691086691086,0.28595848595848594,0.3938949938949939,0.25934065934065936,0.17606837606837608,0.2188034188034188,0.2021978021978022,0.12991452991452992,0.5206349206349207,0.09621489621489622,0.6383394383394383,0.3338217338217338,0.3242979242979243,0.14114774114774115,0.3838827838827839,0.23125763125763127,0.19365079365079366,0.19633699633699633,0.126007326007326,0.40512820512820513,0.09914529914529914,0.10695970695970695,0.4,0.6256410256410256,0.2923076923076923,0.2170940170940171,0.2315018315018315,0.0989010989010989,0.4371184371184371,0.1199023199023199,0.20170940170940171,0.13211233211233211,0.535042735042735,0.5960927960927961,0.5865689865689866,0.4415140415140415,0.12967032967032968,0.10183150183150183,0.1592185592185592,0.26275946275946277,0.3423687423687424,0.3658119658119658,0.576068376068376,0.5194139194139195,0.16117216117216118,0.16385836385836386,0.31135531135531136,0.25934065934065936,0.4043956043956044,0.28669108669108667,0.31135531135531136,0.30085470085470084,0.3286935286935287,0.1645909645909646,0.08766788766788766
0.33821733821733824,0.27350427350427353,0.1509157509157509,0.7606837606837606,0.15384615384615385,0.5096459096459096,0.31062271062271063,0.13626373626373625,0.13675213675213677,0.3064713064713065,0.3120879120879121,0.25860805860805863,0.5540903540903541,0.12454212454212454,0.14065934065934066,0.2737484737484738,0.25225885225885225,0.25103785103785103,0.10427350427350428,0.19755799755799755,0.3677655677655678,0.18046398046398046,0.2153846153846154,0.11135531135531136,0.12087912087912088,0.27643467643467645,0.4312576312576313,0.25225885225885225,0.20415140415140415,0.2105006105006105,0.1943833943833944,0.12698412698412698,0.5355311355311355,0.09426129426129426,0.6515262515262515,0.35775335775335776,0.3523809523809524,0.13821733821733823,0.3711843711843712,0.22832722832722832,0.22197802197802197,0.19316239316239317,0.14383394383394382,0.39365079365079364,0.12112332112332112,0.10329670329670329,0.42905982905982903,0.6168498168498169,0.2835164835164835,0.21123321123321123,0.2231990231990232,0.09865689865689865,0.44468864468864466,0.11648351648351649,0.1956043956043956,0.12722832722832722,0.5181929181929182,0.599023199023199,0.5802197802197803,0.4288156288156288,0.12673992673992673,0.09548229548229548,0.1514041514041514,0.2512820512820513,0.33406593406593404,0.3557997557997558,0.5565323565323566,0.5023199023199023,0.17387057387057386,0.15946275946275945,0.3013431013431013,0.2463980463980464,0.3868131868131868,0.2744810744810745,0.2979242979242979,0.2910866910866911,0.3738705738705739,0.1623931623931624,0.08327228327228327
0.32967032967032966,0.2669108669108669,0.14505494505494507,0.7540903540903541,0.14725274725274726,0.49474969474969477,0.34505494505494505,0.1330891330891331,0.15384615384615385,0.2971916971916972,0.30207570207570206,0.2512820512820513,0.5548229548229549,0.136996336996337,0.136996336996337,0.3045177045177045,0.2442002442002442,0.263980463980464,0.11282051282051282,0.21196581196581196,0.3550671550671551,0.17362637362637362,0.22246642246642245,0.1072039072039072,0.136996336996337,0.26764346764346764,0.46642246642246643,0.24395604395604395,0.23663003663003662,0.2026862026862027,0.18705738705738706,0.12454212454212454,0.5472527472527473,0.09206349206349207,0.6603174603174603,0.3807081807081807,0.378998778998779,0.13528693528693528,0.35995115995115995,0.22612942612942613,0.25616605616605614,0.19023199023199022,0.1675213675213675,0.3831501831501832,0.14896214896214896,0.1010989010989011,0.4593406593406593,0.6061050061050061,0.27472527472527475,0.2056166056166056,0.2153846153846154,0.09914529914529914,0.4507936507936508,0.11282051282051282,0.18998778998778998,0.12258852258852258,0.5023199023199023,0.5995115995115995,0.5726495726495726,0.41611721611721614,0.12380952380952381,0.08913308913308914,0.14407814407814407,0.24004884004884006,0.32625152625152626,0.3452991452991453,0.5365079365079365,0.48547008547008547,0.19316239316239317,0.1562881562881563,0.29084249084249086,0.2336996336996337,0.3706959706959707,0.26275946275946277,0.28498168498168497,0.28205128205128205,0.4122100122100122,0.1663003663003663,0.07887667887667887
0.32112332112332115,0.2605616605616606,0.1391941391941392,0.7438339438339439,0.14114774114774115,0.47985347985347987,0.37924297924297923,0.13015873015873017,0.17606837606837608,0.28766788766788765,0.2920634920634921,0.2442002442002442,0.5526251526251527,0.15482295482295483,0.1347985347985348,0.3387057387057387,0.23614163614163614,0.2783882783882784,0.1264957264957265,0.23101343101343103,0.3426129426129426,0.16874236874236875,0.23296703296703297,0.10329670329670329,0.15995115995115994,0.2590964590964591,0.4945054945054945,0.23565323565323565,0.2717948717948718,0.19487179487179487,0.17997557997557997,0.12356532356532357,0.5567765567765568,0.09133089133089133,0.6659340659340659,0.4021978021978022,0.40366300366300367,0.13235653235653236,0.34945054945054943,0.22393162393162394,0.2937728937728938,0.1873015873015873,0.19658119658119658,0.3728937728937729,0.18168498168498168,0.09963369963369964,0.48766788766788766,0.5929181929181929,0.2656898656898657,0.20024420024420025,0.20781440781440783,0.10134310134310134,0.45445665445665445,0.10915750915750916,0.18534798534798536,0.11794871794871795,0.4891330891330891,0.5982905982905983,0.5631257631257631,0.40366300366300367,0.12136752136752137,0.08351648351648351,0.136996336996337,0.23101343101343103,0.3181929181929182,0.3343101343101343,0.5177045177045178,0.46935286935286935,0.2144078144078144,0.15384615384615385,0.28083028083028083,0.22173382173382172,0.3557997557997558,0.2515262515262515,0.2725274725274725,0.2744810744810745,0.44542124542124545,0.17435897435897435,0.07496947496947497
0.3128205128205128,0.2537240537240537,0.1347985347985348,0.7311355311355311,0.13504273504273503,0.4652014652014652,0.4122100122100122,0.12747252747252746,0.2021978021978022,0.2778998778998779,0.28205128205128205,0.23736263736263735,0.5470085470085471,0.1746031746031746,0.13284493284493284,0.37362637362637363,0.22857142857142856,0.29352869352869354,0.1452991452991453,0.2537240537240537,0.33235653235653234,0.1641025641025641,0.24713064713064714,0.09987789987789988,0.1894993894993895,0.25103785103785103,0.517948717948718,0.2271062271062271,0.30744810744810747,0.1877899877899878,0.17313797313797313,0.12454212454212454,0.5636141636141636,0.09084249084249084,0.6703296703296703,0.42173382173382173,0.42637362637362636,0.12991452991452992,0.3374847374847375,0.22148962148962148,0.3338217338217338,0.18437118437118438,0.23028083028083027,0.3641025641025641,0.21294261294261294,0.09694749694749695,0.5137973137973137,0.5785103785103786,0.24493284493284492,0.19511599511599512,0.20073260073260074,0.10573870573870574,0.45616605616605616,0.10573870573870574,0.1829059829059829,0.11330891330891331,0.4771672771672772,0.5948717948717949,0.5516483516483517,0.3916971916971917,0.1199023199023199,0.07863247863247863,0.12991452991452992,0.2231990231990232,0.3094017094017094,0.3235653235653236,0.5001221001221001,0.4542124542124542,0.2385836385836386,0.15115995115995115,0.2708180708180708,0.210989010989011,0.3423687423687424,0.2407814407814408,0.2608058608058608,0.2678876678876679,0.4796092796092796,0.17802197802197803,0.07155067155067155
0.3047619047619048,0.24810744810744811,0.13113553113553114,0.7155067155067155,0.1291819291819292,0.4503052503052503,0.44346764346764345,0.12503052503052503,0.2275946275946276,0.2681318681318681,0.272039072039072,0.23101343101343103,0.5382173382173382,0.19706959706959706,0.13015873015873017,0.4073260073260073,0.22124542124542124,0.30842490842490844,0.1702075702075702,0.2788766788766789,0.3225885225885226,0.1592185592185592,0.26422466422466423,0.09645909645909646,0.22466422466422467,0.24493284493284492,0.5421245421245421,0.2188034188034188,0.34285714285714286,0.18095238095238095,0.16678876678876678,0.1291819291819292,0.5667887667887668,0.09010989010989011,0.6730158730158731,0.4388278388278388,0.4473748473748474,0.12796092796092795,0.3252747252747253,0.2188034188034188,0.3738705738705739,0.18192918192918192,0.2669108669108669,0.35702075702075703,0.24444444444444444,0.09401709401709402,0.5372405372405372,0.5626373626373626,0.21636141636141637,0.19047619047619047,0.19511599511599512,0.11306471306471307,0.45567765567765567,0.10207570207570207,0.1829059829059829,0.10915750915750916,0.4656898656898657,0.589010989010989,0.5387057387057387,0.3797313797313797,0.12087912087912088,0.07423687423687424,0.12356532356532357,0.21465201465201464,0.3006105006105006,0.31355311355311355,0.4835164835164835,0.44175824175824174,0.2698412698412698,0.14896214896214896,0.26105006105006107,0.20146520146520147,0.32967032967032966,0.23028083028083027,0.2512820512820513,0.2605616605616606,0.512087912087912,0.1824175824175824,0.06813186813186813
0.2971916971916972,0.24297924297924298,0.1264957264957265,0.6969474969474969,0.12356532356532357,0.4358974358974359,0.47277167277167276,0.12234432234432234,0.25347985347985347,0.2583638583638584,0.2622710622710623,0.22466422466422467,0.5264957264957265,0.2253968253968254,0.12722832722832722,0.43907203907203907,0.2139194139194139,0.32161172161172163,0.2,0.28669108669108667,0.31184371184371185,0.1540903540903541,0.2835164835164835,0.09352869352869353,0.2590964590964591,0.23956043956043957,0.5655677655677656,0.210989010989011,0.3768009768009768,0.17509157509157508,0.16092796092796094,0.13626373626373625,0.5672771672771673,0.08888888888888889,0.6727716727716728,0.45396825396825397,0.4666666666666667,0.12576312576312576,0.3128205128205128,0.21562881562881564,0.4129426129426129,0.18095238095238095,0.30500610500610503,0.3509157509157509,0.28034188034188035,0.09084249084249084,0.5575091575091575,0.546031746031746,0.19877899877899877,0.18632478632478633,0.1907203907203907,0.12551892551892552,0.452991452991453,0.0989010989010989,0.18705738705738706,0.10622710622710622,0.4542124542124542,0.57997557997558,0.5247863247863248,0.3684981684981685,0.12503052503052503,0.07008547008547009,0.11892551892551892,0.20586080586080585,0.2920634920634921,0.3035409035409035,0.4678876678876679,0.4307692307692308,0.305982905982906,0.14774114774114774,0.2515262515262515,0.19316239316239317,0.3181929181929182,0.22246642246642245,0.24297924297924298,0.25347985347985347,0.5418803418803418,0.19023199023199022,0.06495726495726496
0.2915750915750916,0.2371184371184371,0.12185592185592185,0.6757020757020757,0.11819291819291819,0.42173382173382173,0.5001221001221001,0.12112332112332112,0.28327228327228327,0.2490842490842491,0.2525030525030525,0.21855921855921856,0.5142857142857142,0.25811965811965815,0.1242979242979243,0.4686202686202686,0.2070818070818071,0.3326007326007326,0.2336996336996337,0.2810744810744811,0.3006105006105006,0.1492063492063492,0.3035409035409035,0.09133089133089133,0.29304029304029305,0.23321123321123322,0.5868131868131868,0.20317460317460317,0.40854700854700854,0.1702075702075702,0.15531135531135531,0.14725274725274726,0.566056166056166,0.08791208791208792,0.6695970695970695,0.4666666666666667,0.48376068376068376,0.12380952380952381,0.30036630036630035,0.21245421245421245,0.4490842490842491,0.18461538461538463,0.3387057387057387,0.3440781440781441,0.31746031746031744,0.0884004884004884,0.5746031746031746,0.528937728937729,0.18803418803418803,0.18339438339438338,0.18534798534798536,0.14407814407814407,0.44761904761904764,0.09597069597069598,0.1943833943833944,0.10427350427350428,0.4432234432234432,0.5687423687423687,0.5103785103785103,0.35775335775335776,0.13382173382173382,0.06788766788766788,0.11550671550671551,0.19706959706959706,0.28376068376068375,0.29426129426129427,0.4537240537240537,0.4197802197802198,0.3443223443223443,0.14822954822954823,0.2424908424908425,0.18608058608058609,0.3072039072039072,0.2153846153846154,0.23394383394383395,0.2463980463980464,0.5682539682539682,0.20170940170940171,0.06227106227106227
0.2874236874236874,0.23101343101343103,0.11868131868131868,0.652014652014652,0.11282051282051282,0.4078144078144078,0.5213675213675214,0.1203907203907204,0.31477411477411477,0.23931623931623933,0.24346764346764346,0.21294261294261294,0.5015873015873016,0.29304029304029305,0.12136752136752137,0.495970695970696,0.2004884004884005,0.3409035409035409,0.2698412698412698,0.2852258852258852,0.28962148962148965,0.14407814407814407,0.3235653235653236,0.09084249084249084,0.3316239316239316,0.22686202686202686,0.6056166056166056,0.1960927960927961,0.43736263736263736,0.16678876678876678,0.1514041514041514,0.1641025641025641,0.5626373626373626,0.08717948717948718,0.6632478632478632,0.4766788766788767,0.4984126984126984,0.12283272283272283,0.2879120879120879,0.20927960927960929,0.48253968253968255,0.19023199023199022,0.36923076923076925,0.3367521367521368,0.3540903540903541,0.08595848595848596,0.5885225885225885,0.512087912087912,0.17997557997557997,0.18144078144078143,0.18021978021978022,0.1702075702075702,0.44004884004884004,0.09401709401709402,0.2056166056166056,0.10158730158730159,0.4324786324786325,0.5548229548229549,0.4954822954822955,0.34676434676434675,0.14847374847374847,0.06666666666666667,0.1111111111111111,0.18876678876678876,0.2754578754578755,0.2857142857142857,0.4402930402930403,0.40854700854700854,0.3833943833943834,0.15115995115995115,0.23394383394383395,0.17997557997557997,0.2979242979242979,0.20732600732600734,0.22442002442002443,0.23931623931623933,0.5912087912087912,0.21782661782661783,0.05958485958485959
0.28253968253968254,0.22466422466422467,0.11819291819291819,0.6261294261294261,0.1076923076923077,0.3946275946275946,0.5387057387057387,0.11892551892551892,0.3465201465201465,0.22979242979242978,0.23443223443223443,0.20854700854700856,0.4866910866910867,0.3286935286935287,0.11843711843711843,0.5201465201465202,0.19511599511599512,0.346031746031746,0.3023199023199023,0.2962148962148962,0.27912087912087913,0.1391941391941392,0.34285714285714286,0.0927960927960928,0.37191697191697193,0.22026862026862026,0.6222222222222222,0.1894993894993895,0.463003663003663,0.1663003663003663,0.14896214896214896,0.18656898656898657,0.5567765567765568,0.0862026862026862,0.6503052503052503,0.484004884004884,0.5094017094017094,0.12258852258852258,0.2754578754578755,0.20634920634920634,0.5125763125763125,0.19706959706959706,0.40195360195360197,0.3291819291819292,0.389010989010989,0.08351648351648351,0.5992673992673992,0.4954822954822955,0.1724053724053724,0.17826617826617827,0.17484737484737484,0.20317460317460317,0.4302808302808303,0.09352869352869353,0.22295482295482297,0.09865689865689865,0.421978021978022,0.5396825396825397,0.48083028083028084,0.33601953601953605,0.1663003663003663,0.06471306471306472,0.10622710622710622,0.1807081807081807,0.2678876678876679,0.2774114774114774,0.4278388278388278,0.3973137973137973,0.42124542124542125,0.15677655677655677,0.22564102564102564,0.17484737484737484,0.28962148962148965,0.19926739926739928,0.2148962148962149,0.23247863247863249,0.6107448107448108,0.23223443223443224,0.057631257631257635
0.27912087912087913,0.21855921855921856,0.12136752136752137,0.598046398046398,0.1028083028083028,0.3819291819291819,0.5557997557997558,0.11746031746031746,0.3775335775335775,0.2205128205128205,0.22735042735042735,0.20537240537240536,0.47106227106227105,0.3641025641025641,0.11550671550671551,0.5416361416361416,0.1916971916971917,0.34847374847374846,0.33284493284493283,0.3098901098901099,0.26886446886446885,0.1343101343101343,0.3601953601953602,0.09621489621489622,0.41147741147741146,0.21416361416361415,0.6358974358974359,0.18339438339438338,0.48547008547008547,0.16825396825396827,0.1452991452991453,0.21465201465201464,0.5482295482295483,0.08571428571428572,0.6366300366300366,0.4888888888888889,0.5174603174603175,0.12136752136752137,0.2634920634920635,0.20366300366300366,0.5396825396825397,0.20732600732600734,0.4341880341880342,0.32161172161172163,0.4214896214896215,0.08180708180708181,0.6068376068376068,0.47985347985347987,0.16654456654456654,0.17509157509157508,0.16947496947496948,0.24273504273504273,0.4188034188034188,0.09548229548229548,0.24664224664224665,0.09572649572649573,0.4117216117216117,0.5228327228327229,0.46642246642246643,0.32576312576312577,0.18852258852258852,0.06227106227106227,0.10183150183150183,0.17338217338217338,0.2608058608058608,0.26935286935286934,0.4166056166056166,0.38632478632478634,0.45665445665445664,0.16556776556776556,0.2175824175824176,0.17167277167277167,0.2805860805860806,0.19145299145299147,0.20586080586080585,0.22612942612942613,0.6266178266178266,0.25445665445665444,0.056654456654456654
0.2778998778998779,0.2126984126984127,0.12942612942612944,0.5682539682539682,0.09768009768009768,0.36800976800976803,0.5711843711843712,0.11575091575091576,0.4065934065934066,0.21172161172161172,0.22148962148962148,0.2026862026862027,0.45567765567765567,0.39829059829059826,0.11257631257631258,0.5604395604395604,0.1907203907203907,0.3482295482295482,0.3658119658119658,0.3235653235653236,0.25860805860805863,0.12991452991452992,0.37533577533577533,0.10329670329670329,0.44884004884004886,0.20781440781440783,0.6463980463980464,0.17753357753357754,0.5023199023199023,0.17362637362637362,0.1413919413919414,0.2468864468864469,0.5372405372405372,0.08473748473748474,0.6258852258852259,0.4905982905982906,0.5247863247863248,0.1199023199023199,0.252014652014652,0.20170940170940171,0.5601953601953602,0.22173382173382172,0.4644688644688645,0.31355311355311355,0.4512820512820513,0.08058608058608059,0.610989010989011,0.46593406593406594,0.16214896214896216,0.17191697191697192,0.1645909645909646,0.2869352869352869,0.4073260073260073,0.09987789987789988,0.27521367521367524,0.09304029304029304,0.4014652014652015,0.5054945054945055,0.45274725274725275,0.31697191697191696,0.21855921855921856,0.05958485958485959,0.09816849816849817,0.15995115995115994,0.25396825396825395,0.2617826617826618,0.40634920634920635,0.37533577533577533,0.4891330891330891,0.17777777777777778,0.21147741147741148,0.16947496947496948,0.2708180708180708,0.18339438339438338,0.19706959706959706,0.221001221001221,0.6398046398046398,0.28595848595848594,0.056654456654456654
0.2796092796092796,0.20683760683760682,0.14285714285714285,0.5374847374847375,0.09304029304029304,0.3567765567765568,0.5841269841269842,0.11404151404151404,0.43394383394383396,0.20463980463980463,0.2148962148962149,0.20170940170940171,0.4402930402930403,0.43052503052503055,0.10989010989010989,0.5765567765567765,0.19267399267399268,0.3443223443223443,0.39902319902319905,0.3367521367521368,0.2490842490842491,0.12551892551892552,0.3877899877899878,0.11550671550671551,0.4835164835164835,0.2021978021978022,0.653968253968254,0.17216117216117216,0.5152625152625152,0.1824175824175824,0.13772893772893774,0.28205128205128205,0.5242979242979243,0.08424908424908426,0.611965811965812,0.48986568986568985,0.5308913308913309,0.11843711843711843,0.2407814407814408,0.19975579975579977,0.5765567765567765,0.24224664224664225,0.4925518925518926,0.30573870573870576,0.4783882783882784,0.07936507936507936,0.6117216117216118,0.45323565323565324,0.15702075702075702,0.16874236874236875,0.1597069597069597,0.3343101343101343,0.39584859584859583,0.1076923076923077,0.30793650793650795,0.09035409035409035,0.3907203907203907,0.4891330891330891,0.441025641025641,0.3089133089133089,0.2554334554334554,0.0568986568986569,0.0945054945054945,0.14481074481074482,0.24786324786324787,0.2554334554334554,0.39536019536019534,0.36434676434676433,0.5186813186813187,0.1934065934065934,0.20634920634920634,0.16678876678876678,0.2608058608058608,0.17606837606837608,0.18876678876678876,0.21684981684981686,0.6498168498168498,0.315018315018315,0.055921855921855924
0.2857142857142857,0.20073260073260074,0.16263736263736264,0.5067155067155067,0.09010989010989011,0.3487179487179487,0.5941391941391941,0.11233211233211234,0.4586080586080586,0.19853479853479852,0.20854700854700856,0.20317460317460317,0.42588522588522587,0.4608058608058608,0.1072039072039072,0.5897435897435898,0.19755799755799755,0.337973137973138,0.4302808302808303,0.34847374847374846,0.23956043956043957,0.12136752136752137,0.3968253968253968,0.13406593406593406,0.5147741147741147,0.1973137973137973,0.6581196581196581,0.16800976800976802,0.5277167277167277,0.19584859584859585,0.13382173382173382,0.3184371184371184,0.5101343101343101,0.08327228327228327,0.5943833943833944,0.4874236874236874,0.5347985347985348,0.11697191697191697,0.22979242979242978,0.19877899877899877,0.5926739926739927,0.2678876678876679,0.517948717948718,0.29743589743589743,0.503052503052503,0.07863247863247863,0.6083028083028083,0.4402930402930403,0.15189255189255188,0.16556776556776556,0.15531135531135531,0.3819291819291819,0.38266178266178263,0.12087912087912088,0.3431013431013431,0.08766788766788766,0.3797313797313797,0.4735042735042735,0.43003663003663006,0.29987789987789987,0.2971916971916972,0.0547008547008547,0.09084249084249084,0.1347985347985348,0.24175824175824176,0.25006105006105006,0.3838827838827839,0.3536019536019536,0.5448107448107448,0.21196581196581196,0.2004884004884005,0.16361416361416362,0.25054945054945055,0.16874236874236875,0.18095238095238095,0.21465201465201464,0.6568986568986569,0.3384615384615385,0.0547008547008547
0.2962148962148962,0.19511599511599512,0.1877899877899878,0.4800976800976801,0.08888888888888889,0.33943833943833945,0.6007326007326007,0.11086691086691086,0.4810744810744811,0.1916971916971917,0.2021978021978022,0.20757020757020758,0.4126984126984127,0.48815628815628814,0.10573870573870574,0.5985347985347985,0.20634920634920634,0.3286935286935287,0.45958485958485956,0.3584859584859585,0.23028083028083027,0.11721611721611722,0.40244200244200246,0.1597069597069597,0.5426129426129426,0.1921855921855922,0.6583638583638584,0.1645909645909646,0.5389499389499389,0.21343101343101342,0.13015873015873017,0.35433455433455435,0.49474969474969477,0.0822954822954823,0.5797313797313798,0.4822954822954823,0.5362637362637362,0.115995115995116,0.21953601953601953,0.1978021978021978,0.6075702075702075,0.2976800976800977,0.5406593406593406,0.2893772893772894,0.525030525030525,0.0778998778998779,0.6021978021978022,0.42735042735042733,0.14652014652014653,0.16312576312576313,0.1509157509157509,0.4283272283272283,0.36923076923076925,0.13968253968253969,0.3785103785103785,0.08498168498168499,0.36923076923076925,0.45958485958485956,0.41904761904761906,0.2905982905982906,0.34114774114774116,0.052503052503052504,0.08717948717948718,0.12747252747252746,0.23736263736263735,0.2442002442002442,0.37216117216117217,0.34285714285714286,0.5682539682539682,0.22979242979242978,0.1943833943833944,0.15995115995115994,0.24004884004884006,0.1619047619047619,0.17362637362637362,0.21562881562881564,0.6600732600732601,0.367032967032967,0.05347985347985348
0.31135531135531136,0.1894993894993895,0.2175824175824176,0.45665445665445664,0.0884004884004884,0.32967032967032966,0.6036630036630036,0.10891330891330891,0.5015873015873016,0.18461538461538463,0.19633699633699633,0.21562881562881564,0.4,0.513064713064713,0.10671550671550671,0.6041514041514041,0.21953601953601953,0.31746031746031744,0.4862026862026862,0.3665445665445665,0.22148962148962148,0.11477411477411477,0.40512820512820513,0.1916971916971917,0.5672771672771673,0.1877899877899878,0.654945054945055,0.1606837606837607,0.5484737484737485,0.23443223443223443,0.12673992673992673,0.38925518925518926,0.47912087912087914,0.08278388278388278,0.568009768009768,0.47496947496947495,0.5347985347985348,0.11648351648351649,0.21123321123321123,0.1956043956043956,0.6205128205128205,0.3299145299145299,0.5611721611721612,0.2818070818070818,0.5443223443223443,0.07863247863247863,0.5934065934065934,0.41440781440781443,0.14114774114774115,0.16117216117216118,0.147008547008547,0.472039072039072,0.3557997557997558,0.1645909645909646,0.41318681318681316,0.08302808302808302,0.35995115995115995,0.44713064713064715,0.40805860805860805,0.28205128205128205,0.3855921855921856,0.050793650793650794,0.08376068376068375,0.12283272283272283,0.2336996336996337,0.23809523809523808,0.35995115995115995,0.33235653235653234,0.589010989010989,0.24737484737484738,0.18803418803418803,0.15653235653235653,0.23003663003663002,0.15531135531135531,0.16727716727716727,0.22002442002442002,0.6603174603174603,0.40586080586080586,0.05225885225885226
0.3308913308913309,0.18437118437118438,0.24664224664224665,0.432967032967033,0.09010989010989011,0.32063492063492066,0.6026862026862027,0.10744810744810745,0.5199023199023199,0.17753357753357754,0.19047619047619047,0.2271062271062271,0.38803418803418804,0.535042735042735,0.10989010989010989,0.609035409035409,0.23687423687423687,0.3047619047619048,0.5103785103785103,0.37264957264957266,0.21318681318681318,0.11306471306471307,0.4048840048840049,0.22905982905982905,0.5885225885225885,0.18363858363858365,0.6485958485958486,0.15677655677655677,0.5557997557997558,0.25811965811965815,0.12307692307692308,0.4214896214896215,0.4634920634920635,0.08351648351648351,0.5540903540903541,0.4652014652014652,0.5306471306471306,0.11868131868131868,0.20415140415140415,0.1921855921855922,0.6315018315018315,0.3636141636141636,0.5787545787545788,0.2744810744810745,0.5584859584859585,0.0800976800976801,0.5814407814407815,0.4017094017094017,0.1365079365079365,0.16117216117216118,0.14334554334554334,0.5069597069597069,0.3431013431013431,0.19413919413919414,0.44590964590964594,0.08083028083028083,0.3514041514041514,0.43443223443223444,0.39755799755799753,0.2744810744810745,0.4293040293040293,0.04957264957264957,0.08083028083028083,0.11965811965811966,0.22905982905982905,0.2315018315018315,0.3474969474969475,0.3213675213675214,0.6039072039072039,0.2681318681318681,0.18192918192918192,0.15286935286935288,0.22026862026862026,0.1492063492063492,0.16092796092796094,0.2271062271062271,0.6595848595848596,0.43907203907203907,0.05128205128205128
0.35384615384615387,0.17924297924297924,0.2754578754578755,0.41098901098901097,0.09597069597069598,0.3128205128205128,0.5982905982905983,0.10598290598290598,0.536019536019536,0.17045177045177046,0.1851037851037851,0.24175824175824176,0.37655677655677655,0.5516483516483517,0.11575091575091576,0.6117216117216118,0.2576312576312576,0.2915750915750916,0.5321123321123321,0.3768009768009768,0.2070818070818071,0.11037851037851037,0.4017094017094017,0.27057387057387056,0.6068376068376068,0.18095238095238095,0.6393162393162393,0.15262515262515264,0.5604395604395604,0.2835164835164835,0.11965811965811966,0.45103785103785105,0.4495726495726496,0.08351648351648351,0.5357753357753358,0.45396825396825397,0.5238095238095238,0.1242979242979243,0.1960927960927961,0.18803418803418803,0.64004884004884,0.3973137973137973,0.5936507936507937,0.2673992673992674,0.5687423687423687,0.08058608058608059,0.5675213675213675,0.3887667887667888,0.13162393162393163,0.1641025641025641,0.13968253968253969,0.536019536019536,0.33137973137973137,0.22735042735042735,0.47619047619047616,0.07863247863247863,0.3418803418803419,0.421978021978022,0.3873015873015873,0.2681318681318681,0.4700854700854701,0.04884004884004884,0.0778998778998779,0.11672771672771673,0.22466422466422467,0.22515262515262516,0.33528693528693526,0.31184371184371185,0.6151404151404152,0.28962148962148965,0.17606837606837608,0.1492063492063492,0.210989010989011,0.14334554334554334,0.15677655677655677,0.23736263736263735,0.6564102564102564,0.4673992673992674,0.05054945054945055
0.37948717948717947,0.17582417582417584,0.3086691086691087,0.39194139194139194,0.1076923076923077,0.3047619047619048,0.5904761904761905,0.10451770451770452,0.5477411477411478,0.16361416361416362,0.17997557997557997,0.25934065934065936,0.3653235653235653,0.5645909645909646,0.12551892551892552,0.6122100122100123,0.2805860805860806,0.27814407814407816,0.5514041514041514,0.37924297924297923,0.20170940170940171,0.10744810744810745,0.39536019536019534,0.3142857142857143,0.6224664224664225,0.178998778998779,0.6273504273504273,0.14847374847374847,0.5628815628815629,0.3094017094017094,0.11648351648351649,0.4771672771672772,0.4368742368742369,0.08327228327228327,0.5191697191697192,0.44126984126984126,0.5145299145299145,0.1343101343101343,0.1877899877899878,0.18315018315018314,0.645909645909646,0.4302808302808303,0.6056166056166056,0.2617826617826618,0.5792429792429793,0.08083028083028083,0.5518925518925519,0.37606837606837606,0.12722832722832722,0.17094017094017094,0.13772893772893774,0.5653235653235653,0.3203907203907204,0.26324786324786326,0.503052503052503,0.07741147741147741,0.33235653235653234,0.41001221001221,0.3768009768009768,0.263980463980464,0.5074481074481074,0.04786324786324787,0.07643467643467644,0.11428571428571428,0.22026862026862026,0.2188034188034188,0.32283272283272285,0.3032967032967033,0.6263736263736264,0.3108669108669109,0.17045177045177046,0.14505494505494507,0.20170940170940171,0.13772893772893774,0.15335775335775337,0.252991452991453,0.6512820512820513,0.49108669108669106,0.04981684981684982
0.40341880341880343,0.17338217338217338,0.3431013431013431,0.37606837606837606,0.1264957264957265,0.2971916971916972,0.5787545787545788,0.10427350427350428,0.5567765567765568,0.15702075702075702,0.1746031746031746,0.2783882783882784,0.3557997557997558,0.5772893772893772,0.13992673992673993,0.6102564102564103,0.30500610500610503,0.26544566544566545,0.5684981684981685,0.37948717948717947,0.1956043956043956,0.10451770451770452,0.3865689865689866,0.35824175824175825,0.6332112332112332,0.17631257631257632,0.6126984126984127,0.1443223443223443,0.5623931623931624,0.33528693528693526,0.11306471306471307,0.4976800976800977,0.4236874236874237,0.08278388278388278,0.5076923076923077,0.4275946275946276,0.503052503052503,0.1496947496947497,0.1794871794871795,0.17753357753357754,0.6490842490842491,0.4622710622710623,0.6151404151404152,0.2568986568986569,0.588034188034188,0.08131868131868132,0.535042735042735,0.36288156288156287,0.12307692307692308,0.18046398046398046,0.1365079365079365,0.5924297924297924,0.31062271062271063,0.29914529914529914,0.526984126984127,0.07667887667887668,0.3225885225885226,0.39829059829059826,0.3665445665445665,0.2625152625152625,0.5404151404151404,0.04737484737484737,0.0757020757020757,0.11306471306471307,0.21587301587301588,0.2126984126984127,0.31013431013431014,0.2937728937728938,0.6363858363858363,0.3311355311355311,0.16483516483516483,0.1409035409035409,0.19291819291819293,0.13382173382173382,0.14847374847374847,0.27326007326007323,0.6437118437118438,0.5108669108669108,0.06056166056166056
0.4261294261294261,0.17045177045177046,0.37777777777777777,0.3626373626373626,0.15213675213675212,0.28962148962148965,0.5645909645909646,0.10451770451770452,0.5658119658119658,0.1509157509157509,0.16947496947496948,0.2989010989010989,0.34725274725274724,0.5885225885225885,0.15946275946275945,0.6053724053724053,0.33015873015873015,0.2537240537240537,0.5833943833943834,0.37826617826617825,0.18925518925518925,0.10183150183150183,0.37533577533577533,0.39584859584859583,0.6405372405372405,0.17338217338217338,0.5965811965811966,0.14017094017094017,0.558974358974359,0.35946275946275946,0.11135531135531136,0.5137973137973137,0.41074481074481073,0.08205128205128205,0.4954822954822955,0.41367521367521365,0.49035409035409033,0.1675213675213675,0.17191697191697192,0.17191697191697192,0.6490842490842491,0.49230769230769234,0.6202686202686203,0.2512820512820513,0.5943833943833944,0.08131868131868132,0.5177045177045178,0.35018315018315016,0.11941391941391942,0.1934065934065934,0.1347985347985348,0.6166056166056166,0.3018315018315018,0.33455433455433453,0.5448107448107448,0.07521367521367521,0.31306471306471306,0.3868131868131868,0.3562881562881563,0.26422466422466423,0.5694749694749695,0.047619047619047616,0.07374847374847375,0.11428571428571428,0.21172161172161172,0.20683760683760682,0.29816849816849816,0.2844932844932845,0.6446886446886447,0.3492063492063492,0.15946275946275945,0.136996336996337,0.18437118437118438,0.1308913308913309,0.14358974358974358,0.29743589743589743,0.6336996336996337,0.5242979242979243,0.07667887667887668
0.4517704517704518,0.16678876678876678,0.41147741147741146,0.3514041514041514,0.1838827838827839,0.28253968253968254,0.5501831501831502,0.10427350427350428,0.5738705738705738,0.1452991452991453,0.16532356532356532,0.31697191697191696,0.3374847374847375,0.5978021978021978,0.1838827838827839,0.598046398046398,0.3553113553113553,0.24297924297924298,0.5936507936507937,0.3755799755799756,0.18315018315018314,0.09914529914529914,0.36214896214896214,0.4288156288156288,0.6476190476190476,0.16971916971916973,0.5792429792429793,0.13577533577533576,0.5528693528693529,0.38168498168498166,0.11013431013431013,0.5294261294261294,0.398046398046398,0.08131868131868132,0.4805860805860806,0.40024420024420027,0.4766788766788767,0.18852258852258852,0.1645909645909646,0.16727716727716727,0.6461538461538462,0.5203907203907204,0.6222222222222222,0.24517704517704517,0.5982905982905983,0.08131868131868132,0.5003663003663004,0.3374847374847375,0.11550671550671551,0.21611721611721613,0.1326007326007326,0.6376068376068376,0.29352869352869354,0.3641025641025641,0.5584859584859585,0.0735042735042735,0.3035409035409035,0.3755799755799756,0.3457875457875458,0.2695970695970696,0.590964590964591,0.04884004884004884,0.07155067155067155,0.11868131868131868,0.20757020757020758,0.20146520146520147,0.28669108669108667,0.274969474969475,0.6507936507936508,0.36507936507936506,0.15433455433455434,0.13284493284493284,0.17753357753357754,0.12673992673992673,0.1387057387057387,0.3247863247863248,0.6214896214896215,0.535042735042735,0.0862026862026862
0.4783882783882784,0.16336996336996337,0.44346764346764345,0.3418803418803419,0.221001221001221,0.27594627594627597,0.535042735042735,0.10354090354090355,0.57997557997558,0.13992673992673993,0.1623931623931624,0.3333333333333333,0.32722832722832723,0.6046398046398046,0.21294261294261294,0.588034188034188,0.37948717948717947,0.23394383394383395,0.600976800976801,0.37094017094017095,0.1772893772893773,0.0971916971916972,0.34798534798534797,0.4634920634920635,0.652991452991453,0.1663003663003663,0.5609279609279609,0.13162393162393163,0.5443223443223443,0.39902319902319905,0.10818070818070818,0.5435897435897435,0.3860805860805861,0.08034188034188035,0.4669108669108669,0.3873015873015873,0.463980463980464,0.21562881562881564,0.15775335775335775,0.1641025641025641,0.64004884004884,0.5428571428571428,0.622954822954823,0.23882783882783884,0.5995115995115995,0.08131868131868132,0.4835164835164835,0.3252747252747253,0.11306471306471307,0.2468864468864469,0.13015873015873017,0.6554334554334554,0.2857142857142857,0.38925518925518926,0.5721611721611721,0.07252747252747253,0.2945054945054945,0.36434676434676433,0.33528693528693526,0.2783882783882784,0.6073260073260073,0.04932844932844933,0.06910866910866911,0.12722832722832722,0.20366300366300366,0.1960927960927961,0.2754578754578755,0.2656898656898657,0.6547008547008547,0.3785103785103785,0.1496947496947497,0.13015873015873017,0.1711843711843712,0.12234432234432234,0.13504273504273503,0.3540903540903541,0.6068376068376068,0.546031746031746,0.09352869352869353
0.5047619047619047,0.1597069597069597,0.4742368742368742,0.3333333333333333,0.2612942612942613,0.2695970695970696,0.517948717948718,0.10305250305250305,0.5838827838827839,0.13504273504273503,0.1619047619047619,0.3514041514041514,0.31697191697191696,0.6087912087912087,0.24517704517704517,0.5755799755799755,0.40244200244200246,0.2271062271062271,0.6083028083028083,0.3648351648351648,0.1746031746031746,0.09499389499389499,0.3338217338217338,0.4967032967032967,0.6559218559218559,0.16312576312576313,0.5428571428571428,0.12747252747252746,0.5333333333333333,0.41318681318681316,0.10622710622710622,0.5557997557997558,0.37484737484737485,0.07936507936507936,0.4568986568986569,0.37484737484737485,0.4517704517704518,0.24737484737484738,0.1514041514041514,0.16483516483516483,0.6307692307692307,0.5614163614163614,0.621001221001221,0.23296703296703297,0.5978021978021978,0.08131868131868132,0.46715506715506716,0.3133089133089133,0.11135531135531136,0.27936507936507937,0.12796092796092795,0.67008547008547,0.2783882783882784,0.4148962148962149,0.5841269841269842,0.0735042735042735,0.2857142857142857,0.35311355311355314,0.32454212454212455,0.2886446886446886,0.6222222222222222,0.04932844932844933,0.0673992673992674,0.13992673992673993,0.2,0.1907203907203907,0.2664224664224664,0.2571428571428571,0.6559218559218559,0.39023199023199023,0.14505494505494507,0.12844932844932844,0.16385836385836386,0.11794871794871795,0.13357753357753357,0.38363858363858366,0.590964590964591,0.5528693528693529,0.10207570207570207
0.5301587301587302,0.15653235653235653,0.503052503052503,0.32576312576312577,0.3032967032967033,0.2647130647130647,0.5003663003663004,0.1028083028083028,0.5853479853479854,0.13137973137973138,0.16385836385836386,0.3694749694749695,0.30622710622710625,0.6097680097680098,0.27912087912087913,0.5616605616605617,0.4214896214896215,0.22173382173382172,0.6144078144078144,0.35702075702075703,0.17362637362637362,0.09304029304029304,0.3199023199023199,0.5277167277167277,0.6561660561660562,0.16043956043956045,0.525030525030525,0.12356532356532357,0.5218559218559219,0.4271062271062271,0.1054945054945055,0.566056166056166,0.3641025641025641,0.07863247863247863,0.44590964590964594,0.3648351648351648,0.43956043956043955,0.2822954822954823,0.14554334554334555,0.1706959706959707,0.62002442002442,0.5811965811965812,0.6166056166056166,0.2271062271062271,0.5934065934065934,0.08083028083028083,0.45152625152625153,0.3032967032967033,0.10866910866910867,0.31404151404151404,0.12576312576312576,0.6822954822954823,0.27228327228327226,0.43907203907203907,0.5941391941391941,0.07716727716727717,0.27692307692307694,0.3423687423687424,0.31404151404151404,0.3001221001221001,0.6351648351648351,0.04908424908424908,0.06593406593406594,0.1575091575091575,0.19658119658119658,0.18583638583638584,0.25860805860805863,0.2490842490842491,0.6544566544566545,0.3992673992673993,0.14188034188034188,0.126007326007326,0.1562881562881563,0.11330891330891331,0.13553113553113552,0.4126984126984127,0.5738705738705738,0.5557997557997558,0.11404151404151404
0.5545787545787546,0.15335775335775337,0.5291819291819292,0.31868131868131866,0.33992673992673994,0.2605616605616606,0.4822954822954823,0.10256410256410256,0.5843711843711844,0.12869352869352868,0.16874236874236875,0.38632478632478634,0.29572649572649573,0.6083028083028083,0.3133089133089133,0.5462759462759462,0.4371184371184371,0.21611721611721613,0.6178266178266179,0.3482295482295482,0.17094017094017094,0.09133089133089133,0.3064713064713065,0.5557997557997558,0.6532356532356532,0.15897435897435896,0.5079365079365079,0.12087912087912088,0.5096459096459096,0.4398046398046398,0.10671550671550671,0.5746031746031746,0.35384615384615387,0.07741147741147741,0.43272283272283274,0.3557997557997558,0.42735042735042733,0.3184371184371184,0.13992673992673993,0.1807081807081807,0.6075702075702075,0.6004884004884005,0.6092796092796092,0.22124542124542124,0.5863247863247864,0.08058608058608059,0.43785103785103785,0.29426129426129427,0.10573870573870574,0.3496947496947497,0.12356532356532357,0.6913308913308913,0.2652014652014652,0.4608058608058608,0.6021978021978022,0.08498168498168499,0.26837606837606837,0.3311355311355311,0.3047619047619048,0.31477411477411477,0.6451770451770452,0.04884004884004884,0.06495726495726496,0.17924297924297924,0.19413919413919414,0.18192918192918192,0.24981684981684982,0.2407814407814408,0.6505494505494506,0.40634920634920635,0.1391941391941392,0.12307692307692308,0.14847374847374847,0.10866910866910867,0.14285714285714285,0.44004884004884004,0.5560439560439561,0.5557997557997558,0.13113553113553114
0.5777777777777777,0.14993894993894993,0.5528693528693529,0.31135531135531136,0.3733821733821734,0.25567765567765566,0.46495726495726497,0.10256410256410256,0.5811965811965812,0.12503052503052503,0.17753357753357754,0.40195360195360197,0.2847374847374847,0.6041514041514041,0.34676434676434675,0.5316239316239316,0.452991452991453,0.2105006105006105,0.6190476190476191,0.3387057387057387,0.16776556776556775,0.08937728937728938,0.295970695970696,0.5807081807081808,0.6471306471306472,0.15946275946275945,0.4918192918192918,0.11868131868131868,0.49621489621489623,0.4503052503052503,0.11135531135531136,0.5814407814407815,0.3440781440781441,0.0761904761904762,0.4214896214896215,0.34676434676434675,0.41562881562881565,0.35433455433455435,0.1347985347985348,0.19633699633699633,0.5926739926739927,0.6180708180708181,0.5995115995115995,0.2153846153846154,0.5765567765567765,0.0800976800976801,0.4256410256410256,0.284004884004884,0.1028083028083028,0.38534798534798537,0.12136752136752137,0.6979242979242979,0.2578754578754579,0.4793650793650794,0.6075702075702075,0.09816849816849817,0.25982905982905985,0.3213675213675214,0.29645909645909646,0.3311355311355311,0.6527472527472528,0.04810744810744811,0.06593406593406594,0.20463980463980463,0.19316239316239317,0.178998778998779,0.24004884004884006,0.23272283272283273,0.6442002442002442,0.4105006105006105,0.13553113553113552,0.12014652014652015,0.1409035409035409,0.10427350427350428,0.15702075702075702,0.4652014652014652,0.5396825396825397,0.5543345543345544,0.15531135531135531
0.599023199023199,0.14676434676434677,0.5738705738705738,0.3047619047619048,0.409035409035409,0.25054945054945055,0.44835164835164837,0.10256410256410256,0.5755799755799755,0.12112332112332112,0.1916971916971917,0.4158730158730159,0.273992673992674,0.5978021978021978,0.37826617826617825,0.5174603174603175,0.46813186813186813,0.20488400488400488,0.6178266178266179,0.3286935286935287,0.16385836385836386,0.08766788766788766,0.2869352869352869,0.6019536019536019,0.6378510378510378,0.16263736263736264,0.4766788766788767,0.11575091575091576,0.48205128205128206,0.45885225885225883,0.12087912087912088,0.5863247863247864,0.3343101343101343,0.07521367521367521,0.4129426129426129,0.33724053724053726,0.4043956043956044,0.38925518925518926,0.13064713064713065,0.22026862026862026,0.5768009768009768,0.6336996336996337,0.5873015873015873,0.21001221001221002,0.5645909645909646,0.08058608058608059,0.41318681318681316,0.273992673992674,0.1010989010989011,0.4202686202686203,0.11941391941391942,0.7013431013431013,0.25054945054945055,0.49523809523809526,0.6102564102564103,0.11697191697191697,0.2515262515262515,0.3120879120879121,0.2874236874236874,0.3482295482295482,0.6568986568986569,0.047619047619047616,0.06935286935286936,0.23247863247863249,0.1943833943833944,0.17509157509157508,0.23076923076923078,0.22515262515262516,0.6349206349206349,0.4122100122100122,0.13162393162393163,0.11697191697191697,0.13357753357753357,0.09963369963369964,0.17924297924297924,0.4879120879120879,0.5238095238095238,0.5504273504273505,0.18656898656898657
0.6183150183150183,0.14383394383394382,0.5892551892551893,0.29865689865689865,0.44395604395604393,0.24493284493284492,0.4324786324786325,0.10256410256410256,0.568009768009768,0.11697191697191697,0.210989010989011,0.4283272283272283,0.2634920634920635,0.5885225885225885,0.4043956043956044,0.5023199023199023,0.4818070818070818,0.19926739926739928,0.6136752136752137,0.31868131868131866,0.15995115995115994,0.08717948717948718,0.27814407814407816,0.6202686202686203,0.6258852258852259,0.1702075702075702,0.4634920634920635,0.11233211233211234,0.4673992673992674,0.46495726495726497,0.1365079365079365,0.5885225885225885,0.32454212454212455,0.07594627594627594,0.40244200244200246,0.3277167277167277,0.3934065934065934,0.421978021978022,0.12722832722832722,0.2515262515262515,0.55995115995116,0.6473748473748474,0.5731379731379731,0.20537240537240536,0.5514041514041514,0.08131868131868132,0.40073260073260075,0.263980463980464,0.10134310134310134,0.452991452991453,0.11794871794871795,0.7023199023199023,0.24273504273504273,0.5086691086691086,0.6105006105006106,0.1413919413919414,0.24517704517704517,0.30207570207570206,0.27765567765567767,0.3648351648351648,0.6581196581196581,0.04737484737484737,0.07765567765567766,0.2576312576312576,0.19755799755799755,0.1711843711843712,0.22124542124542124,0.21782661782661783,0.6239316239316239,0.4126984126984127,0.12747252747252746,0.1137973137973138,0.1264957264957265,0.09499389499389499,0.20927960927960929,0.5052503052503052,0.5079365079365079,0.5443223443223443,0.22466422466422467
0.6358974358974359,0.14188034188034188,0.6007326007326007,0.2903540903540904,0.47692307692307695,0.23931623931623933,0.41733821733821735,0.10256410256410256,0.5582417582417583,0.11282051282051282,0.23516483516483516,0.4388278388278388,0.25274725274725274,0.5782661782661783,0.4261294261294261,0.4869352869352869,0.4932844932844933,0.19365079365079366,0.6068376068376068,0.30915750915750917,0.15775335775335775,0.08717948717948718,0.26935286935286934,0.6351648351648351,0.610989010989011,0.1824175824175824,0.4512820512820513,0.10842490842490843,0.45323565323565324,0.46813186813186813,0.15897435897435896,0.5882783882783883,0.3162393162393162,0.07667887667887668,0.3912087912087912,0.3184371184371184,0.38266178266178263,0.4525030525030525,0.12307692307692308,0.2893772893772894,0.5428571428571428,0.6588522588522588,0.557997557997558,0.2004884004884005,0.5382173382173382,0.08131868131868132,0.3887667887667888,0.25396825396825395,0.10476190476190476,0.4835164835164835,0.11721611721611722,0.6996336996336996,0.23467643467643468,0.5191697191697192,0.6078144078144078,0.1706959706959707,0.23956043956043957,0.2915750915750916,0.2681318681318681,0.3797313797313797,0.6561660561660562,0.04664224664224664,0.09206349206349207,0.28083028083028083,0.19267399267399268,0.16776556776556775,0.21196581196581196,0.21147741147741148,0.6117216117216118,0.41147741147741146,0.12307692307692308,0.11086691086691086,0.11941391941391942,0.0905982905982906,0.24664224664224665,0.518925518925519,0.49206349206349204,0.5357753357753358,0.26886446886446885
0.6507936507936508,0.14212454212454212,0.611965811965812,0.2800976800976801,0.5074481074481074,0.2336996336996337,0.40293040293040294,0.10256410256410256,0.5477411477411478,0.10866910866910867,0.26324786324786326,0.44761904761904764,0.24224664224664225,0.5667887667887668,0.44835164835164837,0.47228327228327227,0.5023199023199023,0.18852258852258852,0.5978021978021978,0.3001221001221001,0.1562881562881563,0.08644688644688645,0.2612942612942613,0.6471306471306472,0.5943833943833944,0.19706959706959706,0.43833943833943834,0.10476190476190476,0.4398046398046398,0.4683760683760684,0.18803418803418803,0.5853479853479854,0.3086691086691087,0.07667887667887668,0.3797313797313797,0.3086691086691087,0.37216117216117217,0.48083028083028084,0.11843711843711843,0.3316239316239316,0.5262515262515263,0.6681318681318681,0.5418803418803418,0.1973137973137973,0.5245421245421246,0.08131868131868132,0.37655677655677655,0.24395604395604395,0.11282051282051282,0.5111111111111111,0.11868131868131868,0.6945054945054945,0.2271062271062271,0.5272283272283272,0.6021978021978022,0.20341880341880342,0.23272283272283273,0.28083028083028083,0.25860805860805863,0.3924297924297924,0.6512820512820513,0.046153846153846156,0.11404151404151404,0.3064713064713065,0.1877899877899878,0.16483516483516483,0.20317460317460317,0.20634920634920634,0.5970695970695971,0.4087912087912088,0.11892551892551892,0.10818070818070818,0.11282051282051282,0.0862026862026862,0.2835164835164835,0.5321123321123321,0.4766788766788767,0.5247863247863248,0.3162393162393162
0.663980463980464,0.14481074481074482,0.6214896214896215,0.26764346764346764,0.535042735042735,0.22832722832722832,0.3887667887667888,0.10256410256410256,0.5365079365079365,0.10476190476190476,0.29426129426129427,0.45445665445665445,0.23223443223443224,0.5528693528693529,0.46935286935286935,0.4581196581196581,0.5089133089133089,0.18315018315018314,0.5865689865689866,0.2915750915750916,0.15433455433455434,0.08571428571428572,0.2537240537240537,0.6559218559218559,0.5785103785103786,0.2144078144078144,0.4249084249084249,0.10158730158730159,0.42637362637362636,0.4656898656898657,0.2231990231990232,0.57997557997558,0.3001221001221001,0.07667887667887668,0.3682539682539683,0.3047619047619048,0.36166056166056165,0.5067155067155067,0.11330891330891331,0.3763125763125763,0.5103785103785103,0.6744810744810745,0.526007326007326,0.19487179487179487,0.5101343101343101,0.08083028083028083,0.36434676434676433,0.2341880341880342,0.1264957264957265,0.5362637362637362,0.12283272283272283,0.6881562881562882,0.21953601953601953,0.5328449328449328,0.5938949938949939,0.23394383394383395,0.2258852258852259,0.2703296703296703,0.24957264957264957,0.40244200244200246,0.6432234432234433,0.04566544566544566,0.1391941391941392,0.33235653235653234,0.199023199023199,0.16312576312576313,0.19462759462759463,0.2026862026862027,0.580952380952381,0.4039072039072039,0.11477411477411477,0.1054945054945055,0.10671550671550671,0.08376068376068375,0.32112332112332115,0.544078144078144,0.4622710622710623,0.512087912087912,0.3653235653235653
0.6725274725274726,0.1496947496947497,0.6280830280830281,0.2537240537240537,0.5597069597069597,0.22295482295482297,0.3750915750915751,0.10329670329670329,0.5245421245421246,0.10061050061050061,0.32673992673992674,0.4593406593406593,0.22417582417582418,0.5377289377289377,0.4879120879120879,0.44468864468864466,0.5125763125763125,0.17777777777777778,0.5736263736263736,0.2844932844932845,0.15286935286935288,0.08473748473748474,0.24664224664224665,0.6617826617826618,0.5623931623931624,0.23785103785103784,0.4117216117216117,0.09963369963369964,0.4141636141636142,0.4603174603174603,0.26275946275946277,0.5724053724053724,0.2910866910866911,0.07643467643467644,0.35702075702075703,0.3035409035409035,0.3516483516483517,0.5301587301587302,0.10842490842490843,0.4214896214896215,0.494993894993895,0.6781440781440782,0.5111111111111111,0.19194139194139195,0.4954822954822955,0.08058608058608059,0.3523809523809524,0.22466422466422467,0.14627594627594628,0.5557997557997558,0.12991452991452992,0.6793650793650794,0.21196581196581196,0.536019536019536,0.5838827838827839,0.26275946275946277,0.21904761904761905,0.25982905982905985,0.24102564102564103,0.4095238095238095,0.6327228327228327,0.046886446886446886,0.16825396825396827,0.3562881562881563,0.22124542124542124,0.16361416361416362,0.18632478632478633,0.19755799755799755,0.5638583638583639,0.39755799755799753,0.11086691086691086,0.1028083028083028,0.10036630036630037,0.0822954822954823,0.3648351648351648,0.5540903540903541,0.4485958485958486,0.49792429792429793,0.4141636141636142
0.6781440781440782,0.15824175824175823,0.6317460317460317,0.23833943833943835,0.5814407814407815,0.21782661782661783,0.3614163614163614,0.10427350427350428,0.512087912087912,0.09621489621489622,0.3597069597069597,0.4617826617826618,0.21733821733821734,0.5218559218559219,0.504029304029304,0.431990231990232,0.5135531135531135,0.17216117216117216,0.558974358974359,0.27814407814407816,0.15262515262515264,0.08376068376068375,0.23956043956043957,0.6634920634920635,0.5445665445665445,0.2652014652014652,0.39829059829059826,0.09914529914529914,0.40195360195360197,0.4525030525030525,0.29987789987789987,0.5623931623931624,0.2822954822954823,0.07594627594627594,0.3435897435897436,0.2971916971916972,0.34163614163614164,0.5482295482295483,0.10354090354090355,0.46544566544566546,0.4800976800976801,0.6786324786324787,0.4976800976800977,0.18876678876678876,0.4818070818070818,0.0800976800976801,0.3404151404151404,0.21562881562881564,0.17216117216117216,0.5714285714285714,0.14188034188034188,0.6683760683760683,0.20463980463980463,0.536996336996337,0.5721611721611721,0.2945054945054945,0.21245421245421245,0.25006105006105006,0.23272283272283273,0.4134310134310134,0.62002442002442,0.04884004884004884,0.2061050061050061,0.378021978021978,0.25103785103785103,0.1675213675213675,0.17875457875457876,0.19267399267399268,0.546031746031746,0.3894993894993895,0.10695970695970695,0.10036630036630037,0.09621489621489622,0.0800976800976801,0.41074481074481073,0.5619047619047619,0.4354090354090354,0.4832722832722833,0.4603174603174603
0.6825396825396826,0.17094017094017094,0.6317460317460317,0.22246642246642245,0.6,0.21294261294261294,0.34847374847374846,0.10451770451770452,0.4993894993894994,0.09206349206349207,0.3924297924297924,0.4617826617826618,0.20927960927960929,0.505982905982906,0.5174603174603175,0.42002442002442003,0.5118437118437118,0.16678876678876678,0.5448107448107448,0.272039072039072,0.1540903540903541,0.08278388278388278,0.23247863247863249,0.6625152625152625,0.5264957264957265,0.29572649572649573,0.38534798534798537,0.10183150183150183,0.3904761904761905,0.44346764346764345,0.3347985347985348,0.5496947496947497,0.2737484737484738,0.0757020757020757,0.33137973137973137,0.2886446886446886,0.33284493284493283,0.5626373626373626,0.09914529914529914,0.5069597069597069,0.46642246642246643,0.6761904761904762,0.4835164835164835,0.18534798534798536,0.46813186813186813,0.07912087912087912,0.32844932844932845,0.2070818070818071,0.20366300366300366,0.5873015873015873,0.15946275946275945,0.6554334554334554,0.19755799755799755,0.5347985347985348,0.5575091575091575,0.326007326007326,0.2056166056166056,0.2402930402930403,0.22466422466422467,0.41440781440781443,0.6063492063492063,0.04957264957264957,0.2507936507936508,0.3973137973137973,0.28595848595848594,0.17533577533577532,0.1711843711843712,0.1873015873015873,0.527960927960928,0.3807081807081807,0.10305250305250305,0.09816849816849817,0.09304029304029304,0.07716727716727717,0.45665445665445664,0.5675213675213675,0.4222222222222222,0.4683760683760684,0.503052503052503
0.6844932844932845,0.18925518925518925,0.6278388278388278,0.20732600732600734,0.6158730158730159,0.20781440781440783,0.336996336996337,0.10451770451770452,0.4869352869352869,0.08766788766788766,0.4202686202686203,0.4598290598290598,0.20146520146520147,0.4905982905982906,0.527960927960928,0.4078144078144078,0.5074481074481074,0.16312576312576313,0.5308913308913309,0.2656898656898657,0.15897435897435896,0.08131868131868132,0.2253968253968254,0.6595848595848596,0.5089133089133089,0.3274725274725275,0.3724053724053724,0.10866910866910867,0.37924297924297923,0.43345543345543347,0.3741147741147741,0.535042735042735,0.26544566544566545,0.0757020757020757,0.32283272283272285,0.2788766788766789,0.32454212454212455,0.5777777777777777,0.09597069597069598,0.5457875457875457,0.452991452991453,0.671062271062271,0.4695970695970696,0.1824175824175824,0.4551892551892552,0.0778998778998779,0.3162393162393162,0.199023199023199,0.23443223443223443,0.6024420024420024,0.18339438339438338,0.6405372405372405,0.19194139194139195,0.5306471306471306,0.5413919413919414,0.3553113553113553,0.199023199023199,0.23125763125763127,0.21733821733821734,0.4129426129426129,0.5921855921855922,0.04981684981684982,0.29914529914529914,0.4134310134310134,0.32332112332112334,0.18754578754578755,0.16605616605616605,0.1824175824175824,0.5103785103785103,0.3706959706959707,0.09963369963369964,0.09694749694749695,0.08864468864468865,0.07448107448107448,0.49963369963369964,0.5709401709401709,0.4095238095238095,0.4537240537240537,0.5365079365079365
0.684004884004884,0.2126984126984127,0.6205128205128205,0.1934065934065934,0.6280830280830281,0.2043956043956044,0.326007326007326,0.10427350427350428,0.47496947496947495,0.08351648351648351,0.4444444444444444,0.4559218559218559,0.19316239316239317,0.4757020757020757,0.5362637362637362,0.3960927960927961,0.5001221001221001,0.1597069597069597,0.5162393162393163,0.25934065934065936,0.1675213675213675,0.07985347985347985,0.21831501831501832,0.653968253968254,0.4918192918192918,0.3597069597069597,0.3597069597069597,0.12112332112332112,0.36923076923076925,0.4214896214896215,0.41367521367521365,0.5194139194139195,0.2571428571428571,0.0761904761904762,0.31355311355311355,0.27057387057387056,0.31575091575091574,0.5914529914529915,0.09474969474969475,0.5814407814407815,0.4415140415140415,0.6632478632478632,0.45567765567765567,0.1794871794871795,0.4427350427350427,0.07667887667887668,0.30378510378510376,0.19267399267399268,0.2652014652014652,0.6158730158730159,0.21318681318681318,0.6246642246642247,0.1873015873015873,0.5242979242979243,0.5235653235653236,0.3819291819291819,0.19291819291819293,0.22271062271062272,0.21025641025641026,0.40927960927960927,0.576068376068376,0.04981684981684982,0.34945054945054943,0.42686202686202684,0.36166056166056165,0.2043956043956044,0.16166056166056167,0.17802197802197803,0.49352869352869355,0.3601953601953602,0.09768009768009768,0.09694749694749695,0.08376068376068375,0.07179487179487179,0.5391941391941392,0.5721611721611721,0.3973137973137973,0.441025641025641,0.5638583638583639
0.6808302808302809,0.2402930402930403,0.6097680097680098,0.1807081807081807,0.6376068376068376,0.20170940170940171,0.315018315018315,0.10402930402930403,0.4634920634920635,0.08131868131868132,0.47057387057387057,0.4503052503052503,0.18534798534798536,0.46153846153846156,0.5416361416361416,0.38461538461538464,0.4913308913308913,0.15531135531135531,0.5010989010989011,0.25274725274725274,0.18046398046398046,0.07814407814407814,0.21123321123321123,0.6451770451770452,0.47545787545787543,0.39096459096459096,0.347008547008547,0.1391941391941392,0.35995115995115995,0.4078144078144078,0.45152625152625153,0.503052503052503,0.24957264957264957,0.0778998778998779,0.30207570207570206,0.26324786324786326,0.306959706959707,0.6036630036630036,0.09621489621489622,0.613919413919414,0.4307692307692308,0.6532356532356532,0.4424908424908425,0.17655677655677657,0.4307692307692308,0.0761904761904762,0.2915750915750916,0.1873015873015873,0.3013431013431013,0.6273504273504273,0.24810744810744811,0.6078144078144078,0.18192918192918192,0.5157509157509158,0.5052503052503052,0.4048840048840049,0.18656898656898657,0.21416361416361415,0.2043956043956044,0.40293040293040294,0.5594627594627595,0.04981684981684982,0.39902319902319905,0.4376068376068376,0.3992673992673993,0.22271062271062272,0.1562881562881563,0.17387057387057386,0.4776556776556777,0.3499389499389499,0.0971916971916972,0.09597069597069598,0.07936507936507936,0.06935286935286936,0.5743589743589743,0.5709401709401709,0.3848595848595849,0.4297924297924298,0.5904761904761905
0.6747252747252748,0.2717948717948718,0.5963369963369963,0.16923076923076924,0.6427350427350428,0.1978021978021978,0.3045177045177045,0.10427350427350428,0.4517704517704518,0.08131868131868132,0.495970695970696,0.44297924297924296,0.17802197802197803,0.4481074481074481,0.5443223443223443,0.37264957264957266,0.4818070818070818,0.15067155067155066,0.48644688644688644,0.2463980463980464,0.19829059829059828,0.07667887667887668,0.20537240537240536,0.6341880341880342,0.46007326007326005,0.42124542124542125,0.33455433455433453,0.1592185592185592,0.35067155067155065,0.39365079365079364,0.4866910866910867,0.48644688644688644,0.2424908424908425,0.08278388278388278,0.29181929181929184,0.2542124542124542,0.2976800976800977,0.613919413919414,0.10183150183150183,0.639072039072039,0.4197802197802198,0.6412698412698413,0.4297924297924298,0.17362637362637362,0.4197802197802198,0.07741147741147741,0.28034188034188035,0.18095238095238095,0.33894993894993897,0.6363858363858363,0.2862026862026862,0.590964590964591,0.17631257631257632,0.5047619047619047,0.4866910866910867,0.42466422466422465,0.18046398046398046,0.2061050061050061,0.19926739926739928,0.3938949938949939,0.5426129426129426,0.04981684981684982,0.4461538461538462,0.44590964590964594,0.43443223443223444,0.24273504273504273,0.15067155067155066,0.16971916971916973,0.46251526251526254,0.33992673992673994,0.09645909645909646,0.0945054945054945,0.07521367521367521,0.0673992673992674,0.6053724053724053,0.567032967032967,0.3724053724053724,0.4183150183150183,0.6144078144078144
0.6659340659340659,0.30500610500610503,0.5802197802197803,0.16043956043956045,0.6442002442002442,0.1934065934065934,0.2937728937728938,0.10598290598290598,0.441025641025641,0.08278388278388278,0.5201465201465202,0.43394383394383396,0.1711843711843712,0.4354090354090354,0.544078144078144,0.3623931623931624,0.46935286935286935,0.14554334554334555,0.47228327228327227,0.2398046398046398,0.2205128205128205,0.0757020757020757,0.20024420024420025,0.6202686202686203,0.4456654456654457,0.4495726495726496,0.3225885225885226,0.1824175824175824,0.3409035409035409,0.3797313797313797,0.5186813186813187,0.4700854700854701,0.2354090354090354,0.09206349206349207,0.28595848595848594,0.24493284493284492,0.2886446886446886,0.621978021978022,0.11257631257631258,0.6590964590964591,0.4078144078144078,0.6273504273504273,0.41733821733821735,0.17094017094017094,0.4087912087912088,0.08156288156288156,0.2703296703296703,0.17435897435897435,0.37655677655677655,0.6432234432234433,0.3218559218559219,0.5741147741147741,0.1706959706959707,0.49206349206349204,0.4683760683760684,0.44126984126984126,0.17435897435897435,0.2,0.19365079365079366,0.3831501831501832,0.526007326007326,0.04981684981684982,0.49035409035409033,0.4517704517704518,0.4627594627594628,0.2673992673992674,0.14505494505494507,0.16556776556776556,0.44835164835164837,0.33137973137973137,0.09816849816849817,0.09304029304029304,0.07106227106227106,0.0652014652014652,0.6327228327228327,0.5609279609279609,0.36117216117216117,0.4073260073260073,0.6349206349206349
0.6544566544566545,0.3396825396825397,0.5631257631257631,0.15335775335775337,0.6437118437118438,0.189010989010989,0.2835164835164835,0.11037851037851037,0.43003663003663006,0.08766788766788766,0.5426129426129426,0.4231990231990232,0.1645909645909646,0.42295482295482295,0.5406593406593406,0.3528693528693529,0.4554334554334554,0.14017094017094017,0.4586080586080586,0.23321123321123322,0.24713064713064714,0.07521367521367521,0.19413919413919414,0.6041514041514041,0.431990231990232,0.4757020757020757,0.3120879120879121,0.21196581196581196,0.3311355311355311,0.3663003663003663,0.5470085470085471,0.4547008547008547,0.22857142857142856,0.10451770451770452,0.28034188034188035,0.23516483516483516,0.27936507936507937,0.6275946275946276,0.126007326007326,0.6803418803418804,0.3960927960927961,0.6122100122100123,0.40512820512820513,0.168986568986569,0.398046398046398,0.08888888888888889,0.2590964590964591,0.16776556776556775,0.4122100122100122,0.6476190476190476,0.35555555555555557,0.5575091575091575,0.16507936507936508,0.4776556776556777,0.45103785103785105,0.4551892551892552,0.16971916971916973,0.19487179487179487,0.18803418803418803,0.3706959706959707,0.5101343101343101,0.04981684981684982,0.5299145299145299,0.4547008547008547,0.48644688644688644,0.29474969474969476,0.13943833943833944,0.1619047619047619,0.43492063492063493,0.3235653235653236,0.1028083028083028,0.09157509157509157,0.0673992673992674,0.06324786324786325,0.6556776556776557,0.5523809523809524,0.35115995115995113,0.3968253968253968,0.652014652014652
0.6412698412698413,0.3738705738705739,0.5470085470085471,0.1452991452991453,0.6407814407814408,0.18461538461538463,0.27326007326007323,0.11892551892551892,0.4192918192918193,0.09768009768009768,0.5628815628815629,0.41147741147741146,0.15824175824175823,0.41074481074481073,0.535042735042735,0.3423687423687424,0.441025641025641,0.13504273504273503,0.44542124542124545,0.22686202686202686,0.2766788766788767,0.08302808302808302,0.18754578754578755,0.5868131868131868,0.41904761904761906,0.49963369963369964,0.3028083028083028,0.2459096459096459,0.3213675213675214,0.3536019536019536,0.5721611721611721,0.4402930402930403,0.22173382173382172,0.12136752136752137,0.2717948717948718,0.2253968253968254,0.2703296703296703,0.6305250305250305,0.14358974358974358,0.7006105006105006,0.38412698412698415,0.5963369963369963,0.3934065934065934,0.16727716727716727,0.389010989010989,0.1010989010989011,0.24737484737484738,0.16117216117216118,0.4456654456654457,0.6498168498168498,0.3912087912087912,0.5428571428571428,0.1597069597069597,0.4617826617826618,0.4346764346764347,0.46593406593406594,0.16654456654456654,0.189010989010989,0.1829059829059829,0.35775335775335776,0.49523809523809526,0.04981684981684982,0.5650793650793651,0.4554334554334554,0.5103785103785103,0.32332112332112334,0.13382173382173382,0.157997557997558,0.4231990231990232,0.315995115995116,0.11257631257631258,0.09035409035409035,0.06398046398046398,0.06153846153846154,0.6752136752136753,0.5421245421245421,0.3404151404151404,0.38754578754578756,0.6654456654456654
0.6263736263736264,0.4073260073260073,0.5313797313797314,0.13675213675213677,0.6349206349206349,0.18021978021978022,0.26324786324786326,0.1330891330891331,0.4087912087912088,0.11404151404151404,0.5811965811965812,0.3992673992673993,0.15213675213675212,0.40024420024420027,0.5274725274725275,0.3311355311355311,0.4261294261294261,0.12991452991452992,0.43272283272283274,0.22026862026862026,0.30378510378510376,0.09352869352869353,0.18144078144078143,0.5687423687423687,0.4065934065934066,0.5186813186813187,0.2923076923076923,0.28205128205128205,0.3120879120879121,0.3413919413919414,0.5938949938949939,0.42686202686202684,0.21684981684981686,0.1457875457875458,0.26373626373626374,0.21611721611721613,0.2612942612942613,0.6307692307692307,0.16727716727716727,0.7189255189255189,0.3724053724053724,0.57997557997558,0.38168498168498166,0.16507936507936508,0.37997557997557996,0.12014652014652015,0.2358974358974359,0.15482295482295483,0.4757020757020757,0.6490842490842491,0.42686202686202684,0.5286935286935287,0.15482295482295483,0.4456654456654457,0.4197802197802198,0.47448107448107446,0.16214896214896216,0.18315018315018314,0.17777777777777778,0.3443223443223443,0.48131868131868133,0.04981684981684982,0.5956043956043956,0.4547008547008547,0.5326007326007326,0.3514041514041514,0.1291819291819292,0.15555555555555556,0.4122100122100122,0.3086691086691087,0.1282051282051282,0.08937728937728938,0.06105006105006105,0.060073260073260075,0.6886446886446886,0.5308913308913309,0.32967032967032966,0.3785103785103785,0.6757020757020757
0.6105006105006106,0.43492063492063493,0.515018315018315,0.12844932844932844,0.6261294261294261,0.17582417582417584,0.25347985347985347,0.15384615384615385,0.39902319902319905,0.13724053724053725,0.5968253968253968,0.3868131868131868,0.14627594627594628,0.39023199023199023,0.5177045177045178,0.3199023199023199,0.41196581196581195,0.126007326007326,0.4202686202686203,0.2139194139194139,0.3299145299145299,0.09841269841269841,0.17509157509157508,0.5501831501831502,0.3946275946275946,0.5340659340659341,0.2818070818070818,0.31868131868131866,0.30305250305250303,0.3304029304029304,0.6124542124542125,0.41440781440781443,0.2126984126984127,0.17777777777777778,0.2578754578754579,0.20757020757020758,0.252991452991453,0.6285714285714286,0.19584859584859585,0.7347985347985349,0.3606837606837607,0.5636141636141636,0.3694749694749695,0.1641025641025641,0.37045177045177047,0.14774114774114774,0.22466422466422467,0.14847374847374847,0.5025641025641026,0.645909645909646,0.4559218559218559,0.5145299145299145,0.1496947496947497,0.42905982905982903,0.4056166056166056,0.47985347985347987,0.1575091575091575,0.17753357753357754,0.17264957264957265,0.3316239316239316,0.4683760683760684,0.04981684981684982,0.6180708180708181,0.4525030525030525,0.5523809523809524,0.378021978021978,0.12527472527472527,0.15384615384615385,0.400976800976801,0.3018315018315018,0.15067155067155066,0.08888888888888889,0.058363858363858365,0.05885225885225885,0.6979242979242979,0.5177045177045178,0.3189255189255189,0.37045177045177047,0.6827838827838828
0.5960927960927961,0.4593406593406593,0.4989010989010989,0.1203907203907204,0.6146520146520147,0.17167277167277167,0.24395604395604395,0.1768009768009768,0.3894993894993895,0.1675213675213675,0.6102564102564103,0.37484737484737485,0.14212454212454212,0.37948717948717947,0.5062271062271062,0.3086691086691087,0.39829059829059826,0.1242979242979243,0.40854700854700854,0.2083028083028083,0.35873015873015873,0.10036630036630037,0.16923076923076924,0.5321123321123321,0.38412698412698415,0.5496947496947497,0.27106227106227104,0.35433455433455435,0.29426129426129427,0.3201465201465201,0.6280830280830281,0.40366300366300367,0.20757020757020758,0.21587301587301588,0.2515262515262515,0.199023199023199,0.24517704517704517,0.6231990231990232,0.2275946275946276,0.747985347985348,0.3487179487179487,0.5474969474969476,0.35873015873015873,0.16361416361416362,0.3601953601953602,0.1829059829059829,0.21416361416361415,0.14236874236874236,0.5264957264957265,0.6402930402930402,0.4810744810744811,0.5006105006105006,0.14505494505494507,0.41318681318681316,0.3924297924297924,0.4827838827838828,0.15262515262515264,0.17191697191697192,0.16825396825396827,0.31916971916971915,0.45665445665445664,0.05030525030525031,0.6351648351648351,0.44761904761904764,0.5687423687423687,0.40244200244200246,0.12307692307692308,0.15115995115995115,0.3894993894993895,0.29572649572649573,0.18021978021978022,0.0884004884004884,0.055921855921855924,0.059096459096459095,0.7057387057387058,0.503052503052503,0.30842490842490844,0.3626373626373626,0.6866910866910867
0.5826617826617827,0.48473748473748474,0.4827838827838828,0.11306471306471307,0.6004884004884005,0.1675213675213675,0.23467643467643468,0.20366300366300366,0.37948717948717947,0.20293040293040293,0.621001221001221,0.36336996336996336,0.1387057387057387,0.368986568986569,0.4932844932844933,0.29743589743589743,0.38534798534798537,0.12527472527472527,0.3968253968253968,0.20317460317460317,0.3882783882783883,0.1010989010989011,0.16312576312576313,0.5162393162393163,0.3750915750915751,0.5643467643467643,0.2608058608058608,0.3882783882783883,0.2852258852258852,0.3103785103785104,0.6388278388278388,0.3938949938949939,0.20195360195360196,0.2583638583638584,0.2454212454212454,0.19096459096459095,0.23785103785103784,0.6158730158730159,0.2617826617826618,0.7587301587301587,0.3367521367521368,0.5326007326007326,0.3492063492063492,0.16214896214896216,0.3499389499389499,0.22466422466422467,0.20366300366300366,0.13675213675213677,0.5474969474969476,0.6327228327228327,0.5069597069597069,0.4869352869352869,0.14065934065934066,0.3978021978021978,0.38168498168498166,0.484981684981685,0.147985347985348,0.1663003663003663,0.1641025641025641,0.30793650793650795,0.44517704517704515,0.05201465201465202,0.6515262515262515,0.441025641025641,0.5816849816849817,0.4244200244200244,0.12405372405372406,0.14822954822954823,0.378021978021978,0.2893772893772894,0.21562881562881564,0.08791208791208792,0.05347985347985348,0.060073260073260075,0.7120879120879121,0.4869352869352869,0.2979242979242979,0.3553113553113553,0.6874236874236874
0.5687423687423687,0.5094017094017094,0.46715506715506716,0.1072039072039072,0.5848595848595849,0.16361416361416362,0.2275946275946276,0.23882783882783884,0.3694749694749695,0.2424908424908425,0.629059829059829,0.3536019536019536,0.1347985347985348,0.35775335775335776,0.4796092796092796,0.2862026862026862,0.37362637362637363,0.12967032967032968,0.3868131868131868,0.19755799755799755,0.4170940170940171,0.10061050061050061,0.15702075702075702,0.5015873015873016,0.3648351648351648,0.5772893772893772,0.2507936507936508,0.42002442002442003,0.27643467643467645,0.30085470085470084,0.6461538461538462,0.3838827838827839,0.19633699633699633,0.3035409035409035,0.23931623931623933,0.18339438339438338,0.23076923076923078,0.6061050061050061,0.29645909645909646,0.7660561660561661,0.3247863247863248,0.517948717948718,0.3387057387057387,0.16043956043956045,0.3396825396825397,0.2713064713064713,0.19365079365079366,0.13137973137973138,0.5655677655677656,0.6224664224664225,0.5321123321123321,0.4735042735042735,0.13626373626373625,0.38461538461538464,0.37142857142857144,0.48547008547008547,0.14358974358974358,0.16092796092796094,0.16043956043956045,0.2979242979242979,0.4346764346764347,0.05445665445665446,0.6659340659340659,0.43174603174603177,0.591941391941392,0.4432234432234432,0.12942612942612944,0.1452991452991453,0.3665445665445665,0.2835164835164835,0.25567765567765566,0.08791208791208792,0.053235653235653234,0.060073260073260075,0.7155067155067155,0.47106227106227105,0.2879120879120879,0.3482295482295482,0.6852258852258852
0.5548229548229549,0.5328449328449328,0.4517704517704518,0.10329670329670329,0.568009768009768,0.15995115995115994,0.22148962148962148,0.27936507936507937,0.3592185592185592,0.2844932844932845,0.6346764346764346,0.34505494505494505,0.13015873015873017,0.3465201465201465,0.46593406593406594,0.27521367521367524,0.3626373626373626,0.13821733821733823,0.3775335775335775,0.19194139194139195,0.44395604395604393,0.09987789987789988,0.1514041514041514,0.4862026862026862,0.35384615384615387,0.5882783882783883,0.24126984126984127,0.44884004884004886,0.2678876678876679,0.29304029304029305,0.652991452991453,0.37362637362637363,0.1907203907203907,0.3496947496947497,0.23296703296703297,0.17631257631257632,0.22515262515262516,0.5941391941391941,0.3311355311355311,0.7702075702075702,0.31306471306471306,0.5052503052503052,0.3282051282051282,0.15824175824175823,0.3291819291819292,0.32112332112332115,0.1838827838827839,0.1264957264957265,0.5785103785103786,0.6102564102564103,0.5555555555555556,0.4603174603174603,0.13211233211233211,0.37264957264957266,0.36117216117216117,0.484004884004884,0.13943833943833944,0.15555555555555556,0.15653235653235653,0.28913308913308916,0.4253968253968254,0.05616605616605617,0.6778998778998779,0.42075702075702076,0.5982905982905983,0.442002442002442,0.14017094017094017,0.14212454212454212,0.3550671550671551,0.2778998778998779,0.2989010989010989,0.08888888888888889,0.05518925518925519,0.05958485958485959,0.715995115995116,0.45567765567765567,0.27814407814407816,0.3413919413919414,0.6798534798534799
0.5413919413919414,0.5543345543345544,0.4371184371184371,0.10207570207570207,0.5504273504273505,0.157997557997558,0.2144078144078144,0.3235653235653236,0.3492063492063492,0.32722832722832723,0.6363858363858363,0.33601953601953605,0.126007326007326,0.3347985347985348,0.452991452991453,0.2647130647130647,0.3523809523809524,0.1492063492063492,0.3672771672771673,0.18632478632478633,0.4683760683760684,0.0989010989010989,0.14627594627594628,0.4708180708180708,0.3426129426129426,0.5968253968253968,0.23272283272283273,0.47496947496947495,0.25934065934065936,0.2857142857142857,0.6581196581196581,0.3636141636141636,0.18534798534798536,0.3946275946275946,0.22686202686202686,0.16971916971916973,0.22002442002442002,0.580952380952381,0.36434676434676433,0.770940170940171,0.3013431013431013,0.4937728937728938,0.31746031746031744,0.15653235653235653,0.3189255189255189,0.37094017094017095,0.17484737484737484,0.12161172161172161,0.5877899877899878,0.5960927960927961,0.5768009768009768,0.44761904761904764,0.1291819291819292,0.3606837606837607,0.35067155067155065,0.48083028083028084,0.13553113553113552,0.15042735042735042,0.15286935286935288,0.2822954822954823,0.41514041514041516,0.057387057387057384,0.6869352869352869,0.40854700854700854,0.6021978021978022,0.4288156288156288,0.15482295482295483,0.1391941391941392,0.3435897435897436,0.27228327228327226,0.34285714285714286,0.09010989010989011,0.05934065934065934,0.059096459096459095,0.7128205128205128,0.44126984126984126,0.26886446886446885,0.33455433455433453,0.6722832722832723
0.527960927960928,0.5736263736263736,0.42295482295482295,0.10402930402930403,0.5333333333333333,0.15677655677655677,0.20732600732600734,0.36996336996337,0.33894993894993897,0.36434676434676433,0.6356532356532356,0.32722832722832723,0.12161172161172161,0.32332112332112334,0.4402930402930403,0.2542124542124542,0.3440781440781441,0.16336996336996337,0.35702075702075703,0.1807081807081807,0.4905982905982906,0.0989010989010989,0.1409035409035409,0.45567765567765567,0.33137973137973137,0.6026862026862027,0.22442002442002443,0.49792429792429793,0.252014652014652,0.27765567765567767,0.661050061050061,0.3536019536019536,0.17997557997557997,0.4368742368742369,0.21904761904761905,0.16507936507936508,0.21953601953601953,0.5665445665445665,0.3960927960927961,0.7682539682539683,0.2915750915750916,0.4818070818070818,0.3072039072039072,0.15555555555555556,0.3086691086691087,0.4197802197802198,0.1663003663003663,0.11868131868131868,0.5965811965811966,0.5807081807081808,0.5956043956043956,0.43492063492063493,0.12698412698412698,0.34847374847374846,0.3396825396825397,0.4752136752136752,0.13211233211233211,0.1452991452991453,0.14945054945054945,0.2766788766788767,0.40512820512820513,0.058363858363858365,0.6927960927960928,0.3951159951159951,0.6026862026862027,0.4256410256410256,0.17435897435897435,0.13626373626373625,0.33186813186813185,0.26666666666666666,0.3807081807081807,0.0905982905982906,0.0673992673992674,0.058363858363858365,0.7062271062271063,0.4275946275946276,0.2595848595848596,0.3286935286935287,0.662026862026862
0.5157509157509158,0.58998778998779,0.40927960927960927,0.10891330891330891,0.517948717948718,0.15506715506715507,0.20024420024420025,0.4166056166056166,0.3291819291819292,0.3978021978021978,0.6332112332112332,0.3189255189255189,0.11746031746031746,0.3125763125763126,0.4283272283272283,0.24444444444444444,0.33650793650793653,0.18192918192918192,0.34676434676434675,0.17533577533577532,0.5103785103785103,0.10134310134310134,0.13626373626373625,0.441025641025641,0.3203907203907204,0.6056166056166056,0.2170940170940171,0.5152625152625152,0.2454212454212454,0.2691086691086691,0.661050061050061,0.3435897435897436,0.17435897435897435,0.4757020757020757,0.21245421245421245,0.16214896214896216,0.22124542124542124,0.5511599511599512,0.4256410256410256,0.7621489621489621,0.28253968253968254,0.4695970695970696,0.2971916971916972,0.15653235653235653,0.29816849816849816,0.46544566544566546,0.1597069597069597,0.11672771672771673,0.6039072039072039,0.5641025641025641,0.611965811965812,0.42295482295482295,0.1242979242979243,0.3367521367521368,0.3286935286935287,0.4678876678876679,0.12869352869352868,0.14065934065934066,0.147008547008547,0.2708180708180708,0.39487179487179486,0.05958485958485959,0.6954822954822955,0.38095238095238093,0.6007326007326007,0.4256410256410256,0.20146520146520147,0.13382173382173382,0.3203907203907204,0.26105006105006107,0.4141636141636142,0.09084249084249084,0.08083028083028083,0.057631257631257635,0.6954822954822955,0.4148962148962149,0.2507936507936508,0.32332112332112334,0.6493284493284494
0.5037851037851038,0.6046398046398046,0.39584859584859583,0.11721611721611722,0.5037851037851038,0.15286935286935288,0.1934065934065934,0.4686202686202686,0.3199023199023199,0.4332112332112332,0.6285714285714286,0.31062271062271063,0.11330891330891331,0.30158730158730157,0.4166056166056166,0.23663003663003662,0.3282051282051282,0.20415140415140415,0.33650793650793653,0.17045177045177046,0.5277167277167277,0.1072039072039072,0.1330891330891331,0.42637362637362636,0.31013431013431014,0.6053724053724053,0.21001221001221002,0.528937728937729,0.23809523809523808,0.2605616605616606,0.6583638583638584,0.3333333333333333,0.16874236874236875,0.5108669108669108,0.2087912087912088,0.1597069597069597,0.21855921855921856,0.5355311355311355,0.4525030525030525,0.7533577533577533,0.27326007326007323,0.45738705738705737,0.2869352869352869,0.1606837606837607,0.2879120879120879,0.5076923076923077,0.15433455433455434,0.11452991452991453,0.609035409035409,0.5472527472527473,0.6256410256410256,0.41098901098901097,0.12136752136752137,0.3252747252747253,0.31746031746031744,0.45836385836385835,0.12551892551892552,0.13772893772893774,0.14505494505494507,0.26495726495726496,0.38461538461538464,0.06056166056166056,0.6945054945054945,0.36678876678876676,0.5960927960927961,0.4261294261294261,0.23516483516483516,0.13211233211233211,0.3089133089133089,0.2564102564102564,0.44884004884004886,0.09133089133089133,0.10158730158730159,0.056654456654456654,0.6813186813186813,0.4031746031746032,0.24346764346764346,0.3172161172161172,0.6346764346764346
0.49230769230769234,0.6161172161172161,0.3824175824175824,0.12722832722832722,0.4896214896214896,0.15067155067155066,0.18656898656898657,0.5223443223443224,0.31062271062271063,0.4683760683760684,0.6207570207570208,0.3028083028083028,0.10964590964590964,0.2910866910866911,0.40586080586080586,0.22979242979242978,0.31965811965811963,0.2288156288156288,0.326007326007326,0.16556776556776556,0.5428571428571428,0.11819291819291819,0.13137973137973138,0.4122100122100122,0.29987789987789987,0.6024420024420024,0.20293040293040293,0.5426129426129426,0.23028083028083027,0.2515262515262515,0.6525030525030525,0.32332112332112334,0.16336996336996337,0.5418803418803418,0.2056166056166056,0.15946275946275945,0.21343101343101342,0.5199023199023199,0.473992673992674,0.7421245421245422,0.2634920634920635,0.4456654456654457,0.27692307692307694,0.168986568986569,0.27814407814407816,0.5406593406593406,0.14847374847374847,0.11330891330891331,0.6117216117216118,0.5306471306471306,0.6366300366300366,0.3992673992673993,0.11843711843711843,0.31404151404151404,0.30622710622710625,0.44713064713064715,0.12258852258852258,0.13528693528693528,0.14212454212454212,0.2590964590964591,0.3741147741147741,0.06153846153846154,0.6901098901098901,0.35311355311355314,0.5885225885225885,0.4271062271062271,0.2737484737484738,0.13137973137973138,0.2976800976800977,0.2515262515262515,0.48253968253968255,0.09133089133089133,0.12967032967032968,0.05616605616605617,0.663980463980464,0.3921855921855922,0.2371184371184371,0.31062271062271063,0.6180708180708181
0.4810744810744811,0.6246642246642247,0.3711843711843712,0.13943833943833944,0.47619047619047616,0.14822954822954823,0.17997557997557997,0.5697191697191697,0.3018315018315018,0.5018315018315018,0.6107448107448108,0.294993894993895,0.10573870573870574,0.2810744810744811,0.3963369963369963,0.22173382173382172,0.3108669108669109,0.25518925518925517,0.31575091575091574,0.16117216117216118,0.5560439560439561,0.13235653235653236,0.1291819291819292,0.3987789987789988,0.28962148962148965,0.5965811965811966,0.19755799755799755,0.5548229548229549,0.22271062271062272,0.24273504273504273,0.6437118437118438,0.3133089133089133,0.15824175824175823,0.5653235653235653,0.2,0.16336996336996337,0.20781440781440783,0.5047619047619047,0.4918192918192918,0.7282051282051282,0.2537240537240537,0.43394383394383396,0.2673992673992674,0.1824175824175824,0.2691086691086691,0.5682539682539682,0.14236874236874236,0.11428571428571428,0.6112332112332113,0.5147741147741147,0.6451770451770452,0.3877899877899878,0.11575091575091576,0.30305250305250303,0.294993894993895,0.43443223443223444,0.12136752136752137,0.13235653235653236,0.1391941391941392,0.252991452991453,0.3641025641025641,0.06227106227106227,0.6822954822954823,0.3413919413919414,0.5787545787545788,0.42686202686202684,0.31575091575091574,0.1330891330891331,0.28815628815628813,0.2463980463980464,0.5133089133089133,0.09133089133089133,0.16507936507936508,0.05543345543345543,0.6434676434676435,0.38266178266178263,0.23003663003663002,0.3035409035409035,0.6004884004884005
0.46984126984126984,0.6295482295482295,0.36117216117216117,0.15433455433455434,0.463003663003663,0.14627594627594628,0.17362637362637362,0.6124542124542125,0.2932844932844933,0.5328449328449328,0.598046398046398,0.2874236874236874,0.10207570207570207,0.27326007326007323,0.3877899877899878,0.21343101343101342,0.30207570207570206,0.28156288156288156,0.305982905982906,0.15677655677655677,0.5653235653235653,0.15115995115995115,0.126007326007326,0.3851037851037851,0.2800976800976801,0.5885225885225885,0.19316239316239317,0.5655677655677656,0.2153846153846154,0.23394383394383395,0.6322344322344322,0.3035409035409035,0.15482295482295483,0.5838827838827839,0.1943833943833944,0.1724053724053724,0.20195360195360196,0.49035409035409033,0.5101343101343101,0.7125763125763126,0.24444444444444444,0.421978021978022,0.2578754578754579,0.20170940170940171,0.2617826617826618,0.5956043956043956,0.13626373626373625,0.11819291819291819,0.6083028083028083,0.4993894993894994,0.6507936507936508,0.37777777777777777,0.11306471306471307,0.2923076923076923,0.28376068376068375,0.42075702075702076,0.12087912087912088,0.1291819291819292,0.13675213675213677,0.24737484737484738,0.35384615384615387,0.06324786324786325,0.6713064713064713,0.3308913308913309,0.5667887667887668,0.4249084249084249,0.3584859584859585,0.1387057387057387,0.2796092796092796,0.2407814407814408,0.5404151404151404,0.09133089133089133,0.20634920634920634,0.05518925518925519,0.6214896214896215,0.37435897435897436,0.22271062271062272,0.29645909645909646,0.5816849816849817
0.45885225885225883,0.6307692307692307,0.35018315018315016,0.17167277167277167,0.4503052503052503,0.1443223443223443,0.16800976800976802,0.6512820512820513,0.28595848595848594,0.5611721611721612,0.582905982905983,0.2800976800976801,0.0989010989010989,0.2664224664224664,0.3785103785103785,0.20537240537240536,0.29352869352869354,0.3064713064713065,0.2962148962148962,0.15286935286935288,0.5716727716727716,0.17826617826617827,0.12307692307692308,0.37216117216117217,0.27057387057387056,0.5787545787545788,0.1877899877899878,0.5738705738705738,0.2083028083028083,0.22515262515262516,0.6180708180708181,0.2937728937728938,0.1523809523809524,0.6024420024420024,0.19023199023199022,0.18705738705738706,0.1960927960927961,0.47619047619047616,0.5277167277167277,0.6954822954822955,0.23565323565323565,0.41001221001221,0.2490842490842491,0.2231990231990232,0.25518925518925517,0.621001221001221,0.12991452991452992,0.12551892551892552,0.6024420024420024,0.48473748473748474,0.6527472527472528,0.3682539682539683,0.1111111111111111,0.2822954822954823,0.27277167277167275,0.4065934065934066,0.11941391941391942,0.12576312576312576,0.13528693528693528,0.24175824175824176,0.3431013431013431,0.06398046398046398,0.6586080586080586,0.3201465201465201,0.5523809523809524,0.42124542124542125,0.40073260073260075,0.14774114774114774,0.2703296703296703,0.23443223443223443,0.5641025641025641,0.09133089133089133,0.25225885225885225,0.054945054945054944,0.6004884004884005,0.36556776556776555,0.21562881562881564,0.2893772893772894,0.5631257631257631
0.44835164835164837,0.629059829059829,0.33894993894993897,0.19023199023199022,0.43785103785103785,0.14285714285714285,0.16263736263736264,0.6864468864468865,0.27936507936507937,0.5865689865689866,0.5665445665445665,0.2725274725274725,0.09597069597069598,0.25934065934065936,0.36923076923076925,0.1973137973137973,0.28498168498168497,0.32967032967032966,0.28669108669108667,0.14945054945054945,0.5772893772893772,0.21294261294261294,0.12014652014652015,0.35946275946275946,0.26275946275946277,0.567032967032967,0.18217338217338216,0.5794871794871795,0.20146520146520147,0.21636141636141637,0.6021978021978022,0.2857142857142857,0.14945054945054945,0.62002442002442,0.18583638583638584,0.2070818070818071,0.18998778998778998,0.4627594627594628,0.5435897435897435,0.676923076923077,0.22686202686202686,0.398046398046398,0.24004884004884006,0.24737484737484738,0.24786324786324787,0.6432234432234433,0.12405372405372406,0.13772893772893774,0.5936507936507937,0.47106227106227105,0.6512820512820513,0.35824175824175825,0.10915750915750916,0.2725274725274725,0.2622710622710623,0.39365079365079364,0.11697191697191697,0.12234432234432234,0.13577533577533576,0.2358974358974359,0.3326007326007326,0.06471306471306472,0.6437118437118438,0.3098901098901099,0.5355311355311355,0.41514041514041516,0.441025641025641,0.16092796092796094,0.2605616605616606,0.22808302808302808,0.5841269841269842,0.09133089133089133,0.29987789987789987,0.055921855921855924,0.57997557997558,0.35653235653235654,0.20854700854700856,0.2822954822954823,0.5448107448107448
0.43907203907203907,0.6249084249084249,0.3274725274725275,0.21025641025641026,0.4256410256410256,0.14212454212454212,0.15775335775335775,0.7135531135531136,0.27228327228327226,0.609035409035409,0.5487179487179488,0.26495726495726496,0.09474969474969475,0.252014652014652,0.3597069597069597,0.18998778998778998,0.27643467643467645,0.3499389499389499,0.2778998778998779,0.147008547008547,0.5811965811965812,0.25274725274725274,0.11746031746031746,0.347008547008547,0.25567765567765566,0.5533577533577534,0.17631257631257632,0.5826617826617827,0.19511599511599512,0.20781440781440783,0.5843711843711844,0.2783882783882784,0.147008547008547,0.6349206349206349,0.17997557997557997,0.23247863247863249,0.18363858363858365,0.45006105006105007,0.5572649572649573,0.6581196581196581,0.2188034188034188,0.38632478632478634,0.23321123321123322,0.27814407814407816,0.24004884004884006,0.6625152625152625,0.11819291819291819,0.15433455433455434,0.5824175824175825,0.4593406593406593,0.6483516483516484,0.34676434676434675,0.10744810744810745,0.26275946275946277,0.25347985347985347,0.38168498168498166,0.11452991452991453,0.11892551892551892,0.13968253968253969,0.22954822954822954,0.3218559218559219,0.06617826617826618,0.6271062271062271,0.3001221001221001,0.5167277167277168,0.40757020757020757,0.47814407814407817,0.18095238095238095,0.25103785103785103,0.22173382173382172,0.600976800976801,0.09133089133089133,0.34725274725274724,0.057387057387057384,0.5582417582417583,0.34725274725274724,0.20195360195360196,0.27521367521367524,0.5272283272283272
0.43052503052503055,0.6178266178266179,0.315995115995116,0.23125763125763127,0.41318681318681316,0.1426129426129426,0.15384615384615385,0.7357753357753358,0.26495726495726496,0.6288156288156288,0.5306471306471306,0.2571428571428571,0.09426129426129426,0.24444444444444444,0.35018315018315016,0.1829059829059829,0.2681318681318681,0.3672771672771673,0.2695970695970696,0.14505494505494507,0.5826617826617827,0.2962148962148962,0.11477411477411477,0.33650793650793653,0.24786324786324787,0.5387057387057387,0.1706959706959707,0.5833943833943834,0.18925518925518925,0.2,0.5675213675213675,0.2708180708180708,0.14627594627594628,0.6478632478632479,0.1746031746031746,0.26202686202686204,0.17777777777777778,0.4388278388278388,0.5684981684981685,0.639072039072039,0.21147741147741148,0.37484737484737485,0.22735042735042735,0.3128205128205128,0.23247863247863249,0.6783882783882784,0.11257631257631258,0.17606837606837608,0.5687423687423687,0.4485958485958486,0.642979242979243,0.3343101343101343,0.10598290598290598,0.252991452991453,0.2459096459096459,0.368986568986569,0.11184371184371185,0.11550671550671551,0.14774114774114774,0.22295482295482297,0.3115995115995116,0.06813186813186813,0.6087912087912087,0.2905982905982906,0.49743589743589745,0.398046398046398,0.512087912087912,0.20781440781440783,0.24175824175824176,0.21562881562881564,0.6148962148962149,0.09133089133089133,0.3877899877899878,0.057631257631257635,0.536019536019536,0.33821733821733824,0.1960927960927961,0.26837606837606837,0.5103785103785103
0.42075702075702076,0.6083028083028083,0.30427350427350425,0.25274725274725274,0.400976800976801,0.1452991452991453,0.1509157509157509,0.7592185592185592,0.25811965811965815,0.645909645909646,0.5125763125763125,0.2507936507936508,0.09304029304029304,0.23736263736263735,0.34114774114774116,0.17606837606837608,0.2600732600732601,0.38168498168498166,0.26275946275946277,0.1426129426129426,0.5811965811965812,0.3413919413919414,0.10989010989010989,0.326984126984127,0.23956043956043957,0.5233211233211233,0.16507936507936508,0.580952380952381,0.18437118437118438,0.19365079365079366,0.5511599511599512,0.26324786324786326,0.14774114774114774,0.6586080586080586,0.1706959706959707,0.2945054945054945,0.17362637362637362,0.4283272283272283,0.5772893772893772,0.6205128205128205,0.2043956043956044,0.36336996336996336,0.2205128205128205,0.3492063492063492,0.22466422466422467,0.6908424908424908,0.1072039072039072,0.20170940170940171,0.5533577533577534,0.43736263736263736,0.6349206349206349,0.32332112332112334,0.10476190476190476,0.24517704517704517,0.23785103785103784,0.35653235653235654,0.10866910866910867,0.11184371184371185,0.1606837606837607,0.21611721611721613,0.3032967032967033,0.06910866910866911,0.5897435897435898,0.28156288156288156,0.4771672771672772,0.3868131868131868,0.5428571428571428,0.24102564102564103,0.23296703296703297,0.20927960927960929,0.6261294261294261,0.09133089133089133,0.4227106227106227,0.057387057387057384,0.5145299145299145,0.3286935286935287,0.19023199023199022,0.2617826617826618,0.4945054945054945
0.41025641025641024,0.5968253968253968,0.29181929181929184,0.27472527472527475,0.389010989010989,0.15067155067155066,0.147008547008547,0.7819291819291819,0.2512820512820513,0.6598290598290598,0.49645909645909647,0.24493284493284492,0.09206349206349207,0.23028083028083027,0.33186813186813185,0.16947496947496948,0.25225885225885225,0.3916971916971917,0.2571428571428571,0.13992673992673993,0.577045177045177,0.3860805860805861,0.10329670329670329,0.3162393162393162,0.23101343101343103,0.5081807081807082,0.15946275946275945,0.576068376068376,0.18095238095238095,0.18876678876678876,0.5335775335775336,0.2554334554334554,0.15262515262515264,0.6666666666666666,0.16654456654456654,0.3282051282051282,0.1702075702075702,0.4170940170940171,0.5833943833943834,0.6024420024420024,0.19755799755799755,0.3536019536019536,0.2139194139194139,0.3855921855921856,0.2170940170940171,0.6998778998778998,0.10207570207570207,0.23003663003663002,0.5384615384615384,0.42588522588522587,0.6249084249084249,0.3133089133089133,0.10525030525030525,0.23785103785103784,0.22905982905982905,0.3443223443223443,0.10573870573870574,0.10842490842490843,0.178998778998779,0.210989010989011,0.2962148962148962,0.0695970695970696,0.5706959706959707,0.2725274725274725,0.45714285714285713,0.37435897435897436,0.5665445665445665,0.2783882783882784,0.22466422466422467,0.20317460317460317,0.6344322344322344,0.09206349206349207,0.4581196581196581,0.05641025641025641,0.49401709401709404,0.31916971916971915,0.18437118437118438,0.25518925518925517,0.4805860805860806
0.39951159951159954,0.5838827838827839,0.27912087912087913,0.29645909645909646,0.3768009768009768,0.15848595848595848,0.14285714285714285,0.802930402930403,0.24444444444444444,0.6708180708180708,0.4818070818070818,0.23809523809523808,0.09206349206349207,0.2231990231990232,0.3230769230769231,0.16336996336996337,0.24444444444444444,0.398046398046398,0.2512820512820513,0.136996336996337,0.5706959706959707,0.4283272283272283,0.0989010989010989,0.30500610500610503,0.22246642246642245,0.4937728937728938,0.15384615384615385,0.5687423687423687,0.17997557997557997,0.1838827838827839,0.515995115995116,0.24786324786324787,0.1623931623931624,0.6717948717948717,0.16263736263736264,0.357997557997558,0.16532356532356532,0.40586080586080586,0.5865689865689866,0.5853479853479854,0.19267399267399268,0.34505494505494505,0.20732600732600734,0.4214896214896215,0.20976800976800977,0.7054945054945055,0.09743589743589744,0.25665445665445663,0.5235653235653236,0.4146520146520147,0.6122100122100123,0.3035409035409035,0.10695970695970695,0.22979242979242978,0.221001221001221,0.33308913308913307,0.10329670329670329,0.10476190476190476,0.20293040293040293,0.20586080586080585,0.28815628815628813,0.07008547008547009,0.5514041514041514,0.26373626373626374,0.43785103785103785,0.3614163614163614,0.5855921855921856,0.31916971916971915,0.21684981684981686,0.1973137973137973,0.6385836385836385,0.09352869352869353,0.4908424908424908,0.05543345543345543,0.4752136752136752,0.3094017094017094,0.17875457875457876,0.24981684981684982,0.4678876678876679
0.389010989010989,0.5694749694749695,0.26666666666666666,0.3184371184371184,0.36507936507936506,0.16947496947496948,0.1387057387057387,0.8217338217338217,0.23785103785103784,0.6766788766788767,0.4666666666666667,0.23101343101343103,0.0945054945054945,0.21636141636141637,0.3142857142857143,0.15775335775335775,0.23833943833943835,0.4017094017094017,0.24517704517704517,0.1343101343101343,0.5614163614163614,0.4673992673992674,0.09548229548229548,0.2937728937728938,0.21416361416361415,0.4796092796092796,0.147985347985348,0.5587301587301587,0.18144078144078143,0.18046398046398046,0.4984126984126984,0.24004884004884006,0.17777777777777778,0.6744810744810745,0.1597069597069597,0.38461538461538464,0.1606837606837607,0.3946275946275946,0.5865689865689866,0.5692307692307692,0.18852258852258852,0.3355311355311355,0.20122100122100123,0.4551892551892552,0.20293040293040293,0.707936507936508,0.09304029304029304,0.2818070818070818,0.5074481074481074,0.40341880341880343,0.5975579975579975,0.2945054945054945,0.11037851037851037,0.22124542124542124,0.2126984126984127,0.3225885225885226,0.1010989010989011,0.10134310134310134,0.22686202686202686,0.19975579975579977,0.28034188034188035,0.07008547008547009,0.5328449328449328,0.25518925518925517,0.4197802197802198,0.3496947496947497,0.6046398046398046,0.36117216117216117,0.20903540903540904,0.19145299145299147,0.6398046398046398,0.0945054945054945,0.5199023199023199,0.05445665445665446,0.45738705738705737,0.2993894993894994,0.17338217338217338,0.2454212454212454,0.4547008547008547
0.3785103785103785,0.5543345543345544,0.25445665445665444,0.3396825396825397,0.35482295482295484,0.18485958485958487,0.1347985347985348,0.8373626373626374,0.23125763125763127,0.6788766788766789,0.45152625152625153,0.22393162393162394,0.10036630036630037,0.21001221001221002,0.30573870573870576,0.1536019536019536,0.23296703296703297,0.40195360195360197,0.23882783882783884,0.13162393162393163,0.5504273504273505,0.503052503052503,0.09352869352869353,0.28253968253968254,0.20586080586080585,0.46642246642246643,0.14236874236874236,0.5474969474969476,0.18583638583638584,0.17924297924297924,0.48205128205128206,0.23321123321123322,0.199023199023199,0.6742368742368743,0.15848595848595848,0.4129426129426129,0.15604395604395604,0.3833943833943834,0.5836385836385837,0.5545787545787546,0.18363858363858365,0.326007326007326,0.19487179487179487,0.4862026862026862,0.1960927960927961,0.7067155067155068,0.08986568986568987,0.3094017094017094,0.4908424908424908,0.3921855921855922,0.580952380952381,0.2852258852258852,0.11697191697191697,0.2126984126984127,0.20488400488400488,0.3125763125763126,0.09865689865689865,0.09865689865689865,0.25225885225885225,0.19291819291819293,0.272039072039072,0.07008547008547009,0.5147741147741147,0.24664224664224665,0.40244200244200246,0.3387057387057387,0.621978021978022,0.40293040293040294,0.20170940170940171,0.18583638583638584,0.6393162393162393,0.09474969474969475,0.5448107448107448,0.053235653235653234,0.441025641025641,0.28913308913308916,0.16800976800976802,0.24004884004884006,0.44175824175824174
0.3682539682539683,0.5391941391941392,0.24273504273504273,0.3572649572649573,0.34505494505494505,0.20463980463980463,0.1308913308913309,0.8495726495726496,0.22466422466422467,0.6793650793650794,0.4371184371184371,0.21684981684981686,0.11135531135531136,0.20366300366300366,0.2976800976800977,0.15042735042735042,0.22686202686202686,0.39902319902319905,0.23321123321123322,0.1291819291819292,0.5382173382173382,0.5345543345543345,0.0927960927960928,0.2713064713064713,0.1978021978021978,0.4537240537240537,0.13675213675213677,0.5355311355311355,0.19413919413919414,0.18168498168498168,0.46642246642246643,0.22686202686202686,0.22564102564102564,0.6713064713064713,0.16043956043956045,0.4405372405372405,0.15115995115995115,0.3724053724053724,0.5772893772893772,0.5411477411477411,0.17875457875457876,0.31648351648351647,0.189010989010989,0.5145299145299145,0.18998778998778998,0.702075702075702,0.08742368742368742,0.3374847374847375,0.47496947496947495,0.38095238095238093,0.5631257631257631,0.27643467643467645,0.12796092796092795,0.20415140415140415,0.1978021978021978,0.30305250305250303,0.09621489621489622,0.09816849816849817,0.283028083028083,0.18583638583638584,0.2634920634920635,0.07032967032967033,0.4976800976800977,0.23809523809523808,0.3882783882783883,0.32722832722832723,0.6366300366300366,0.4427350427350427,0.19487179487179487,0.18144078144078143,0.6371184371184371,0.09499389499389499,0.566056166056166,0.051770451770451774,0.4253968253968254,0.27912087912087913,0.1641025641025641,0.23467643467643468,0.4288156288156288
0.3584859584859585,0.5245421245421246,0.23125763125763127,0.37264957264957266,0.33406593406593404,0.22832722832722832,0.12698412698412698,0.859096459096459,0.21855921855921856,0.676923076923077,0.42295482295482295,0.21001221001221002,0.12869352869352868,0.19829059829059828,0.29084249084249086,0.14627594627594628,0.22026862026862026,0.3934065934065934,0.2288156288156288,0.1264957264957265,0.5247863247863248,0.5587301587301587,0.09084249084249084,0.2605616605616606,0.19023199023199022,0.44175824175824174,0.1326007326007326,0.5216117216117216,0.20683760683760682,0.18803418803418803,0.45152625152625153,0.2205128205128205,0.25665445665445663,0.6654456654456654,0.16971916971916973,0.46642246642246643,0.14676434676434677,0.3614163614163614,0.5687423687423687,0.526984126984127,0.17362637362637362,0.3072039072039072,0.18339438339438338,0.5399267399267399,0.18363858363858365,0.6945054945054945,0.08424908424908426,0.36434676434676433,0.4593406593406593,0.36971916971916974,0.5448107448107448,0.2681318681318681,0.14383394383394382,0.19584859584859585,0.19096459096459095,0.2937728937728938,0.09548229548229548,0.10012210012210013,0.315995115995116,0.178998778998779,0.25518925518925517,0.07057387057387057,0.48131868131868133,0.23076923076923078,0.3755799755799756,0.315995115995116,0.6356532356532356,0.4800976800976801,0.18876678876678876,0.17777777777777778,0.631990231990232,0.09499389499389499,0.5836385836385837,0.05030525030525031,0.41001221001221,0.2691086691086691,0.16117216117216118,0.22954822954822954,0.41611721611721614
0.3492063492063492,0.5101343101343101,0.22173382173382172,0.3887667887667888,0.32283272283272285,0.25518925518925517,0.12307692307692308,0.864957264957265,0.2126984126984127,0.671062271062271,0.40927960927960927,0.20317460317460317,0.15286935286935288,0.19291819291819293,0.28498168498168497,0.14188034188034188,0.21416361416361415,0.3851037851037851,0.2258852258852259,0.1242979242979243,0.5108669108669108,0.578021978021978,0.08864468864468865,0.24981684981684982,0.1829059829059829,0.4302808302808303,0.12967032967032968,0.5067155067155067,0.2231990231990232,0.2,0.43736263736263736,0.2144078144078144,0.29010989010989013,0.6573870573870574,0.18168498168498168,0.4896214896214896,0.1426129426129426,0.35067155067155065,0.5584859584859585,0.5125763125763125,0.16874236874236875,0.2979242979242979,0.17826617826617827,0.5628815628815629,0.178998778998779,0.684981684981685,0.08058608058608059,0.3894993894993895,0.4444444444444444,0.3584859584859585,0.526007326007326,0.2612942612942613,0.16507936507936508,0.1877899877899878,0.18437118437118438,0.2847374847374847,0.09548229548229548,0.10525030525030525,0.3499389499389499,0.17216117216117216,0.24737484737484738,0.07081807081807082,0.4656898656898657,0.22393162393162394,0.36288156288156287,0.30573870573870576,0.6244200244200244,0.5145299145299145,0.1838827838827839,0.17362637362637362,0.6239316239316239,0.09499389499389499,0.5975579975579975,0.04884004884004884,0.39487179487179486,0.26105006105006107,0.15775335775335775,0.22417582417582418,0.40366300366300367
0.3396825396825397,0.49645909645909647,0.2139194139194139,0.4039072039072039,0.31135531135531136,0.2847374847374847,0.11941391941391942,0.8676434676434677,0.20781440781440783,0.6615384615384615,0.3960927960927961,0.19658119658119658,0.18437118437118438,0.18925518925518925,0.27814407814407816,0.136996336996337,0.20781440781440783,0.37484737484737485,0.2253968253968254,0.12234432234432234,0.49792429792429793,0.5975579975579975,0.08595848595848596,0.2398046398046398,0.17582417582417584,0.4202686202686203,0.12576312576312576,0.4913308913308913,0.24297924297924298,0.21684981684981686,0.42344322344322344,0.2083028083028083,0.3201465201465201,0.6473748473748474,0.1934065934065934,0.5103785103785103,0.13846153846153847,0.34285714285714286,0.5457875457875457,0.4984126984126984,0.16385836385836386,0.28913308913308916,0.17362637362637362,0.5833943833943834,0.17509157509157508,0.6730158730158731,0.07716727716727717,0.4122100122100122,0.4302808302808303,0.3474969474969475,0.5076923076923077,0.2554334554334554,0.19145299145299147,0.18021978021978022,0.17802197802197803,0.27594627594627597,0.0945054945054945,0.11526251526251527,0.3831501831501832,0.16556776556776556,0.24004884004884006,0.07106227106227106,0.45103785103785105,0.21611721611721613,0.35067155067155065,0.2962148962148962,0.62002442002442,0.5411477411477411,0.1807081807081807,0.16947496947496948,0.6136752136752137,0.09499389499389499,0.608058608058608,0.04737484737484737,0.3819291819291819,0.25396825396825395,0.1540903540903541,0.21904761904761905,0.3916971916971917
0.3304029304029304,0.48424908424908425,0.20463980463980463,0.41782661782661784,0.2993894993894994,0.31575091575091574,0.11526251526251527,0.8669108669108669,0.20341880341880342,0.6490842490842491,0.3831501831501832,0.19047619047619047,0.22197802197802197,0.18632478632478633,0.2708180708180708,0.1326007326007326,0.20146520146520147,0.36336996336996336,0.2275946275946276,0.1203907203907204,0.4857142857142857,0.6158730158730159,0.08327228327228327,0.23028083028083027,0.168986568986569,0.41098901098901097,0.12161172161172161,0.4764346764346764,0.2656898656898657,0.23833943833943835,0.41001221001221,0.2021978021978022,0.3482295482295482,0.6356532356532356,0.21294261294261294,0.5284493284493285,0.13504273504273503,0.3367521367521368,0.5308913308913309,0.484004884004884,0.1592185592185592,0.2805860805860806,0.16923076923076924,0.5982905982905983,0.17094017094017094,0.6590964590964591,0.0735042735042735,0.43272283272283274,0.4166056166056166,0.336996336996337,0.4913308913308913,0.2490842490842491,0.22173382173382172,0.17313797313797313,0.17216117216117216,0.26837606837606837,0.09304029304029304,0.13162393162393163,0.4141636141636142,0.1597069597069597,0.23296703296703297,0.07155067155067155,0.43785103785103785,0.2083028083028083,0.3384615384615385,0.28766788766788765,0.6175824175824176,0.5628815628815629,0.17777777777777778,0.16532356532356532,0.6007326007326007,0.09499389499389499,0.6153846153846154,0.04566544566544566,0.36996336996337,0.2463980463980464,0.15213675213675212,0.21416361416361415,0.37948717948717947
0.32283272283272285,0.473015873015873,0.19487179487179487,0.4297924297924298,0.2879120879120879,0.3474969474969475,0.1111111111111111,0.8617826617826618,0.2083028083028083,0.6344322344322344,0.36996336996337,0.18485958485958487,0.25860805860805863,0.1824175824175824,0.2634920634920635,0.1282051282051282,0.19511599511599512,0.3509157509157509,0.23394383394383395,0.11965811965811966,0.473015873015873,0.631990231990232,0.08058608058608059,0.22148962148962148,0.16385836385836386,0.4014652014652015,0.11794871794871795,0.46153846153846156,0.29010989010989013,0.26373626373626374,0.3968253968253968,0.19829059829059828,0.37826617826617825,0.6222222222222222,0.2485958485958486,0.5435897435897435,0.1326007326007326,0.3274725274725275,0.515018315018315,0.4695970695970696,0.15433455433455434,0.2725274725274725,0.16605616605616605,0.6102564102564103,0.16654456654456654,0.6437118437118438,0.07032967032967033,0.4507936507936508,0.40366300366300367,0.3282051282051282,0.4766788766788767,0.2424908424908425,0.25518925518925517,0.1663003663003663,0.16654456654456654,0.2617826617826618,0.09133089133089133,0.15531135531135531,0.4427350427350427,0.15433455433455434,0.22612942612942613,0.07203907203907203,0.42588522588522587,0.20024420024420025,0.32673992673992674,0.28034188034188035,0.6146520146520147,0.5848595848595849,0.17631257631257632,0.16166056166056167,0.5858363858363859,0.09499389499389499,0.6195360195360196,0.046153846153846156,0.3567765567765568,0.23833943833943835,0.15213675213675212,0.20927960927960929,0.3677655677655678
0.315995115995116,0.4612942612942613,0.1851037851037851,0.43907203907203907,0.27643467643467645,0.378998778998779,0.1072039072039072,0.8532356532356532,0.21733821733821734,0.6178266178266179,0.35702075702075703,0.1794871794871795,0.29523809523809524,0.17875457875457876,0.25616605616605614,0.12405372405372406,0.18925518925518925,0.3384615384615385,0.24395604395604395,0.11892551892551892,0.4603174603174603,0.6461538461538462,0.07765567765567766,0.2144078144078144,0.1597069597069597,0.39096459096459096,0.11428571428571428,0.4473748473748474,0.31477411477411477,0.29181929181929184,0.38534798534798537,0.19462759462759463,0.40805860805860805,0.6078144078144078,0.28498168498168497,0.5557997557997558,0.13235653235653236,0.31868131868131866,0.4981684981684982,0.4551892551892552,0.14993894993894993,0.2652014652014652,0.16361416361416362,0.6224664224664225,0.16214896214896216,0.6273504273504273,0.06715506715506715,0.46593406593406594,0.39096459096459096,0.3199023199023199,0.46153846153846156,0.2358974358974359,0.2893772893772894,0.1597069597069597,0.16263736263736264,0.2542124542124542,0.08937728937728938,0.18632478632478633,0.4686202686202686,0.14945054945054945,0.22002442002442002,0.0735042735042735,0.41318681318681316,0.1921855921855922,0.31477411477411477,0.27350427350427353,0.6097680097680098,0.6048840048840048,0.17753357753357754,0.15775335775335775,0.5697191697191697,0.09499389499389499,0.6202686202686203,0.04786324786324787,0.3431013431013431,0.23003663003663002,0.15555555555555556,0.20537240537240536,0.3557997557997558
0.30842490842490844,0.4490842490842491,0.17582417582417584,0.44590964590964594,0.2652014652014652,0.409035409035409,0.10525030525030525,0.8422466422466423,0.21904761904761905,0.5997557997557997,0.3443223443223443,0.17533577533577532,0.337973137973138,0.17484737484737484,0.2485958485958486,0.1203907203907204,0.18363858363858365,0.32673992673992674,0.25567765567765566,0.11794871794871795,0.4481074481074481,0.6581196581196581,0.07496947496947497,0.20854700854700856,0.15433455433455434,0.3807081807081807,0.11257631257631258,0.43394383394383396,0.3396825396825397,0.32112332112332115,0.37484737484737485,0.19047619047619047,0.43614163614163615,0.5929181929181929,0.3128205128205128,0.5645909645909646,0.13553113553113552,0.31013431013431014,0.48083028083028084,0.4405372405372405,0.14554334554334555,0.25811965811965815,0.1606837606837607,0.6336996336996337,0.15775335775335775,0.6105006105006106,0.06373626373626373,0.47863247863247865,0.3785103785103785,0.3108669108669109,0.44713064713064715,0.22979242979242978,0.35067155067155065,0.15506715506715507,0.1597069597069597,0.24664224664224665,0.08766788766788766,0.22344322344322345,0.49206349206349204,0.14481074481074482,0.21562881562881564,0.0757020757020757,0.4004884004884005,0.18437118437118438,0.30305250305250303,0.2673992673992674,0.6026862026862027,0.622954822954823,0.18217338217338216,0.15384615384615385,0.5526251526251527,0.09548229548229548,0.6175824175824176,0.05103785103785104,0.32893772893772893,0.22246642246642245,0.16361416361416362,0.20170940170940171,0.34456654456654456
0.3001221001221001,0.4371184371184371,0.16678876678876678,0.4495726495726496,0.2542124542124542,0.43785103785103785,0.10476190476190476,0.8290598290598291,0.2170940170940171,0.5811965811965812,0.3316239316239316,0.17191697191697192,0.38217338217338215,0.1711843711843712,0.24126984126984127,0.11697191697191697,0.17802197802197803,0.315995115995116,0.2695970695970696,0.11648351648351649,0.4358974358974359,0.6671550671550671,0.07203907203907203,0.20170940170940171,0.14896214896214896,0.37045177045177047,0.11306471306471307,0.42124542124542125,0.36336996336996336,0.3465201465201465,0.36336996336996336,0.18608058608058609,0.46153846153846156,0.578021978021978,0.34554334554334554,0.5706959706959707,0.14188034188034188,0.30036630036630035,0.46373626373626375,0.42588522588522587,0.14212454212454212,0.25274725274725274,0.1575091575091575,0.6434676434676435,0.15384615384615385,0.5936507936507937,0.060805860805860805,0.4888888888888889,0.3672771672771673,0.3018315018315018,0.4332112332112332,0.22344322344322345,0.42686202686202684,0.1509157509157509,0.15604395604395604,0.23882783882783884,0.08644688644688645,0.2652014652014652,0.5123321123321123,0.13992673992673993,0.21196581196581196,0.07716727716727717,0.3877899877899878,0.17655677655677657,0.2915750915750916,0.2612942612942613,0.5926739926739927,0.6385836385836385,0.19145299145299147,0.15042735042735042,0.5347985347985348,0.09645909645909646,0.6131868131868132,0.05787545787545788,0.31477411477411477,0.2153846153846154,0.1768009768009768,0.19829059829059828,0.3347985347985348
0.2920634920634921,0.4249084249084249,0.157997557997558,0.45006105006105007,0.2437118437118437,0.4617826617826618,0.10622710622710622,0.8134310134310134,0.21318681318681318,0.5628815628815629,0.32112332112332115,0.16800976800976802,0.4261294261294261,0.16776556776556775,0.2341880341880342,0.1137973137973138,0.17264957264957265,0.3076923076923077,0.28766788766788765,0.11452991452991453,0.4244200244200244,0.6737484737484738,0.06935286935286936,0.1934065934065934,0.14358974358974358,0.3606837606837607,0.11794871794871795,0.409035409035409,0.3824175824175824,0.3694749694749695,0.35115995115995113,0.18192918192918192,0.48473748473748474,0.5631257631257631,0.3882783882783883,0.5726495726495726,0.15189255189255188,0.2903540903540904,0.44713064713064715,0.41098901098901097,0.14017094017094017,0.24810744810744811,0.1540903540903541,0.6507936507936508,0.14993894993894993,0.5772893772893772,0.05811965811965812,0.49621489621489623,0.3567765567765568,0.29255189255189257,0.42002442002442003,0.2175824175824176,0.4796092796092796,0.1457875457875458,0.15189255189255188,0.2315018315018315,0.08693528693528693,0.3094017094017094,0.5306471306471306,0.13675213675213677,0.20781440781440783,0.07814407814407814,0.37533577533577533,0.16947496947496948,0.28034188034188035,0.2554334554334554,0.5811965811965812,0.6512820512820513,0.20488400488400488,0.147008547008547,0.5172161172161173,0.09841269841269841,0.6061050061050061,0.07106227106227106,0.30036630036630035,0.20854700854700856,0.19584859584859585,0.19487179487179487,0.32625152625152626
0.2852258852258852,0.41318681318681316,0.14945054945054945,0.4473748473748474,0.23321123321123322,0.48253968253968255,0.1111111111111111,0.7953601953601953,0.2087912087912088,0.546031746031746,0.31135531135531136,0.16385836385836386,0.46813186813186813,0.1641025641025641,0.22735042735042735,0.11086691086691086,0.168986568986569,0.30085470085470084,0.3086691086691087,0.11306471306471307,0.41318681318681316,0.6774114774114774,0.06715506715506715,0.18461538461538463,0.13846153846153847,0.3509157509157509,0.12796092796092795,0.3973137973137973,0.39902319902319905,0.39365079365079364,0.33894993894993897,0.17777777777777778,0.5047619047619047,0.5487179487179488,0.4341880341880342,0.5714285714285714,0.16678876678876678,0.28034188034188035,0.4312576312576313,0.39658119658119656,0.14114774114774115,0.2424908424908425,0.1509157509157509,0.6559218559218559,0.14676434676434677,0.5616605616605617,0.056654456654456654,0.5003663003663004,0.34505494505494505,0.28376068376068375,0.4070818070818071,0.21196581196581196,0.518925518925519,0.14065934065934066,0.14774114774114774,0.22417582417582418,0.08986568986568987,0.35482295482295484,0.5467643467643467,0.1343101343101343,0.20341880341880342,0.07936507936507936,0.36336996336996336,0.16263736263736264,0.26935286935286934,0.25054945054945055,0.568009768009768,0.6615384615384615,0.2231990231990232,0.14407814407814407,0.5010989010989011,0.09963369963369964,0.5960927960927961,0.09328449328449329,0.28644688644688643,0.20170940170940171,0.22026862026862026,0.19267399267399268,0.31697191697191696
0.2805860805860806,0.40195360195360197,0.1409035409035409,0.44126984126984126,0.22515262515262516,0.504029304029304,0.1203907203907204,0.7758241758241758,0.20415140415140415,0.5304029304029304,0.30036630036630035,0.1597069597069597,0.5074481074481074,0.16043956043956045,0.2205128205128205,0.10842490842490843,0.16605616605616605,0.29426129426129427,0.33137973137973137,0.11257631257631258,0.4021978021978022,0.6783882783882784,0.06471306471306472,0.1772893772893773,0.13406593406593406,0.34114774114774116,0.14407814407814407,0.3873015873015873,0.4158730158730159,0.4170940170940171,0.32722832722832723,0.17362637362637362,0.5221001221001221,0.5347985347985348,0.4644688644688645,0.568009768009768,0.1873015873015873,0.27057387057387056,0.41611721611721614,0.3838827838827839,0.14505494505494507,0.23663003663003662,0.14774114774114774,0.6586080586080586,0.14358974358974358,0.5467643467643467,0.057631257631257635,0.5015873015873016,0.3326007326007326,0.27521367521367524,0.3938949938949939,0.20634920634920634,0.5545787545787546,0.13528693528693528,0.14358974358974358,0.2170940170940171,0.0971916971916972,0.3987789987789988,0.5582417582417583,0.13137973137973138,0.199023199023199,0.08034188034188035,0.35115995115995113,0.15653235653235653,0.2590964590964591,0.24566544566544565,0.5516483516483517,0.6691086691086691,0.2454212454212454,0.1413919413919414,0.4866910866910867,0.10061050061050061,0.5833943833943834,0.12551892551892552,0.27326007326007323,0.1956043956043956,0.24932844932844933,0.19096459096459095,0.3072039072039072
0.27936507936507937,0.3907203907203907,0.1326007326007326,0.4324786324786325,0.21831501831501832,0.5257631257631258,0.13577533577533576,0.755067155067155,0.19926739926739928,0.5145299145299145,0.28913308913308916,0.15604395604395604,0.5435897435897435,0.15677655677655677,0.21416361416361415,0.1076923076923077,0.16214896214896216,0.28766788766788765,0.3550671550671551,0.11306471306471307,0.3916971916971917,0.6766788766788767,0.06373626373626373,0.1706959706959707,0.12991452991452992,0.3316239316239316,0.16727716727716727,0.37777777777777777,0.43174603174603177,0.43785103785103785,0.3155067155067155,0.16947496947496948,0.5372405372405372,0.5213675213675214,0.4822954822954823,0.5614163614163614,0.2126984126984127,0.2608058608058608,0.4017094017094017,0.3724053724053724,0.1523809523809524,0.23076923076923078,0.14407814407814407,0.6586080586080586,0.14114774114774115,0.5321123321123321,0.06153846153846154,0.5006105006105006,0.3203907203907204,0.2673992673992674,0.3811965811965812,0.20146520146520147,0.5863247863247864,0.12991452991452992,0.13968253968253969,0.21001221001221002,0.11037851037851037,0.43565323565323566,0.5665445665445665,0.1282051282051282,0.19487179487179487,0.08156288156288156,0.33943833943833945,0.15067155067155066,0.25054945054945055,0.2402930402930403,0.5335775335775336,0.6744810744810745,0.27057387057387056,0.13968253968253969,0.47155067155067154,0.10183150183150183,0.5682539682539682,0.16874236874236875,0.2605616605616606,0.1894993894993895,0.27692307692307694,0.18876678876678876,0.29743589743589743
0.28205128205128205,0.37948717948717947,0.1242979242979243,0.42295482295482295,0.210989010989011,0.546031746031746,0.15775335775335775,0.7338217338217338,0.19462759462759463,0.4989010989010989,0.27814407814407816,0.1523809523809524,0.5768009768009768,0.15335775335775337,0.20757020757020758,0.10891330891330891,0.157997557997558,0.28156288156288156,0.37826617826617825,0.11550671550671551,0.3811965811965812,0.6717948717948717,0.06373626373626373,0.16507936507936508,0.1264957264957265,0.32283272283272285,0.19658119658119658,0.36800976800976803,0.4461538461538462,0.45665445665445664,0.30378510378510376,0.16556776556776556,0.54993894993895,0.5081807081807082,0.49963369963369964,0.5523809523809524,0.24175824175824176,0.2515262515262515,0.38925518925518926,0.3601953601953602,0.16483516483516483,0.22466422466422467,0.14065934065934066,0.6559218559218559,0.13992673992673993,0.5194139194139195,0.06910866910866911,0.49743589743589745,0.30842490842490844,0.2595848595848596,0.3684981684981685,0.19633699633699633,0.6136752136752137,0.12503052503052503,0.13577533577533576,0.20293040293040293,0.13162393162393163,0.4673992673992674,0.5746031746031746,0.12503052503052503,0.19096459096459095,0.0822954822954823,0.3277167277167277,0.14505494505494507,0.24273504273504273,0.23443223443223443,0.5142857142857142,0.676923076923077,0.2971916971916972,0.13821733821733823,0.4568986568986569,0.10305250305250305,0.5511599511599512,0.22197802197802197,0.24835164835164836,0.18437118437118438,0.3045177045177045,0.18608058608058609,0.2879120879120879
0.28962148962148965,0.3682539682539683,0.11819291819291819,0.4126984126984127,0.20415140415140415,0.5650793650793651,0.18608058608058609,0.7128205128205128,0.18998778998778998,0.48376068376068376,0.2678876678876679,0.14945054945054945,0.6065934065934065,0.1496947496947497,0.2026862026862027,0.11184371184371185,0.15384615384615385,0.2754578754578755,0.40073260073260075,0.12087912087912088,0.3711843711843712,0.6644688644688644,0.06251526251526252,0.15995115995115994,0.12307692307692308,0.31404151404151404,0.22735042735042735,0.35824175824175825,0.4586080586080586,0.472039072039072,0.29255189255189257,0.16166056166056167,0.55995115995116,0.49645909645909647,0.5199023199023199,0.5406593406593406,0.2744810744810745,0.2424908424908425,0.37826617826617825,0.34798534798534797,0.1829059829059829,0.21904761904761905,0.13724053724053725,0.6505494505494506,0.14065934065934066,0.5074481074481074,0.0822954822954823,0.4918192918192918,0.29645909645909646,0.25225885225885225,0.3562881562881563,0.1916971916971917,0.6376068376068376,0.12014652014652015,0.13235653235653236,0.1960927960927961,0.15653235653235653,0.5003663003663004,0.5821733821733822,0.12185592185592185,0.18754578754578755,0.08327228327228327,0.3162393162393162,0.1409035409035409,0.2341880341880342,0.22857142857142856,0.49474969474969477,0.6761904761904762,0.32063492063492066,0.1365079365079365,0.4427350427350427,0.10427350427350428,0.5328449328449328,0.28327228327228327,0.23687423687423687,0.18046398046398046,0.33577533577533575,0.18339438339438338,0.2788766788766789
0.30207570207570206,0.35702075702075703,0.11282051282051282,0.4004884004884005,0.199023199023199,0.5816849816849817,0.22026862026862026,0.6923076923076923,0.18534798534798536,0.4691086691086691,0.2576312576312576,0.14774114774114774,0.6334554334554334,0.14774114774114774,0.19853479853479852,0.11794871794871795,0.14945054945054945,0.2698412698412698,0.4214896214896215,0.12991452991452992,0.3626373626373626,0.654945054945055,0.060805860805860805,0.15531135531135531,0.12014652014652015,0.306959706959707,0.25982905982905985,0.34798534798534797,0.4691086691086691,0.48424908424908425,0.28156288156288156,0.1575091575091575,0.5665445665445665,0.4852258852258852,0.5396825396825397,0.5272283272283272,0.30842490842490844,0.2336996336996337,0.36678876678876676,0.3355311355311355,0.20683760683760682,0.2139194139194139,0.1347985347985348,0.642979242979243,0.14358974358974358,0.494993894993895,0.1028083028083028,0.4835164835164835,0.2844932844932845,0.2454212454212454,0.3440781440781441,0.18852258852258852,0.6581196581196581,0.11575091575091576,0.1291819291819292,0.1894993894993895,0.18632478632478633,0.5318681318681319,0.5873015873015873,0.11941391941391942,0.18437118437118438,0.0844932844932845,0.3047619047619048,0.13724053724053725,0.22515262515262516,0.22246642246642245,0.4752136752136752,0.6652014652014652,0.3426129426129426,0.1347985347985348,0.42905982905982903,0.10573870573870574,0.5133089133089133,0.3496947496947497,0.2258852258852259,0.1772893772893773,0.3682539682539683,0.1807081807081807,0.2698412698412698
0.31916971916971915,0.34725274725274724,0.10598290598290598,0.38754578754578756,0.19706959706959706,0.5965811965811966,0.25860805860805863,0.6725274725274726,0.18217338217338216,0.4547008547008547,0.24737484737484738,0.147985347985348,0.6576312576312576,0.14652014652014653,0.19316239316239317,0.12844932844932844,0.14505494505494507,0.26422466422466423,0.4405372405372405,0.14358974358974358,0.35482295482295484,0.6434676434676435,0.059096459096459095,0.1509157509157509,0.11721611721611722,0.3006105006105006,0.29914529914529914,0.3374847374847375,0.47692307692307695,0.4937728937728938,0.2703296703296703,0.1536019536019536,0.5699633699633699,0.4735042735042735,0.5575091575091575,0.5123321123321123,0.34285714285714286,0.2253968253968254,0.3550671550671551,0.32332112332112334,0.23565323565323565,0.20854700854700856,0.13284493284493284,0.6334554334554334,0.1492063492063492,0.48253968253968255,0.1308913308913309,0.473015873015873,0.2725274725274725,0.23882783882783884,0.3333333333333333,0.18583638583638584,0.6752136752136753,0.1115995115995116,0.12673992673992673,0.18461538461538463,0.2258852258852259,0.5611721611721612,0.5904761904761905,0.11697191697191697,0.18144078144078143,0.08571428571428572,0.294993894993895,0.1330891330891331,0.21562881562881564,0.21587301587301588,0.45665445665445664,0.6473748473748474,0.36556776556776555,0.1326007326007326,0.4163614163614164,0.10695970695970695,0.4937728937728938,0.41782661782661784,0.2170940170940171,0.17338217338217338,0.39951159951159954,0.17802197802197803,0.2612942612942613
0.3404151404151404,0.3384615384615385,0.09816849816849817,0.37484737484737485,0.19877899877899877,0.609035409035409,0.3001221001221001,0.6534798534798535,0.18021978021978022,0.441025641025641,0.23785103785103784,0.15115995115995115,0.6793650793650794,0.14481074481074482,0.18754578754578755,0.1443223443223443,0.14065934065934066,0.25860805860805863,0.45787545787545786,0.16166056166056167,0.34554334554334554,0.63003663003663,0.057631257631257635,0.14676434676434677,0.11575091575091576,0.29352869352869354,0.3418803418803419,0.326984126984127,0.4822954822954823,0.5001221001221001,0.25934065934065936,0.15115995115995115,0.5726495726495726,0.4612942612942613,0.5758241758241758,0.49694749694749696,0.37704517704517704,0.21733821733821734,0.34554334554334554,0.31135531135531136,0.26837606837606837,0.20341880341880342,0.13284493284493284,0.6222222222222222,0.15848595848595848,0.4700854700854701,0.1663003663003663,0.4610500610500611,0.26105006105006107,0.23272283272283273,0.3235653235653236,0.1824175824175824,0.6891330891330891,0.10744810744810745,0.12576312576312576,0.18046398046398046,0.27277167277167275,0.5877899877899878,0.5907203907203907,0.11526251526251527,0.17826617826617827,0.08717948717948718,0.28644688644688643,0.12869352869352868,0.2061050061050061,0.20903540903540904,0.43907203907203907,0.6327228327228327,0.38803418803418804,0.1308913308913309,0.4043956043956044,0.10842490842490843,0.47496947496947495,0.4764346764346764,0.20976800976800977,0.16923076923076924,0.4288156288156288,0.17582417582417584,0.25347985347985347
0.3614163614163614,0.3286935286935287,0.08913308913308914,0.3623931623931624,0.20488400488400488,0.6190476190476191,0.3431013431013431,0.6361416361416361,0.17777777777777778,0.42686202686202684,0.22832722832722832,0.15775335775335775,0.6945054945054945,0.14334554334554334,0.18192918192918192,0.16605616605616605,0.13626373626373625,0.25347985347985347,0.47277167277167276,0.18046398046398046,0.33601953601953605,0.6151404151404152,0.05616605616605617,0.14285714285714285,0.11550671550671551,0.2862026862026862,0.3860805860805861,0.3162393162393162,0.484981684981685,0.503052503052503,0.2485958485958486,0.14993894993894993,0.5736263736263736,0.44884004884004886,0.5907203907203907,0.4818070818070818,0.4105006105006105,0.20927960927960929,0.33724053724053726,0.29987789987789987,0.3032967032967033,0.19877899877899877,0.13528693528693528,0.6092796092796092,0.17216117216117216,0.45787545787545786,0.20757020757020758,0.44761904761904764,0.24981684981684982,0.22808302808302808,0.31306471306471306,0.17997557997557997,0.6996336996336996,0.10354090354090355,0.12796092796092795,0.17582417582417584,0.3242979242979243,0.6112332112332113,0.5882783882783883,0.1137973137973138,0.17533577533577532,0.08937728937728938,0.27692307692307694,0.1242979242979243,0.19658119658119658,0.2026862026862027,0.4227106227106227,0.6178266178266179,0.409035409035409,0.1291819291819292,0.3924297924297924,0.10964590964590964,0.45665445665445664,0.527960927960928,0.20122100122100123,0.16483516483516483,0.4554334554334554,0.17362637362637362,0.24566544566544565
0.3831501831501832,0.3189255189255189,0.07985347985347985,0.35067155067155065,0.21611721611721613,0.6263736263736264,0.3811965811965812,0.62002442002442,0.17655677655677657,0.4170940170940171,0.21953601953601953,0.16654456654456654,0.7062271062271063,0.14358974358974358,0.17631257631257632,0.19316239316239317,0.13211233211233211,0.24810744810744811,0.484004884004884,0.20073260073260074,0.32625152625152626,0.5992673992673992,0.0547008547008547,0.14065934065934066,0.11575091575091576,0.2788766788766789,0.4297924297924298,0.30573870573870576,0.4852258852258852,0.5025641025641026,0.24004884004884006,0.14945054945054945,0.5724053724053724,0.4363858363858364,0.6,0.4669108669108669,0.442002442002442,0.20317460317460317,0.326984126984127,0.2886446886446886,0.3387057387057387,0.19413919413919414,0.14065934065934066,0.5948717948717949,0.18998778998778998,0.44542124542124545,0.25347985347985347,0.43345543345543347,0.23882783882783884,0.22393162393162394,0.30207570207570206,0.17826617826617827,0.7074481074481075,0.09987789987789988,0.13357753357753357,0.1706959706959707,0.37777777777777777,0.6322344322344322,0.5833943833943834,0.11233211233211234,0.1724053724053724,0.09255189255189256,0.2673992673992674,0.1199023199023199,0.18754578754578755,0.19633699633699633,0.4073260073260073,0.6021978021978022,0.4275946275946276,0.12722832722832722,0.38095238095238093,0.1111111111111111,0.441025641025641,0.5814407814407815,0.1921855921855922,0.1606837606837607,0.47863247863247865,0.17167277167277167,0.23833943833943835
0.40805860805860805,0.3094017094017094,0.0695970695970696,0.33894993894993897,0.23272283272283273,0.631013431013431,0.4163614163614164,0.6034188034188034,0.17777777777777778,0.41025641025641024,0.21123321123321123,0.17826617826617827,0.7177045177045177,0.14652014652014653,0.1711843711843712,0.22466422466422467,0.1282051282051282,0.24273504273504273,0.4925518925518926,0.22612942612942613,0.31648351648351647,0.5826617826617827,0.053235653235653234,0.1391941391941392,0.11843711843711843,0.2713064713064713,0.47155067155067154,0.294993894993895,0.4827838827838828,0.4993894993894994,0.23272283272283273,0.15067155067155066,0.5687423687423687,0.42417582417582417,0.6083028083028083,0.452991452991453,0.4678876678876679,0.19829059829059828,0.315995115995116,0.2778998778998779,0.37362637362637363,0.18925518925518925,0.14993894993894993,0.5794871794871795,0.21123321123321123,0.432967032967033,0.30158730158730157,0.4192918192918193,0.22979242979242978,0.2188034188034188,0.2915750915750916,0.17875457875457876,0.7120879120879121,0.09743589743589744,0.1443223443223443,0.16556776556776556,0.4307692307692308,0.6503052503052503,0.5753357753357753,0.11086691086691086,0.1706959706959707,0.0945054945054945,0.2578754578754579,0.11575091575091576,0.17875457875457876,0.19023199023199022,0.39267399267399267,0.5853479853479854,0.44346764346764345,0.12576312576312576,0.3694749694749695,0.11257631257631258,0.4271062271062271,0.6322344322344322,0.18315018315018314,0.15653235653235653,0.49914529914529915,0.16947496947496948,0.23125763125763127
0.43492063492063493,0.30036630036630035,0.05958485958485959,0.326984126984127,0.2537240537240537,0.6332112332112332,0.4547008547008547,0.5865689865689866,0.18217338217338216,0.4004884004884005,0.20463980463980463,0.19487179487179487,0.7277167277167277,0.1536019536019536,0.1663003663003663,0.2595848595848596,0.12454212454212454,0.23833943833943835,0.5008547008547009,0.25396825396825395,0.3072039072039072,0.566056166056166,0.05225885225885226,0.13675213675213677,0.12503052503052503,0.2647130647130647,0.5108669108669108,0.2844932844932845,0.4778998778998779,0.49352869352869355,0.22442002442002443,0.15506715506715507,0.5631257631257631,0.4117216117216117,0.613919413919414,0.44004884004884004,0.4896214896214896,0.1921855921855922,0.3045177045177045,0.2673992673992674,0.4070818070818071,0.18632478632478633,0.16483516483516483,0.5641025641025641,0.23516483516483516,0.4205128205128205,0.35067155067155065,0.4056166056166056,0.22173382173382172,0.21343101343101342,0.28083028083028083,0.18217338217338216,0.7125763125763126,0.09572649572649573,0.1619047619047619,0.1606837606837607,0.4818070818070818,0.6652014652014652,0.5653235653235653,0.11013431013431013,0.16971916971916973,0.09621489621489622,0.2485958485958486,0.1115995115995116,0.16971916971916973,0.18461538461538463,0.38046398046398044,0.5672771672771673,0.45714285714285713,0.12405372405372406,0.35775335775335776,0.11452991452991453,0.41318681318681316,0.6781440781440782,0.17435897435897435,0.15335775335775337,0.5164835164835165,0.16776556776556775,0.22564102564102564
0.46251526251526254,0.29181929181929184,0.04981684981684982,0.3145299145299145,0.2783882783882784,0.631990231990232,0.4937728937728938,0.5697191697191697,0.19047619047619047,0.38925518925518926,0.199023199023199,0.21562881562881564,0.7350427350427351,0.16556776556776556,0.16166056166056167,0.29645909645909646,0.12112332112332112,0.23443223443223443,0.5076923076923077,0.283028083028083,0.2979242979242979,0.5501831501831502,0.051770451770451774,0.13406593406593406,0.13675213675213677,0.2578754578754579,0.5472527472527473,0.273992673992674,0.47106227106227105,0.48473748473748474,0.21611721611721613,0.16483516483516483,0.5553113553113553,0.39951159951159954,0.6166056166056166,0.4288156288156288,0.512087912087912,0.18632478632478633,0.29304029304029305,0.2571428571428571,0.43443223443223444,0.18461538461538463,0.18485958485958487,0.5487179487179488,0.2608058608058608,0.40805860805860805,0.39829059829059826,0.3934065934065934,0.21294261294261294,0.20781440781440783,0.27057387057387056,0.1894993894993895,0.7098901098901099,0.09328449328449329,0.18632478632478633,0.15555555555555556,0.5291819291819292,0.676923076923077,0.5533577533577534,0.11013431013431013,0.16776556776556775,0.09768009768009768,0.23956043956043957,0.10818070818070818,0.16166056166056167,0.178998778998779,0.368986568986569,0.5484737484737485,0.46813186813186813,0.12258852258852258,0.34725274725274724,0.11697191697191697,0.39951159951159954,0.7184371184371184,0.16532356532356532,0.15115995115995115,0.5308913308913309,0.16678876678876678,0.221001221001221
0.4896214896214896,0.28376068376068375,0.041025641025641026,0.3013431013431013,0.3052503052503053,0.6280830280830281,0.5316239316239316,0.5531135531135531,0.20293040293040293,0.37924297924297923,0.19267399267399268,0.23956043956043957,0.7394383394383395,0.18339438339438338,0.15702075702075702,0.3338217338217338,0.11892551892551892,0.22979242979242978,0.5125763125763125,0.31184371184371185,0.28913308913308916,0.5347985347985348,0.05128205128205128,0.13137973137973138,0.15482295482295483,0.2512820512820513,0.5802197802197803,0.26373626373626374,0.4627594627594628,0.473015873015873,0.20854700854700856,0.18046398046398046,0.5448107448107448,0.3877899877899878,0.6173382173382174,0.4188034188034188,0.5335775335775336,0.1807081807081807,0.28156288156288156,0.24786324786324787,0.45787545787545786,0.1829059829059829,0.21001221001221002,0.5335775335775336,0.2874236874236874,0.3960927960927961,0.44395604395604393,0.38217338217338215,0.20366300366300366,0.2026862026862027,0.2605616605616606,0.20146520146520147,0.7052503052503053,0.09035409035409035,0.21782661782661783,0.15067155067155066,0.5724053724053724,0.6854700854700855,0.5411477411477411,0.10964590964590964,0.16556776556776556,0.09914529914529914,0.23076923076923078,0.10476190476190476,0.15335775335775337,0.17484737484737484,0.3562881562881563,0.5291819291819292,0.4766788766788767,0.12087912087912088,0.337973137973138,0.11868131868131868,0.3865689865689866,0.7531135531135531,0.15677655677655677,0.15189255189255188,0.5426129426129426,0.16654456654456654,0.21562881562881564
0.5157509157509158,0.2761904761904762,0.033455433455433455,0.2874236874236874,0.32967032967032966,0.622954822954823,0.5675213675213675,0.5372405372405372,0.21978021978021978,0.36923076923076925,0.18583638583638584,0.2652014652014652,0.7404151404151404,0.20683760683760682,0.15262515262515264,0.3658119658119658,0.11794871794871795,0.22466422466422467,0.515995115995116,0.3396825396825397,0.2805860805860806,0.5201465201465202,0.052503052503052504,0.12869352869352868,0.17924297924297924,0.24493284493284492,0.6107448107448108,0.25518925518925517,0.4525030525030525,0.4593406593406593,0.20073260073260074,0.2026862026862027,0.5328449328449328,0.3763125763125763,0.6131868131868132,0.4078144078144078,0.5533577533577534,0.17533577533577532,0.2698412698412698,0.2402930402930403,0.4818070818070818,0.18217338217338216,0.2398046398046398,0.5191697191697192,0.31355311355311355,0.38412698412698415,0.48131868131868133,0.3706959706959707,0.19462759462759463,0.1973137973137973,0.25103785103785103,0.21782661782661783,0.6981684981684981,0.08742368742368742,0.25567765567765566,0.14554334554334555,0.6107448107448108,0.6905982905982906,0.5277167277167277,0.10842490842490843,0.1645909645909646,0.10061050061050061,0.22197802197802197,0.10158730158730159,0.1452991452991453,0.17167277167277167,0.3435897435897436,0.5101343101343101,0.4827838827838828,0.11892551892551892,0.32722832722832723,0.12014652014652015,0.3741147741147741,0.7824175824175824,0.14896214896214896,0.15604395604395604,0.5514041514041514,0.16556776556776556,0.20976800976800977
0.5401709401709401,0.26886446886446885,0.026617826617826617,0.27521367521367524,0.35213675213675216,0.6151404151404152,0.6017094017094017,0.5216117216117216,0.2402930402930403,0.357997557997558,0.178998778998779,0.29181929181929184,0.7377289377289378,0.2354090354090354,0.14847374847374847,0.39438339438339437,0.11575091575091576,0.21953601953601953,0.5167277167277168,0.3658119658119658,0.27277167277167275,0.505982905982906,0.05445665445665446,0.126007326007326,0.21025641025641026,0.2385836385836386,0.6383394383394383,0.24786324786324787,0.4405372405372405,0.44395604395604393,0.1934065934065934,0.23101343101343103,0.518925518925519,0.3648351648351648,0.6048840048840048,0.39658119658119656,0.5709401709401709,0.17045177045177046,0.2605616605616606,0.23516483516483516,0.5045177045177045,0.1838827838827839,0.27326007326007323,0.5054945054945055,0.3387057387057387,0.3741147741147741,0.513064713064713,0.35946275946275946,0.18583638583638584,0.1921855921855922,0.24175824175824176,0.2385836385836386,0.6881562881562882,0.08717948717948718,0.2979242979242979,0.1409035409035409,0.6446886446886447,0.6913308913308913,0.5125763125763125,0.10695970695970695,0.16532356532356532,0.10207570207570207,0.2139194139194139,0.09841269841269841,0.13943833943833944,0.16776556776556775,0.3308913308913309,0.4913308913308913,0.48644688644688644,0.11819291819291819,0.315995115995116,0.12136752136752137,0.36166056166056165,0.8065934065934066,0.14114774114774115,0.16483516483516483,0.5565323565323566,0.1645909645909646,0.20341880341880342
0.5628815628815629,0.26202686202686204,0.021245421245421246,0.2647130647130647,0.3763125763125763,0.6056166056166056,0.6332112332112332,0.5062271062271062,0.26422466422466423,0.346031746031746,0.17216117216117216,0.31868131868131866,0.7316239316239316,0.26837606837606837,0.1457875457875458,0.42417582417582417,0.11404151404151404,0.2139194139194139,0.5157509157509158,0.39023199023199023,0.2652014652014652,0.49352869352869355,0.05543345543345543,0.12405372405372406,0.24664224664224665,0.23296703296703297,0.6590964590964591,0.23956043956043957,0.4275946275946276,0.4275946275946276,0.18608058608058609,0.2647130647130647,0.5037851037851038,0.3550671550671551,0.5982905982905983,0.38534798534798537,0.5853479853479854,0.16556776556776556,0.252014652014652,0.23076923076923078,0.5252747252747253,0.18925518925518925,0.30842490842490844,0.4925518925518926,0.3626373626373626,0.36507936507936506,0.5457875457875457,0.3487179487179487,0.1768009768009768,0.18803418803418803,0.23296703296703297,0.2625152625152625,0.6747252747252748,0.08791208791208792,0.3423687423687424,0.13626373626373625,0.67008547008547,0.6886446886446886,0.49694749694749696,0.10525030525030525,0.16971916971916973,0.10354090354090355,0.20586080586080585,0.09597069597069598,0.1343101343101343,0.16361416361416362,0.3184371184371184,0.47374847374847373,0.4874236874236874,0.11746031746031746,0.3047619047619048,0.12283272283272283,0.3499389499389499,0.8263736263736263,0.13406593406593406,0.17655677655677657,0.5584859584859585,0.16312576312576313,0.1973137973137973
0.5836385836385837,0.2554334554334554,0.01855921855921856,0.2537240537240537,0.40073260073260075,0.5951159951159951,0.662026862026862,0.4908424908424908,0.2905982905982906,0.33406593406593404,0.16556776556776556,0.3443223443223443,0.7218559218559218,0.3047619047619048,0.14383394383394382,0.452991452991453,0.11306471306471307,0.20854700854700856,0.5118437118437118,0.4122100122100122,0.2576312576312576,0.48205128205128206,0.05641025641025641,0.12356532356532357,0.2766788766788767,0.2275946275946276,0.6757020757020757,0.23101343101343103,0.4141636141636142,0.41098901098901097,0.17924297924297924,0.30207570207570206,0.48815628815628814,0.3457875457875458,0.591941391941392,0.3738705738705739,0.5965811965811966,0.16117216117216118,0.24273504273504273,0.22808302808302808,0.544078144078144,0.19926739926739928,0.3443223443223443,0.47985347985347987,0.38217338217338215,0.3550671550671551,0.577045177045177,0.3387057387057387,0.16825396825396827,0.18485958485958487,0.22442002442002443,0.2857142857142857,0.6586080586080586,0.08742368742368742,0.3873015873015873,0.13162393162393163,0.6896214896214896,0.6837606837606838,0.4810744810744811,0.10305250305250305,0.1794871794871795,0.1054945054945055,0.19829059829059828,0.0945054945054945,0.1282051282051282,0.1597069597069597,0.305982905982906,0.4568986568986569,0.4857142857142857,0.11648351648351649,0.29352869352869354,0.12405372405372406,0.337973137973138,0.8422466422466423,0.12698412698412698,0.1921855921855922,0.5594627594627595,0.1619047619047619,0.19096459096459095
0.6024420024420024,0.25054945054945055,0.01733821733821734,0.24346764346764346,0.42417582417582417,0.5833943833943834,0.6881562881562882,0.4757020757020757,0.3142857142857143,0.3218559218559219,0.15946275946275945,0.368986568986569,0.708913308913309,0.3374847374847375,0.1413919413919414,0.4805860805860806,0.11428571428571428,0.20341880341880342,0.5054945054945055,0.431990231990232,0.2515262515262515,0.4700854700854701,0.0568986568986569,0.12503052503052503,0.30158730158730157,0.22393162393162394,0.6927960927960928,0.22246642246642245,0.40073260073260075,0.3951159951159951,0.1724053724053724,0.34163614163614164,0.4742368742368742,0.33601953601953605,0.578021978021978,0.3626373626373626,0.6048840048840048,0.15702075702075702,0.23321123321123322,0.2288156288156288,0.5604395604395604,0.21416361416361415,0.37997557997557996,0.4678876678876679,0.39829059829059826,0.34505494505494505,0.6061050061050061,0.32893772893772893,0.16043956043956045,0.1838827838827839,0.21636141636141637,0.30793650793650795,0.64004884004884,0.08595848595848596,0.4302808302808303,0.12747252747252746,0.7094017094017094,0.6761904761904762,0.4652014652014652,0.10134310134310134,0.1956043956043956,0.10744810744810745,0.1907203907203907,0.09255189255189256,0.12112332112332112,0.15653235653235653,0.29352869352869354,0.4424908424908425,0.4832722832722833,0.11526251526251527,0.2822954822954823,0.12527472527472527,0.326007326007326,0.8542124542124542,0.12161172161172161,0.21465201465201464,0.5582417582417583,0.1606837606837607,0.18485958485958487
0.6192918192918193,0.2459096459096459,0.01562881562881563,0.23516483516483516,0.4456654456654457,0.5711843711843712,0.7113553113553114,0.4610500610500611,0.3367521367521368,0.31013431013431014,0.15384615384615385,0.3916971916971917,0.693040293040293,0.3682539682539683,0.13968253968253969,0.505982905982906,0.11941391941391942,0.19853479853479852,0.49743589743589745,0.44981684981684983,0.24664224664224665,0.45836385836385835,0.057631257631257635,0.12942612942612944,0.3311355311355311,0.2205128205128205,0.708913308913309,0.21343101343101342,0.3877899877899878,0.37997557997557996,0.1663003663003663,0.38168498168498166,0.4612942612942613,0.32625152625152626,0.5594627594627595,0.3514041514041514,0.6105006105006106,0.15335775335775337,0.22417582417582418,0.2336996336996337,0.5746031746031746,0.2341880341880342,0.41440781440781443,0.4568986568986569,0.41514041514041516,0.3347985347985348,0.6317460317460317,0.31965811965811963,0.15262515262515264,0.18608058608058609,0.21001221001221002,0.3333333333333333,0.62002442002442,0.08424908424908426,0.4708180708180708,0.12503052503052503,0.7277167277167277,0.6659340659340659,0.44981684981684983,0.09987789987789988,0.21855921855921856,0.10989010989010989,0.1851037851037851,0.08986568986568987,0.1137973137973138,0.15433455433455434,0.28156288156288156,0.4293040293040293,0.4783882783882784,0.11404151404151404,0.2713064713064713,0.126007326007326,0.3145299145299145,0.8620268620268621,0.11746031746031746,0.24297924297924298,0.5545787545787546,0.1592185592185592,0.178998778998779
0.6317460317460317,0.24102564102564103,0.013186813186813187,0.2288156288156288,0.4652014652014652,0.558974358974359,0.7318681318681318,0.44761904761904764,0.3614163614163614,0.29865689865689865,0.14822954822954823,0.4122100122100122,0.6766788766788767,0.4021978021978022,0.1391941391941392,0.528937728937729,0.12942612942612944,0.19365079365079366,0.4869352869352869,0.463003663003663,0.24102564102564103,0.44664224664224667,0.05787545787545788,0.13797313797313798,0.357997557997558,0.21636141636141637,0.7225885225885226,0.20488400488400488,0.37533577533577533,0.3663003663003663,0.16043956043956045,0.41562881562881565,0.4481074481074481,0.31648351648351647,0.546031746031746,0.33992673992673994,0.6126984126984127,0.14993894993894993,0.2148962148962149,0.24297924297924298,0.5865689865689866,0.25934065934065936,0.4427350427350427,0.4468864468864469,0.4307692307692308,0.3252747252747253,0.6542124542124542,0.3103785103785104,0.14554334554334555,0.1907203907203907,0.2043956043956044,0.3597069597069597,0.5985347985347985,0.08278388278388278,0.5076923076923077,0.12283272283272283,0.7431013431013431,0.6532356532356532,0.4346764346764347,0.09841269841269841,0.2490842490842491,0.11184371184371185,0.18021978021978022,0.08717948717948718,0.10622710622710622,0.1540903540903541,0.2691086691086691,0.41611721611721614,0.4713064713064713,0.11306471306471307,0.2608058608058608,0.12673992673992673,0.3028083028083028,0.8647130647130647,0.1115995115995116,0.2761904761904762,0.5487179487179488,0.157997557997558,0.17338217338217338
0.6407814407814408,0.2354090354090354,0.01098901098901099,0.2253968253968254,0.48253968253968255,0.5470085470085471,0.748962148962149,0.4354090354090354,0.3868131868131868,0.2874236874236874,0.14334554334554334,0.4307692307692308,0.6590964590964591,0.4363858363858364,0.14065934065934066,0.54993894993895,0.1452991452991453,0.18925518925518925,0.47496947496947495,0.4735042735042735,0.23516483516483516,0.4346764346764347,0.058363858363858365,0.14945054945054945,0.38217338217338215,0.21196581196581196,0.7335775335775335,0.19658119658119658,0.3636141636141636,0.35384615384615387,0.1562881562881563,0.4456654456654457,0.43492063492063493,0.306959706959707,0.535042735042735,0.3282051282051282,0.611965811965812,0.14896214896214896,0.20634920634920634,0.25665445665445663,0.5956043956043956,0.28888888888888886,0.4669108669108669,0.43614163614163615,0.44517704517704515,0.3155067155067155,0.6730158730158731,0.30158730158730157,0.1387057387057387,0.199023199023199,0.19829059829059828,0.38534798534798537,0.5772893772893772,0.08131868131868132,0.5365079365079365,0.1199023199023199,0.7557997557997558,0.6383394383394383,0.4205128205128205,0.09694749694749695,0.2862026862026862,0.11452991452991453,0.1746031746031746,0.0844932844932845,0.0989010989010989,0.1562881562881563,0.25665445665445663,0.40244200244200246,0.4617826617826618,0.11184371184371185,0.25054945054945055,0.12722832722832722,0.29255189255189257,0.8634920634920635,0.10525030525030525,0.31184371184371185,0.5404151404151404,0.15677655677655677,0.16776556776556775
0.6493284493284494,0.22979242979242978,0.008547008547008548,0.22515262515262516,0.49792429792429793,0.5347985347985348,0.7601953601953602,0.421978021978022,0.41147741147741146,0.27643467643467645,0.13821733821733823,0.44517704517704515,0.64004884004884,0.4691086691086691,0.1457875457875458,0.5684981684981685,0.1675213675213675,0.1851037851037851,0.463003663003663,0.4835164835164835,0.22905982905982905,0.42295482295482295,0.059096459096459095,0.1641025641025641,0.4078144078144078,0.20732600732600734,0.7416361416361417,0.18876678876678876,0.35262515262515265,0.3423687423687424,0.15286935286935288,0.47692307692307695,0.42295482295482295,0.2976800976800977,0.517948717948718,0.31648351648351647,0.6078144078144078,0.1496947496947497,0.1978021978021978,0.2744810744810745,0.6021978021978022,0.32112332112332115,0.49230769230769234,0.4256410256410256,0.45738705738705737,0.305982905982906,0.6884004884004884,0.29304029304029305,0.1326007326007326,0.21245421245421245,0.1916971916971917,0.4095238095238095,0.5565323565323566,0.08083028083028083,0.55995115995116,0.11697191697191697,0.7653235653235653,0.6207570207570208,0.4070818070818071,0.09572649572649573,0.3221001221001221,0.11794871794871795,0.16825396825396827,0.08205128205128205,0.09181929181929183,0.16117216117216118,0.24444444444444444,0.389010989010989,0.4507936507936508,0.1111111111111111,0.2402930402930403,0.12747252747252746,0.28376068376068375,0.8605616605616606,0.09841269841269841,0.3487179487179487,0.5299145299145299,0.15555555555555556,0.1623931623931624
0.6561660561660562,0.22417582417582418,0.006105006105006105,0.22857142857142856,0.5108669108669108,0.5233211233211233,0.7670329670329671,0.40854700854700854,0.43443223443223444,0.2656898656898657,0.1330891330891331,0.45665445665445664,0.6202686202686203,0.4993894993894994,0.15604395604395604,0.5843711843711844,0.1956043956043956,0.18095238095238095,0.4512820512820513,0.4925518925518926,0.22344322344322345,0.41147741147741146,0.05958485958485959,0.18485958485958487,0.432967032967033,0.2026862026862027,0.7462759462759463,0.1807081807081807,0.3423687423687424,0.33284493284493283,0.1492063492063492,0.5069597069597069,0.41147741147741146,0.28913308913308916,0.4981684981684982,0.3047619047619048,0.6012210012210012,0.15213675213675212,0.1894993894993895,0.29523809523809524,0.6061050061050061,0.35018315018315016,0.5172161172161173,0.4148962148962149,0.4683760683760684,0.2967032967032967,0.6998778998778998,0.284004884004884,0.1282051282051282,0.23076923076923078,0.1851037851037851,0.43174603174603177,0.536019536019536,0.08131868131868132,0.5833943833943834,0.11404151404151404,0.7716727716727717,0.6019536019536019,0.39365079365079364,0.09474969474969475,0.35824175824175825,0.1203907203907204,0.16214896214896216,0.07985347985347985,0.08498168498168499,0.16971916971916973,0.23272283272283273,0.37533577533577533,0.442002442002442,0.11013431013431013,0.23076923076923078,0.1291819291819292,0.273992673992674,0.8551892551892551,0.09181929181929183,0.3851037851037851,0.5172161172161173,0.15433455433455434,0.15848595848595848
0.6605616605616605,0.21855921855921856,0.003907203907203907,0.23565323565323565,0.5216117216117216,0.513064713064713,0.7728937728937729,0.39487179487179486,0.45567765567765567,0.2554334554334554,0.12991452991452992,0.4683760683760684,0.6,0.526984126984127,0.17167277167277167,0.598046398046398,0.2288156288156288,0.17802197802197803,0.43785103785103785,0.5003663003663004,0.21855921855921856,0.4,0.06031746031746032,0.210989010989011,0.45665445665445664,0.1978021978021978,0.747008547008547,0.17313797313797313,0.3338217338217338,0.3247863247863248,0.1452991452991453,0.535042735042735,0.4004884004884005,0.2810744810744811,0.484981684981685,0.29474969474969476,0.5924297924297924,0.1575091575091575,0.18168498168498168,0.3184371184371184,0.6065934065934065,0.378021978021978,0.5404151404151404,0.4043956043956044,0.4771672771672772,0.28766788766788765,0.707936507936508,0.2754578754578755,0.12454212454212454,0.25396825396825395,0.17875457875457876,0.4512820512820513,0.5181929181929182,0.08083028083028083,0.6046398046398046,0.11086691086691086,0.7746031746031746,0.5824175824175825,0.38095238095238093,0.09499389499389499,0.40073260073260075,0.12307692307692308,0.15604395604395604,0.07765567765567766,0.07814407814407814,0.18168498168498168,0.2231990231990232,0.36214896214896214,0.43394383394383396,0.10915750915750916,0.22124542124542124,0.13137973137973138,0.26373626373626374,0.8466422466422466,0.0862026862026862,0.4197802197802198,0.5025641025641026,0.1536019536019536,0.15555555555555556
0.6617826617826618,0.21318681318681318,0.0019536019536019536,0.24664224664224665,0.5294261294261294,0.503052503052503,0.7765567765567766,0.38168498168498166,0.47545787545787543,0.24713064713064714,0.12722832722832722,0.4793650793650794,0.5807081807081808,0.5516483516483517,0.1934065934065934,0.609035409035409,0.2608058608058608,0.17606837606837608,0.4244200244200244,0.505982905982906,0.21343101343101342,0.3882783882783883,0.060805860805860805,0.24102564102564103,0.47814407814407817,0.19316239316239317,0.7435897435897436,0.16605616605616605,0.32625152625152626,0.31648351648351647,0.1413919413919414,0.5609279609279609,0.39023199023199023,0.27326007326007323,0.472039072039072,0.28595848595848594,0.580952380952381,0.1663003663003663,0.17387057387057386,0.32844932844932845,0.6039072039072039,0.4087912087912088,0.5616605616605617,0.39365079365079364,0.48376068376068376,0.27912087912087913,0.7120879120879121,0.26837606837606837,0.12014652014652015,0.2810744810744811,0.17264957264957265,0.4683760683760684,0.5025641025641026,0.0800976800976801,0.6231990231990232,0.10818070818070818,0.7743589743589744,0.5626373626373626,0.36996336996337,0.09572649572649573,0.44542124542124545,0.12551892551892552,0.1496947496947497,0.0757020757020757,0.07179487179487179,0.19462759462759463,0.21465201465201464,0.3487179487179487,0.42124542124542125,0.10818070818070818,0.21343101343101342,0.13528693528693528,0.25347985347985347,0.834920634920635,0.08302808302808302,0.45152625152625153,0.4874236874236874,0.1536019536019536,0.15213675213675212
0.6600732600732601,0.20781440781440783,0.0009768009768009768,0.26105006105006107,0.5340659340659341,0.4925518925518926,0.7770451770451771,0.3684981684981685,0.49352869352869355,0.2398046398046398,0.12405372405372406,0.4891330891330891,0.5619047619047619,0.5736263736263736,0.2205128205128205,0.6168498168498169,0.2923076923076923,0.17313797313797313,0.41147741147741146,0.5094017094017094,0.2083028083028083,0.3768009768009768,0.06153846153846154,0.273992673992674,0.4976800976800977,0.18852258852258852,0.7367521367521368,0.16043956043956045,0.3181929181929182,0.30793650793650795,0.13724053724053725,0.5838827838827839,0.38046398046398044,0.2656898656898657,0.45714285714285713,0.2761904761904762,0.567032967032967,0.178998778998779,0.16678876678876678,0.3286935286935287,0.599023199023199,0.44004884004884004,0.5807081807081808,0.3831501831501832,0.48815628815628814,0.2708180708180708,0.7118437118437119,0.26202686202686204,0.11550671550671551,0.3108669108669109,0.16654456654456654,0.4827838827838828,0.48644688644688644,0.07887667887667887,0.639072039072039,0.10573870573870574,0.770940170940171,0.5433455433455433,0.35995115995115995,0.09499389499389499,0.4896214896214896,0.12747252747252746,0.14358974358974358,0.07374847374847375,0.06593406593406594,0.2087912087912088,0.20488400488400488,0.3355311355311355,0.4065934065934066,0.1072039072039072,0.20732600732600734,0.14334554334554334,0.24346764346764346,0.82002442002442,0.08327228327228327,0.4805860805860806,0.47106227106227105,0.15384615384615385,0.14847374847374847
0.654945054945055,0.2021978021978022,0.0002442002442002442,0.2788766788766789,0.536019536019536,0.48205128205128206,0.7738705738705739,0.3557997557997558,0.5096459096459096,0.2315018315018315,0.11794871794871795,0.49694749694749696,0.5443223443223443,0.5924297924297924,0.2525030525030525,0.6207570207570208,0.32844932844932845,0.16971916971916973,0.3987789987789988,0.5108669108669108,0.20317460317460317,0.36556776556776555,0.06324786324786325,0.3089133089133089,0.515018315018315,0.1838827838827839,0.7267399267399267,0.15555555555555556,0.3094017094017094,0.29914529914529914,0.13357753357753357,0.6046398046398046,0.3706959706959707,0.25860805860805863,0.44542124542124545,0.2661782661782662,0.5518925518925519,0.19584859584859585,0.15995115995115994,0.3367521367521368,0.5914529914529915,0.4700854700854701,0.5975579975579975,0.37264957264957266,0.4905982905982906,0.26275946275946277,0.7076923076923077,0.2542124542124542,0.11037851037851037,0.34163614163614164,0.1606837606837607,0.49474969474969477,0.47057387057387057,0.07814407814407814,0.6525030525030525,0.10451770451770452,0.7643467643467643,0.526007326007326,0.3492063492063492,0.0945054945054945,0.5318681318681319,0.12967032967032968,0.13772893772893774,0.07228327228327229,0.061782661782661785,0.22612942612942613,0.19487179487179487,0.32283272283272285,0.39194139194139194,0.1072039072039072,0.20024420024420025,0.1575091575091575,0.2336996336996337,0.8026862026862027,0.08888888888888889,0.5062271062271062,0.45616605616605616,0.1536019536019536,0.14481074481074482
0.6468864468864469,0.19658119658119658,0.0,0.295970695970696,0.5365079365079365,0.47155067155067154,0.7670329670329671,0.3431013431013431,0.5242979242979243,0.2231990231990232,0.10989010989010989,0.5032967032967033,0.5274725274725275,0.6087912087912087,0.2879120879120879,0.6214896214896215,0.3658119658119658,0.16654456654456654,0.3868131868131868,0.5103785103785103,0.19877899877899877,0.35555555555555557,0.0652014652014652,0.3440781440781441,0.5306471306471306,0.18021978021978022,0.7133089133089133,0.15042735042735042,0.3006105006105006,0.2905982905982906,0.12991452991452992,0.6224664224664225,0.36117216117216117,0.252014652014652,0.4341880341880342,0.25616605616605614,0.536019536019536,0.21611721611721613,0.15531135531135531,0.35067155067155065,0.5814407814407815,0.4984126984126984,0.6117216117216118,0.3626373626373626,0.49035409035409033,0.25665445665445663,0.701098901098901,0.2463980463980464,0.10573870573870574,0.37264957264957266,0.15531135531135531,0.5045177045177045,0.4547008547008547,0.07863247863247863,0.6625152625152625,0.10525030525030525,0.7548229548229548,0.5101343101343101,0.33821733821733824,0.09352869352869353,0.5709401709401709,0.13211233211233211,0.13211233211233211,0.07106227106227106,0.05885225885225885,0.24566544566544565,0.18485958485958487,0.3103785103785104,0.3775335775335775,0.1076923076923077,0.19291819291819293,0.18021978021978022,0.22417582417582418,0.7829059829059829,0.10183150183150183,0.528937728937729,0.4424908424908425,0.15286935286935288,0.1409035409035409
0.6358974358974359,0.19096459096459095,0.001221001221001221,0.3128205128205128,0.535042735042735,0.45836385836385835,0.7565323565323565,0.3308913308913309,0.5365079365079365,0.21465201465201464,0.10354090354090355,0.5074481074481074,0.5111111111111111,0.6222222222222222,0.3203907203907204,0.6202686202686203,0.4031746031746032,0.16336996336996337,0.3755799755799756,0.5074481074481074,0.19462759462759463,0.34676434676434675,0.06666666666666667,0.37826617826617825,0.5443223443223443,0.1772893772893773,0.6984126984126984,0.14505494505494507,0.2915750915750916,0.28205128205128205,0.126007326007326,0.6378510378510378,0.3516483516483517,0.24664224664224665,0.4231990231990232,0.2463980463980464,0.5199023199023199,0.23956043956043957,0.1514041514041514,0.3665445665445665,0.5687423687423687,0.525030525030525,0.6236874236874237,0.35311355311355314,0.48766788766788766,0.2512820512820513,0.6913308913308913,0.23833943833943835,0.10158730158730159,0.40293040293040294,0.14993894993894993,0.5118437118437118,0.4398046398046398,0.08083028083028083,0.6695970695970695,0.10842490842490843,0.7431013431013431,0.4937728937728938,0.32722832722832723,0.09304029304029304,0.6061050061050061,0.13406593406593406,0.12747252747252746,0.07179487179487179,0.054945054945054944,0.26544566544566545,0.17484737484737484,0.29816849816849816,0.36507936507936506,0.1076923076923077,0.18583638583638584,0.21318681318681318,0.2153846153846154,0.7614163614163614,0.12356532356532357,0.546031746031746,0.4278388278388278,0.1523809523809524,0.136996336996337
0.622954822954823,0.18583638583638584,0.003418803418803419,0.33186813186813185,0.5313797313797314,0.4461538461538462,0.7428571428571429,0.3184371184371184,0.5470085470085471,0.20683760683760682,0.09865689865689865,0.5094017094017094,0.49523809523809526,0.6315018315018315,0.35115995115995113,0.6168498168498169,0.43833943833943834,0.15995115995115994,0.3653235653235653,0.5023199023199023,0.19267399267399268,0.336996336996337,0.06788766788766788,0.41074481074481073,0.5555555555555556,0.17631257631257632,0.6818070818070818,0.13968253968253969,0.2822954822954823,0.27350427350427353,0.12258852258852258,0.6507936507936508,0.34383394383394383,0.24175824175824176,0.4126984126984127,0.2371184371184371,0.504029304029304,0.2652014652014652,0.14652014652014653,0.38217338217338215,0.5545787545787546,0.5492063492063493,0.6332112332112332,0.3440781440781441,0.4827838827838828,0.24517704517704517,0.6786324786324787,0.23003663003663002,0.09743589743589744,0.4312576312576313,0.14505494505494507,0.5157509157509158,0.4253968253968254,0.08717948717948718,0.6732600732600733,0.11477411477411477,0.7294261294261294,0.4776556776556777,0.31648351648351647,0.0927960927960928,0.6371184371184371,0.13626373626373625,0.1242979242979243,0.07448107448107448,0.05054945054945055,0.28498168498168497,0.16532356532356532,0.28644688644688643,0.35433455433455435,0.10744810744810745,0.17875457875457876,0.2568986568986569,0.20683760683760682,0.7387057387057387,0.1540903540903541,0.558974358974359,0.41367521367521365,0.15189255189255188,0.13357753357753357
0.6083028083028083,0.18168498168498168,0.006105006105006105,0.35018315018315016,0.5247863247863248,0.43736263736263736,0.7262515262515262,0.3064713064713065,0.5538461538461539,0.19877899877899877,0.09499389499389499,0.5094017094017094,0.4796092796092796,0.6376068376068376,0.3851037851037851,0.6107448107448108,0.4708180708180708,0.15677655677655677,0.3557997557997558,0.49523809523809526,0.19267399267399268,0.32673992673992674,0.06886446886446887,0.441025641025641,0.5645909645909646,0.17753357753357754,0.663003663003663,0.13504273504273503,0.27326007326007323,0.2647130647130647,0.11965811965811966,0.6612942612942613,0.33601953601953605,0.23663003663003662,0.4021978021978022,0.22857142857142856,0.48937728937728936,0.29181929181929184,0.14114774114774115,0.3963369963369963,0.5391941391941392,0.5711843711843712,0.64004884004884,0.33650793650793653,0.4764346764346764,0.2385836385836386,0.6632478632478632,0.22197802197802197,0.09352869352869353,0.45738705738705737,0.14114774114774115,0.5174603174603175,0.41098901098901097,0.09841269841269841,0.6744810744810745,0.12380952380952381,0.7135531135531136,0.4617826617826618,0.305982905982906,0.09255189255189256,0.6642246642246642,0.13846153846153847,0.12380952380952381,0.07936507936507936,0.046153846153846156,0.3035409035409035,0.15653235653235653,0.2766788766788767,0.3435897435897436,0.1072039072039072,0.17191697191697192,0.3103785103785104,0.19877899877899877,0.715018315018315,0.1873015873015873,0.5721611721611721,0.40024420024420027,0.15115995115995115,0.13015873015873017
0.5926739926739927,0.17826617826617827,0.011233211233211233,0.3658119658119658,0.515995115995116,0.4275946275946276,0.707936507936508,0.29572649572649573,0.557997557997558,0.19096459096459095,0.09328449328449329,0.5067155067155067,0.4644688644688645,0.6432234432234433,0.4192918192918193,0.6019536019536019,0.5003663003663004,0.1536019536019536,0.3465201465201465,0.4862026862026862,0.19462759462759463,0.31648351648351647,0.0695970695970696,0.4683760683760684,0.5702075702075702,0.18095238095238095,0.6427350427350428,0.13064713064713065,0.26422466422466423,0.25567765567765566,0.11697191697191697,0.6673992673992674,0.3274725274725275,0.23125763125763127,0.3921855921855922,0.2205128205128205,0.47496947496947495,0.31868131868131866,0.13553113553113552,0.40854700854700854,0.5230769230769231,0.5907203907203907,0.6442002442002442,0.3291819291819292,0.4673992673992674,0.23223443223443224,0.645909645909646,0.2144078144078144,0.08986568986568987,0.4810744810744811,0.13846153846153847,0.517948717948718,0.39755799755799753,0.11575091575091576,0.6727716727716728,0.13528693528693528,0.6957264957264957,0.4468864468864469,0.295970695970696,0.09255189255189256,0.6874236874236874,0.14065934065934066,0.126007326007326,0.08888888888888889,0.041758241758241756,0.3203907203907204,0.147985347985348,0.2678876678876679,0.33308913308913307,0.10695970695970695,0.16532356532356532,0.37142857142857144,0.19145299145299147,0.693040293040293,0.22344322344322345,0.5838827838827839,0.3877899877899878,0.1509157509157509,0.12722832722832722
0.5782661782661783,0.17387057387057386,0.02026862026862027,0.37704517704517704,0.5047619047619047,0.41733821733821735,0.6881562881562882,0.2869352869352869,0.5614163614163614,0.18363858363858365,0.09426129426129426,0.5020757020757021,0.4512820512820513,0.6473748473748474,0.4525030525030525,0.5907203907203907,0.526984126984127,0.15042735042735042,0.33724053724053726,0.4764346764346764,0.20024420024420025,0.3064713064713065,0.07057387057387057,0.4927960927960928,0.5731379731379731,0.18852258852258852,0.6214896214896215,0.1264957264957265,0.2554334554334554,0.2468864468864469,0.11477411477411477,0.6708180708180708,0.3184371184371184,0.22564102564102564,0.38217338217338215,0.2126984126984127,0.46153846153846156,0.34505494505494505,0.13015873015873017,0.4183150183150183,0.5064713064713064,0.6075702075702075,0.6444444444444445,0.32161172161172163,0.45714285714285713,0.2258852258852259,0.6271062271062271,0.2070818070818071,0.0862026862026862,0.4993894993894994,0.13528693528693528,0.5172161172161173,0.38412698412698415,0.14017094017094017,0.6727716727716728,0.15115995115995115,0.676923076923077,0.431990231990232,0.2862026862026862,0.09255189255189256,0.7074481074481075,0.14334554334554334,0.13162393162393163,0.10329670329670329,0.037606837606837605,0.33528693528693526,0.13992673992673993,0.25811965811965815,0.32332112332112334,0.10671550671550671,0.15946275946275945,0.4376068376068376,0.18461538461538463,0.6725274725274726,0.2691086691086691,0.5936507936507937,0.37606837606837606,0.1509157509157509,0.12454212454212454
0.5645909645909646,0.168986568986569,0.03565323565323565,0.3833943833943834,0.4918192918192918,0.4070818070818071,0.6691086691086691,0.28034188034188035,0.5636141636141636,0.17631257631257632,0.09914529914529914,0.4954822954822955,0.4388278388278388,0.6490842490842491,0.4832722832722833,0.5772893772893772,0.5504273504273505,0.147008547008547,0.3291819291819292,0.4656898656898657,0.21001221001221002,0.2971916971916972,0.07155067155067155,0.5118437118437118,0.5753357753357753,0.20073260073260074,0.6,0.12234432234432234,0.2468864468864469,0.23833943833943835,0.11428571428571428,0.6727716727716728,0.30915750915750917,0.2205128205128205,0.37484737484737485,0.20537240537240536,0.4490842490842491,0.367032967032967,0.12503052503052503,0.4256410256410256,0.48986568986568985,0.621978021978022,0.6415140415140416,0.31404151404151404,0.4456654456654457,0.22002442002442002,0.6068376068376068,0.20024420024420025,0.08278388278388278,0.5142857142857142,0.13162393162393163,0.5147741147741147,0.37094017094017095,0.17191697191697192,0.6722832722832723,0.17094017094017094,0.6573870573870574,0.4183150183150183,0.27643467643467645,0.09304029304029304,0.724053724053724,0.14627594627594628,0.14212454212454212,0.12405372405372406,0.03394383394383394,0.3474969474969475,0.1326007326007326,0.24810744810744811,0.3142857142857143,0.10622710622710622,0.15384615384615385,0.5054945054945055,0.1794871794871795,0.6512820512820513,0.3189255189255189,0.6012210012210012,0.36507936507936506,0.1509157509157509,0.12234432234432234
0.550915750915751,0.16385836385836386,0.05811965811965812,0.3838827838827839,0.47692307692307695,0.39658119658119656,0.6512820512820513,0.27472527472527475,0.5636141636141636,0.16947496947496948,0.10989010989010989,0.48766788766788766,0.4253968253968254,0.6485958485958486,0.5115995115995116,0.5623931623931624,0.5711843711843712,0.14383394383394382,0.3221001221001221,0.45396825396825397,0.22466422466422467,0.2879120879120879,0.07252747252747253,0.526984126984127,0.5758241758241758,0.210989010989011,0.5792429792429793,0.11843711843711843,0.2385836385836386,0.23101343101343103,0.11550671550671551,0.6730158730158731,0.29987789987789987,0.21562881562881564,0.3663003663003663,0.1978021978021978,0.4385836385836386,0.38632478632478634,0.1199023199023199,0.43052503052503055,0.4742368742368742,0.6336996336996337,0.6366300366300366,0.305982905982906,0.43345543345543347,0.21416361416361415,0.5868131868131868,0.19365079365079366,0.08058608058608059,0.5286935286935287,0.12844932844932844,0.5103785103785103,0.357997557997558,0.2043956043956044,0.6654456654456654,0.19413919413919414,0.6376068376068376,0.40463980463980465,0.26666666666666666,0.09352869352869353,0.7350427350427351,0.14822954822954823,0.15848595848595848,0.1509157509157509,0.031013431013431014,0.35775335775335776,0.12576312576312576,0.23809523809523808,0.30500610500610503,0.10622710622710622,0.14822954822954823,0.5726495726495726,0.17509157509157508,0.6302808302808303,0.37045177045177047,0.6065934065934065,0.35482295482295484,0.1509157509157509,0.12112332112332112
0.536996336996337,0.15848595848595848,0.08791208791208792,0.3797313797313797,0.46153846153846156,0.38632478632478634,0.6322344322344322,0.27106227106227104,0.5614163614163614,0.16263736263736264,0.1242979242979243,0.4776556776556777,0.41147741147741146,0.6451770451770452,0.536996336996337,0.546031746031746,0.5892551892551893,0.14188034188034188,0.3142857142857143,0.44126984126984126,0.24444444444444444,0.2788766788766789,0.0735042735042735,0.5416361416361416,0.5746031746031746,0.22295482295482297,0.558974358974359,0.11452991452991453,0.23101343101343103,0.22417582417582418,0.11868131868131868,0.6703296703296703,0.2903540903540904,0.2105006105006105,0.35433455433455435,0.1907203907203907,0.42905982905982903,0.40634920634920635,0.11526251526251527,0.43272283272283274,0.4593406593406593,0.6417582417582418,0.6295482295482295,0.2979242979242979,0.42124542124542125,0.20854700854700856,0.5667887667887668,0.18754578754578755,0.07936507936507936,0.5421245421245421,0.12527472527472527,0.5035409035409035,0.34676434676434675,0.2385836385836386,0.6542124542124542,0.21904761904761905,0.6183150183150183,0.3912087912087912,0.2568986568986569,0.09548229548229548,0.7421245421245422,0.1496947496947497,0.18192918192918192,0.18363858363858365,0.02905982905982906,0.36507936507936506,0.12112332112332112,0.22832722832722832,0.2962148962148962,0.1072039072039072,0.14334554334554334,0.6278388278388278,0.16971916971916973,0.6102564102564103,0.42075702075702076,0.6095238095238096,0.34456654456654456,0.1509157509157509,0.12112332112332112
0.5235653235653236,0.1536019536019536,0.12503052503052503,0.37216117216117217,0.4461538461538462,0.3775335775335775,0.6134310134310135,0.2708180708180708,0.557020757020757,0.15653235653235653,0.14383394383394382,0.46593406593406594,0.39755799755799753,0.6393162393162393,0.55995115995116,0.5291819291819292,0.6048840048840048,0.13992673992673993,0.30573870573870576,0.42857142857142855,0.26886446886446885,0.2698412698412698,0.07448107448107448,0.5548229548229549,0.5714285714285714,0.2468864468864469,0.5404151404151404,0.1111111111111111,0.22442002442002443,0.21684981684981686,0.12551892551892552,0.6652014652014652,0.28083028083028083,0.2056166056166056,0.346031746031746,0.18583638583638584,0.41904761904761906,0.4256410256410256,0.11037851037851037,0.431990231990232,0.44664224664224667,0.6468864468864469,0.6202686202686203,0.29010989010989013,0.409035409035409,0.20317460317460317,0.5472527472527473,0.1829059829059829,0.07741147741147741,0.5540903540903541,0.12185592185592185,0.494993894993895,0.3367521367521368,0.2796092796092796,0.6393162393162393,0.24493284493284492,0.6,0.37826617826617825,0.24737484737484738,0.09743589743589744,0.748962148962149,0.15115995115995115,0.21147741147741148,0.2205128205128205,0.029304029304029304,0.36971916971916974,0.11746031746031746,0.21855921855921856,0.2874236874236874,0.10989010989010989,0.13943833943833944,0.6744810744810745,0.1641025641025641,0.590964590964591,0.4683760683760684,0.6095238095238096,0.33455433455433453,0.1514041514041514,0.12087912087912088
0.5108669108669108,0.14847374847374847,0.16825396825396827,0.3614163614163614,0.43272283272283274,0.3694749694749695,0.5948717948717949,0.2744810744810745,0.5501831501831502,0.15189255189255188,0.17094017094017094,0.4537240537240537,0.3833943833943834,0.6305250305250305,0.5802197802197803,0.5123321123321123,0.6153846153846154,0.13724053724053725,0.2967032967032967,0.41611721611721614,0.2967032967032967,0.2617826617826618,0.07472527472527472,0.5665445665445665,0.5658119658119658,0.2783882783882784,0.5230769230769231,0.1076923076923077,0.2188034188034188,0.20903540903540904,0.13724053724053725,0.6568986568986569,0.2717948717948718,0.20073260073260074,0.336996336996337,0.18168498168498168,0.409035409035409,0.4432234432234432,0.10598290598290598,0.42857142857142855,0.4354090354090354,0.6507936507936508,0.608058608058608,0.2822954822954823,0.3973137973137973,0.19829059829059828,0.527960927960928,0.178998778998779,0.07496947496947497,0.5638583638583639,0.11868131868131868,0.48473748473748474,0.3252747252747253,0.32405372405372407,0.6214896214896215,0.2703296703296703,0.5826617826617827,0.3653235653235653,0.23956043956043957,0.0989010989010989,0.7536019536019536,0.15262515262515264,0.2463980463980464,0.25982905982905985,0.032722832722832725,0.37216117216117217,0.11306471306471307,0.20903540903540904,0.2783882783882784,0.11575091575091576,0.1365079365079365,0.7225885225885226,0.15897435897435896,0.5728937728937729,0.5115995115995116,0.6068376068376068,0.32454212454212455,0.15213675213675212,0.12136752136752137
0.4989010989010989,0.14358974358974358,0.21684981684981686,0.34945054945054943,0.4202686202686203,0.3609279609279609,0.5765567765567765,0.2818070818070818,0.5416361416361416,0.14822954822954823,0.20537240537240536,0.4402930402930403,0.3694749694749695,0.6192918192918193,0.598046398046398,0.49743589743589745,0.622954822954823,0.13528693528693528,0.2879120879120879,0.4039072039072039,0.326984126984127,0.2537240537240537,0.0761904761904762,0.5758241758241758,0.557997557997558,0.3142857142857143,0.5064713064713064,0.10573870573870574,0.2126984126984127,0.20170940170940171,0.15482295482295483,0.6451770451770452,0.2625152625152625,0.19633699633699633,0.32625152625152626,0.17631257631257632,0.3987789987789988,0.4593406593406593,0.10183150183150183,0.4231990231990232,0.4236874236874237,0.6515262515262515,0.5938949938949939,0.27472527472527475,0.3860805860805861,0.19365079365079366,0.5108669108669108,0.1746031746031746,0.07252747252747253,0.5711843711843712,0.11575091575091576,0.47277167277167276,0.31306471306471306,0.36923076923076925,0.6017094017094017,0.2945054945054945,0.5658119658119658,0.35262515262515265,0.23272283272283273,0.10012210012210013,0.7562881562881563,0.15433455433455434,0.2852258852258852,0.3001221001221001,0.041025641025641026,0.37216117216117217,0.10866910866910867,0.20024420024420025,0.26935286935286934,0.12576312576312576,0.1326007326007326,0.7677655677655678,0.1536019536019536,0.5555555555555556,0.54993894993895,0.6017094017094017,0.315018315018315,0.15262515262515264,0.1242979242979243
0.4869352869352869,0.1387057387057387,0.2681318681318681,0.337973137973138,0.4073260073260073,0.35213675213675216,0.558974358974359,0.2932844932844933,0.5313797313797314,0.14407814407814407,0.24517704517704517,0.42686202686202684,0.3557997557997558,0.6061050061050061,0.6126984126984127,0.4835164835164835,0.63003663003663,0.13553113553113552,0.27912087912087913,0.3924297924297924,0.3584859584859585,0.2459096459096459,0.07814407814407814,0.5826617826617827,0.5474969474969476,0.3516483516483517,0.4908424908424908,0.10451770451770452,0.20586080586080585,0.1943833943833944,0.17826617826617827,0.631013431013431,0.2537240537240537,0.1921855921855922,0.3177045177045177,0.17045177045177046,0.3882783882783883,0.473015873015873,0.09963369963369964,0.4158730158730159,0.4122100122100122,0.6503052503052503,0.5782661782661783,0.26764346764346764,0.37533577533577533,0.19096459096459095,0.49523809523809526,0.16947496947496948,0.0695970695970696,0.576068376068376,0.11306471306471307,0.4598290598290598,0.3013431013431013,0.4126984126984127,0.5802197802197803,0.31648351648351647,0.54993894993895,0.3413919413919414,0.22515262515262516,0.10134310134310134,0.756043956043956,0.157997557997558,0.32625152625152626,0.33943833943833945,0.05372405372405373,0.37045177045177047,0.10402930402930403,0.19194139194139195,0.2600732600732601,0.13821733821733823,0.12844932844932844,0.8083028083028083,0.14822954822954823,0.5389499389499389,0.5836385836385837,0.5936507936507937,0.3072039072039072,0.1540903540903541,0.1308913308913309
0.47545787545787543,0.13406593406593406,0.32161172161172163,0.32673992673992674,0.3946275946275946,0.3431013431013431,0.5421245421245421,0.30842490842490844,0.5199023199023199,0.13992673992673993,0.28888888888888886,0.41318681318681316,0.34285714285714286,0.5912087912087912,0.6231990231990232,0.4691086691086691,0.6356532356532356,0.13968253968253969,0.27057387057387056,0.38168498168498166,0.39023199023199023,0.2398046398046398,0.08083028083028083,0.5870573870573871,0.5355311355311355,0.3894993894993895,0.47692307692307695,0.10256410256410256,0.199023199023199,0.1873015873015873,0.20781440781440783,0.6146520146520147,0.24493284493284492,0.189010989010989,0.3086691086691087,0.1645909645909646,0.37777777777777777,0.484981684981685,0.09768009768009768,0.4061050061050061,0.400976800976801,0.6476190476190476,0.5614163614163614,0.26105006105006107,0.3653235653235653,0.19023199023199022,0.4793650793650794,0.1645909645909646,0.06715506715506715,0.5787545787545788,0.11135531135531136,0.44590964590964594,0.2893772893772894,0.45274725274725275,0.557997557997558,0.33601953601953605,0.536019536019536,0.3316239316239316,0.21733821733821734,0.10207570207570207,0.7528693528693529,0.16483516483516483,0.3677655677655678,0.37191697191697193,0.07179487179487179,0.3663003663003663,0.09914529914529914,0.1838827838827839,0.2525030525030525,0.1663003663003663,0.1242979242979243,0.8434676434676435,0.14334554334554334,0.5228327228327229,0.6122100122100123,0.5838827838827839,0.29987789987789987,0.157997557997558,0.14212454212454212
0.463980463980464,0.12942612942612944,0.3684981684981685,0.3133089133089133,0.3824175824175824,0.3343101343101343,0.5257631257631258,0.32673992673992674,0.5074481074481074,0.13553113553113552,0.33455433455433453,0.40024420024420027,0.33015873015873015,0.5753357753357753,0.6302808302808303,0.4547008547008547,0.6385836385836385,0.15042735042735042,0.26202686202686204,0.37094017094017095,0.42124542124542125,0.23467643467643468,0.08693528693528693,0.589010989010989,0.5218559218559219,0.4261294261294261,0.463980463980464,0.10036630036630037,0.19267399267399268,0.18046398046398046,0.2424908424908425,0.5963369963369963,0.23663003663003662,0.18632478632478633,0.2993894993894994,0.15897435897435896,0.367032967032967,0.49474969474969477,0.09499389499389499,0.3938949938949939,0.38974358974358975,0.6415140415140416,0.5435897435897435,0.25567765567765566,0.3567765567765568,0.19096459096459095,0.46373626373626375,0.15946275946275945,0.06471306471306472,0.5787545787545788,0.11037851037851037,0.432967032967033,0.27814407814407816,0.4888888888888889,0.5355311355311355,0.3528693528693529,0.5230769230769231,0.32063492063492066,0.20976800976800977,0.10305250305250305,0.7462759462759463,0.17753357753357754,0.40854700854700854,0.3992673992673993,0.09841269841269841,0.35995115995115995,0.09499389499389499,0.17631257631257632,0.2454212454212454,0.20732600732600734,0.12087912087912088,0.8732600732600733,0.13821733821733823,0.5064713064713064,0.6361416361416361,0.5724053724053724,0.2910866910866911,0.16654456654456654,0.15848595848595848
0.45274725274725275,0.1264957264957265,0.41147741147741146,0.29914529914529914,0.37094017094017095,0.32576312576312577,0.5096459096459096,0.347008547008547,0.4954822954822955,0.13113553113553114,0.3807081807081807,0.3877899877899878,0.3181929181929182,0.55995115995116,0.6366300366300366,0.441025641025641,0.6388278388278388,0.16874236874236875,0.2537240537240537,0.3609279609279609,0.44713064713064715,0.22954822954822954,0.0989010989010989,0.588034188034188,0.5069597069597069,0.45616605616605616,0.4503052503052503,0.09963369963369964,0.18632478632478633,0.17387057387057386,0.28034188034188035,0.577045177045177,0.23003663003663002,0.18339438339438338,0.2905982905982906,0.15384615384615385,0.3567765567765568,0.5020757020757021,0.09206349206349207,0.38046398046398044,0.3833943833943834,0.6285714285714286,0.526007326007326,0.25225885225885225,0.3492063492063492,0.19487179487179487,0.4485958485958486,0.15482295482295483,0.06251526251526252,0.576068376068376,0.11184371184371185,0.42075702075702076,0.26764346764346764,0.5203907203907204,0.5135531135531135,0.36678876678876676,0.5094017094017094,0.3094017094017094,0.2026862026862027,0.10354090354090355,0.7365079365079366,0.19853479853479852,0.4468864468864469,0.42686202686202684,0.13357753357753357,0.35213675213675216,0.09157509157509157,0.17045177045177046,0.23736263736263735,0.2459096459096459,0.11868131868131868,0.8981684981684982,0.13357753357753357,0.4905982905982906,0.652991452991453,0.5584859584859585,0.2822954822954823,0.18217338217338216,0.18144078144078143
0.44126984126984126,0.12454212454212454,0.4581196581196581,0.2847374847374847,0.35995115995115995,0.3177045177045177,0.4945054945054945,0.368986568986569,0.484004884004884,0.12698412698412698,0.4256410256410256,0.3763125763125763,0.3064713064713065,0.5455433455433455,0.6417582417582418,0.4275946275946276,0.6361416361416361,0.19584859584859585,0.24566544566544565,0.35115995115995113,0.46984126984126984,0.22442002442002443,0.12014652014652015,0.5843711843711844,0.4927960927960928,0.48253968253968255,0.4363858363858364,0.10036630036630037,0.18046398046398046,0.16776556776556775,0.3199023199023199,0.558974358974359,0.22442002442002443,0.17997557997557997,0.2818070818070818,0.1492063492063492,0.34676434676434675,0.5069597069597069,0.08913308913308914,0.3663003663003663,0.378998778998779,0.6146520146520147,0.5086691086691086,0.2512820512820513,0.34114774114774116,0.2021978021978022,0.43345543345543347,0.14993894993894993,0.061782661782661785,0.5709401709401709,0.11575091575091576,0.40805860805860805,0.2576312576312576,0.5477411477411478,0.4927960927960928,0.37655677655677655,0.495970695970696,0.29816849816849816,0.1956043956043956,0.10427350427350428,0.7238095238095238,0.22979242979242978,0.47814407814407817,0.4525030525030525,0.17631257631257632,0.3418803418803419,0.08986568986568987,0.16532356532356532,0.2288156288156288,0.2857142857142857,0.11843711843711843,0.9181929181929182,0.12869352869352868,0.47448107448107446,0.6647130647130647,0.5428571428571428,0.27326007326007323,0.20634920634920634,0.21025641025641026
0.4315018315018315,0.12234432234432234,0.5052503052503052,0.2703296703296703,0.3496947496947497,0.30842490842490844,0.4793650793650794,0.3882783882783883,0.472039072039072,0.12356532356532357,0.4683760683760684,0.3916971916971917,0.2967032967032967,0.5301587301587302,0.644932844932845,0.4148962148962149,0.6307692307692307,0.2315018315018315,0.23809523809523808,0.3423687423687424,0.4937728937728938,0.2205128205128205,0.1523809523809524,0.5782661782661783,0.4796092796092796,0.5101343101343101,0.421978021978022,0.10451770451770452,0.17484737484737484,0.16214896214896216,0.3592185592185592,0.5418803418803418,0.2175824175824176,0.17631257631257632,0.27277167277167275,0.14481074481074482,0.3367521367521368,0.5094017094017094,0.0862026862026862,0.35213675213675216,0.3706959706959707,0.6036630036630036,0.4932844932844933,0.25347985347985347,0.33284493284493283,0.2144078144078144,0.41904761904761906,0.14554334554334555,0.06251526251526252,0.5638583638583639,0.12283272283272283,0.39584859584859583,0.24786324786324787,0.5709401709401709,0.47374847374847373,0.3833943833943834,0.48253968253968255,0.2874236874236874,0.18876678876678876,0.10476190476190476,0.7081807081807082,0.2652014652014652,0.504029304029304,0.4752136752136752,0.2253968253968254,0.3308913308913309,0.09133089133089133,0.1592185592185592,0.22026862026862026,0.32625152625152626,0.12185592185592185,0.9343101343101343,0.1242979242979243,0.46007326007326005,0.6754578754578755,0.5257631257631258,0.26373626373626374,0.24004884004884006,0.24493284493284492
0.4222222222222222,0.11941391941391942,0.550915750915751,0.2554334554334554,0.33943833943833945,0.3001221001221001,0.46422466422466424,0.4061050061050061,0.46007326007326005,0.12087912087912088,0.5089133089133089,0.4197802197802198,0.2886446886446886,0.5147741147741147,0.6456654456654457,0.4021978021978022,0.6224664224664225,0.274969474969475,0.23028083028083027,0.3343101343101343,0.5172161172161173,0.21831501831501832,0.19658119658119658,0.5699633699633699,0.46544566544566546,0.536996336996337,0.40757020757020757,0.11282051282051282,0.16923076923076924,0.15653235653235653,0.3924297924297924,0.5235653235653236,0.2105006105006105,0.17264957264957265,0.26422466422466423,0.1413919413919414,0.326984126984127,0.5091575091575091,0.08376068376068375,0.337973137973138,0.3601953601953602,0.5897435897435898,0.4793650793650794,0.2590964590964591,0.32454212454212455,0.23125763125763127,0.4048840048840049,0.14114774114774115,0.06642246642246642,0.5548229548229549,0.1343101343101343,0.3838827838827839,0.23882783882783884,0.58998778998779,0.45738705738705737,0.38925518925518926,0.4695970695970696,0.27643467643467645,0.18217338217338216,0.10525030525030525,0.6905982905982906,0.30744810744810747,0.5306471306471306,0.4945054945054945,0.2778998778998779,0.31868131868131866,0.09694749694749695,0.1523809523809524,0.21196581196581196,0.3672771672771673,0.12991452991452992,0.9465201465201465,0.12112332112332112,0.44664224664224667,0.6835164835164835,0.5079365079365079,0.25445665445665444,0.28253968253968254,0.2835164835164835
0.41196581196581195,0.11648351648351649,0.5941391941391941,0.2407814407814408,0.32893772893772893,0.29426129426129427,0.4507936507936508,0.4256410256410256,0.4485958485958486,0.11965811965811966,0.546031746031746,0.4283272283272283,0.27936507936507937,0.5001221001221001,0.6434676434676435,0.39023199023199023,0.611965811965812,0.3242979242979243,0.22442002442002443,0.32576312576312577,0.5389499389499389,0.21782661782661783,0.25274725274725274,0.5601953601953602,0.45103785103785105,0.5623931623931624,0.39267399267399267,0.1264957264957265,0.16385836385836386,0.1514041514041514,0.421978021978022,0.5054945054945055,0.20366300366300366,0.16923076923076924,0.25616605616605614,0.13968253968253969,0.3172161172161172,0.5067155067155067,0.08156288156288156,0.32454212454212455,0.34847374847374846,0.5743589743589743,0.46544566544566546,0.26837606837606837,0.3162393162393162,0.252014652014652,0.39096459096459096,0.136996336996337,0.07423687423687424,0.544078144078144,0.1514041514041514,0.37264957264957266,0.23028083028083027,0.6031746031746031,0.4432234432234432,0.3934065934065934,0.45616605616605616,0.26544566544566545,0.17582417582417584,0.10476190476190476,0.6727716727716728,0.3648351648351648,0.5555555555555556,0.5103785103785103,0.33186813186813185,0.3064713064713065,0.10744810744810745,0.1452991452991453,0.20366300366300366,0.4078144078144078,0.14358974358974358,0.9550671550671551,0.11868131868131868,0.431990231990232,0.6881562881562882,0.4905982905982906,0.2454212454212454,0.3326007326007326,0.32454212454212455
0.4017094017094017,0.11306471306471307,0.6349206349206349,0.2253968253968254,0.31868131868131866,0.28766788766788765,0.43785103785103785,0.44468864468864466,0.43736263736263736,0.1203907203907204,0.57997557997558,0.42686202686202684,0.2695970695970696,0.48547008547008547,0.6388278388278388,0.3785103785103785,0.5995115995115995,0.37704517704517704,0.21978021978021978,0.31697191697191696,0.558974358974359,0.22026862026862026,0.3189255189255189,0.5484737484737485,0.4371184371184371,0.5855921855921856,0.37777777777777777,0.14554334554334555,0.15848595848595848,0.147985347985348,0.452991452991453,0.4884004884004884,0.1973137973137973,0.16556776556776556,0.24786324786324787,0.1409035409035409,0.30915750915750917,0.5023199023199023,0.07936507936507936,0.3120879120879121,0.33650793650793653,0.5597069597069597,0.4517704517704518,0.28205128205128205,0.30793650793650795,0.2761904761904762,0.37704517704517704,0.13357753357753357,0.08498168498168499,0.5308913308913309,0.17387057387057386,0.36214896214896214,0.22197802197802197,0.611965811965812,0.42857142857142855,0.39536019536019534,0.44297924297924296,0.2549450549450549,0.16947496947496948,0.10451770451770452,0.654945054945055,0.432967032967033,0.5777777777777777,0.5230769230769231,0.3848595848595849,0.29474969474969476,0.12380952380952381,0.13846153846153847,0.19584859584859585,0.44664224664224667,0.16361416361416362,0.9577533577533578,0.11575091575091576,0.4170940170940171,0.6893772893772894,0.4735042735042735,0.23687423687423687,0.3877899877899878,0.3609279609279609
0.3912087912087912,0.11013431013431013,0.6727716727716728,0.20927960927960929,0.30842490842490844,0.2822954822954823,0.42417582417582417,0.463003663003663,0.42686202686202684,0.12503052503052503,0.6065934065934065,0.41904761904761906,0.2600732600732601,0.472039072039072,0.631013431013431,0.3672771672771673,0.5855921855921856,0.42417582417582417,0.2144078144078144,0.30793650793650795,0.577045177045177,0.2258852258852259,0.3924297924297924,0.5347985347985348,0.42417582417582417,0.6068376068376068,0.3626373626373626,0.1706959706959707,0.15482295482295483,0.1452991452991453,0.4827838827838828,0.47228327228327227,0.19096459096459095,0.1623931623931624,0.24004884004884006,0.1452991452991453,0.30207570207570206,0.4954822954822955,0.07741147741147741,0.3006105006105006,0.32405372405372407,0.5455433455433455,0.4388278388278388,0.29987789987789987,0.3001221001221001,0.3028083028083028,0.36336996336996336,0.13064713064713065,0.09987789987789988,0.5167277167277168,0.20170940170940171,0.35213675213675216,0.21587301587301588,0.62002442002442,0.41367521367521365,0.3960927960927961,0.4302808302808303,0.24444444444444444,0.16361416361416362,0.10525030525030525,0.6356532356532356,0.5086691086691086,0.5965811965811966,0.5328449328449328,0.4346764346764347,0.2835164835164835,0.1426129426129426,0.13162393162393163,0.1877899877899878,0.48253968253968255,0.18998778998778998,0.9565323565323566,0.11257631257631258,0.4021978021978022,0.6869352869352869,0.45714285714285713,0.22832722832722832,0.44517704517704515,0.39438339438339437
0.38168498168498166,0.1076923076923077,0.7076923076923077,0.19316239316239317,0.29743589743589743,0.27765567765567767,0.4095238095238095,0.4796092796092796,0.4166056166056166,0.13235653235653236,0.6280830280830281,0.40805860805860805,0.2507936507936508,0.45885225885225883,0.6207570207570208,0.3562881562881563,0.5721611721611721,0.46715506715506716,0.20927960927960929,0.2993894993894994,0.5929181929181929,0.23443223443223443,0.4695970695970696,0.5201465201465202,0.4117216117216117,0.6256410256410256,0.3474969474969475,0.2004884004884005,0.15189255189255188,0.14188034188034188,0.5106227106227106,0.45714285714285713,0.18534798534798536,0.15946275946275945,0.23296703296703297,0.15384615384615385,0.29426129426129427,0.48644688644688644,0.07521367521367521,0.2903540903540904,0.31355311355311355,0.5306471306471306,0.4261294261294261,0.32063492063492066,0.2920634920634921,0.33015873015873015,0.34945054945054943,0.12942612942612944,0.12136752136752137,0.5018315018315018,0.23321123321123322,0.3426129426129426,0.2105006105006105,0.6261294261294261,0.3992673992673993,0.39487179487179486,0.41782661782661784,0.23443223443223443,0.15897435897435896,0.10622710622710622,0.6153846153846154,0.5877899877899878,0.6122100122100123,0.5396825396825397,0.4800976800976801,0.2744810744810745,0.16483516483516483,0.12527472527472527,0.18021978021978022,0.515018315018315,0.21733821733821734,0.9545787545787546,0.10915750915750916,0.38754578754578756,0.6810744810744811,0.44175824175824174,0.22026862026862026,0.49474969474969477,0.4297924297924298
0.3724053724053724,0.1054945054945055,0.738949938949939,0.1772893772893773,0.28815628815628813,0.2717948717948718,0.39487179487179486,0.49401709401709404,0.4065934065934066,0.14334554334554334,0.6507936507936508,0.39584859584859583,0.24151404151404152,0.44664224664224667,0.6083028083028083,0.3452991452991453,0.5582417582417583,0.5137973137973137,0.2043956043956044,0.2910866910866911,0.6068376068376068,0.2463980463980464,0.5467643467643467,0.5047619047619047,0.4,0.642002442002442,0.3326007326007326,0.22954822954822954,0.147985347985348,0.13821733821733823,0.5362637362637362,0.4432234432234432,0.18021978021978022,0.15653235653235653,0.2275946275946276,0.16800976800976802,0.28595848595848594,0.47545787545787543,0.0735042735042735,0.28205128205128205,0.3045177045177045,0.5125763125763125,0.41367521367521365,0.3440781440781441,0.284004884004884,0.35775335775335776,0.33724053724053726,0.13015873015873017,0.14896214896214896,0.48644688644688644,0.2681318681318681,0.3338217338217338,0.2043956043956044,0.63003663003663,0.3851037851037851,0.42417582417582417,0.4056166056166056,0.22515262515262516,0.15506715506715507,0.10744810744810745,0.5956043956043956,0.6661782661782661,0.6258852258852259,0.5435897435897435,0.5203907203907204,0.2669108669108669,0.1934065934065934,0.11892551892551892,0.17264957264957265,0.544078144078144,0.24664224664224665,0.9504273504273504,0.10598290598290598,0.3733821733821734,0.6713064713064713,0.42735042735042733,0.2126984126984127,0.5384615384615384,0.4644688644688645
0.36434676434676433,0.10329670329670329,0.7667887667887668,0.1623931623931624,0.28034188034188035,0.26544566544566545,0.3797313797313797,0.5067155067155067,0.3968253968253968,0.1597069597069597,0.6727716727716728,0.38266178266178263,0.23272283272283273,0.43443223443223444,0.5943833943833944,0.33577533577533575,0.5433455433455433,0.5601953601953602,0.19926739926739928,0.283028083028083,0.6183150183150183,0.2605616605616606,0.6112332112332113,0.4891330891330891,0.38803418803418804,0.6559218559218559,0.31746031746031744,0.25811965811965815,0.14383394383394382,0.1343101343101343,0.5594627594627595,0.4302808302808303,0.17509157509157508,0.1536019536019536,0.2231990231990232,0.189010989010989,0.27692307692307694,0.4634920634920635,0.07203907203907203,0.27472527472527475,0.29426129426129427,0.4967032967032967,0.4014652014652015,0.3682539682539683,0.2761904761904762,0.38412698412698415,0.326007326007326,0.13284493284493284,0.18168498168498168,0.47106227106227105,0.3045177045177045,0.3247863247863248,0.1978021978021978,0.631013431013431,0.3711843711843712,0.4669108669108669,0.3934065934065934,0.21733821733821734,0.15067155067155066,0.11086691086691086,0.5765567765567765,0.7416361416361417,0.6356532356532356,0.5452991452991452,0.550915750915751,0.2595848595848596,0.22661782661782662,0.11330891330891331,0.16556776556776556,0.566056166056166,0.2818070818070818,0.9438339438339438,0.1028083028083028,0.35946275946275946,0.6583638583638584,0.41367521367521365,0.20683760683760682,0.5841269841269842,0.4967032967032967
0.3584859584859585,0.10134310134310134,0.7909645909645909,0.1514041514041514,0.27106227106227104,0.25934065934065936,0.3648351648351648,0.5172161172161173,0.3877899877899878,0.18192918192918192,0.6925518925518925,0.3694749694749695,0.22417582417582418,0.4227106227106227,0.5807081807081808,0.32722832722832723,0.5284493284493285,0.6048840048840048,0.1943833943833944,0.274969474969475,0.6273504273504273,0.2744810744810745,0.6673992673992674,0.47374847374847373,0.37655677655677655,0.6673992673992674,0.30378510378510376,0.2905982905982906,0.13968253968253969,0.13015873015873017,0.5797313797313798,0.41782661782661784,0.17045177045177046,0.1509157509157509,0.21782661782661783,0.21636141636141637,0.2681318681318681,0.4503052503052503,0.07203907203907203,0.26666666666666666,0.28376068376068375,0.48547008547008547,0.38925518925518926,0.3921855921855922,0.2681318681318681,0.40634920634920635,0.31404151404151404,0.1387057387057387,0.21831501831501832,0.45616605616605616,0.34114774114774116,0.315995115995116,0.1916971916971917,0.6293040293040293,0.3572649572649573,0.47912087912087914,0.3811965811965812,0.2105006105006105,0.1457875457875458,0.11819291819291819,0.5582417582417583,0.8112332112332112,0.6407814407814408,0.5443223443223443,0.5746031746031746,0.2525030525030525,0.26202686202686204,0.10818070818070818,0.15897435897435896,0.5836385836385837,0.3201465201465201,0.9343101343101343,0.09987789987789988,0.346031746031746,0.6417582417582418,0.400976800976801,0.20170940170940171,0.6278388278388278,0.5257631257631258
0.3553113553113553,0.09914529914529914,0.8080586080586081,0.1443223443223443,0.2612942612942613,0.25347985347985347,0.35018315018315016,0.525030525030525,0.3785103785103785,0.20927960927960929,0.7103785103785104,0.35653235653235654,0.21611721611721613,0.41098901098901097,0.5667887667887668,0.3177045177045177,0.5137973137973137,0.6461538461538462,0.1894993894993895,0.2673992673992674,0.6336996336996337,0.28815628815628813,0.7255189255189255,0.45885225885225883,0.36507936507936506,0.6761904761904762,0.2932844932844933,0.3247863247863248,0.13553113553113552,0.126007326007326,0.5975579975579975,0.40586080586080586,0.16605616605616605,0.1492063492063492,0.21245421245421245,0.24981684981684982,0.2595848595848596,0.4371184371184371,0.07252747252747253,0.25860805860805863,0.27350427350427353,0.4735042735042735,0.37704517704517704,0.41562881562881565,0.2612942612942613,0.4256410256410256,0.30158730158730157,0.1492063492063492,0.2571428571428571,0.442002442002442,0.37655677655677655,0.3086691086691087,0.18534798534798536,0.6244200244200244,0.34383394383394383,0.4783882783882784,0.37094017094017095,0.20293040293040293,0.14114774114774115,0.13162393162393163,0.5411477411477411,0.873992673992674,0.6434676434676435,0.5406593406593406,0.5978021978021978,0.2463980463980464,0.2979242979242979,0.10305250305250305,0.15384615384615385,0.6012210012210012,0.35946275946275946,0.9223443223443224,0.0971916971916972,0.33308913308913307,0.6222222222222222,0.3904761904761905,0.19584859584859585,0.6673992673992674,0.5504273504273505
0.3550671550671551,0.0971916971916972,0.82002442002442,0.13968253968253969,0.2512820512820513,0.24786324786324787,0.33601953601953605,0.5306471306471306,0.3694749694749695,0.24126984126984127,0.7252747252747253,0.34383394383394383,0.20854700854700856,0.400976800976801,0.5518925518925519,0.30793650793650795,0.49963369963369964,0.684004884004884,0.1851037851037851,0.2595848595848596,0.6363858363858363,0.30427350427350425,0.780952380952381,0.44517704517704515,0.3536019536019536,0.6808302808302809,0.28376068376068375,0.3584859584859585,0.13162393162393163,0.12234432234432234,0.6126984126984127,0.3938949938949939,0.16312576312576313,0.14822954822954823,0.20683760683760682,0.28766788766788765,0.2512820512820513,0.42417582417582417,0.07228327228327229,0.2507936507936508,0.26324786324786326,0.45836385836385835,0.3653235653235653,0.43736263736263736,0.2554334554334554,0.44517704517704515,0.28888888888888886,0.1641025641025641,0.29645909645909646,0.42857142857142855,0.41025641025641024,0.3018315018315018,0.17924297924297924,0.6166056166056166,0.3304029304029304,0.4742368742368742,0.3614163614163614,0.19487179487179487,0.1365079365079365,0.15384615384615385,0.525030525030525,0.9274725274725275,0.6437118437118438,0.5347985347985348,0.6180708180708181,0.24102564102564103,0.3333333333333333,0.09816849816849817,0.1496947496947497,0.6178266178266179,0.3978021978021978,0.9072039072039072,0.0945054945054945,0.32063492063492066,0.6004884004884005,0.38046398046398044,0.18998778998778998,0.7023199023199023,0.5714285714285714
0.357997557997558,0.09621489621489622,0.8322344322344323,0.13943833943833944,0.24102564102564103,0.24224664224664225,0.3218559218559219,0.5340659340659341,0.36117216117216117,0.27643467643467645,0.7374847374847375,0.3311355311355311,0.20073260073260074,0.3916971916971917,0.5372405372405372,0.2979242979242979,0.4862026862026862,0.7181929181929182,0.1807081807081807,0.252014652014652,0.6361416361416361,0.32112332112332115,0.8312576312576313,0.431990231990232,0.3423687423687424,0.6815628815628816,0.27350427350427353,0.3907203907203907,0.1291819291819292,0.11941391941391942,0.6251526251526252,0.3824175824175824,0.1606837606837607,0.14676434676434677,0.20122100122100123,0.32844932844932845,0.24346764346764346,0.4117216117216117,0.07155067155067155,0.24273504273504273,0.25347985347985347,0.44468864468864466,0.35384615384615387,0.4547008547008547,0.2490842490842491,0.46373626373626375,0.2761904761904762,0.18437118437118438,0.33528693528693526,0.4158730158730159,0.43736263736263736,0.29426129426129427,0.17313797313797313,0.6063492063492063,0.31746031746031744,0.46593406593406594,0.35115995115995113,0.18705738705738706,0.13162393162393163,0.18608058608058609,0.5101343101343101,0.9636141636141636,0.6407814407814408,0.526984126984127,0.6356532356532356,0.2358974358974359,0.36678876678876676,0.09474969474969475,0.14505494505494507,0.6327228327228327,0.43394383394383396,0.8896214896214896,0.0927960927960928,0.3086691086691087,0.5794871794871795,0.3694749694749695,0.1838827838827839,0.7321123321123321,0.5885225885225885
0.36434676434676433,0.09645909645909646,0.8422466422466423,0.14505494505494507,0.23076923076923078,0.23687423687423687,0.30793650793650795,0.5343101343101343,0.3536019536019536,0.31306471306471306,0.746031746031746,0.3184371184371184,0.1934065934065934,0.38095238095238093,0.5223443223443224,0.28766788766788765,0.473015873015873,0.748962148962149,0.17655677655677657,0.24444444444444444,0.6344322344322344,0.3374847374847375,0.8759462759462759,0.4197802197802198,0.33284493284493283,0.6813186813186813,0.26275946275946277,0.42075702075702076,0.12844932844932844,0.11819291819291819,0.6349206349206349,0.37264957264957266,0.15775335775335775,0.1452991452991453,0.1956043956043956,0.36996336996337,0.2358974358974359,0.4,0.07057387057387057,0.23467643467643468,0.2442002442002442,0.4354090354090354,0.3423687423687424,0.46935286935286935,0.24175824175824176,0.48083028083028084,0.263980463980464,0.20903540903540904,0.37216117216117217,0.40366300366300367,0.4603174603174603,0.28595848595848594,0.16727716727716727,0.5936507936507937,0.3045177045177045,0.45567765567765567,0.3404151404151404,0.178998778998779,0.12722832722832722,0.22832722832722832,0.4954822954822955,0.9819291819291819,0.6356532356532356,0.5167277167277168,0.6493284493284494,0.23101343101343103,0.39755799755799753,0.09255189255189256,0.13992673992673993,0.6451770451770452,0.4669108669108669,0.8693528693528694,0.09255189255189256,0.29865689865689865,0.5594627594627595,0.3584859584859585,0.17826617826617827,0.7575091575091575,0.6019536019536019
0.3724053724053724,0.09572649572649573,0.8493284493284493,0.15653235653235653,0.22002442002442002,0.2315018315018315,0.2945054945054945,0.5321123321123321,0.34505494505494505,0.35018315018315016,0.7506715506715507,0.30573870573870576,0.1873015873015873,0.36996336996337,0.5081807081807082,0.27765567765567767,0.4603174603174603,0.7765567765567766,0.1724053724053724,0.23833943833943835,0.6305250305250305,0.3528693528693529,0.9145299145299145,0.4078144078144078,0.32405372405372407,0.6783882783882784,0.25225885225885225,0.4485958485958486,0.13113553113553114,0.12014652014652015,0.6417582417582418,0.3636141636141636,0.15433455433455434,0.14481074481074482,0.19023199023199022,0.41147741147741146,0.2288156288156288,0.389010989010989,0.07008547008547009,0.22686202686202686,0.23565323565323565,0.42466422466422465,0.33235653235653234,0.484004884004884,0.23467643467643468,0.495970695970696,0.25225885225885225,0.23785103785103784,0.40634920634920635,0.39316239316239315,0.48376068376068376,0.27765567765567767,0.16166056166056167,0.5792429792429793,0.29352869352869354,0.4427350427350427,0.3299145299145299,0.17094017094017094,0.12283272283272283,0.27912087912087913,0.48131868131868133,0.9912087912087912,0.6278388278388278,0.505006105006105,0.6598290598290598,0.22661782661782662,0.4253968253968254,0.08937728937728938,0.13528693528693528,0.6559218559218559,0.5081807081807082,0.8473748473748474,0.09474969474969475,0.29010989010989013,0.5372405372405372,0.34725274725274724,0.17264957264957265,0.7787545787545788,0.6117216117216118
0.38217338217338215,0.0945054945054945,0.8532356532356532,0.17313797313797313,0.20976800976800977,0.22661782661782662,0.28327228327228327,0.5277167277167277,0.33601953601953605,0.3865689865689866,0.7518925518925519,0.29474969474969476,0.18192918192918192,0.3584859584859585,0.49474969474969477,0.2678876678876679,0.44835164835164837,0.8007326007326008,0.16947496947496948,0.23296703296703297,0.6239316239316239,0.367032967032967,0.947985347985348,0.39755799755799753,0.3142857142857143,0.6727716727716728,0.24175824175824176,0.47374847374847373,0.13797313797313798,0.12673992673992673,0.6446886446886447,0.3536019536019536,0.15115995115995115,0.1452991452991453,0.18534798534798536,0.45103785103785105,0.22173382173382172,0.37948717948717947,0.06910866910866911,0.2188034188034188,0.2271062271062271,0.4122100122100122,0.3230769230769231,0.49792429792429793,0.22808302808302808,0.5086691086691086,0.2407814407814408,0.2691086691086691,0.4398046398046398,0.38363858363858366,0.5062271062271062,0.26935286935286934,0.15604395604395604,0.5628815628815629,0.2835164835164835,0.42857142857142855,0.31965811965811963,0.16336996336996337,0.11868131868131868,0.336996336996337,0.4678876678876679,0.9956043956043956,0.6180708180708181,0.4913308913308913,0.6669108669108669,0.22197802197802197,0.44981684981684983,0.0862026862026862,0.13064713064713065,0.6644688644688644,0.5526251526251527,0.8239316239316239,0.10036630036630037,0.28034188034188035,0.5147741147741147,0.33601953601953605,0.1675213675213675,0.796092796092796,0.6178266178266179
0.3946275946275946,0.09328449328449329,0.8542124542124542,0.19365079365079366,0.19926739926739928,0.22173382173382172,0.27326007326007323,0.5203907203907204,0.32673992673992674,0.42173382173382173,0.7492063492063492,0.28498168498168497,0.17533577533577532,0.347008547008547,0.48131868131868133,0.2583638583638584,0.4363858363858364,0.8212454212454212,0.1675213675213675,0.22686202686202686,0.6151404151404152,0.3797313797313797,0.9726495726495726,0.3877899877899878,0.3045177045177045,0.6642246642246642,0.23223443223443224,0.49621489621489623,0.1496947496947497,0.1365079365079365,0.6444444444444445,0.3431013431013431,0.147985347985348,0.147985347985348,0.18095238095238095,0.48815628815628814,0.21636141636141637,0.3711843711843712,0.06813186813186813,0.2105006105006105,0.21904761904761905,0.4017094017094017,0.3128205128205128,0.5103785103785103,0.22173382173382172,0.5191697191697192,0.22979242979242978,0.3018315018315018,0.46544566544566546,0.37362637362637363,0.5264957264957265,0.26105006105006107,0.1509157509157509,0.5472527472527473,0.2725274725274725,0.41440781440781443,0.3094017094017094,0.15604395604395604,0.11452991452991453,0.3987789987789988,0.4559218559218559,0.998046398046398,0.6056166056166056,0.4766788766788767,0.671062271062271,0.21733821733821734,0.4713064713064713,0.08302808302808302,0.1264957264957265,0.671062271062271,0.5853479853479854,0.8012210012210013,0.10989010989010989,0.2703296703296703,0.4932844932844933,0.32454212454212455,0.16263736263736264,0.81001221001221,0.6202686202686203
0.40854700854700854,0.09181929181929183,0.8522588522588522,0.2175824175824176,0.18925518925518925,0.2170940170940171,0.2622710622710623,0.5106227106227106,0.3172161172161172,0.4547008547008547,0.7431013431013431,0.273992673992674,0.16874236874236875,0.3355311355311355,0.4683760683760684,0.24932844932844933,0.42466422466422465,0.8351648351648352,0.1645909645909646,0.2205128205128205,0.6039072039072039,0.3904761904761905,0.9863247863247864,0.37777777777777777,0.29474969474969476,0.6527472527472528,0.22271062271062272,0.5162393162393163,0.1675213675213675,0.15115995115995115,0.6427350427350428,0.33235653235653234,0.1443223443223443,0.15384615384615385,0.1768009768009768,0.5223443223443224,0.21196581196581196,0.36214896214896214,0.0673992673992674,0.2026862026862027,0.21123321123321123,0.3868131868131868,0.30207570207570206,0.5208791208791209,0.2170940170940171,0.5274725274725275,0.21904761904761905,0.3347985347985348,0.4835164835164835,0.3636141636141636,0.5445665445665445,0.252991452991453,0.14725274725274726,0.5321123321123321,0.26105006105006107,0.40073260073260075,0.29987789987789987,0.1492063492063492,0.11086691086691086,0.4537240537240537,0.44468864468864466,0.999023199023199,0.5912087912087912,0.4612942612942613,0.6717948717948717,0.2126984126984127,0.4874236874236874,0.07985347985347985,0.12234432234432234,0.6752136752136753,0.6107448107448108,0.778998778998779,0.12551892551892552,0.2605616605616606,0.47277167277167276,0.31306471306471306,0.157997557997558,0.821001221001221,0.6195360195360196
0.4227106227106227,0.0905982905982906,0.8488400488400488,0.24346764346764346,0.1794871794871795,0.21343101343101342,0.2507936507936508,0.4989010989010989,0.3076923076923077,0.4852258852258852,0.7335775335775335,0.2625152625152625,0.16166056166056167,0.32454212454212455,0.4559218559218559,0.24004884004884006,0.4129426129426129,0.8446886446886447,0.16092796092796094,0.2144078144078144,0.5907203907203907,0.39902319902319905,0.9931623931623932,0.367032967032967,0.2852258852258852,0.6385836385836385,0.2139194139194139,0.5340659340659341,0.1873015873015873,0.17362637362637362,0.6383394383394383,0.32161172161172163,0.14114774114774115,0.16361416361416362,0.17313797313797313,0.5496947496947497,0.20634920634920634,0.35262515262515265,0.06642246642246642,0.1943833943833944,0.20488400488400488,0.36996336996337,0.2915750915750916,0.5294261294261294,0.2144078144078144,0.5333333333333333,0.20903540903540904,0.36336996336996336,0.5023199023199023,0.3536019536019536,0.5601953601953602,0.2454212454212454,0.1443223443223443,0.515995115995116,0.24981684981684982,0.38803418803418804,0.2903540903540904,0.14236874236874236,0.1072039072039072,0.5032967032967033,0.43272283272283274,0.9997557997557998,0.5743589743589743,0.44590964590964594,0.6698412698412698,0.20757020757020758,0.4993894993894994,0.07667887667887668,0.11868131868131868,0.6771672771672772,0.6280830280830281,0.756043956043956,0.14822954822954823,0.25103785103785103,0.45396825396825397,0.30158730158730157,0.1536019536019536,0.8268620268620268,0.6168498168498169
0.4358974358974359,0.08937728937728938,0.8446886446886447,0.2695970695970696,0.17191697191697192,0.2105006105006105,0.23931623931623933,0.4852258852258852,0.29865689865689865,0.5096459096459096,0.7216117216117216,0.2515262515262515,0.15384615384615385,0.31404151404151404,0.44346764346764345,0.2315018315018315,0.4021978021978022,0.8542124542124542,0.1575091575091575,0.2083028083028083,0.5755799755799755,0.4056166056166056,0.9968253968253968,0.35653235653235654,0.2761904761904762,0.621978021978022,0.2056166056166056,0.5467643467643467,0.20976800976800977,0.20317460317460317,0.6315018315018315,0.31135531135531136,0.13821733821733823,0.17826617826617827,0.17045177045177046,0.5724053724053724,0.2004884004884005,0.3435897435897436,0.06568986568986569,0.18608058608058609,0.2,0.35555555555555557,0.2810744810744811,0.5362637362637362,0.2144078144078144,0.536996336996337,0.19926739926739928,0.3882783882783883,0.5201465201465202,0.3435897435897436,0.5736263736263736,0.23809523809523808,0.14017094017094017,0.4993894993894994,0.2385836385836386,0.37655677655677655,0.2810744810744811,0.13626373626373625,0.10525030525030525,0.5567765567765568,0.4202686202686203,1.0,0.5567765567765568,0.4307692307692308,0.6642246642246642,0.20341880341880342,0.5108669108669108,0.07423687423687424,0.115995115995116,0.6774114774114774,0.6405372405372405,0.7333333333333333,0.17875457875457876,0.24175824175824176,0.4368742368742369,0.2905982905982906,0.1492063492063492,0.8295482295482296,0.6122100122100123
0.44761904761904764,0.0884004884004884,0.8407814407814408,0.29572649572649573,0.16532356532356532,0.20683760683760682,0.22808302808302808,0.4700854700854701,0.2893772893772894,0.5301587301587302,0.7067155067155068,0.24102564102564103,0.1457875457875458,0.30378510378510376,0.4315018315018315,0.22466422466422467,0.3924297924297924,0.8612942612942613,0.1540903540903541,0.20195360195360196,0.5597069597069597,0.4095238095238095,0.9985347985347985,0.3457875457875458,0.26764346764346764,0.6039072039072039,0.19755799755799755,0.5560439560439561,0.2385836385836386,0.23882783882783884,0.6217338217338217,0.30085470085470084,0.13528693528693528,0.19853479853479852,0.16800976800976802,0.5960927960927961,0.19462759462759463,0.3343101343101343,0.06471306471306472,0.1794871794871795,0.19413919413919414,0.3423687423687424,0.27106227106227104,0.5411477411477411,0.21782661782661783,0.5374847374847375,0.1916971916971917,0.4146520146520147,0.536019536019536,0.3338217338217338,0.5843711843711844,0.23101343101343103,0.13577533577533576,0.4835164835164835,0.2275946275946276,0.3663003663003663,0.2725274725274725,0.13015873015873017,0.10451770451770452,0.6092796092796092,0.4078144078144078,1.0,0.5384615384615384,0.41611721611721614,0.6559218559218559,0.2,0.5206349206349207,0.07179487179487179,0.11526251526251527,0.6754578754578755,0.6525030525030525,0.7108669108669109,0.21587301587301588,0.23321123321123322,0.42075702075702076,0.2800976800976801,0.1452991452991453,0.831990231990232,0.6053724053724053
0.45738705738705737,0.08742368742368742,0.8376068376068376,0.3177045177045177,0.15775335775335775,0.20170940170940171,0.2170940170940171,0.45445665445665445,0.2805860805860806,0.5514041514041514,0.6893772893772894,0.23076923076923078,0.1391941391941392,0.2945054945054945,0.4192918192918193,0.21904761904761905,0.3819291819291819,0.8652014652014652,0.15067155067155066,0.1960927960927961,0.5431013431013431,0.41147741147741146,0.9995115995115995,0.33528693528693526,0.25934065934065936,0.5851037851037851,0.18998778998778998,0.5658119658119658,0.2717948717948718,0.2783882783882784,0.6092796092796092,0.2903540903540904,0.13235653235653236,0.22344322344322345,0.16507936507936508,0.6188034188034188,0.189010989010989,0.32551892551892553,0.06495726495726496,0.17362637362637362,0.1877899877899878,0.3326007326007326,0.2612942612942613,0.5435897435897435,0.22564102564102564,0.5357753357753358,0.18534798534798536,0.4402930402930403,0.5492063492063493,0.32405372405372407,0.5934065934065934,0.22393162393162394,0.13113553113553114,0.4678876678876679,0.21733821733821734,0.3567765567765568,0.2647130647130647,0.1264957264957265,0.10476190476190476,0.6581196581196581,0.39584859584859583,1.0,0.5201465201465202,0.40195360195360197,0.6456654456654457,0.1956043956043956,0.5274725274725275,0.07057387057387057,0.11672771672771673,0.671062271062271,0.6625152625152625,0.6891330891330891,0.2583638583638584,0.22515262515262516,0.4056166056166056,0.2695970695970696,0.1426129426129426,0.8327228327228328,0.5960927960927961
0.4644688644688645,0.0862026862026862,0.834920634920635,0.33724053724053726,0.14945054945054945,0.1973137973137973,0.20683760683760682,0.4388278388278388,0.272039072039072,0.5716727716727716,0.6698412698412698,0.221001221001221,0.1330891330891331,0.2852258852258852,0.40854700854700854,0.21294261294261294,0.3706959706959707,0.8656898656898657,0.14725274725274726,0.19047619047619047,0.5262515262515263,0.41074481074481073,0.9997557997557998,0.3247863247863248,0.2512820512820513,0.5655677655677656,0.18437118437118438,0.5743589743589743,0.3064713064713065,0.3203907203907204,0.5943833943833944,0.2800976800976801,0.12967032967032968,0.24835164835164836,0.1619047619047619,0.6393162393162393,0.18363858363858365,0.31648351648351647,0.06568986568986569,0.16727716727716727,0.18144078144078143,0.3218559218559219,0.25225885225885225,0.544078144078144,0.23809523809523808,0.5316239316239316,0.17826617826617827,0.463980463980464,0.55995115995116,0.3142857142857143,0.5995115995115995,0.21684981684981686,0.1264957264957265,0.45274725274725275,0.20757020757020758,0.34798534798534797,0.2583638583638584,0.12356532356532357,0.10744810744810745,0.7018315018315018,0.3838827838827839,1.0,0.5018315018315018,0.38974358974358975,0.6322344322344322,0.19096459096459095,0.5316239316239316,0.07057387057387057,0.12112332112332112,0.6647130647130647,0.6703296703296703,0.6681318681318681,0.3045177045177045,0.2170940170940171,0.39096459096459096,0.26105006105006107,0.14065934065934066,0.831990231990232,0.5843711843711844
0.4686202686202686,0.08522588522588523,0.8310134310134311,0.357997557997558,0.1413919413919414,0.19413919413919414,0.19658119658119658,0.4236874236874237,0.263980463980464,0.5904761904761905,0.6485958485958486,0.21147741147741148,0.12747252747252746,0.2761904761904762,0.39829059829059826,0.20634920634920634,0.3592185592185592,0.8617826617826618,0.14407814407814407,0.1851037851037851,0.5101343101343101,0.40805860805860805,1.0,0.31477411477411477,0.24346764346764346,0.5467643467643467,0.17997557997557997,0.5811965811965812,0.3418803418803419,0.36288156288156287,0.5777777777777777,0.2698412698412698,0.12747252747252746,0.273992673992674,0.15848595848595848,0.6576312576312576,0.17826617826617827,0.3076923076923077,0.06495726495726496,0.16043956043956045,0.17484737484737484,0.30793650793650795,0.24297924297924298,0.5416361416361416,0.2515262515262515,0.5257631257631258,0.17094017094017094,0.48547008547008547,0.5675213675213675,0.3047619047619048,0.6031746031746031,0.21147741147741148,0.12161172161172161,0.43833943833943834,0.1978021978021978,0.33943833943833945,0.252991452991453,0.11965811965811966,0.11404151404151404,0.7401709401709402,0.37216117216117217,1.0,0.484004884004884,0.378998778998779,0.6163614163614164,0.18656898656898657,0.5326007326007326,0.07301587301587302,0.12967032967032968,0.6571428571428571,0.6757020757020757,0.6476190476190476,0.3516483516483517,0.20927960927960929,0.37704517704517704,0.25347985347985347,0.13797313797313798,0.8293040293040294,0.5711843711843712
0.46984126984126984,0.08571428571428572,0.8256410256410256,0.378021978021978,0.13406593406593406,0.19047619047619047,0.1873015873015873,0.40927960927960927,0.2571428571428571,0.6068376068376068,0.6263736263736264,0.2026862026862027,0.12234432234432234,0.26886446886446885,0.38754578754578756,0.2,0.3474969474969475,0.8542124542124542,0.1409035409035409,0.18021978021978022,0.4954822954822955,0.40366300366300367,1.0,0.3052503052503053,0.23565323565323565,0.5299145299145299,0.1746031746031746,0.5858363858363859,0.3768009768009768,0.4043956043956044,0.5594627594627595,0.25982905982905985,0.12722832722832722,0.3045177045177045,0.15531135531135531,0.6730158730158731,0.17338217338217338,0.2989010989010989,0.06398046398046398,0.15335775335775337,0.16825396825396827,0.29523809523809524,0.2341880341880342,0.536996336996337,0.2673992673992674,0.5174603174603175,0.16336996336996337,0.5045177045177045,0.5724053724053724,0.29572649572649573,0.6036630036630036,0.20634920634920634,0.11721611721611722,0.4244200244200244,0.18852258852258852,0.33137973137973137,0.24395604395604395,0.11575091575091576,0.12503052503052503,0.7733821733821734,0.3606837606837607,1.0,0.4673992673992674,0.3672771672771673,0.5982905982905983,0.18217338217338216,0.5304029304029304,0.07814407814407814,0.14358974358974358,0.6476190476190476,0.6783882783882784,0.6280830280830281,0.39829059829059826,0.20195360195360196,0.36556776556776555,0.24493284493284492,0.13504273504273503,0.8239316239316239,0.5565323565323566
0.46813186813186813,0.08644688644688645,0.821001221001221,0.39658119658119656,0.12722832722832722,0.1873015873015873,0.17826617826617827,0.39584859584859583,0.2512820512820513,0.621001221001221,0.6041514041514041,0.1943833943833944,0.11746031746031746,0.2622710622710623,0.37606837606837606,0.1934065934065934,0.33601953601953605,0.8424908424908425,0.13724053724053725,0.17533577533577532,0.48253968253968255,0.3973137973137973,1.0,0.2962148962148962,0.22954822954822954,0.5145299145299145,0.168986568986569,0.588034188034188,0.4095238095238095,0.4432234432234432,0.5404151404151404,0.252014652014652,0.1291819291819292,0.336996336996337,0.1523809523809524,0.6857142857142857,0.16874236874236875,0.2903540903540904,0.06324786324786325,0.14652014652014653,0.1619047619047619,0.2862026862026862,0.22564102564102564,0.5304029304029304,0.28766788766788765,0.5074481074481074,0.15604395604395604,0.5208791208791209,0.5743589743589743,0.28669108669108667,0.6012210012210012,0.20073260073260074,0.11282051282051282,0.41098901098901097,0.178998778998779,0.32454212454212455,0.2336996336996337,0.11233211233211234,0.1413919413919414,0.8021978021978022,0.3492063492063492,1.0,0.45323565323565324,0.3562881562881563,0.5785103785103786,0.17777777777777778,0.5247863247863248,0.08717948717948718,0.16385836385836386,0.6363858363858363,0.6781440781440782,0.6092796092796092,0.4427350427350427,0.19511599511599512,0.3550671550671551,0.2358974358974359,0.13162393162393163,0.8163614163614163,0.5406593406593406
0.46422466422466424,0.08717948717948718,0.8148962148962149,0.41318681318681316,0.1203907203907204,0.18363858363858365,0.16971916971916973,0.38412698412698415,0.24444444444444444,0.6327228327228327,0.5826617826617827,0.18632478632478633,0.11428571428571428,0.2549450549450549,0.3648351648351648,0.1873015873015873,0.3247863247863248,0.8275946275946275,0.13406593406593406,0.17191697191697192,0.46935286935286935,0.389010989010989,0.9987789987789988,0.2874236874236874,0.22442002442002443,0.49914529914529915,0.16336996336996337,0.6136752136752137,0.44004884004884004,0.4793650793650794,0.5216117216117216,0.24493284493284492,0.1330891330891331,0.36971916971916974,0.1496947496947497,0.6954822954822955,0.1645909645909646,0.2818070818070818,0.063003663003663,0.13992673992673993,0.15531135531135531,0.2761904761904762,0.21855921855921856,0.5223443223443224,0.31062271062271063,0.49523809523809526,0.14847374847374847,0.5347985347985348,0.5736263736263736,0.27936507936507937,0.5963369963369963,0.19511599511599512,0.10891330891330891,0.398046398046398,0.17191697191697192,0.31868131868131866,0.22661782661782662,0.10866910866910867,0.16336996336996337,0.8261294261294261,0.337973137973138,1.0,0.4405372405372405,0.3452991452991453,0.557997557997558,0.17338217338217338,0.515995115995116,0.10061050061050061,0.19047619047619047,0.6234432234432234,0.6747252747252748,0.5907203907203907,0.4832722832722833,0.19047619047619047,0.3435897435897436,0.2271062271062271,0.1291819291819292,0.8058608058608059,0.525030525030525
0.4586080586080586,0.0884004884004884,0.8063492063492064,0.42735042735042733,0.11404151404151404,0.18046398046398046,0.16166056166056167,0.3738705738705739,0.23785103785103784,0.6415140415140416,0.5616605616605617,0.178998778998779,0.11184371184371185,0.24737484737484738,0.3536019536019536,0.18168498168498168,0.31404151404151404,0.8095238095238095,0.13064713064713065,0.168986568986569,0.45616605616605616,0.3797313797313797,0.9916971916971917,0.2800976800976801,0.21855921855921856,0.48424908424908425,0.1575091575091575,0.6490842490842491,0.4673992673992674,0.512087912087912,0.5045177045177045,0.23687423687423687,0.14114774114774115,0.4014652014652015,0.14725274725274726,0.7023199023199023,0.16117216117216118,0.27472527472527475,0.06471306471306472,0.1343101343101343,0.1492063492063492,0.2634920634920635,0.2126984126984127,0.512087912087912,0.33528693528693526,0.4822954822954823,0.1413919413919414,0.546031746031746,0.5697191697191697,0.27277167277167275,0.5885225885225885,0.1894993894993895,0.10525030525030525,0.3855921855921856,0.16605616605616605,0.3120879120879121,0.22173382173382172,0.10525030525030525,0.19047619047619047,0.8456654456654457,0.326984126984127,0.9946275946275946,0.4278388278388278,0.3343101343101343,0.536996336996337,0.16923076923076924,0.5045177045177045,0.1199023199023199,0.22271062271062272,0.609035409035409,0.6683760683760683,0.5726495726495726,0.515018315018315,0.18656898656898657,0.3311355311355311,0.21855921855921856,0.12698412698412698,0.7931623931623931,0.5094017094017094
0.4503052503052503,0.09206349206349207,0.7941391941391941,0.43907203907203907,0.10818070818070818,0.1772893772893773,0.15506715506715507,0.3636141636141636,0.23101343101343103,0.6473748473748474,0.5418803418803418,0.17362637362637362,0.10866910866910867,0.2407814407814408,0.3418803418803419,0.17606837606837608,0.30305250305250303,0.789010989010989,0.12844932844932844,0.16556776556776556,0.4432234432234432,0.36971916971916974,0.977045177045177,0.27350427350427353,0.2126984126984127,0.4700854700854701,0.15213675213675212,0.6615384615384615,0.49230769230769234,0.5413919413919414,0.4888888888888889,0.22832722832722832,0.15482295482295483,0.4307692307692308,0.14505494505494507,0.7057387057387058,0.15995115995115994,0.2681318681318681,0.0695970695970696,0.13015873015873017,0.14285714285714285,0.25225885225885225,0.20586080586080585,0.5001221001221001,0.35995115995115995,0.4686202686202686,0.1347985347985348,0.5545787545787546,0.5628815628815629,0.2656898656898657,0.5787545787545788,0.18437118437118438,0.10183150183150183,0.37484737484737485,0.15897435897435896,0.3052503052503053,0.21953601953601953,0.10183150183150183,0.22173382173382172,0.8608058608058609,0.3177045177045177,0.9802197802197802,0.41562881562881565,0.32405372405372407,0.5162393162393163,0.16507936507936508,0.4905982905982906,0.14481074481074482,0.2595848595848596,0.5929181929181929,0.6588522588522588,0.5553113553113553,0.5411477411477411,0.18168498168498168,0.3181929181929182,0.21001221001221002,0.1264957264957265,0.7782661782661783,0.49474969474969477
0.4398046398046398,0.10012210012210013,0.7782661782661783,0.4485958485958486,0.10256410256410256,0.17435897435897435,0.14993894993894993,0.35311355311355314,0.22442002442002443,0.6500610500610501,0.5230769230769231,0.16947496947496948,0.10525030525030525,0.23516483516483516,0.3304029304029304,0.17045177045177046,0.29255189255189257,0.7684981684981685,0.12698412698412698,0.1619047619047619,0.43052503052503055,0.35946275946275946,0.9567765567765568,0.2661782661782662,0.20683760683760682,0.45665445665445664,0.14725274725274726,0.6605616605616605,0.5145299145299145,0.5638583638583639,0.4725274725274725,0.22002442002442002,0.1746031746031746,0.45836385836385835,0.1426129426129426,0.7057387057387058,0.16166056166056167,0.2608058608058608,0.07936507936507936,0.12796092796092795,0.136996336996337,0.2459096459096459,0.19853479853479852,0.4866910866910867,0.3838827838827839,0.4547008547008547,0.1282051282051282,0.5604395604395604,0.5543345543345544,0.2583638583638584,0.5667887667887668,0.1794871794871795,0.09865689865689865,0.36507936507936506,0.15115995115995115,0.29816849816849816,0.21978021978021978,0.09865689865689865,0.25567765567765566,0.8725274725274725,0.3094017094017094,0.9601953601953602,0.40341880341880343,0.31355311355311355,0.49645909645909647,0.16166056166056167,0.4752136752136752,0.17484737484737484,0.29914529914529914,0.5765567765567765,0.6468864468864469,0.5396825396825397,0.5667887667887668,0.17655677655677657,0.30500610500610503,0.20170940170940171,0.12869352869352868,0.7606837606837606,0.48205128205128206
0.4275946275946276,0.1137973137973138,0.7577533577533577,0.4559218559218559,0.0971916971916972,0.1724053724053724,0.14481074481074482,0.3435897435897436,0.21831501831501832,0.6493284493284494,0.5067155067155067,0.1645909645909646,0.10158730158730159,0.23174603174603176,0.3189255189255189,0.16507936507936508,0.2822954822954823,0.7474969474969475,0.12503052503052503,0.15824175824175823,0.41855921855921857,0.3487179487179487,0.9335775335775336,0.2583638583638584,0.20073260073260074,0.4432234432234432,0.1426129426129426,0.652014652014652,0.5308913308913309,0.5816849816849817,0.45665445665445664,0.21172161172161172,0.20122100122100123,0.4832722832722833,0.13992673992673993,0.702075702075702,0.1663003663003663,0.25347985347985347,0.09572649572649573,0.12844932844932844,0.13113553113553114,0.24004884004884006,0.19096459096459095,0.47277167277167276,0.4065934065934066,0.44126984126984126,0.12185592185592185,0.5631257631257631,0.544078144078144,0.25103785103785103,0.5526251526251527,0.17509157509157508,0.0971916971916972,0.35433455433455435,0.14383394383394382,0.29084249084249086,0.2231990231990232,0.09572649572649573,0.29084249084249086,0.8781440781440781,0.3001221001221001,0.9374847374847375,0.3912087912087912,0.3035409035409035,0.4778998778998779,0.157997557997558,0.46007326007326005,0.20903540903540904,0.3396825396825397,0.5597069597069597,0.631990231990232,0.5247863247863248,0.5904761904761905,0.1711843711843712,0.29181929181929184,0.19413919413919414,0.13504273504273503,0.7416361416361417,0.47057387057387057
0.4148962148962149,0.1343101343101343,0.7326007326007326,0.4612942612942613,0.09206349206349207,0.17167277167277167,0.14017094017094017,0.33406593406593404,0.21245421245421245,0.645909645909646,0.4918192918192918,0.15946275946275945,0.0989010989010989,0.2315018315018315,0.3076923076923077,0.16043956043956045,0.2737484737484738,0.7252747252747253,0.12307692307692308,0.15482295482295483,0.4065934065934066,0.3387057387057387,0.9081807081807082,0.2507936507936508,0.19487179487179487,0.4302808302808303,0.13821733821733823,0.6385836385836385,0.5443223443223443,0.5997557997557997,0.44126984126984126,0.20366300366300366,0.23321123321123322,0.5052503052503052,0.13724053724053725,0.6952380952380952,0.17484737484737484,0.2459096459096459,0.11941391941391942,0.1326007326007326,0.12722832722832722,0.23296703296703297,0.1838827838827839,0.45836385836385835,0.4275946275946276,0.4283272283272283,0.115995115995116,0.5628815628815629,0.5316239316239316,0.24395604395604395,0.536996336996337,0.1711843711843712,0.09645909645909646,0.3431013431013431,0.1365079365079365,0.2835164835164835,0.23003663003663002,0.0927960927960928,0.32161172161172163,0.8791208791208791,0.2905982905982906,0.9128205128205128,0.37948717948717947,0.29352869352869354,0.4603174603174603,0.15531135531135531,0.44542124542124545,0.2459096459096459,0.37924297924297923,0.5433455433455433,0.6166056166056166,0.5091575091575091,0.6112332112332113,0.16605616605616605,0.2783882783882784,0.18656898656898657,0.14652014652014653,0.7223443223443223,0.45885225885225883
0.4021978021978022,0.16263736263736264,0.7023199023199023,0.46495726495726497,0.08913308913308914,0.16971916971916973,0.13797313797313798,0.3247863247863248,0.20683760683760682,0.6398046398046398,0.4757020757020757,0.15433455433455434,0.09816849816849817,0.2354090354090354,0.29645909645909646,0.15604395604395604,0.2664224664224664,0.7025641025641025,0.12283272283272283,0.15115995115995115,0.39487179487179486,0.32893772893772893,0.8818070818070818,0.24297924297924298,0.18925518925518925,0.41733821733821735,0.13406593406593406,0.6236874236874237,0.557997557997558,0.6166056166056166,0.42686202686202684,0.1960927960927961,0.2698412698412698,0.5247863247863248,0.13577533577533576,0.6854700854700855,0.18876678876678876,0.23882783882783884,0.1509157509157509,0.13968253968253969,0.12405372405372406,0.2253968253968254,0.1768009768009768,0.4442002442002442,0.4461538461538462,0.41611721611721614,0.11233211233211234,0.5609279609279609,0.5177045177045178,0.23663003663003662,0.5201465201465202,0.16800976800976802,0.09548229548229548,0.33186813186813185,0.12942612942612944,0.27594627594627597,0.2402930402930403,0.0905982905982906,0.3492063492063492,0.8796092796092796,0.28083028083028083,0.8874236874236874,0.3677655677655678,0.284004884004884,0.44395604395604393,0.1536019536019536,0.4288156288156288,0.2835164835164835,0.4163614163614164,0.5277167277167277,0.6007326007326007,0.4673992673992674,0.629059829059829,0.16092796092796094,0.2652014652014652,0.1794871794871795,0.1641025641025641,0.7032967032967034,0.44761904761904764
0.3894993894993895,0.19877899877899877,0.6659340659340659,0.46642246642246643,0.08717948717948718,0.1675213675213675,0.1387057387057387,0.31575091575091574,0.20122100122100123,0.6307692307692307,0.4598290598290598,0.14945054945054945,0.10012210012210013,0.24395604395604395,0.2857142857142857,0.1536019536019536,0.25811965811965815,0.6800976800976801,0.12551892551892552,0.147985347985348,0.3833943833943834,0.3199023199023199,0.8566544566544566,0.2354090354090354,0.1838827838827839,0.40463980463980465,0.13015873015873017,0.6078144078144078,0.5706959706959707,0.6315018315018315,0.4129426129426129,0.18876678876678876,0.30915750915750917,0.5416361416361416,0.13528693528693528,0.6727716727716728,0.2083028083028083,0.23174603174603176,0.1894993894993895,0.1496947496947497,0.11965811965811966,0.21733821733821734,0.1702075702075702,0.4302808302808303,0.46251526251526254,0.40463980463980465,0.10915750915750916,0.5565323565323566,0.5025641025641026,0.22954822954822954,0.503052503052503,0.16483516483516483,0.0945054945054945,0.32063492063492066,0.12234432234432234,0.26837606837606837,0.25396825396825395,0.09035409035409035,0.378021978021978,0.8776556776556776,0.2713064713064713,0.8622710622710623,0.3557997557997558,0.274969474969475,0.4297924297924298,0.1509157509157509,0.41196581196581195,0.3203907203907204,0.4507936507936508,0.5137973137973137,0.5824175824175825,0.4141636141636142,0.6437118437118438,0.15604395604395604,0.2525030525030525,0.17264957264957265,0.18437118437118438,0.6825396825396826,0.4368742368742369
0.37777777777777777,0.24126984126984127,0.6231990231990232,0.4656898656898657,0.08424908424908426,0.16532356532356532,0.14407814407814407,0.3064713064713065,0.19584859584859585,0.6192918192918193,0.44395604395604393,0.1443223443223443,0.10598290598290598,0.2578754578754579,0.2766788766788767,0.15286935286935288,0.24957264957264957,0.6581196581196581,0.13235653235653236,0.14481074481074482,0.37216117216117217,0.3125763125763126,0.8322344322344323,0.22808302808302808,0.178998778998779,0.3921855921855922,0.12673992673992673,0.58998778998779,0.5814407814407815,0.6434676434676435,0.3992673992673993,0.18168498168498168,0.3492063492063492,0.5560439560439561,0.13406593406593406,0.6576312576312576,0.23296703296703297,0.2253968253968254,0.2275946275946276,0.16483516483516483,0.11452991452991453,0.20927960927960929,0.16532356532356532,0.41733821733821735,0.4766788766788767,0.39487179487179486,0.1054945054945055,0.5492063492063493,0.4874236874236874,0.22246642246642245,0.4857142857142857,0.16166056166056167,0.09474969474969475,0.30915750915750917,0.11526251526251527,0.26105006105006107,0.27057387057387056,0.09255189255189256,0.40634920634920635,0.873015873015873,0.26202686202686204,0.8380952380952381,0.3443223443223443,0.2661782661782662,0.41733821733821735,0.147985347985348,0.3951159951159951,0.35555555555555557,0.48131868131868133,0.5010989010989011,0.5631257631257631,0.38217338217338215,0.6554334554334554,0.1509157509157509,0.24004884004884006,0.16654456654456654,0.20757020757020758,0.6615384615384615,0.42588522588522587
0.36678876678876676,0.28888888888888886,0.5807081807081808,0.4634920634920635,0.08058608058608059,0.16385836385836386,0.15482295482295483,0.29743589743589743,0.1907203907203907,0.6056166056166056,0.4278388278388278,0.13943833943833944,0.11697191697191697,0.27692307692307694,0.26886446886446885,0.15384615384615385,0.24126984126984127,0.6363858363858363,0.1443223443223443,0.14212454212454212,0.36117216117216117,0.30622710622710625,0.8073260073260073,0.221001221001221,0.17435897435897435,0.3797313797313797,0.12454212454212454,0.5714285714285714,0.5904761904761905,0.652991452991453,0.38632478632478634,0.17509157509157508,0.38803418803418804,0.566056166056166,0.1330891330891331,0.6405372405372405,0.2625152625152625,0.21904761904761905,0.2664224664224664,0.1838827838827839,0.10964590964590964,0.20170940170940171,0.16166056166056167,0.4056166056166056,0.4866910866910867,0.3860805860805861,0.1010989010989011,0.5399267399267399,0.47155067155067154,0.2148962148962149,0.4691086691086691,0.15946275946275945,0.09768009768009768,0.2976800976800977,0.10818070818070818,0.2537240537240537,0.28644688644688643,0.09621489621489622,0.43272283272283274,0.8656898656898657,0.252991452991453,0.8144078144078144,0.3326007326007326,0.2583638583638584,0.4039072039072039,0.14505494505494507,0.37924297924297923,0.3877899877899878,0.5052503052503052,0.4884004884004884,0.544078144078144,0.3614163614163614,0.6634920634920635,0.14627594627594628,0.22832722832722832,0.1619047619047619,0.23833943833943835,0.6405372405372405,0.4148962148962149
0.35702075702075703,0.33943833943833945,0.5362637362637362,0.4586080586080586,0.07667887667887668,0.16214896214896216,0.1706959706959707,0.2879120879120879,0.18632478632478633,0.5904761904761905,0.4122100122100122,0.1343101343101343,0.13357753357753357,0.28595848595848594,0.2600732600732601,0.157997557997558,0.23321123321123322,0.6153846153846154,0.16263736263736264,0.13943833943833944,0.3516483516483517,0.3001221001221001,0.7826617826617827,0.21416361416361415,0.16971916971916973,0.36923076923076925,0.12307692307692308,0.5528693528693529,0.5968253968253968,0.6598290598290598,0.37362637362637363,0.168986568986569,0.4205128205128205,0.5731379731379731,0.13406593406593406,0.6217338217338217,0.295970695970696,0.21343101343101342,0.31184371184371185,0.20683760683760682,0.10476190476190476,0.19413919413919414,0.15653235653235653,0.3946275946275946,0.4937728937728938,0.3768009768009768,0.09645909645909646,0.5286935286935287,0.45616605616605616,0.20781440781440783,0.45274725274725275,0.15775335775335775,0.10573870573870574,0.28669108669108667,0.10134310134310134,0.24664224664224665,0.3028083028083028,0.10402930402930403,0.45616605616605616,0.8549450549450549,0.24444444444444444,0.7921855921855921,0.3203907203907204,0.2515262515262515,0.39023199023199023,0.14212454212454212,0.36434676434676433,0.4166056166056166,0.5242979242979243,0.47619047619047616,0.525030525030525,0.3465201465201465,0.6691086691086691,0.14212454212454212,0.21904761904761905,0.157997557997558,0.273992673992674,0.6202686202686203,0.40463980463980465
0.34847374847374846,0.38412698412698415,0.4835164835164835,0.45152625152625153,0.07301587301587302,0.1606837606837607,0.19145299145299147,0.2788766788766789,0.18315018315018314,0.5738705738705738,0.39658119658119656,0.12967032967032968,0.1562881562881563,0.2893772893772894,0.2515262515262515,0.16654456654456654,0.22564102564102564,0.5956043956043956,0.18705738705738706,0.136996336996337,0.3431013431013431,0.29426129426129427,0.7582417582417582,0.20757020757020758,0.16532356532356532,0.35873015873015873,0.12087912087912088,0.5345543345543345,0.600976800976801,0.6632478632478632,0.36117216117216117,0.16312576312576313,0.44835164835164837,0.5802197802197803,0.13797313797313798,0.6021978021978022,0.33186813186813185,0.20781440781440783,0.3601953601953602,0.23174603174603176,0.10012210012210013,0.18705738705738706,0.15115995115995115,0.3855921855921856,0.5003663003663004,0.3677655677655678,0.09255189255189256,0.515995115995116,0.44126984126984126,0.20146520146520147,0.4388278388278388,0.15555555555555556,0.1199023199023199,0.2761904761904762,0.09474969474969475,0.24102564102564103,0.3213675213675214,0.11672771672771673,0.4766788766788767,0.8417582417582418,0.23614163614163614,0.7702075702075702,0.31013431013431014,0.24395604395604395,0.37606837606837606,0.13943833943833944,0.3509157509157509,0.43956043956043955,0.5433455433455433,0.463980463980464,0.5067155067155067,0.3343101343101343,0.6722832722832723,0.1387057387057387,0.21123321123321123,0.15335775335775337,0.3125763125763126,0.600976800976801,0.39438339438339437
0.3418803418803419,0.42588522588522587,0.42686202686202684,0.44175824175824174,0.06910866910866911,0.1592185592185592,0.21684981684981686,0.27106227106227104,0.1807081807081807,0.5567765567765568,0.3811965811965812,0.12503052503052503,0.18485958485958487,0.30378510378510376,0.24297924297924298,0.18021978021978022,0.21831501831501832,0.5765567765567765,0.21684981684981686,0.13504273504273503,0.3338217338217338,0.2886446886446886,0.7343101343101343,0.20122100122100123,0.1619047619047619,0.34725274725274724,0.11843711843711843,0.5172161172161173,0.6021978021978022,0.6642246642246642,0.3487179487179487,0.15897435897435896,0.47692307692307695,0.5858363858363859,0.14652014652014653,0.5826617826617827,0.368986568986569,0.2026862026862027,0.40854700854700854,0.2583638583638584,0.09572649572649573,0.18021978021978022,0.14627594627594628,0.37777777777777777,0.5052503052503052,0.3584859584859585,0.0884004884004884,0.5020757020757021,0.4271062271062271,0.19487179487179487,0.4261294261294261,0.15384615384615385,0.14212454212454212,0.2661782661782662,0.08864468864468865,0.23614163614163614,0.3404151404151404,0.1347985347985348,0.49401709401709404,0.8256410256410256,0.22832722832722832,0.7492063492063492,0.3006105006105006,0.23565323565323565,0.36166056166056165,0.13675213675213677,0.3384615384615385,0.45787545787545786,0.5609279609279609,0.45225885225885226,0.4891330891330891,0.3235653235653236,0.6722832722832723,0.13772893772893774,0.20170940170940171,0.14822954822954823,0.3516483516483517,0.582905982905983,0.38412698412698415
0.336996336996337,0.472039072039072,0.37094017094017095,0.4297924297924298,0.06568986568986569,0.15775335775335775,0.24566544566544565,0.26422466422466423,0.17753357753357754,0.5396825396825397,0.3658119658119658,0.1203907203907204,0.21343101343101342,0.3242979242979243,0.23467643467643468,0.19926739926739928,0.21147741147741148,0.5582417582417583,0.2512820512820513,0.13382173382173382,0.3235653235653236,0.283028083028083,0.7111111111111111,0.19487179487179487,0.1592185592185592,0.33528693528693526,0.115995115995116,0.5003663003663004,0.6004884004884005,0.6617826617826618,0.33650793650793653,0.15604395604395604,0.504029304029304,0.5897435897435898,0.16117216117216118,0.5638583638583639,0.4056166056166056,0.19877899877899877,0.4547008547008547,0.28498168498168497,0.09133089133089133,0.1724053724053724,0.14334554334554334,0.3694749694749695,0.5079365079365079,0.3492063492063492,0.0844932844932845,0.4879120879120879,0.4134310134310134,0.19023199023199022,0.4134310134310134,0.15262515262515264,0.17264957264957265,0.25665445665445663,0.0844932844932845,0.23101343101343103,0.3592185592185592,0.15824175824175823,0.5089133089133089,0.8078144078144078,0.22026862026862026,0.7296703296703296,0.28962148962148965,0.22735042735042735,0.3474969474969475,0.13406593406593406,0.326984126984127,0.47545787545787543,0.576068376068376,0.4405372405372405,0.472039072039072,0.31404151404151404,0.6691086691086691,0.13797313797313798,0.19194139194139195,0.14334554334554334,0.38974358974358975,0.566056166056166,0.37435897435897436
0.3311355311355311,0.518925518925519,0.3199023199023199,0.41514041514041516,0.06227106227106227,0.15653235653235653,0.27326007326007323,0.2564102564102564,0.17387057387057386,0.5228327228327229,0.3509157509157509,0.11794871794871795,0.24346764346764346,0.347008547008547,0.22686202686202686,0.22417582417582418,0.20488400488400488,0.5401709401709401,0.2835164835164835,0.1330891330891331,0.31355311355311355,0.2774114774114774,0.6884004884004884,0.19023199023199022,0.15531135531135531,0.32283272283272285,0.11428571428571428,0.48424908424908425,0.5960927960927961,0.6561660561660562,0.32576312576312577,0.15213675213675212,0.5291819291819292,0.5914529914529915,0.1829059829059829,0.5457875457875457,0.4405372405372405,0.19584859584859585,0.4984126984126984,0.31062271062271063,0.08717948717948718,0.16605616605616605,0.1426129426129426,0.3609279609279609,0.5081807081807082,0.3396825396825397,0.08083028083028083,0.4735042735042735,0.4004884004884005,0.18632478632478633,0.4004884004884005,0.15286935286935288,0.21172161172161172,0.24786324786324787,0.0822954822954823,0.22515262515262516,0.37655677655677655,0.1873015873015873,0.5208791208791209,0.7875457875457875,0.21294261294261294,0.7111111111111111,0.2783882783882784,0.21953601953601953,0.3338217338217338,0.13162393162393163,0.315995115995116,0.4913308913308913,0.589010989010989,0.4293040293040293,0.45567765567765567,0.3047619047619048,0.6634920634920635,0.13943833943833944,0.18217338217338216,0.13846153846153847,0.42588522588522587,0.5501831501831502,0.36434676434676433
0.3247863247863248,0.5645909645909646,0.2761904761904762,0.39902319902319905,0.05885225885225885,0.15555555555555556,0.29987789987789987,0.24786324786324787,0.17045177045177046,0.5064713064713064,0.33601953601953605,0.115995115995116,0.2788766788766789,0.37045177045177047,0.21953601953601953,0.2537240537240537,0.199023199023199,0.5228327228327229,0.315018315018315,0.13211233211233211,0.30378510378510376,0.2717948717948718,0.6659340659340659,0.18608058608058609,0.1514041514041514,0.31062271062271063,0.11428571428571428,0.4691086691086691,0.589010989010989,0.6478632478632479,0.3162393162393162,0.14847374847374847,0.5518925518925519,0.590964590964591,0.21147741147741148,0.5286935286935287,0.46984126984126984,0.19194139194139195,0.5389499389499389,0.33455433455433453,0.08351648351648351,0.16263736263736264,0.14358974358974358,0.35262515262515265,0.505982905982906,0.33015873015873015,0.0778998778998779,0.4593406593406593,0.389010989010989,0.18192918192918192,0.3877899877899878,0.1562881562881563,0.2571428571428571,0.24102564102564103,0.08131868131868132,0.21953601953601953,0.3921855921855922,0.22002442002442002,0.5301587301587302,0.7663003663003664,0.20732600732600734,0.6923076923076923,0.2673992673992674,0.21172161172161172,0.3199023199023199,0.12942612942612944,0.30500610500610503,0.505006105006105,0.599023199023199,0.4183150183150183,0.4405372405372405,0.2971916971916972,0.6556776556776557,0.14358974358974358,0.17264957264957265,0.13382173382173382,0.4586080586080586,0.5347985347985348,0.35555555555555557
0.3184371184371184,0.6083028083028083,0.24102564102564103,0.38168498168498166,0.05543345543345543,0.15531135531135531,0.3299145299145299,0.23882783882783884,0.1675213675213675,0.49108669108669106,0.3235653235653236,0.11306471306471307,0.31697191697191696,0.39267399267399267,0.21245421245421245,0.28669108669108667,0.19365079365079366,0.5069597069597069,0.3509157509157509,0.13113553113553114,0.29426129426129427,0.2661782661782662,0.6437118437118438,0.18095238095238095,0.14725274725274726,0.2993894993894994,0.11721611721611722,0.45396825396825397,0.5794871794871795,0.6371184371184371,0.305982905982906,0.14505494505494507,0.5724053724053724,0.588034188034188,0.2463980463980464,0.5125763125763125,0.4954822954822955,0.1877899877899878,0.5758241758241758,0.3562881562881563,0.08083028083028083,0.1597069597069597,0.147985347985348,0.3443223443223443,0.5010989010989011,0.32063492063492066,0.07521367521367521,0.4456654456654457,0.37826617826617825,0.1768009768009768,0.3755799755799756,0.16312576312576313,0.3006105006105006,0.2354090354090354,0.08302808302808302,0.2139194139194139,0.4056166056166056,0.2564102564102564,0.536996336996337,0.7452991452991453,0.2026862026862027,0.6730158730158731,0.25616605616605614,0.2043956043956044,0.305982905982906,0.12722832722832722,0.295970695970696,0.5162393162393163,0.6063492063492063,0.4073260073260073,0.4261294261294261,0.29010989010989013,0.6451770451770452,0.15115995115995115,0.16336996336996337,0.12942612942612944,0.48815628815628814,0.5199023199023199,0.34725274725274724
0.3115995115995116,0.6498168498168498,0.21343101343101342,0.36385836385836384,0.05225885225885226,0.15653235653235653,0.36117216117216117,0.23028083028083027,0.16556776556776556,0.4764346764346764,0.3125763125763126,0.10964590964590964,0.3557997557997558,0.4141636141636142,0.20586080586080585,0.3221001221001221,0.189010989010989,0.49230769230769234,0.38754578754578756,0.1308913308913309,0.2844932844932845,0.2605616605616606,0.6222222222222222,0.17582417582417584,0.14358974358974358,0.28962148962148965,0.12405372405372406,0.43956043956043955,0.5687423687423687,0.6234432234432234,0.29523809523809524,0.1413919413919414,0.5907203907203907,0.5826617826617827,0.2862026862026862,0.49914529914529915,0.5228327228327229,0.18363858363858365,0.6092796092796092,0.3750915750915751,0.08083028083028083,0.15433455433455434,0.15677655677655677,0.33650793650793653,0.4937728937728938,0.3115995115995116,0.07252747252747253,0.43345543345543347,0.367032967032967,0.17191697191697192,0.3636141636141636,0.17435897435897435,0.34285714285714286,0.2288156288156288,0.08913308913308914,0.2083028083028083,0.4163614163614164,0.29352869352869354,0.5413919413919414,0.7247863247863248,0.19706959706959706,0.653968253968254,0.24517704517704517,0.1973137973137973,0.2923076923076923,0.12527472527472527,0.2874236874236874,0.5245421245421246,0.6107448107448108,0.39658119658119656,0.4134310134310134,0.28253968253968254,0.6327228327228327,0.16336996336996337,0.15384615384615385,0.12527472527472527,0.5142857142857142,0.5062271062271062,0.33821733821733824
0.3047619047619048,0.6886446886446886,0.1921855921855922,0.346031746031746,0.050793650793650794,0.15897435897435896,0.3921855921855922,0.22173382173382172,0.16532356532356532,0.4634920634920635,0.3001221001221001,0.10573870573870574,0.3938949938949939,0.43394383394383396,0.19975579975579977,0.35824175824175825,0.18534798534798536,0.4766788766788767,0.4231990231990232,0.13211233211233211,0.274969474969475,0.25445665445665444,0.600976800976801,0.1702075702075702,0.13992673992673993,0.2822954822954823,0.13577533577533576,0.42637362637362636,0.5765567765567765,0.6078144078144078,0.2847374847374847,0.13772893772893774,0.6068376068376068,0.575091575091575,0.3230769230769231,0.4866910866910867,0.5492063492063493,0.1794871794871795,0.639072039072039,0.39096459096459096,0.08376068376068375,0.14945054945054945,0.17167277167277167,0.32844932844932845,0.484004884004884,0.3023199023199023,0.07008547008547009,0.4227106227106227,0.35555555555555557,0.16654456654456654,0.3516483516483517,0.19047619047619047,0.3907203907203907,0.22246642246642245,0.10061050061050061,0.20293040293040293,0.42466422466422465,0.33015873015873015,0.5428571428571428,0.7032967032967034,0.19096459096459095,0.6346764346764346,0.23443223443223443,0.19047619047619047,0.2788766788766789,0.1242979242979243,0.2778998778998779,0.5304029304029304,0.6126984126984127,0.38632478632478634,0.40195360195360197,0.27521367521367524,0.6178266178266179,0.1807081807081807,0.14481074481074482,0.12112332112332112,0.5365079365079365,0.49352869352869355,0.3286935286935287
0.2979242979242979,0.7252747252747253,0.17582417582417584,0.32893772893772893,0.05054945054945055,0.16263736263736264,0.421978021978022,0.21318681318681318,0.1675213675213675,0.4512820512820513,0.28669108669108667,0.10183150183150183,0.4302808302808303,0.4517704517704518,0.19413919413919414,0.3894993894993895,0.1829059829059829,0.4603174603174603,0.4568986568986569,0.13528693528693528,0.2656898656898657,0.2485958485958486,0.5821733821733822,0.1645909645909646,0.1365079365079365,0.27814407814407816,0.1536019536019536,0.41440781440781443,0.5912087912087912,0.5904761904761905,0.273992673992674,0.13382173382173382,0.621001221001221,0.5650793650793651,0.3584859584859585,0.4735042735042735,0.575091575091575,0.17582417582417584,0.6659340659340659,0.40293040293040294,0.09010989010989011,0.1443223443223443,0.1921855921855922,0.3203907203907204,0.47277167277167276,0.29352869352869354,0.06813186813186813,0.4117216117216117,0.34383394383394383,0.16166056166056167,0.33992673992673994,0.21147741147741148,0.4398046398046398,0.21587301587301588,0.11892551892551892,0.1978021978021978,0.43052503052503055,0.36117216117216117,0.5418803418803418,0.6810744810744811,0.18534798534798536,0.6158730158730159,0.22417582417582418,0.18363858363858365,0.2673992673992674,0.12380952380952381,0.2678876678876679,0.5333333333333333,0.6122100122100123,0.3755799755799756,0.38974358974358975,0.2678876678876679,0.6007326007326007,0.20341880341880342,0.13577533577533576,0.11721611721611722,0.5560439560439561,0.4800976800976801,0.31916971916971915
0.29084249084249086,0.7587301587301587,0.16214896214896216,0.3145299145299145,0.04908424908424908,0.168986568986569,0.45006105006105007,0.20537240537240536,0.17264957264957265,0.43833943833943834,0.27350427350427353,0.09768009768009768,0.463980463980464,0.4678876678876679,0.18852258852258852,0.4175824175824176,0.1794871794871795,0.44395604395604393,0.4879120879120879,0.1413919413919414,0.2571428571428571,0.24273504273504273,0.5643467643467643,0.1592185592185592,0.1330891330891331,0.2778998778998779,0.17753357753357754,0.4014652014652015,0.589010989010989,0.5716727716727716,0.263980463980464,0.13064713064713065,0.6329670329670329,0.5531135531135531,0.398046398046398,0.4598290598290598,0.5992673992673992,0.17216117216117216,0.6857142857142857,0.41098901098901097,0.10158730158730159,0.13943833943833944,0.21855921855921856,0.3125763125763126,0.46007326007326005,0.2862026862026862,0.06715506715506715,0.40073260073260075,0.33235653235653234,0.15677655677655677,0.32844932844932845,0.23663003663003662,0.4869352869352869,0.20976800976800977,0.1443223443223443,0.19316239316239317,0.43394383394383396,0.3882783882783883,0.5399267399267399,0.6595848595848596,0.17997557997557997,0.5970695970695971,0.21416361416361415,0.17753357753357754,0.2571428571428571,0.12258852258852258,0.2578754578754579,0.5335775335775336,0.609035409035409,0.3663003663003663,0.3775335775335775,0.2605616605616606,0.5821733821733822,0.23101343101343103,0.12747252747252746,0.11404151404151404,0.5702075702075702,0.4669108669108669,0.3098901098901099
0.2835164835164835,0.7887667887667887,0.1509157509157509,0.3018315018315018,0.04737484737484737,0.17875457875457876,0.4766788766788767,0.19755799755799755,0.18217338217338216,0.4249084249084249,0.2605616605616606,0.09352869352869353,0.49523809523809526,0.48205128205128206,0.18437118437118438,0.4473748473748474,0.17606837606837608,0.42735042735042733,0.5162393162393163,0.1514041514041514,0.2485958485958486,0.23785103785103784,0.5452991452991452,0.15384615384615385,0.12991452991452992,0.28205128205128205,0.2026862026862027,0.3877899877899878,0.578021978021978,0.5526251526251527,0.25445665445665444,0.12796092796092795,0.6427350427350428,0.5413919413919414,0.43833943833943834,0.4461538461538462,0.6214896214896215,0.168986568986569,0.701098901098901,0.4175824175824176,0.12014652014652015,0.1347985347985348,0.24957264957264957,0.30500610500610503,0.44664224664224667,0.27936507936507937,0.06495726495726496,0.38974358974358975,0.3213675213675214,0.1523809523809524,0.31697191697191696,0.2652014652014652,0.5308913308913309,0.20366300366300366,0.17655677655677657,0.18876678876678876,0.4346764346764347,0.4163614163614164,0.5357753357753358,0.6388278388278388,0.1746031746031746,0.5787545787545788,0.20463980463980463,0.17264957264957265,0.2463980463980464,0.12112332112332112,0.24786324786324787,0.5308913308913309,0.6031746031746031,0.35775335775335776,0.36434676434676433,0.2537240537240537,0.5623931623931624,0.2625152625152625,0.11965811965811966,0.11184371184371185,0.5807081807081808,0.45396825396825397,0.30085470085470084
0.27643467643467645,0.8156288156288156,0.14334554334554334,0.28815628815628813,0.045177045177045176,0.19267399267399268,0.5010989010989011,0.18998778998778998,0.1956043956043956,0.41147741147741146,0.24810744810744811,0.08986568986568987,0.5238095238095238,0.4945054945054945,0.18095238095238095,0.4766788766788767,0.17216117216117216,0.41098901098901097,0.5418803418803418,0.16556776556776556,0.24224664224664225,0.2336996336996337,0.5257631257631258,0.14896214896214896,0.12722832722832722,0.29084249084249086,0.22979242979242978,0.3741147741147741,0.5628815628815629,0.5335775335775336,0.2454212454212454,0.1264957264957265,0.6503052503052503,0.5291819291819292,0.4766788766788767,0.43272283272283274,0.6412698412698413,0.16532356532356532,0.716971916971917,0.42173382173382173,0.14652014652014653,0.13015873015873017,0.2835164835164835,0.29865689865689865,0.4341880341880342,0.2717948717948718,0.06251526251526252,0.378998778998779,0.31062271062271063,0.147985347985348,0.3052503052503053,0.29181929181929184,0.5709401709401709,0.19853479853479852,0.21416361416361415,0.18461538461538463,0.4332112332112332,0.4432234432234432,0.5294261294261294,0.6190476190476191,0.16947496947496948,0.5609279609279609,0.1956043956043956,0.168986568986569,0.23516483516483516,0.11941391941391942,0.23809523809523808,0.5257631257631258,0.5948717948717949,0.3482295482295482,0.3516483516483517,0.2468864468864469,0.5418803418803418,0.2971916971916972,0.11184371184371185,0.11086691086691086,0.590964590964591,0.4405372405372405,0.29255189255189257
0.26935286935286934,0.8351648351648352,0.13797313797313798,0.27472527472527475,0.042735042735042736,0.21782661782661783,0.5238095238095238,0.1824175824175824,0.21025641025641026,0.3978021978021978,0.23614163614163614,0.08595848595848596,0.5496947496947497,0.5032967032967033,0.1772893772893773,0.5045177045177045,0.16874236874236875,0.3951159951159951,0.5653235653235653,0.1838827838827839,0.23687423687423687,0.22832722832722832,0.505982905982906,0.14407814407814407,0.12503052503052503,0.30207570207570206,0.26324786324786326,0.3606837606837607,0.546031746031746,0.515018315018315,0.23663003663003662,0.12747252747252746,0.6542124542124542,0.515995115995116,0.5123321123321123,0.4188034188034188,0.6583638583638584,0.1619047619047619,0.7318681318681318,0.42295482295482295,0.18046398046398046,0.12722832722832722,0.31916971916971915,0.29304029304029305,0.4222222222222222,0.26373626373626374,0.06105006105006105,0.36800976800976803,0.30036630036630035,0.14407814407814407,0.29523809523809524,0.3172161172161172,0.6065934065934065,0.19316239316239317,0.2549450549450549,0.18046398046398046,0.4297924297924298,0.46813186813186813,0.5208791208791209,0.6,0.16507936507936508,0.5431013431013431,0.18656898656898657,0.1645909645909646,0.22417582417582418,0.11746031746031746,0.22832722832722832,0.5181929181929182,0.5838827838827839,0.3384615384615385,0.33894993894993897,0.24004884004884006,0.5218559218559219,0.3326007326007326,0.10622710622710622,0.10866910866910867,0.5997557997557997,0.4275946275946276,0.28498168498168497
0.2622710622710623,0.8503052503052503,0.1326007326007326,0.2612942612942613,0.04053724053724054,0.2437118437118437,0.5445665445665445,0.17533577533577532,0.2271062271062271,0.38412698412698415,0.22515262515262516,0.08205128205128205,0.5726495726495726,0.5094017094017094,0.17264957264957265,0.5301587301587302,0.16483516483516483,0.37924297924297923,0.5863247863247864,0.2061050061050061,0.23076923076923078,0.22271062271062272,0.48644688644688644,0.13968253968253969,0.12454212454212454,0.3155067155067155,0.3001221001221001,0.347008547008547,0.528937728937729,0.49694749694749696,0.22808302808302808,0.13162393162393163,0.654945054945055,0.5023199023199023,0.5452991452991452,0.40512820512820513,0.6722832722832723,0.15824175824175823,0.7445665445665446,0.42124542124542125,0.221001221001221,0.12503052503052503,0.3553113553113553,0.2893772893772894,0.41025641025641024,0.25616605616605614,0.06153846153846154,0.3572649572649573,0.2903540903540904,0.14017094017094017,0.2862026862026862,0.34554334554334554,0.6378510378510378,0.18803418803418803,0.2971916971916972,0.17802197802197803,0.42417582417582417,0.48986568986568985,0.5101343101343101,0.5816849816849817,0.1619047619047619,0.526007326007326,0.17997557997557997,0.1597069597069597,0.21416361416361415,0.115995115995116,0.21855921855921856,0.5094017094017094,0.5709401709401709,0.32893772893772893,0.32673992673992674,0.23394383394383395,0.5094017094017094,0.3672771672771673,0.10207570207570207,0.10598290598290598,0.6065934065934065,0.4148962148962149,0.27814407814407816
0.25665445665445663,0.865934065934066,0.12796092796092795,0.24835164835164836,0.0380952380952381,0.263980463980464,0.5631257631257631,0.1702075702075702,0.2485958485958486,0.3706959706959707,0.2144078144078144,0.07863247863247863,0.58998778998779,0.5157509157509158,0.16825396825396827,0.5531135531135531,0.16092796092796094,0.3636141636141636,0.6048840048840048,0.22735042735042735,0.22417582417582418,0.2170940170940171,0.46715506715506716,0.13577533577533576,0.12576312576312576,0.33308913308913307,0.3384615384615385,0.3338217338217338,0.512087912087912,0.47985347985347987,0.21978021978021978,0.13968253968253969,0.654945054945055,0.4888888888888889,0.5746031746031746,0.39194139194139194,0.683028083028083,0.15482295482295483,0.7548229548229548,0.4166056166056166,0.2664224664224664,0.12551892551892552,0.3855921855921856,0.28766788766788765,0.398046398046398,0.24835164835164836,0.06471306471306472,0.347008547008547,0.2805860805860806,0.13797313797313798,0.2761904761904762,0.37435897435897436,0.6654456654456654,0.18315018315018314,0.3338217338217338,0.17655677655677657,0.41611721611721614,0.5091575091575091,0.49743589743589745,0.5643467643467643,0.16092796092796094,0.5108669108669108,0.17435897435897435,0.15531135531135531,0.2043956043956044,0.11526251526251527,0.20903540903540904,0.4984126984126984,0.5555555555555556,0.3201465201465201,0.31477411477411477,0.2275946275946276,0.5020757020757021,0.39658119658119656,0.09743589743589744,0.10329670329670329,0.6112332112332113,0.40293040293040294,0.27277167277167275
0.252014652014652,0.8800976800976801,0.12380952380952381,0.2358974358974359,0.036141636141636145,0.29010989010989013,0.5794871794871795,0.16556776556776556,0.27350427350427353,0.3572649572649573,0.20415140415140415,0.07521367521367521,0.6036630036630036,0.5206349206349207,0.16385836385836386,0.5738705738705738,0.1575091575091575,0.34798534798534797,0.6207570207570208,0.2490842490842491,0.2175824175824176,0.21172161172161172,0.4485958485958486,0.13357753357753357,0.12869352869352868,0.3540903540903541,0.3768009768009768,0.32063492063492066,0.495970695970696,0.46373626373626375,0.21318681318681318,0.15286935286935288,0.652991452991453,0.47545787545787543,0.600976800976801,0.3785103785103785,0.6905982905982906,0.1523809523809524,0.7621489621489621,0.4095238095238095,0.3142857142857143,0.12796092796092795,0.4129426129426129,0.27521367521367524,0.3865689865689866,0.2407814407814408,0.07252747252747253,0.3367521367521368,0.2708180708180708,0.1365079365079365,0.2656898656898657,0.40244200244200246,0.6891330891330891,0.17802197802197803,0.3665445665445665,0.1746031746031746,0.40634920634920635,0.525030525030525,0.4832722832722833,0.5474969474969476,0.16336996336996337,0.49694749694749696,0.16776556776556775,0.15115995115995115,0.19487179487179487,0.11428571428571428,0.2,0.4857142857142857,0.5387057387057387,0.3115995115995116,0.30305250305250303,0.22197802197802197,0.49206349206349204,0.421978021978022,0.09206349206349207,0.10061050061050061,0.6136752136752137,0.39096459096459096,0.2698412698412698
0.24566544566544565,0.8915750915750916,0.1199023199023199,0.22344322344322345,0.03394383394383394,0.31916971916971915,0.5907203907203907,0.15995115995115994,0.29987789987789987,0.3440781440781441,0.1943833943833944,0.07374847374847375,0.6175824175824176,0.5238095238095238,0.15946275946275945,0.591941391941392,0.1540903540903541,0.3326007326007326,0.6322344322344322,0.2737484737484738,0.21147741147741148,0.2070818070818071,0.43052503052503055,0.13235653235653236,0.13528693528693528,0.37655677655677655,0.4141636141636142,0.30793650793650795,0.4805860805860806,0.4481074481074481,0.20757020757020758,0.17264957264957265,0.6483516483516484,0.4627594627594628,0.6244200244200244,0.3653235653235653,0.694993894993895,0.1509157509157509,0.7660561660561661,0.40024420024420027,0.3626373626373626,0.13211233211233211,0.44175824175824174,0.2590964590964591,0.37606837606837606,0.23321123321123322,0.0862026862026862,0.32673992673992674,0.2612942612942613,0.13406593406593406,0.25518925518925517,0.42857142857142855,0.7091575091575092,0.17435897435897435,0.40073260073260075,0.17191697191697192,0.39536019536019534,0.5384615384615384,0.4678876678876679,0.5313797313797314,0.168986568986569,0.48253968253968255,0.16117216117216118,0.147008547008547,0.18583638583638584,0.11330891330891331,0.19145299145299147,0.47155067155067154,0.5208791208791209,0.30305250305250303,0.2915750915750916,0.21684981684981686,0.48131868131868133,0.44761904761904764,0.08693528693528693,0.09865689865689865,0.6134310134310135,0.3797313797313797,0.2698412698412698
0.23882783882783884,0.8998778998778999,0.11648351648351649,0.21123321123321123,0.03247863247863248,0.3496947496947497,0.5982905982905983,0.1540903540903541,0.32673992673992674,0.3311355311355311,0.18705738705738706,0.07326007326007326,0.6302808302808303,0.525030525030525,0.15335775335775337,0.6078144078144078,0.1509157509157509,0.31916971916971915,0.6402930402930402,0.3001221001221001,0.20537240537240536,0.20317460317460317,0.4129426129426129,0.13137973137973138,0.14627594627594628,0.3992673992673993,0.4495726495726496,0.295970695970696,0.4656898656898657,0.43443223443223444,0.20122100122100123,0.199023199023199,0.6405372405372405,0.4507936507936508,0.644932844932845,0.3523809523809524,0.6952380952380952,0.14822954822954823,0.7670329670329671,0.3887667887667888,0.4095238095238095,0.13968253968253969,0.47057387057387057,0.2554334554334554,0.3658119658119658,0.22612942612942613,0.10622710622710622,0.31648351648351647,0.2537240537240537,0.13137973137973138,0.24493284493284492,0.4525030525030525,0.7255189255189255,0.17094017094017094,0.43394383394383396,0.16923076923076924,0.38363858363858366,0.548962148962149,0.45225885225885226,0.5157509157509158,0.17875457875457876,0.46813186813186813,0.15506715506715507,0.14285714285714285,0.17655677655677657,0.11257631257631258,0.18315018315018314,0.4568986568986569,0.5025641025641026,0.29474969474969476,0.2805860805860806,0.2126984126984127,0.46935286935286935,0.4713064713064713,0.08180708180708181,0.09816849816849817,0.6105006105006106,0.368986568986569,0.27228327228327226
0.23223443223443224,0.9045177045177045,0.11257631257631258,0.199023199023199,0.031013431013431014,0.37655677655677655,0.6053724053724053,0.14822954822954823,0.3536019536019536,0.3184371184371184,0.1807081807081807,0.07179487179487179,0.6412698412698413,0.5238095238095238,0.14627594627594628,0.6214896214896215,0.147985347985348,0.30744810744810747,0.6483516483516484,0.326007326007326,0.19926739926739928,0.20146520146520147,0.39584859584859583,0.13235653235653236,0.16263736263736264,0.42124542124542125,0.4827838827838828,0.284004884004884,0.452991452991453,0.42173382173382173,0.1943833943833944,0.23125763125763127,0.6302808302808303,0.4388278388278388,0.6632478632478632,0.34114774114774116,0.692063492063492,0.1452991452991453,0.7643467643467643,0.37606837606837606,0.4485958485958486,0.15824175824175823,0.4976800976800977,0.2595848595848596,0.35653235653235654,0.21953601953601953,0.13284493284493284,0.30793650793650795,0.24664224664224665,0.1291819291819292,0.23467643467643468,0.47374847374847373,0.7365079365079366,0.16678876678876678,0.46373626373626375,0.16678876678876678,0.37142857142857144,0.5567765567765568,0.4363858363858364,0.5015873015873016,0.19462759462759463,0.4537240537240537,0.14896214896214896,0.1391941391941392,0.16800976800976802,0.11184371184371185,0.17655677655677657,0.44175824175824174,0.484004884004884,0.28669108669108667,0.2698412698412698,0.20903540903540904,0.4568986568986569,0.49230769230769234,0.07741147741147741,0.10036630036630037,0.6051282051282051,0.35946275946275946,0.27765567765567767
0.22564102564102564,0.9052503052503053,0.10818070818070818,0.1873015873015873,0.029792429792429794,0.4014652014652015,0.6102564102564103,0.1426129426129426,0.37948717948717947,0.3076923076923077,0.17362637362637362,0.0695970695970696,0.6500610500610501,0.5206349206349207,0.14114774114774115,0.6327228327228327,0.14627594627594628,0.2945054945054945,0.654945054945055,0.35115995115995113,0.1934065934065934,0.20195360195360196,0.37924297924297923,0.13675213675213677,0.18461538461538463,0.44126984126984126,0.5137973137973137,0.27277167277167275,0.44126984126984126,0.40854700854700854,0.18754578754578755,0.26764346764346764,0.6175824175824176,0.4275946275946276,0.6793650793650794,0.3311355311355311,0.6866910866910867,0.14236874236874236,0.7577533577533577,0.3623931623931624,0.4822954822954823,0.17924297924297924,0.5228327228327229,0.26886446886446885,0.34725274725274724,0.21294261294261294,0.16605616605616605,0.30036630036630035,0.2385836385836386,0.1282051282051282,0.22515262515262516,0.49230769230769234,0.7435897435897436,0.1623931623931624,0.48986568986568985,0.1645909645909646,0.35946275946275946,0.5616605616605617,0.4227106227106227,0.48815628815628814,0.2175824175824176,0.4398046398046398,0.14285714285714285,0.13528693528693528,0.1597069597069597,0.11233211233211234,0.17094017094017094,0.4271062271062271,0.46593406593406594,0.27912087912087913,0.26105006105006107,0.20537240537240536,0.44468864468864466,0.5096459096459096,0.07301587301587302,0.10695970695970695,0.5968253968253968,0.35115995115995113,0.2874236874236874
0.21904761904761905,0.9013431013431014,0.10329670329670329,0.17582417582417584,0.030036630036630037,0.42857142857142855,0.6122100122100123,0.136996336996337,0.4043956043956044,0.2979242979242979,0.1663003663003663,0.06764346764346764,0.6561660561660562,0.515018315018315,0.136996336996337,0.6415140415140416,0.14505494505494507,0.28083028083028083,0.6595848595848596,0.3741147741147741,0.18754578754578755,0.2061050061050061,0.3636141636141636,0.1452991452991453,0.21172161172161172,0.4586080586080586,0.5426129426129426,0.26373626373626374,0.4288156288156288,0.3946275946275946,0.1807081807081807,0.30622710622710625,0.6026862026862027,0.4166056166056166,0.6901098901098901,0.3201465201465201,0.6788766788766789,0.13943833943833944,0.747985347985348,0.35018315018315016,0.5167277167277168,0.1978021978021978,0.5455433455433455,0.28083028083028083,0.3387057387057387,0.20683760683760682,0.199023199023199,0.29181929181929184,0.23076923076923078,0.12991452991452992,0.21587301587301588,0.5089133089133089,0.7501831501831502,0.157997557997558,0.5125763125763125,0.16214896214896216,0.3482295482295482,0.5638583638583639,0.41025641025641024,0.47448107448107446,0.2468864468864469,0.42637362637362636,0.136996336996337,0.13162393162393163,0.15189255189255188,0.11306471306471307,0.1645909645909646,0.41318681318681316,0.4485958485958486,0.2717948717948718,0.25347985347985347,0.20146520146520147,0.4324786324786325,0.5242979242979243,0.06910866910866911,0.11892551892551892,0.5863247863247864,0.3423687423687424,0.3013431013431013
0.21318681318681318,0.8937728937728938,0.09865689865689865,0.16654456654456654,0.031013431013431014,0.45665445665445664,0.610989010989011,0.13137973137973138,0.4275946275946276,0.2874236874236874,0.15897435897435896,0.06568986568986569,0.6598290598290598,0.5069597069597069,0.13357753357753357,0.6461538461538462,0.14285714285714285,0.26764346764346764,0.6615384615384615,0.39536019536019534,0.18192918192918192,0.2144078144078144,0.35067155067155065,0.15946275946275945,0.2437118437118437,0.473015873015873,0.5684981684981685,0.25567765567765566,0.41611721611721614,0.3807081807081807,0.17387057387057386,0.3457875457875458,0.5865689865689866,0.4061050061050061,0.6979242979242979,0.3086691086691087,0.6686202686202686,0.1365079365079365,0.7350427350427351,0.33943833943833945,0.5496947496947497,0.22417582417582418,0.5658119658119658,0.29426129426129427,0.33015873015873015,0.20073260073260074,0.23296703296703297,0.28253968253968254,0.22271062271062272,0.13528693528693528,0.20732600732600734,0.5230769230769231,0.7545787545787546,0.1536019536019536,0.5313797313797314,0.15995115995115994,0.33821733821733824,0.5626373626373626,0.3973137973137973,0.4603174603174603,0.2818070818070818,0.41367521367521365,0.13162393162393163,0.12869352869352868,0.1457875457875458,0.11330891330891331,0.15775335775335775,0.4,0.431990231990232,0.2656898656898657,0.24493284493284492,0.19755799755799755,0.42002442002442003,0.5355311355311355,0.06568986568986569,0.13772893772893774,0.5743589743589743,0.33308913308913307,0.31916971916971915
0.20781440781440783,0.882051282051282,0.09352869352869353,0.15848595848595848,0.031013431013431014,0.48424908424908425,0.6063492063492063,0.126007326007326,0.4490842490842491,0.2766788766788767,0.15213675213675212,0.06398046398046398,0.6603174603174603,0.4967032967032967,0.13137973137973138,0.6478632478632479,0.1409035409035409,0.25445665445665444,0.661050061050061,0.4148962148962149,0.1768009768009768,0.22442002442002443,0.33894993894993897,0.1794871794871795,0.27814407814407816,0.48473748473748474,0.5921855921855922,0.24713064713064714,0.4031746031746032,0.367032967032967,0.1675213675213675,0.3851037851037851,0.5692307692307692,0.39536019536019534,0.7054945054945055,0.29743589743589743,0.6556776556776557,0.1330891330891331,0.7203907203907204,0.3274725274725275,0.57997557997558,0.26544566544566545,0.5838827838827839,0.3076923076923077,0.32161172161172163,0.19658119658119658,0.27277167277167275,0.2737484737484738,0.21465201465201464,0.1452991452991453,0.199023199023199,0.5347985347985348,0.757020757020757,0.1492063492063492,0.5462759462759462,0.15897435897435896,0.32893772893772893,0.5587301587301587,0.3848595848595849,0.4461538461538462,0.32063492063492066,0.4017094017094017,0.12698412698412698,0.12698412698412698,0.14114774114774115,0.11306471306471307,0.1514041514041514,0.3873015873015873,0.4163614163614164,0.2608058608058608,0.2358974358974359,0.19365079365079366,0.40757020757020757,0.5433455433455433,0.06202686202686203,0.16312576312576313,0.5614163614163614,0.3242979242979243,0.3404151404151404
0.20293040293040293,0.8673992673992674,0.09035409035409035,0.14945054945054945,0.030525030525030524,0.5111111111111111,0.5982905982905983,0.12136752136752137,0.4686202686202686,0.2664224664224664,0.1457875457875458,0.06251526251526252,0.6581196581196581,0.48473748473748474,0.12991452991452992,0.6485958485958486,0.13968253968253969,0.24175824175824176,0.6573870573870574,0.4324786324786325,0.17191697191697192,0.23687423687423687,0.32673992673992674,0.2056166056166056,0.3142857142857143,0.4927960927960928,0.6097680097680098,0.23833943833943835,0.38974358974358975,0.3536019536019536,0.16117216117216118,0.4222222222222222,0.5511599511599512,0.3860805860805861,0.7118437118437119,0.28644688644688643,0.6405372405372405,0.13015873015873017,0.7040293040293041,0.315995115995116,0.6075702075702075,0.30500610500610503,0.5992673992673992,0.3203907203907204,0.3142857142857143,0.1934065934065934,0.31575091575091574,0.26495726495726496,0.2070818070818071,0.16092796092796094,0.19096459096459095,0.5428571428571428,0.7562881562881563,0.14505494505494507,0.557997557997558,0.15946275946275945,0.3218559218559219,0.5526251526251527,0.3851037851037851,0.43174603174603177,0.36166056166056165,0.38974358974358975,0.12356532356532357,0.12698412698412698,0.13528693528693528,0.11306471306471307,0.1452991452991453,0.37533577533577533,0.4031746031746032,0.25518925518925517,0.2271062271062271,0.19023199023199022,0.3951159951159951,0.5477411477411478,0.05885225885225885,0.19023199023199022,0.5462759462759462,0.31575091575091574,0.3641025641025641
0.19829059829059828,0.8505494505494505,0.08864468864468865,0.13968253968253969,0.029548229548229547,0.5365079365079365,0.5870573870573871,0.11697191697191697,0.48644688644688644,0.2564102564102564,0.13992673992673993,0.06105006105006105,0.6525030525030525,0.4725274725274725,0.12722832722832722,0.6471306471306472,0.14065934065934066,0.22979242979242978,0.6507936507936508,0.4481074481074481,0.16874236874236875,0.2537240537240537,0.3145299145299145,0.23614163614163614,0.35018315018315016,0.49694749694749696,0.6236874236874237,0.22954822954822954,0.37655677655677655,0.33992673992673994,0.15482295482295483,0.4568986568986569,0.5347985347985348,0.37704517704517704,0.7162393162393162,0.27594627594627597,0.6236874236874237,0.12747252747252746,0.6854700854700855,0.3052503052503053,0.6317460317460317,0.3431013431013431,0.6122100122100123,0.33137973137973137,0.30744810744810747,0.1894993894993895,0.35946275946275946,0.2564102564102564,0.19975579975579977,0.18315018315018314,0.18339438339438338,0.5484737484737485,0.7526251526251526,0.14114774114774115,0.566056166056166,0.16312576312576313,0.315995115995116,0.544078144078144,0.3916971916971917,0.41733821733821735,0.40341880341880343,0.3785103785103785,0.12136752136752137,0.12844932844932844,0.12869352869352868,0.11306471306471307,0.13943833943833944,0.3653235653235653,0.3912087912087912,0.24932844932844933,0.21831501831501832,0.18656898656898657,0.3831501831501832,0.548962148962149,0.057387057387057384,0.22002442002442002,0.5299145299145299,0.30744810744810747,0.3887667887667888
0.1934065934065934,0.8324786324786325,0.08717948717948718,0.12991452991452992,0.028327228327228327,0.5604395604395604,0.5736263736263736,0.11282051282051282,0.5001221001221001,0.2463980463980464,0.1343101343101343,0.06031746031746032,0.6442002442002442,0.46007326007326005,0.1242979242979243,0.6432234432234433,0.14407814407814407,0.21855921855921856,0.6415140415140416,0.46153846153846156,0.1663003663003663,0.2737484737484738,0.3028083028083028,0.2708180708180708,0.3851037851037851,0.49792429792429793,0.6383394383394383,0.221001221001221,0.3636141636141636,0.32722832722832723,0.14822954822954823,0.4884004884004884,0.5194139194139195,0.3677655677655678,0.7181929181929182,0.26544566544566545,0.6056166056166056,0.12527472527472527,0.6656898656898657,0.295970695970696,0.652991452991453,0.38046398046398044,0.6222222222222222,0.33943833943833945,0.29914529914529914,0.18534798534798536,0.4017094017094017,0.24810744810744811,0.19267399267399268,0.21172161172161172,0.17777777777777778,0.5538461538461539,0.7452991452991453,0.13724053724053725,0.5709401709401709,0.16923076923076924,0.31013431013431014,0.5330891330891331,0.3882783882783883,0.40244200244200246,0.44395604395604393,0.36800976800976803,0.12185592185592185,0.13211233211233211,0.12234432234432234,0.11306471306471307,0.13357753357753357,0.3562881562881563,0.37924297924297923,0.2437118437118437,0.21001221001221002,0.18315018315018314,0.37094017094017095,0.5467643467643467,0.0568986568986569,0.2568986568986569,0.5123321123321123,0.2993894993894994,0.41318681318681316
0.1907203907203907,0.8139194139194139,0.08717948717948718,0.1203907203907204,0.02783882783882784,0.582905982905983,0.557997557997558,0.11013431013431013,0.5108669108669108,0.23663003663003662,0.1291819291819292,0.05958485958485959,0.6329670329670329,0.4461538461538462,0.12136752136752137,0.6371184371184371,0.1514041514041514,0.20757020757020758,0.6295482295482295,0.47374847374847373,0.16312576312576313,0.295970695970696,0.2910866910866911,0.3076923076923077,0.4141636141636142,0.49621489621489623,0.6512820512820513,0.2126984126984127,0.35067155067155065,0.315018315018315,0.14212454212454212,0.5133089133089133,0.5037851037851038,0.357997557997558,0.717948717948718,0.2554334554334554,0.5873015873015873,0.12307692307692308,0.6451770451770452,0.2869352869352869,0.6715506715506715,0.4148962148962149,0.6295482295482295,0.3443223443223443,0.2903540903540904,0.18168498168498168,0.442002442002442,0.2398046398046398,0.18534798534798536,0.2454212454212454,0.17313797313797313,0.557997557997558,0.7350427350427351,0.13357753357753357,0.5724053724053724,0.17924297924297924,0.3047619047619048,0.5201465201465202,0.38046398046398044,0.38803418803418804,0.4822954822954823,0.3572649572649573,0.12551892551892552,0.13846153846153847,0.115995115995116,0.11306471306471307,0.12796092796092795,0.3465201465201465,0.36678876678876676,0.23809523809523808,0.2021978021978022,0.17997557997557997,0.3592185592185592,0.5418803418803418,0.055921855921855924,0.2976800976800977,0.494993894993895,0.2920634920634921,0.4363858363858364
0.16605616605616605,0.7941391941391941,0.09035409035409035,0.1115995115995116,0.02857142857142857,0.6036630036630036,0.5411477411477411,0.10842490842490843,0.5221001221001221,0.22735042735042735,0.12380952380952381,0.05934065934065934,0.6202686202686203,0.4315018315018315,0.11843711843711843,0.6278388278388278,0.16385836385836386,0.19755799755799755,0.6158730158730159,0.4822954822954823,0.15946275946275945,0.31868131868131866,0.28034188034188035,0.3404151404151404,0.4388278388278388,0.4913308913308913,0.6625152625152625,0.20463980463980463,0.3374847374847375,0.3023199023199023,0.13724053724053725,0.5335775335775336,0.48815628815628814,0.3482295482295482,0.715018315018315,0.2454212454212454,0.5694749694749695,0.12234432234432234,0.6251526251526252,0.2783882783882784,0.6871794871794872,0.4481074481074481,0.6332112332112332,0.34725274725274724,0.28156288156288156,0.17777777777777778,0.4796092796092796,0.2315018315018315,0.17875457875457876,0.2778998778998779,0.16776556776556775,0.5601953601953602,0.7216117216117216,0.12991452991452992,0.5709401709401709,0.19511599511599512,0.2993894993894994,0.505982905982906,0.37045177045177047,0.3738705738705739,0.5174603174603175,0.34847374847374846,0.1330891330891331,0.14847374847374847,0.11013431013431013,0.11306471306471307,0.12234432234432234,0.33650793650793653,0.35482295482295484,0.23247863247863249,0.19487179487179487,0.17655677655677657,0.3474969474969475,0.5347985347985348,0.05396825396825397,0.3396825396825397,0.4778998778998779,0.2847374847374847,0.45738705738705737
0.12844932844932844,0.7738705738705739,0.09694749694749695,0.10305250305250305,0.032722832722832725,0.6256410256410256,0.5252747252747253,0.10573870573870574,0.5326007326007326,0.21855921855921856,0.11868131868131868,0.06031746031746032,0.6063492063492063,0.4166056166056166,0.11550671550671551,0.6163614163614164,0.18168498168498168,0.18803418803418803,0.600976800976801,0.4888888888888889,0.1562881562881563,0.3413919413919414,0.2703296703296703,0.37045177045177047,0.4644688644688645,0.48376068376068376,0.671062271062271,0.19706959706959706,0.32454212454212455,0.2893772893772894,0.13406593406593406,0.5545787545787546,0.473015873015873,0.3384615384615385,0.7094017094017094,0.2354090354090354,0.5518925518925519,0.12185592185592185,0.6056166056166056,0.27057387057387056,0.6996336996336996,0.47155067155067154,0.6336996336996337,0.3474969474969475,0.27228327228327226,0.17362637362637362,0.5142857142857142,0.22393162393162394,0.17191697191697192,0.31013431013431014,0.1623931623931624,0.5601953601953602,0.7052503052503053,0.12698412698412698,0.5665445665445665,0.2175824175824176,0.29426129426129427,0.4908424908424908,0.35946275946275946,0.3601953601953602,0.5452991452991452,0.3404151404151404,0.14627594627594628,0.16263736263736264,0.10451770451770452,0.11306471306471307,0.11721611721611722,0.32625152625152626,0.3426129426129426,0.2271062271062271,0.1877899877899878,0.17362637362637362,0.33821733821733824,0.5245421245421246,0.052503052503052504,0.3807081807081807,0.4612942612942613,0.2774114774114774,0.4757020757020757
0.1076923076923077,0.7533577533577533,0.10744810744810745,0.09499389499389499,0.042002442002442006,0.6437118437118438,0.5101343101343101,0.10305250305250305,0.5416361416361416,0.20976800976800977,0.11404151404151404,0.061782661782661785,0.5907203907203907,0.40244200244200246,0.11282051282051282,0.6024420024420024,0.2043956043956044,0.178998778998779,0.5855921855921856,0.49523809523809526,0.15335775335775337,0.36288156288156287,0.2608058608058608,0.40293040293040294,0.48937728937728936,0.47277167277167276,0.6761904761904762,0.1894993894993895,0.3115995115995116,0.2783882783882784,0.13064713064713065,0.5741147741147741,0.4586080586080586,0.32893772893772893,0.7008547008547008,0.22564102564102564,0.5365079365079365,0.12087912087912088,0.5870573870573871,0.26275946275946277,0.7084249084249085,0.4932844932844933,0.6322344322344322,0.34505494505494505,0.26324786324786326,0.16947496947496948,0.5457875457875457,0.21636141636141637,0.16654456654456654,0.347008547008547,0.15702075702075702,0.5582417582417583,0.6869352869352869,0.12527472527472527,0.5594627594627595,0.2459096459096459,0.28913308913308916,0.47545787545787543,0.3482295482295482,0.34676434676434675,0.5675213675213675,0.3316239316239316,0.16532356532356532,0.18095238095238095,0.09914529914529914,0.11306471306471307,0.11233211233211234,0.315995115995116,0.3304029304029304,0.22173382173382172,0.1807081807081807,0.1711843711843712,0.3291819291819292,0.5118437118437118,0.052503052503052504,0.41904761904761906,0.4456654456654457,0.2703296703296703,0.48937728937728936
0.09572649572649573,0.7335775335775335,0.12258852258852258,0.08766788766788766,0.057631257631257635,0.6556776556776557,0.4937728937728938,0.10012210012210013,0.5487179487179488,0.20146520146520147,0.11135531135531136,0.06227106227106227,0.5738705738705738,0.389010989010989,0.11013431013431013,0.5868131868131868,0.23174603174603176,0.17216117216117216,0.5692307692307692,0.5006105006105006,0.1509157509157509,0.3833943833943834,0.2515262515262515,0.43492063492063493,0.5125763125763125,0.45958485958485956,0.6786324786324787,0.18217338217338216,0.2989010989010989,0.26886446886446885,0.12844932844932844,0.5921855921855922,0.44468864468864466,0.3199023199023199,0.6896214896214896,0.21636141636141637,0.5228327228327229,0.11892551892551892,0.5697191697191697,0.2549450549450549,0.7140415140415141,0.5186813186813187,0.6280830280830281,0.33943833943833945,0.2542124542124542,0.16605616605616605,0.5741147741147741,0.20976800976800977,0.1619047619047619,0.3851037851037851,0.15189255189255188,0.5538461538461539,0.6683760683760683,0.12405372405372406,0.5496947496947497,0.27936507936507937,0.28376068376068375,0.4603174603174603,0.33650793650793653,0.33528693528693526,0.58998778998779,0.32283272283272285,0.19145299145299147,0.20317460317460317,0.09401709401709402,0.11306471306471307,0.10866910866910867,0.305982905982906,0.31868131868131866,0.21684981684981686,0.17387057387057386,0.16947496947496948,0.31965811965811963,0.49694749694749696,0.055921855921855924,0.45396825396825397,0.4307692307692308,0.26324786324786326,0.4993894993894994
0.08791208791208792,0.7140415140415141,0.14188034188034188,0.08083028083028083,0.08083028083028083,0.6642246642246642,0.4771672771672772,0.0971916971916972,0.5540903540903541,0.1934065934065934,0.10964590964590964,0.06227106227106227,0.5565323565323566,0.3763125763125763,0.1076923076923077,0.5699633699633699,0.26275946275946277,0.1663003663003663,0.5518925518925519,0.5045177045177045,0.1496947496947497,0.4017094017094017,0.24273504273504273,0.46544566544566546,0.5343101343101343,0.4444444444444444,0.6778998778998779,0.17533577533577532,0.28815628815628813,0.2578754578754579,0.12869352869352868,0.6083028083028083,0.4315018315018315,0.31062271062271063,0.6757020757020757,0.20927960927960929,0.5086691086691086,0.11721611721611722,0.5533577533577534,0.24713064713064714,0.7152625152625153,0.5431013431013431,0.6214896214896215,0.3311355311355311,0.2459096459096459,0.1623931623931624,0.5995115995115995,0.2043956043956044,0.1562881562881563,0.4227106227106227,0.14652014652014653,0.5467643467643467,0.6498168498168498,0.12234432234432234,0.5372405372405372,0.3162393162393162,0.2783882783882784,0.44590964590964594,0.3242979242979243,0.32454212454212455,0.6107448107448108,0.31355311355311355,0.22393162393162394,0.22808302808302808,0.08888888888888889,0.11306471306471307,0.10622710622710622,0.29572649572649573,0.306959706959707,0.21172161172161172,0.16923076923076924,0.1675213675213675,0.30915750915750917,0.46544566544566546,0.06446886446886448,0.48473748473748474,0.4170940170940171,0.2576312576312576,0.5081807081807082
0.0822954822954823,0.6952380952380952,0.16507936507936508,0.07521367521367521,0.1076923076923077,0.6703296703296703,0.4610500610500611,0.0945054945054945,0.5567765567765568,0.1873015873015873,0.1076923076923077,0.061782661782661785,0.5389499389499389,0.36434676434676433,0.1054945054945055,0.5528693528693529,0.29181929181929184,0.15946275946275945,0.5347985347985348,0.5064713064713064,0.1509157509157509,0.4183150183150183,0.2341880341880342,0.49352869352869355,0.5533577533577534,0.4283272283272283,0.6732600732600733,0.17045177045177046,0.27814407814407816,0.24664224664224665,0.1330891330891331,0.6222222222222222,0.4188034188034188,0.3018315018315018,0.661050061050061,0.20341880341880342,0.49474969474969477,0.11575091575091576,0.5377289377289377,0.23956043956043957,0.7128205128205128,0.5601953601953602,0.6117216117216118,0.3203907203907204,0.23809523809523808,0.15897435897435896,0.621978021978022,0.2,0.15042735042735042,0.45787545787545786,0.1413919413919414,0.5374847374847375,0.6293040293040293,0.1203907203907204,0.5221001221001221,0.3553113553113553,0.27326007326007323,0.431990231990232,0.31355311355311355,0.3133089133089133,0.629059829059829,0.3047619047619048,0.2617826617826618,0.2549450549450549,0.08424908424908426,0.1137973137973138,0.1028083028083028,0.2852258852258852,0.29474969474969476,0.2070818070818071,0.16507936507936508,0.16507936507936508,0.2989010989010989,0.42686202686202684,0.07985347985347985,0.5108669108669108,0.40366300366300367,0.2525030525030525,0.5147741147741147
0.07814407814407814,0.676923076923077,0.1916971916971917,0.07106227106227106,0.1391941391941392,0.6761904761904762,0.44590964590964594,0.09181929181929183,0.557020757020757,0.18217338217338216,0.10744810744810745,0.06105006105006105,0.5221001221001221,0.3536019536019536,0.10329670329670329,0.5365079365079365,0.31965811965811963,0.15213675213675212,0.5181929181929182,0.5064713064713064,0.15555555555555556,0.43272283272283274,0.2275946275946276,0.518925518925519,0.5709401709401709,0.4117216117216117,0.6654456654456654,0.1663003663003663,0.2669108669108669,0.2354090354090354,0.14236874236874236,0.6336996336996337,0.40634920634920635,0.2932844932844933,0.6451770451770452,0.19633699633699633,0.48083028083028084,0.11428571428571428,0.5228327228327229,0.23296703296703297,0.7081807081807082,0.578021978021978,0.599023199023199,0.30842490842490844,0.2424908424908425,0.15555555555555556,0.6385836385836385,0.19487179487179487,0.14407814407814407,0.48986568986568985,0.13675213675213677,0.5262515262515263,0.6083028083028083,0.11843711843711843,0.5052503052503052,0.3946275946275946,0.2678876678876679,0.4202686202686203,0.30378510378510376,0.3018315018315018,0.6446886446886447,0.295970695970696,0.3028083028083028,0.28253968253968254,0.08131868131868132,0.11452991452991453,0.0989010989010989,0.274969474969475,0.283028083028083,0.2021978021978022,0.15995115995115994,0.16336996336996337,0.2886446886446886,0.4014652014652015,0.10329670329670329,0.5333333333333333,0.3912087912087912,0.24664224664224665,0.5181929181929182
0.07472527472527472,0.6588522588522588,0.2205128205128205,0.0695970695970696,0.17997557997557997,0.6808302808302809,0.4315018315018315,0.08937728937728938,0.5548229548229549,0.17631257631257632,0.10989010989010989,0.06153846153846154,0.5054945054945055,0.3431013431013431,0.10158730158730159,0.5216117216117216,0.3509157509157509,0.14481074481074482,0.5023199023199023,0.5045177045177045,0.16483516483516483,0.44468864468864466,0.22246642246642245,0.5416361416361416,0.5858363858363859,0.39584859584859583,0.653968253968254,0.16092796092796094,0.25567765567765566,0.22417582417582418,0.1575091575091575,0.6432234432234433,0.3938949938949939,0.2852258852258852,0.6280830280830281,0.189010989010989,0.4673992673992674,0.11306471306471307,0.5089133089133089,0.2271062271062271,0.7001221001221001,0.5978021978021978,0.5838827838827839,0.294993894993895,0.252991452991453,0.15384615384615385,0.6505494505494506,0.18998778998778998,0.13821733821733823,0.518925518925519,0.13211233211233211,0.5133089133089133,0.5873015873015873,0.11648351648351649,0.4866910866910867,0.431990231990232,0.2622710622710623,0.41001221001221,0.29304029304029305,0.29010989010989013,0.6571428571428571,0.28669108669108667,0.3452991452991453,0.31013431013431014,0.07936507936507936,0.11477411477411477,0.09499389499389499,0.26495726495726496,0.27106227106227104,0.19877899877899877,0.15482295482295483,0.16214896214896216,0.2783882783882784,0.3831501831501832,0.13577533577533576,0.5523809523809524,0.38046398046398044,0.2407814407814408,0.5191697191697192
0.07106227106227106,0.6412698412698413,0.2512820512820513,0.07008547008547009,0.22735042735042735,0.6827838827838828,0.4175824175824176,0.08717948717948718,0.5504273504273505,0.1702075702075702,0.11550671550671551,0.06398046398046398,0.4896214896214896,0.3333333333333333,0.10134310134310134,0.5135531135531135,0.3831501831501832,0.13772893772893774,0.48766788766788766,0.5001221001221001,0.17924297924297924,0.45323565323565324,0.21684981684981686,0.5614163614163614,0.599023199023199,0.38046398046398044,0.6407814407814408,0.15555555555555556,0.24444444444444444,0.21318681318681318,0.17826617826617827,0.6503052503052503,0.3819291819291819,0.2783882783882784,0.6102564102564103,0.18168498168498168,0.45445665445665445,0.11233211233211234,0.49621489621489623,0.22026862026862026,0.6891330891330891,0.6144078144078144,0.567032967032967,0.2818070818070818,0.25445665445665444,0.1523809523809524,0.6627594627594627,0.18485958485958487,0.1326007326007326,0.5445665445665445,0.12747252747252746,0.49914529914529915,0.567032967032967,0.11452991452991453,0.4673992673992674,0.4666666666666667,0.2576312576312576,0.39902319902319905,0.28156288156288156,0.2788766788766789,0.6669108669108669,0.2778998778998779,0.38803418803418804,0.33284493284493283,0.07667887667887668,0.11477411477411477,0.09157509157509157,0.2549450549450549,0.26105006105006107,0.19584859584859585,0.14945054945054945,0.1623931623931624,0.2691086691086691,0.368986568986569,0.1768009768009768,0.5658119658119658,0.36996336996337,0.23443223443223443,0.5167277167277168
0.06788766788766788,0.6239316239316239,0.27912087912087913,0.07203907203907203,0.27912087912087913,0.6822954822954823,0.4039072039072039,0.08498168498168499,0.5433455433455433,0.16385836385836386,0.126007326007326,0.07057387057387057,0.47448107448107446,0.3252747252747253,0.10158730158730159,0.5091575091575091,0.41440781440781443,0.13211233211233211,0.4735042735042735,0.49352869352869355,0.19633699633699633,0.4593406593406593,0.21245421245421245,0.5787545787545788,0.6095238095238096,0.3663003663003663,0.6263736263736264,0.15042735042735042,0.23394383394383395,0.20293040293040293,0.20537240537240536,0.6547008547008547,0.36971916971916974,0.2725274725274725,0.5921855921855922,0.17435897435897435,0.4415140415140415,0.11135531135531136,0.4827838827838828,0.21294261294261294,0.6747252747252748,0.6249084249084249,0.5492063492063493,0.26886446886446885,0.25274725274725274,0.14993894993894993,0.6730158730158731,0.18021978021978022,0.12722832722832722,0.567032967032967,0.12307692307692308,0.4852258852258852,0.5474969474969476,0.11282051282051282,0.4481074481074481,0.4976800976800977,0.25347985347985347,0.38803418803418804,0.2703296703296703,0.2678876678876679,0.673992673992674,0.2695970695970696,0.4293040293040293,0.35262515262515265,0.07374847374847375,0.11452991452991453,0.0884004884004884,0.24517704517704517,0.25225885225885225,0.1921855921855922,0.14407814407814407,0.16483516483516483,0.25982905982905985,0.35702075702075703,0.22515262515262516,0.5753357753357753,0.3592185592185592,0.22857142857142856,0.5115995115995116
0.06495726495726496,0.6083028083028083,0.3047619047619048,0.07716727716727717,0.33186813186813185,0.6786324786324787,0.3907203907203907,0.08278388278388278,0.5347985347985348,0.15775335775335775,0.14236874236874236,0.08302808302808302,0.46007326007326005,0.31746031746031744,0.1010989010989011,0.49914529914529915,0.4442002442002442,0.12844932844932844,0.46007326007326005,0.484981684981685,0.2170940170940171,0.46422466422466424,0.21001221001221002,0.5938949938949939,0.6180708180708181,0.35482295482295484,0.6092796092796092,0.14505494505494507,0.22344322344322345,0.19316239316239317,0.23614163614163614,0.6561660561660562,0.35946275946275946,0.2661782661782662,0.5743589743589743,0.16727716727716727,0.42857142857142855,0.11086691086691086,0.4691086691086691,0.2056166056166056,0.6586080586080586,0.6336996336996337,0.5313797313797314,0.2583638583638584,0.24957264957264957,0.14725274725274726,0.6810744810744811,0.17533577533577532,0.12234432234432234,0.5865689865689866,0.1203907203907204,0.47155067155067154,0.528937728937729,0.11135531135531136,0.42905982905982903,0.525030525030525,0.24835164835164836,0.37704517704517704,0.2590964590964591,0.2571428571428571,0.6778998778998779,0.2617826617826618,0.46813186813186813,0.3728937728937729,0.07081807081807082,0.11404151404151404,0.08522588522588523,0.23687423687423687,0.24224664224664225,0.18876678876678876,0.1391941391941392,0.16971916971916973,0.2507936507936508,0.347008547008547,0.27106227106227104,0.5841269841269842,0.34798534798534797,0.22271062271062272,0.5032967032967033
0.063003663003663,0.5936507936507937,0.3326007326007326,0.08595848595848596,0.38461538461538464,0.6722832722832723,0.37777777777777777,0.08058608058608059,0.525030525030525,0.1514041514041514,0.1645909645909646,0.1028083028083028,0.44590964590964594,0.30915750915750917,0.10012210012210013,0.4866910866910867,0.47228327228327227,0.1282051282051282,0.44713064713064715,0.47448107448107446,0.24444444444444444,0.46715506715506716,0.210989010989011,0.6068376068376068,0.622954822954823,0.34505494505494505,0.5907203907203907,0.13992673992673993,0.21343101343101342,0.18363858363858365,0.27057387057387056,0.6542124542124542,0.3499389499389499,0.25934065934065936,0.5572649572649573,0.15995115995115994,0.41562881562881565,0.11013431013431013,0.4554334554334554,0.19829059829059828,0.6407814407814408,0.64004884004884,0.5135531135531135,0.24957264957264957,0.2442002442002442,0.1443223443223443,0.6857142857142857,0.1711843711843712,0.11648351648351649,0.6031746031746031,0.11868131868131868,0.4568986568986569,0.5111111111111111,0.11013431013431013,0.41098901098901097,0.5457875457875457,0.24273504273504273,0.3658119658119658,0.24810744810744811,0.24713064713064714,0.6788766788766789,0.25396825396825395,0.49914529914529915,0.3924297924297924,0.06886446886446887,0.11330891330891331,0.0822954822954823,0.22979242979242978,0.23174603174603176,0.18583638583638584,0.13406593406593406,0.17826617826617827,0.2424908424908425,0.33821733821733824,0.3162393162393162,0.5912087912087912,0.33650793650793653,0.21636141636141637,0.4927960927960928
0.06324786324786325,0.5782661782661783,0.3601953601953602,0.0989010989010989,0.4346764346764347,0.6632478632478632,0.36507936507936506,0.07985347985347985,0.5135531135531135,0.14554334554334555,0.1921855921855922,0.13137973137973138,0.4332112332112332,0.3006105006105006,0.09914529914529914,0.473015873015873,0.49792429792429793,0.13235653235653236,0.43443223443223444,0.463980463980464,0.27692307692307694,0.46813186813186813,0.21562881562881564,0.6175824175824176,0.6249084249084249,0.33528693528693526,0.5709401709401709,0.13504273504273503,0.20366300366300366,0.17484737484737484,0.3064713064713065,0.6493284493284494,0.3396825396825397,0.25225885225885225,0.5411477411477411,0.15335775335775337,0.40244200244200246,0.10964590964590964,0.44175824175824174,0.19096459096459095,0.621978021978022,0.6422466422466423,0.49792429792429793,0.2407814407814408,0.23833943833943835,0.1413919413919414,0.6869352869352869,0.16727716727716727,0.11135531135531136,0.6148962148962149,0.11672771672771673,0.4424908424908425,0.49474969474969477,0.10891330891330891,0.39584859584859583,0.5616605616605617,0.2371184371184371,0.3550671550671551,0.23736263736263735,0.23736263736263735,0.676923076923077,0.24810744810744811,0.5247863247863248,0.41001221001221,0.06813186813186813,0.11306471306471307,0.07985347985347985,0.22197802197802197,0.22148962148962148,0.18437118437118438,0.12942612942612944,0.19047619047619047,0.23443223443223443,0.3311355311355311,0.36678876678876676,0.5963369963369963,0.3247863247863248,0.2105006105006105,0.4805860805860806
0.06593406593406594,0.5626373626373626,0.3865689865689866,0.11672771672771673,0.48205128205128206,0.652014652014652,0.35384615384615387,0.07936507936507936,0.5008547008547009,0.14017094017094017,0.22442002442002443,0.16874236874236875,0.42173382173382173,0.29181929181929184,0.09816849816849817,0.45958485958485956,0.5216117216117216,0.14212454212454212,0.421978021978022,0.45274725274725275,0.3128205128205128,0.4666666666666667,0.22515262515262516,0.6244200244200244,0.6258852258852259,0.32576312576312577,0.550915750915751,0.13064713064713065,0.19462759462759463,0.1663003663003663,0.33821733821733824,0.642002442002442,0.3286935286935287,0.2454212454212454,0.5252747252747253,0.14676434676434677,0.38925518925518926,0.11013431013431013,0.4278388278388278,0.18437118437118438,0.6026862026862027,0.6427350427350428,0.4835164835164835,0.23272283272283273,0.23223443223443224,0.13846153846153847,0.6842490842490843,0.16336996336996337,0.1076923076923077,0.6234432234432234,0.11575091575091576,0.4283272283272283,0.47863247863247865,0.10818070818070818,0.38217338217338215,0.577045177045177,0.23174603174603176,0.3443223443223443,0.2271062271062271,0.22808302808302808,0.6715506715506715,0.24297924297924298,0.550915750915751,0.4249084249084249,0.07008547008547009,0.11257631257631258,0.07716727716727717,0.21416361416361415,0.21147741147741148,0.1851037851037851,0.12503052503052503,0.2061050061050061,0.22832722832722832,0.3252747252747253,0.4183150183150183,0.5985347985347985,0.31306471306471306,0.20463980463980463,0.4666666666666667
0.07057387057387057,0.5470085470085471,0.41074481074481073,0.13846153846153847,0.5257631257631258,0.639072039072039,0.3431013431013431,0.07814407814407814,0.4874236874236874,0.1347985347985348,0.25982905982905985,0.2070818070818071,0.40927960927960927,0.283028083028083,0.0971916971916972,0.44590964590964594,0.5428571428571428,0.157997557997558,0.41074481074481073,0.4402930402930403,0.3499389499389499,0.4627594627594628,0.2398046398046398,0.6280830280830281,0.6249084249084249,0.3162393162393162,0.5308913308913309,0.1264957264957265,0.18608058608058609,0.157997557997558,0.3665445665445665,0.631990231990232,0.3181929181929182,0.23882783882783884,0.5106227106227106,0.14065934065934066,0.3763125763125763,0.11135531135531136,0.41440781440781443,0.17753357753357754,0.5838827838827839,0.6385836385836385,0.4686202686202686,0.2253968253968254,0.2258852258852259,0.13553113553113552,0.6781440781440782,0.15946275946275945,0.10427350427350428,0.6317460317460317,0.11672771672771673,0.4146520146520147,0.463003663003663,0.10818070818070818,0.3684981684981685,0.590964590964591,0.22686202686202686,0.33406593406593404,0.2170940170940171,0.21245421245421245,0.6642246642246642,0.23736263736263735,0.5753357753357753,0.43785103785103785,0.07496947496947497,0.11184371184371185,0.07472527472527472,0.2061050061050061,0.20170940170940171,0.1894993894993895,0.12087912087912088,0.22515262515262516,0.22295482295482297,0.3189255189255189,0.46715506715506716,0.5982905982905983,0.30158730158730157,0.199023199023199,0.45225885225885226
0.07912087912087912,0.5316239316239316,0.4324786324786325,0.16385836385836386,0.5658119658119658,0.6249084249084249,0.33137973137973137,0.07716727716727717,0.47374847374847373,0.12967032967032968,0.29255189255189257,0.24810744810744811,0.3963369963369963,0.2737484737484738,0.09645909645909646,0.43272283272283274,0.5614163614163614,0.17655677655677657,0.40024420024420027,0.4271062271062271,0.3873015873015873,0.45665445665445664,0.25934065934065936,0.6315018315018315,0.6217338217338217,0.306959706959707,0.5118437118437118,0.12234432234432234,0.17802197802197803,0.1514041514041514,0.39658119658119656,0.6195360195360196,0.30744810744810747,0.23321123321123322,0.49645909645909647,0.1347985347985348,0.36507936507936506,0.11184371184371185,0.40073260073260075,0.17094017094017094,0.5655677655677656,0.6293040293040293,0.45445665445665445,0.21904761904761905,0.21953601953601953,0.1326007326007326,0.6683760683760683,0.15604395604395604,0.10183150183150183,0.6385836385836385,0.12087912087912088,0.4017094017094017,0.4481074481074481,0.10866910866910867,0.35555555555555557,0.6026862026862027,0.22173382173382172,0.3235653235653236,0.20757020757020758,0.19462759462759463,0.6544566544566545,0.23125763125763127,0.5970695970695971,0.44835164835164837,0.08424908424908426,0.11135531135531136,0.07301587301587302,0.19853479853479852,0.19267399267399268,0.19755799755799755,0.11672771672771673,0.24346764346764346,0.21684981684981686,0.3128205128205128,0.512087912087912,0.5953601953601954,0.29010989010989013,0.1934065934065934,0.43907203907203907
0.0927960927960928,0.5164835164835165,0.4512820512820513,0.1916971916971917,0.6031746031746031,0.6112332112332113,0.3189255189255189,0.0757020757020757,0.4603174603174603,0.12454212454212454,0.3235653235653236,0.29816849816849816,0.3831501831501832,0.2647130647130647,0.09597069597069598,0.4192918192918193,0.578021978021978,0.19853479853479852,0.3887667887667888,0.41367521367521365,0.42344322344322344,0.44835164835164837,0.28327228327228327,0.6329670329670329,0.6158730158730159,0.29743589743589743,0.49352869352869355,0.11843711843711843,0.17216117216117216,0.14627594627594628,0.4312576312576313,0.6048840048840048,0.2967032967032967,0.2288156288156288,0.4827838827838828,0.13113553113553114,0.35433455433455435,0.11257631257631258,0.3873015873015873,0.16483516483516483,0.5496947496947497,0.6178266178266179,0.441025641025641,0.2139194139194139,0.21318681318681318,0.12967032967032968,0.6554334554334554,0.1536019536019536,0.10036630036630037,0.642979242979243,0.1291819291819292,0.3894993894993895,0.4346764346764347,0.10866910866910867,0.3431013431013431,0.6124542124542125,0.21733821733821734,0.31355311355311355,0.19853479853479852,0.18363858363858365,0.642002442002442,0.22515262515262516,0.6161172161172161,0.45616605616605616,0.0989010989010989,0.1111111111111111,0.07228327228327229,0.19145299145299147,0.1838827838827839,0.20976800976800977,0.11428571428571428,0.2617826617826618,0.2105006105006105,0.3064713064713065,0.5516483516483517,0.5894993894993895,0.27814407814407816,0.1894993894993895,0.42686202686202684
0.11233211233211234,0.5018315018315018,0.4673992673992674,0.221001221001221,0.6373626373626373,0.5941391941391941,0.305982905982906,0.07423687423687424,0.4473748473748474,0.12136752136752137,0.357997557997558,0.35311355311355314,0.36971916971916974,0.25518925518925517,0.09548229548229548,0.4061050061050061,0.5897435897435898,0.2271062271062271,0.3768009768009768,0.40073260073260075,0.45787545787545786,0.43833943833943834,0.31013431013431014,0.6322344322344322,0.6073260073260073,0.28815628815628813,0.4764346764346764,0.11452991452991453,0.1675213675213675,0.14017094017094017,0.4666666666666667,0.588034188034188,0.28644688644688643,0.22686202686202686,0.4695970695970696,0.12844932844932844,0.3426129426129426,0.11306471306471307,0.3738705738705739,0.15848595848595848,0.535042735042735,0.6083028083028083,0.4278388278388278,0.20903540903540904,0.20732600732600734,0.12673992673992673,0.6398046398046398,0.15189255189255188,0.09816849816849817,0.644932844932845,0.14236874236874236,0.378021978021978,0.4222222222222222,0.10842490842490843,0.33137973137973137,0.62002442002442,0.21294261294261294,0.3032967032967033,0.19145299145299147,0.17655677655677657,0.6273504273504273,0.21904761904761905,0.6322344322344322,0.4622710622710623,0.11941391941391942,0.1115995115995116,0.07228327228327229,0.18461538461538463,0.17631257631257632,0.22612942612942613,0.11257631257631258,0.283028083028083,0.20463980463980463,0.3006105006105006,0.5858363858363859,0.580952380952381,0.26666666666666666,0.18656898656898657,0.41367521367521365
0.13797313797313798,0.463980463980464,0.4810744810744811,0.25054945054945055,0.6634920634920635,0.5785103785103786,0.29304029304029305,0.07301587301587302,0.43492063492063493,0.11892551892551892,0.39267399267399267,0.41025641025641024,0.35653235653235654,0.2459096459096459,0.09499389499389499,0.39267399267399267,0.5982905982905983,0.2605616605616606,0.36507936507936506,0.3882783882783883,0.4896214896214896,0.42686202686202684,0.3387057387057387,0.6293040293040293,0.5960927960927961,0.2788766788766789,0.4603174603174603,0.11233211233211234,0.1619047619047619,0.13382173382173382,0.49621489621489623,0.5699633699633699,0.27643467643467645,0.22735042735042735,0.45787545787545786,0.12454212454212454,0.33015873015873015,0.11330891330891331,0.3606837606837607,0.15384615384615385,0.5203907203907204,0.5992673992673992,0.41514041514041516,0.2043956043956044,0.20170940170940171,0.12380952380952381,0.6231990231990232,0.1492063492063492,0.09499389499389499,0.6442002442002442,0.16092796092796094,0.367032967032967,0.409035409035409,0.10744810744810745,0.3201465201465201,0.6249084249084249,0.2087912087912088,0.2932844932844933,0.1851037851037851,0.17045177045177046,0.610989010989011,0.21318681318681318,0.6451770451770452,0.4656898656898657,0.14554334554334555,0.11282051282051282,0.07179487179487179,0.17802197802197803,0.17045177045177046,0.24664224664224665,0.10989010989010989,0.30500610500610503,0.199023199023199,0.2945054945054945,0.6148962148962149,0.5699633699633699,0.25518925518925517,0.1829059829059829,0.400976800976801
0.16923076923076924,0.41562881562881565,0.4918192918192918,0.27643467643467645,0.6852258852258852,0.5672771672771673,0.28034188034188035,0.07155067155067155,0.4231990231990232,0.11575091575091576,0.42686202686202684,0.4666666666666667,0.3435897435897436,0.23687423687423687,0.0945054945054945,0.3811965811965812,0.6065934065934065,0.2967032967032967,0.35311355311355314,0.37655677655677655,0.518925518925519,0.41440781440781443,0.3641025641025641,0.6236874236874237,0.5826617826617827,0.2691086691086691,0.44517704517704515,0.11086691086691086,0.15604395604395604,0.12722832722832722,0.5216117216117216,0.5514041514041514,0.26666666666666666,0.2315018315018315,0.44664224664224667,0.1203907203907204,0.3177045177045177,0.1137973137973138,0.3474969474969475,0.15042735042735042,0.5062271062271062,0.580952380952381,0.40244200244200246,0.19975579975579977,0.19633699633699633,0.12087912087912088,0.6056166056166056,0.14627594627594628,0.09206349206349207,0.6402930402930402,0.18485958485958487,0.3562881562881563,0.39536019536019534,0.10671550671550671,0.3089133089133089,0.6278388278388278,0.20463980463980463,0.2847374847374847,0.17826617826617827,0.1645909645909646,0.5934065934065934,0.20732600732600734,0.6554334554334554,0.46715506715506716,0.17313797313797313,0.11330891330891331,0.07081807081807082,0.17191697191697192,0.1663003663003663,0.2664224664224664,0.10695970695970695,0.326984126984127,0.1934065934065934,0.28815628815628813,0.6388278388278388,0.5565323565323566,0.24566544566544565,0.17875457875457876,0.389010989010989
0.20537240537240536,0.38632478632478634,0.49963369963369964,0.3001221001221001,0.707936507936508,0.5553113553113553,0.26764346764346764,0.07057387057387057,0.41196581196581195,0.11184371184371185,0.45885225885225883,0.5208791208791209,0.3308913308913309,0.22832722832722832,0.09474969474969475,0.3706959706959707,0.6136752136752137,0.3343101343101343,0.34114774114774116,0.3653235653235653,0.5455433455433455,0.40293040293040294,0.38754578754578756,0.6158730158730159,0.5675213675213675,0.25934065934065936,0.4302808302808303,0.10842490842490843,0.14993894993894993,0.12136752136752137,0.5431013431013431,0.5326007326007326,0.2571428571428571,0.23833943833943835,0.4346764346764347,0.11648351648351649,0.30573870573870576,0.1137973137973138,0.33650793650793653,0.1457875457875458,0.49206349206349204,0.5575091575091575,0.38974358974358975,0.19487179487179487,0.19145299145299147,0.11941391941391942,0.5865689865689866,0.14358974358974358,0.08937728937728938,0.6336996336996337,0.21294261294261294,0.3457875457875458,0.3811965811965812,0.10573870573870574,0.2976800976800977,0.6288156288156288,0.20073260073260074,0.27692307692307694,0.1711843711843712,0.1592185592185592,0.5746031746031746,0.20195360195360196,0.6625152625152625,0.46593406593406594,0.2021978021978022,0.1137973137973138,0.0695970695970696,0.16556776556776556,0.16483516483516483,0.28644688644688643,0.10427350427350428,0.34725274725274724,0.18803418803418803,0.2822954822954823,0.6576312576312576,0.5411477411477411,0.23736263736263735,0.17435897435897435,0.378021978021978
0.24395604395604395,0.3665445665445665,0.5045177045177045,0.32551892551892553,0.7296703296703296,0.5431013431013431,0.25518925518925517,0.07032967032967033,0.4014652014652015,0.10842490842490843,0.4891330891330891,0.5721611721611721,0.3177045177045177,0.21978021978021978,0.09548229548229548,0.3592185592185592,0.6190476190476191,0.37142857142857144,0.3291819291819292,0.3550671550671551,0.5694749694749695,0.39194139194139194,0.4122100122100122,0.6051282051282051,0.5516483516483517,0.24957264957264957,0.4175824175824176,0.10622710622710622,0.14407814407814407,0.11575091575091576,0.5614163614163614,0.5142857142857142,0.2485958485958486,0.24835164835164836,0.4227106227106227,0.11233211233211234,0.29426129426129427,0.1137973137973138,0.326007326007326,0.14114774114774115,0.4778998778998779,0.5411477411477411,0.3775335775335775,0.19023199023199022,0.1877899877899878,0.11868131868131868,0.5665445665445665,0.1413919413919414,0.08717948717948718,0.6249084249084249,0.24444444444444444,0.3367521367521368,0.367032967032967,0.1054945054945055,0.28669108669108667,0.6273504273504273,0.19829059829059828,0.26837606837606837,0.1641025641025641,0.15384615384615385,0.5560439560439561,0.19755799755799755,0.6671550671550671,0.463003663003663,0.23736263736263735,0.1137973137973138,0.06862026862026863,0.1597069597069597,0.16605616605616605,0.3098901098901099,0.10158730158730159,0.3658119658119658,0.1829059829059829,0.27643467643467645,0.6722832722832723,0.5257631257631258,0.22832722832722832,0.1702075702075702,0.36800976800976803
0.28376068376068375,0.3516483516483517,0.5064713064713064,0.3509157509157509,0.7494505494505495,0.5306471306471306,0.24346764346764346,0.07155067155067155,0.3907203907203907,0.10525030525030525,0.5167277167277168,0.6195360195360196,0.30500610500610503,0.21294261294261294,0.09572649572649573,0.347008547008547,0.6217338217338217,0.40757020757020757,0.31746031746031744,0.34505494505494505,0.588034188034188,0.38046398046398044,0.43614163614163615,0.5921855921855922,0.5347985347985348,0.24126984126984127,0.4061050061050061,0.10573870573870574,0.13821733821733823,0.11037851037851037,0.5768009768009768,0.4967032967032967,0.24175824175824176,0.26324786324786326,0.4105006105006105,0.10818070818070818,0.28253968253968254,0.11404151404151404,0.315018315018315,0.1365079365079365,0.463980463980464,0.5235653235653236,0.36507936507936506,0.18485958485958487,0.18534798534798536,0.11721611721611722,0.5462759462759462,0.14065934065934066,0.08473748473748474,0.6136752136752137,0.27814407814407816,0.3282051282051282,0.3528693528693529,0.10671550671550671,0.27594627594627597,0.6236874236874237,0.19584859584859585,0.25982905982905985,0.1575091575091575,0.14896214896214896,0.5374847374847375,0.1943833943833944,0.6688644688644688,0.45836385836385835,0.27594627594627597,0.11404151404151404,0.0673992673992674,0.15531135531135531,0.1702075702075702,0.33455433455433453,0.0989010989010989,0.3824175824175824,0.17777777777777778,0.27057387057387056,0.663003663003663,0.5103785103785103,0.2188034188034188,0.1663003663003663,0.35873015873015873
0.3235653235653236,0.3409035409035409,0.5062271062271062,0.37533577533577533,0.7670329670329671,0.5186813186813187,0.23174603174603176,0.07521367521367521,0.38168498168498166,0.10329670329670329,0.5421245421245421,0.6632478632478632,0.29255189255189257,0.20732600732600734,0.09694749694749695,0.3343101343101343,0.621978021978022,0.44126984126984126,0.30573870573870576,0.3355311355311355,0.6026862026862027,0.36923076923076925,0.4586080586080586,0.577045177045177,0.5177045177045178,0.23394383394383395,0.39365079365079364,0.1076923076923077,0.13284493284493284,0.10573870573870574,0.5892551892551893,0.4805860805860806,0.2358974358974359,0.2822954822954823,0.39829059829059826,0.10427350427350428,0.2717948717948718,0.11477411477411477,0.3035409035409035,0.13137973137973138,0.4503052503052503,0.5015873015873016,0.35262515262515265,0.18046398046398046,0.1824175824175824,0.11526251526251527,0.526984126984127,0.14212454212454212,0.08278388278388278,0.6,0.30842490842490844,0.31868131868131866,0.3387057387057387,0.10989010989010989,0.26495726495726496,0.6180708180708181,0.19267399267399268,0.2512820512820513,0.1509157509157509,0.14407814407814407,0.5194139194139195,0.19291819291819293,0.6671550671550671,0.45152625152625153,0.315018315018315,0.11428571428571428,0.06617826617826618,0.15189255189255188,0.1772893772893773,0.3592185592185592,0.09743589743589744,0.3968253968253968,0.17338217338217338,0.2647130647130647,0.6402930402930402,0.49352869352869355,0.21001221001221002,0.16263736263736264,0.35067155067155065
0.35775335775335776,0.3316239316239316,0.5032967032967033,0.398046398046398,0.7814407814407814,0.5067155067155067,0.221001221001221,0.08205128205128205,0.3728937728937729,0.10402930402930403,0.5650793650793651,0.7032967032967034,0.28034188034188035,0.20073260073260074,0.10012210012210013,0.32161172161172163,0.6192918192918193,0.4725274725274725,0.29426129426129427,0.32625152625152626,0.6180708180708181,0.3584859584859585,0.47863247863247865,0.5609279609279609,0.5020757020757021,0.22564102564102564,0.38095238095238093,0.11404151404151404,0.12796092796092795,0.10134310134310134,0.5985347985347985,0.4666666666666667,0.22905982905982905,0.30500610500610503,0.3865689865689866,0.1010989010989011,0.26105006105006107,0.11746031746031746,0.2923076923076923,0.12673992673992673,0.4368742368742369,0.48205128205128206,0.3401709401709402,0.17655677655677657,0.17924297924297924,0.11721611721611722,0.5081807081807082,0.14652014652014653,0.08083028083028083,0.5853479853479854,0.33601953601953605,0.3089133089133089,0.3247863247863248,0.11697191697191697,0.25396825396825395,0.6107448107448108,0.18925518925518925,0.24273504273504273,0.14481074481074482,0.13943833943833944,0.5025641025641026,0.19462759462759463,0.6627594627594627,0.44297924297924296,0.35311355311355314,0.11452991452991453,0.0652014652014652,0.14725274725274726,0.1873015873015873,0.3824175824175824,0.09768009768009768,0.40927960927960927,0.16923076923076924,0.25982905982905985,0.6295482295482295,0.47619047619047616,0.20146520146520147,0.15946275946275945,0.34285714285714286
0.38754578754578756,0.32283272283272285,0.4967032967032967,0.4188034188034188,0.7929181929181929,0.494993894993895,0.21025641025641026,0.0927960927960928,0.3636141636141636,0.10818070818070818,0.5853479853479854,0.7391941391941392,0.2698412698412698,0.1943833943833944,0.10695970695970695,0.30915750915750917,0.6136752136752137,0.5010989010989011,0.28253968253968254,0.3181929181929182,0.6327228327228327,0.3487179487179487,0.49645909645909647,0.5452991452991452,0.48766788766788766,0.2170940170940171,0.36800976800976803,0.12551892551892552,0.12307692307692308,0.09694749694749695,0.6041514041514041,0.45396825396825397,0.22246642246642245,0.33015873015873015,0.37533577533577533,0.09865689865689865,0.2512820512820513,0.12234432234432234,0.28156288156288156,0.12234432234432234,0.4231990231990232,0.4644688644688645,0.3291819291819292,0.17191697191697192,0.17606837606837608,0.12161172161172161,0.4908424908424908,0.15531135531135531,0.07912087912087912,0.5706959706959707,0.3658119658119658,0.29914529914529914,0.3115995115995116,0.1291819291819292,0.24493284493284492,0.6012210012210012,0.18656898656898657,0.23443223443223443,0.1391941391941392,0.13504273504273503,0.4866910866910867,0.199023199023199,0.6561660561660562,0.432967032967033,0.389010989010989,0.11477411477411477,0.06471306471306472,0.14285714285714285,0.2004884004884005,0.4043956043956044,0.10158730158730159,0.4197802197802198,0.16532356532356532,0.25567765567765566,0.6231990231990232,0.45885225885225883,0.19316239316239317,0.15653235653235653,0.3355311355311355
0.4188034188034188,0.31404151404151404,0.4869352869352869,0.43736263736263736,0.8014652014652015,0.4832722832722833,0.20195360195360196,0.10866910866910867,0.3536019536019536,0.11672771672771673,0.6034188034188034,0.7667887667887668,0.26105006105006107,0.1877899877899878,0.11941391941391942,0.2971916971916972,0.6175824175824176,0.526984126984127,0.27326007326007323,0.31062271062271063,0.6456654456654457,0.3396825396825397,0.5115995115995116,0.5301587301587302,0.47277167277167276,0.20854700854700856,0.35482295482295484,0.14334554334554334,0.11868131868131868,0.0927960927960928,0.6065934065934065,0.4405372405372405,0.2153846153846154,0.35653235653235654,0.36434676434676433,0.09841269841269841,0.24175824175824176,0.13064713064713065,0.27106227106227104,0.11819291819291819,0.4095238095238095,0.44981684981684983,0.31916971916971915,0.16654456654456654,0.17264957264957265,0.12356532356532357,0.4742368742368742,0.16947496947496948,0.07765567765567766,0.5560439560439561,0.39536019536019534,0.2893772893772894,0.2989010989010989,0.14407814407814407,0.23663003663003662,0.5897435897435898,0.18583638583638584,0.22686202686202686,0.13382173382173382,0.13113553113553114,0.473015873015873,0.20732600732600734,0.6471306471306472,0.42173382173382173,0.4214896214896215,0.11526251526251527,0.06373626373626373,0.1387057387057387,0.21587301587301588,0.42417582417582417,0.11037851037851037,0.4283272283272283,0.16312576312576313,0.25103785103785103,0.6175824175824176,0.4424908424908425,0.18534798534798536,0.15384615384615385,0.32844932844932845
0.44884004884004886,0.30500610500610503,0.47448107448107446,0.45323565323565324,0.8068376068376069,0.47155067155067154,0.19487179487179487,0.1308913308913309,0.3435897435897436,0.1308913308913309,0.6188034188034188,0.7887667887667887,0.25103785103785103,0.18168498168498168,0.13846153846153847,0.2857142857142857,0.6244200244200244,0.5496947496947497,0.2647130647130647,0.3023199023199023,0.6564102564102564,0.3308913308913309,0.5235653235653236,0.5137973137973137,0.45836385836385835,0.20024420024420025,0.34163614163614164,0.16800976800976802,0.11428571428571428,0.09035409035409035,0.6075702075702075,0.4275946275946276,0.20854700854700856,0.38266178266178263,0.35384615384615387,0.10158730158730159,0.23443223443223443,0.14383394383394382,0.26105006105006107,0.11452991452991453,0.39584859584859583,0.4371184371184371,0.30793650793650795,0.16092796092796094,0.16971916971916973,0.12405372405372406,0.45836385836385835,0.189010989010989,0.07716727716727717,0.5404151404151404,0.4231990231990232,0.2800976800976801,0.2869352869352869,0.16385836385836386,0.2271062271062271,0.576068376068376,0.1873015873015873,0.21953601953601953,0.1291819291819292,0.12722832722832722,0.4612942612942613,0.22124542124542124,0.6351648351648351,0.4095238095238095,0.44981684981684983,0.11526251526251527,0.06324786324786325,0.1347985347985348,0.23272283272283273,0.4415140415140415,0.12551892551892552,0.43345543345543347,0.16166056166056167,0.2459096459096459,0.6107448107448108,0.4271062271062271,0.17802197802197803,0.15189255189255188,0.3225885225885226
0.4771672771672772,0.2962148962148962,0.46007326007326005,0.4669108669108669,0.8085470085470086,0.46007326007326005,0.18705738705738706,0.1592185592185592,0.33308913308913307,0.1509157509157509,0.629059829059829,0.811965811965812,0.2407814407814408,0.17533577533577532,0.16507936507936508,0.273992673992674,0.6190476190476191,0.5667887667887668,0.25518925518925517,0.2937728937728938,0.6654456654456654,0.3225885225885226,0.5328449328449328,0.4976800976800977,0.4444444444444444,0.19194139194139195,0.32893772893772893,0.199023199023199,0.11037851037851037,0.08864468864468865,0.6061050061050061,0.4146520146520147,0.20195360195360196,0.40854700854700854,0.34383394383394383,0.10989010989010989,0.22832722832722832,0.16336996336996337,0.2515262515262515,0.11233211233211234,0.3819291819291819,0.4236874236874237,0.2962148962148962,0.15531135531135531,0.16654456654456654,0.12380952380952381,0.4427350427350427,0.21416361416361415,0.07741147741147741,0.5245421245421246,0.44835164835164837,0.27057387057387056,0.27765567765567767,0.1916971916971917,0.2170940170940171,0.5611721611721612,0.1921855921855922,0.21245421245421245,0.1242979242979243,0.12454212454212454,0.44884004884004886,0.24126984126984127,0.621001221001221,0.3973137973137973,0.4742368742368742,0.11526251526251527,0.06398046398046398,0.13064713064713065,0.24957264957264957,0.45665445665445664,0.147985347985348,0.4368742368742369,0.15897435897435896,0.24126984126984127,0.6017094017094017,0.4129426129426129,0.17094017094017094,0.14993894993894993,0.3172161172161172
0.5032967032967033,0.28766788766788765,0.4444444444444444,0.4776556776556777,0.8068376068376069,0.44981684981684983,0.17875457875457876,0.19316239316239317,0.3230769230769231,0.17313797313797313,0.6356532356532356,0.833943833943834,0.23028083028083027,0.16947496947496948,0.19926739926739928,0.26324786324786326,0.6083028083028083,0.5802197802197803,0.2454212454212454,0.2852258852258852,0.6717948717948717,0.3145299145299145,0.5387057387057387,0.48205128205128206,0.4312576312576313,0.18437118437118438,0.3162393162393162,0.23516483516483516,0.10866910866910867,0.08571428571428572,0.6017094017094017,0.4017094017094017,0.19584859584859585,0.4324786324786325,0.33455433455433453,0.12234432234432234,0.22148962148962148,0.19023199023199022,0.2424908424908425,0.11184371184371185,0.36971916971916974,0.41074481074481073,0.284004884004884,0.1496947496947497,0.16336996336996337,0.12307692307692308,0.42735042735042733,0.23931623931623933,0.07741147741147741,0.5089133089133089,0.4708180708180708,0.2617826617826618,0.27057387057387056,0.22661782661782662,0.2070818070818071,0.5452991452991452,0.20146520146520147,0.2056166056166056,0.1199023199023199,0.12258852258852258,0.4363858363858364,0.2673992673992674,0.6046398046398046,0.3851037851037851,0.4945054945054945,0.11575091575091576,0.06617826617826618,0.12673992673992673,0.26544566544566545,0.46935286935286935,0.17338217338217338,0.43956043956043955,0.15604395604395604,0.23687423687423687,0.58998778998779,0.4,0.1645909645909646,0.1492063492063492,0.31135531135531136
0.5264957264957265,0.27936507936507937,0.4288156288156288,0.48547008547008547,0.8012210012210013,0.4402930402930403,0.1706959706959707,0.23125763125763127,0.31306471306471306,0.19829059829059828,0.6407814407814408,0.8542124542124542,0.22026862026862026,0.16385836385836386,0.24004884004884006,0.2525030525030525,0.5951159951159951,0.5936507936507937,0.23565323565323565,0.27692307692307694,0.675946275946276,0.306959706959707,0.5416361416361416,0.4669108669108669,0.41855921855921857,0.1772893772893773,0.3035409035409035,0.2695970695970696,0.10866910866910867,0.0822954822954823,0.5941391941391941,0.3887667887667888,0.1894993894993895,0.4547008547008547,0.3277167277167277,0.14017094017094017,0.21465201465201464,0.22393162393162394,0.23394383394383395,0.11477411477411477,0.3584859584859585,0.3978021978021978,0.272039072039072,0.14407814407814407,0.15995115995115994,0.12234432234432234,0.4122100122100122,0.26544566544566545,0.07667887667887668,0.49352869352869355,0.4905982905982906,0.252991452991453,0.26422466422466423,0.2673992673992674,0.19658119658119658,0.5284493284493285,0.21587301587301588,0.199023199023199,0.11721611721611722,0.1199023199023199,0.4244200244200244,0.2989010989010989,0.5865689865689866,0.3733821733821734,0.5103785103785103,0.11746031746031746,0.06910866910866911,0.12307692307692308,0.2800976800976801,0.47985347985347987,0.20317460317460317,0.4405372405372405,0.15286935286935288,0.23247863247863249,0.576068376068376,0.3877899877899878,0.15848595848595848,0.1492063492063492,0.3047619047619048
0.5470085470085471,0.2708180708180708,0.41367521367521365,0.49035409035409033,0.7921855921855921,0.43003663003663006,0.16263736263736264,0.27228327228327226,0.30305250305250303,0.22979242979242978,0.6437118437118438,0.8715506715506716,0.21123321123321123,0.15848595848595848,0.2862026862026862,0.24395604395604395,0.5787545787545788,0.6053724053724053,0.22661782661782662,0.26886446886446885,0.6771672771672772,0.29914529914529914,0.5411477411477411,0.45274725274725275,0.40634920634920635,0.17045177045177046,0.2910866910866911,0.3035409035409035,0.11013431013431013,0.07912087912087912,0.5838827838827839,0.3755799755799756,0.18363858363858365,0.4752136752136752,0.3230769230769231,0.16654456654456654,0.20757020757020758,0.26324786324786326,0.2258852258852259,0.1203907203907204,0.346031746031746,0.3851037851037851,0.25982905982905985,0.13846153846153847,0.1575091575091575,0.12136752136752137,0.3987789987789988,0.2971916971916972,0.07594627594627594,0.47912087912087914,0.5074481074481074,0.24493284493284492,0.25982905982905985,0.3115995115995116,0.18656898656898657,0.5111111111111111,0.23565323565323565,0.1943833943833944,0.11526251526251527,0.11697191697191697,0.4122100122100122,0.3347985347985348,0.5675213675213675,0.36166056166056165,0.5206349206349207,0.12136752136752137,0.07472527472527472,0.1199023199023199,0.2923076923076923,0.48815628815628814,0.24151404151404152,0.44004884004884004,0.14993894993894993,0.22808302808302808,0.5604395604395604,0.3763125763125763,0.15286935286935288,0.14822954822954823,0.29816849816849816
0.5643467643467643,0.2622710622710623,0.3992673992673993,0.4913308913308913,0.77997557997558,0.4192918192918193,0.15531135531135531,0.3145299145299145,0.29352869352869354,0.2656898656898657,0.6437118437118438,0.8857142857142857,0.2026862026862027,0.15384615384615385,0.3355311355311355,0.23663003663003662,0.5611721611721612,0.6148962148962149,0.2175824175824176,0.2605616605616606,0.6754578754578755,0.2915750915750916,0.5374847374847375,0.43907203907203907,0.3946275946275946,0.1641025641025641,0.27912087912087913,0.3418803418803419,0.11477411477411477,0.0757020757020757,0.5709401709401709,0.3626373626373626,0.17777777777777778,0.4932844932844933,0.3201465201465201,0.20073260073260074,0.20122100122100123,0.3072039072039072,0.21978021978021978,0.12991452991452992,0.3333333333333333,0.37264957264957266,0.24835164835164836,0.1330891330891331,0.15482295482295483,0.12185592185592185,0.38632478632478634,0.3311355311355311,0.07496947496947497,0.4652014652014652,0.5213675213675214,0.23687423687423687,0.2590964590964591,0.35775335775335776,0.1768009768009768,0.49474969474969477,0.2600732600732601,0.19023199023199022,0.11184371184371185,0.11404151404151404,0.39023199023199023,0.37362637362637363,0.5482295482295483,0.35067155067155065,0.5272283272283272,0.12844932844932844,0.08498168498168499,0.11697191697191697,0.3018315018315018,0.4932844932844933,0.2862026862026862,0.4376068376068376,0.147008547008547,0.22393162393162394,0.5435897435897435,0.36507936507936506,0.14896214896214896,0.14676434676434677,0.2915750915750916
0.5785103785103786,0.2542124542124542,0.3860805860805861,0.48937728937728936,0.7648351648351648,0.4065934065934066,0.14847374847374847,0.3567765567765568,0.2844932844932845,0.30427350427350425,0.6402930402930402,0.896947496947497,0.1943833943833944,0.1492063492063492,0.37948717948717947,0.22808302808302808,0.5433455433455433,0.6217338217338217,0.20927960927960929,0.25225885225885225,0.6708180708180708,0.28498168498168497,0.5313797313797314,0.4261294261294261,0.38266178266178263,0.15824175824175823,0.26935286935286934,0.3819291819291819,0.1242979242979243,0.07228327228327229,0.5557997557997558,0.3496947496947497,0.17191697191697192,0.5067155067155067,0.3201465201465201,0.24224664224664225,0.19462759462759463,0.3536019536019536,0.2144078144078144,0.14481074481074482,0.32063492063492066,0.3601953601953602,0.2371184371184371,0.1282051282051282,0.15213675213675212,0.12380952380952381,0.3728937728937729,0.3658119658119658,0.07423687423687424,0.45225885225885226,0.5326007326007326,0.22905982905982905,0.26202686202686204,0.40341880341880343,0.1675213675213675,0.47863247863247865,0.2847374847374847,0.18583638583638584,0.10842490842490843,0.1115995115995116,0.36336996336996336,0.4134310134310134,0.5286935286935287,0.34114774114774116,0.5316239316239316,0.13992673992673993,0.10207570207570207,0.11404151404151404,0.30842490842490844,0.4954822954822955,0.3343101343101343,0.43345543345543347,0.14407814407814407,0.22002442002442002,0.5262515262515263,0.35555555555555557,0.14554334554334555,0.1452991452991453,0.2844932844932845
0.5892551892551893,0.24664224664224665,0.37533577533577533,0.48473748473748474,0.7474969474969475,0.3951159951159951,0.14188034188034188,0.39829059829059826,0.2754578754578755,0.3435897435897436,0.6334554334554334,0.9045177045177045,0.18656898656898657,0.14554334554334555,0.42002442002442003,0.21953601953601953,0.526007326007326,0.6251526251526252,0.20146520146520147,0.2442002442002442,0.6632478632478632,0.27912087912087913,0.5221001221001221,0.4134310134310134,0.3711843711843712,0.15286935286935288,0.2605616605616606,0.42075702075702076,0.13992673992673993,0.06910866910866911,0.5387057387057387,0.3343101343101343,0.16654456654456654,0.5174603174603175,0.32405372405372407,0.2886446886446886,0.18852258852258852,0.400976800976801,0.2087912087912088,0.16507936507936508,0.30842490842490844,0.35115995115995113,0.22612942612942613,0.12356532356532357,0.1509157509157509,0.12722832722832722,0.3597069597069597,0.4,0.0735042735042735,0.4398046398046398,0.5406593406593406,0.22295482295482297,0.26935286935286934,0.4473748473748474,0.15824175824175823,0.463980463980464,0.31013431013431014,0.18144078144078143,0.10476190476190476,0.11013431013431013,0.3440781440781441,0.452991452991453,0.5094017094017094,0.33235653235653234,0.5333333333333333,0.15775335775335775,0.12747252747252746,0.1111111111111111,0.31184371184371185,0.4967032967032967,0.38363858363858366,0.4275946275946276,0.14114774114774115,0.21636141636141637,0.5086691086691086,0.347008547008547,0.1413919413919414,0.14383394383394382,0.27692307692307694
0.5963369963369963,0.2407814407814408,0.3665445665445665,0.4771672771672772,0.7282051282051282,0.3873015873015873,0.13528693528693528,0.43833943833943834,0.2681318681318681,0.3824175824175824,0.6234432234432234,0.9086691086691087,0.1794871794871795,0.14285714285714285,0.46422466422466424,0.21123321123321123,0.5091575091575091,0.6258852258852259,0.19413919413919414,0.23663003663003662,0.653968253968254,0.27228327228327226,0.5106227106227106,0.400976800976801,0.35995115995115995,0.1492063492063492,0.2507936507936508,0.45787545787545786,0.16214896214896216,0.06666666666666667,0.5203907203907204,0.31746031746031744,0.16263736263736264,0.5284493284493285,0.33137973137973137,0.3374847374847375,0.1824175824175824,0.4481074481074481,0.2026862026862027,0.19047619047619047,0.29645909645909646,0.3401709401709402,0.21562881562881564,0.1203907203907204,0.14993894993894993,0.1347985347985348,0.346031746031746,0.4324786324786325,0.07301587301587302,0.4275946275946276,0.5455433455433455,0.2175824175824176,0.28156288156288156,0.48815628815628814,0.1496947496947497,0.45006105006105007,0.33992673992673994,0.1768009768009768,0.1010989010989011,0.10989010989010989,0.32893772893772893,0.4908424908424908,0.49108669108669106,0.32332112332112334,0.5318681318681319,0.1824175824175824,0.1619047619047619,0.10964590964590964,0.3125763125763126,0.49645909645909647,0.43174603174603177,0.42002442002442003,0.1391941391941392,0.21294261294261294,0.4927960927960928,0.337973137973138,0.136996336996337,0.14236874236874236,0.2695970695970696
0.5997557997557997,0.2354090354090354,0.3553113553113553,0.46715506715506716,0.707936507936508,0.37826617826617825,0.1291819291819292,0.47619047619047616,0.2617826617826618,0.42002442002442003,0.6105006105006106,0.9091575091575091,0.17264957264957265,0.13968253968253969,0.5081807081807082,0.20317460317460317,0.49352869352869355,0.6231990231990232,0.1873015873015873,0.22905982905982905,0.642002442002442,0.2652014652014652,0.4967032967032967,0.389010989010989,0.3499389499389499,0.1457875457875458,0.2407814407814408,0.4918192918192918,0.1907203907203907,0.06593406593406594,0.5008547008547009,0.30427350427350425,0.1597069597069597,0.5382173382173382,0.3426129426129426,0.3873015873015873,0.17655677655677657,0.49352869352869355,0.19633699633699633,0.22002442002442002,0.28498168498168497,0.32551892551892553,0.20537240537240536,0.11843711843711843,0.147985347985348,0.14774114774114774,0.33284493284493283,0.4627594627594628,0.07252747252747253,0.4158730158730159,0.5472527472527473,0.21172161172161172,0.2976800976800977,0.525030525030525,0.14114774114774115,0.4385836385836386,0.37142857142857144,0.1724053724053724,0.09743589743589744,0.11184371184371185,0.31575091575091574,0.5257631257631258,0.47496947496947495,0.31477411477411477,0.5274725274725275,0.21465201465201464,0.2043956043956044,0.10891330891330891,0.31013431013431014,0.4945054945054945,0.4771672771672772,0.41098901098901097,0.1391941391941392,0.2105006105006105,0.4783882783882784,0.32844932844932845,0.13235653235653236,0.14114774114774115,0.26202686202686204
0.5995115995115995,0.22954822954822954,0.3440781440781441,0.4542124542124542,0.6871794871794872,0.3694749694749695,0.12307692307692308,0.5067155067155067,0.25445665445665444,0.4554334554334554,0.5951159951159951,0.9054945054945055,0.1675213675213675,0.13626373626373625,0.5504273504273505,0.1956043956043956,0.47863247863247865,0.6175824175824176,0.18095238095238095,0.22295482295482297,0.6280830280830281,0.25811965811965815,0.4810744810744811,0.3768009768009768,0.3409035409035409,0.14188034188034188,0.23101343101343103,0.5223443223443224,0.22466422466422467,0.06764346764346764,0.48131868131868133,0.29255189255189257,0.1562881562881563,0.5462759462759462,0.35653235653235654,0.43565323565323566,0.17094017094017094,0.536996336996337,0.19047619047619047,0.2525030525030525,0.273992673992674,0.3120879120879121,0.1973137973137973,0.11550671550671551,0.14554334554334555,0.16727716727716727,0.31965811965811963,0.4905982905982906,0.07374847374847375,0.40512820512820513,0.5474969474969476,0.20586080586080585,0.31648351648351647,0.557997557997558,0.1347985347985348,0.42857142857142855,0.4031746031746032,0.16800976800976802,0.09401709401709402,0.11721611721611722,0.3035409035409035,0.5533577533577534,0.46007326007326005,0.30622710622710625,0.5201465201465202,0.252991452991453,0.25347985347985347,0.10744810744810745,0.30500610500610503,0.4905982905982906,0.518925518925519,0.40073260073260075,0.14236874236874236,0.20854700854700856,0.463980463980464,0.31868131868131866,0.12747252747252746,0.1413919413919414,0.2542124542124542
0.5963369963369963,0.2231990231990232,0.3355311355311355,0.4385836385836386,0.6666666666666666,0.3601953601953602,0.11892551892551892,0.5328449328449328,0.24737484737484738,0.4879120879120879,0.5777777777777777,0.897924297924298,0.16312576312576313,0.1326007326007326,0.5904761904761905,0.18803418803418803,0.46495726495726497,0.6083028083028083,0.17509157509157508,0.21782661782661783,0.6124542124542125,0.25103785103785103,0.46422466422466424,0.3663003663003663,0.3304029304029304,0.13724053724053725,0.22148962148962148,0.5501831501831502,0.26324786324786326,0.07423687423687424,0.46422466422466424,0.28034188034188035,0.15213675213675212,0.5526251526251527,0.3724053724053724,0.4818070818070818,0.16532356532356532,0.5721611721611721,0.18461538461538463,0.28644688644688643,0.2634920634920635,0.3028083028083028,0.19047619047619047,0.11233211233211234,0.14285714285714285,0.19413919413919414,0.3064713064713065,0.5162393162393163,0.07716727716727717,0.39536019536019534,0.5457875457875457,0.2,0.33724053724053726,0.5863247863247864,0.12942612942612944,0.4183150183150183,0.43345543345543347,0.16385836385836386,0.0905982905982906,0.12576312576312576,0.29181929181929184,0.5758241758241758,0.44517704517704515,0.2979242979242979,0.5101343101343101,0.2962148962148962,0.306959706959707,0.1054945054945055,0.2971916971916972,0.48473748473748474,0.5560439560439561,0.38974358974358975,0.14896214896214896,0.2061050061050061,0.44981684981684983,0.3086691086691087,0.12307692307692308,0.14407814407814407,0.2468864468864469
0.5907203907203907,0.2170940170940171,0.3282051282051282,0.4214896214896215,0.6463980463980464,0.35115995115995113,0.115995115995116,0.5601953601953602,0.2402930402930403,0.5177045177045178,0.5587301587301587,0.8866910866910866,0.15775335775335775,0.12942612942612944,0.6271062271062271,0.18095238095238095,0.45152625152625153,0.5963369963369963,0.17094017094017094,0.21245421245421245,0.5953601953601954,0.2442002442002442,0.44713064713064715,0.35653235653235654,0.3199023199023199,0.1326007326007326,0.21196581196581196,0.575091575091575,0.30378510378510376,0.08693528693528693,0.44884004884004886,0.26764346764346764,0.14822954822954823,0.5567765567765568,0.3894993894993895,0.525030525030525,0.16117216117216118,0.6021978021978022,0.17924297924297924,0.3203907203907204,0.252991452991453,0.29426129426129427,0.1829059829059829,0.10866910866910867,0.14065934065934066,0.2275946275946276,0.29426129426129427,0.5391941391941392,0.08376068376068375,0.38461538461538464,0.5413919413919414,0.19462759462759463,0.3584859584859585,0.6073260073260073,0.12283272283272283,0.40805860805860805,0.46153846153846156,0.15995115995115994,0.08742368742368742,0.1387057387057387,0.2822954822954823,0.5982905982905983,0.43003663003663006,0.29010989010989013,0.49694749694749696,0.3418803418803419,0.3623931623931624,0.10329670329670329,0.28669108669108667,0.47692307692307695,0.589010989010989,0.3785103785103785,0.1597069597069597,0.20317460317460317,0.43614163614163615,0.29865689865689865,0.11843711843711843,0.14993894993894993,0.23956043956043957
0.5826617826617827,0.21123321123321123,0.3213675213675214,0.4031746031746032,0.6273504273504273,0.3418803418803419,0.11184371184371185,0.5868131868131868,0.23321123321123322,0.5448107448107448,0.5411477411477411,0.872039072039072,0.15213675213675212,0.126007326007326,0.6605616605616605,0.1746031746031746,0.4385836385836386,0.5826617826617827,0.1675213675213675,0.20683760683760682,0.5777777777777777,0.23736263736263735,0.43003663003663006,0.34554334554334554,0.30915750915750917,0.12796092796092795,0.20317460317460317,0.5968253968253968,0.3452991452991453,0.10329670329670329,0.432967032967033,0.25518925518925517,0.14407814407814407,0.5584859584859585,0.40634920634920635,0.5653235653235653,0.157997557997558,0.6341880341880342,0.17387057387057386,0.3536019536019536,0.24297924297924298,0.28327228327228327,0.17484737484737484,0.1054945054945055,0.13821733821733823,0.2673992673992674,0.28205128205128205,0.5597069597069597,0.09352869352869353,0.3728937728937729,0.5343101343101343,0.1894993894993895,0.37924297924297923,0.6234432234432234,0.115995115995116,0.39829059829059826,0.4869352869352869,0.15604395604395604,0.08473748473748474,0.15604395604395604,0.2737484737484738,0.6190476190476191,0.41514041514041516,0.2822954822954823,0.4822954822954823,0.3882783882783883,0.4175824175824176,0.10134310134310134,0.27472527472527475,0.46715506715506716,0.6173382173382174,0.3682539682539683,0.17753357753357754,0.20024420024420025,0.42344322344322344,0.29010989010989013,0.1137973137973138,0.16043956043956045,0.23394383394383395
0.5724053724053724,0.20537240537240536,0.31477411477411477,0.3838827838827839,0.6083028083028083,0.3343101343101343,0.1076923076923077,0.611965811965812,0.22612942612942613,0.5692307692307692,0.5242979242979243,0.8544566544566544,0.14652014652014653,0.12283272283272283,0.6910866910866911,0.16825396825396827,0.42588522588522587,0.568009768009768,0.16336996336996337,0.20122100122100123,0.5594627594627595,0.23101343101343103,0.41367521367521365,0.3343101343101343,0.29865689865689865,0.12307692307692308,0.19462759462759463,0.6158730158730159,0.3807081807081807,0.12454212454212454,0.41733821733821735,0.24297924297924298,0.13992673992673993,0.5582417582417583,0.42173382173382173,0.5975579975579975,0.1536019536019536,0.6654456654456654,0.168986568986569,0.38461538461538464,0.2354090354090354,0.2725274725274725,0.16727716727716727,0.10207570207570207,0.13577533577533576,0.3108669108669109,0.2703296703296703,0.575091575091575,0.1072039072039072,0.36117216117216117,0.5245421245421246,0.18461538461538463,0.3960927960927961,0.6393162393162393,0.10915750915750916,0.389010989010989,0.5096459096459096,0.15213675213675212,0.08327228327228327,0.17387057387057386,0.26422466422466423,0.6366300366300366,0.40073260073260075,0.274969474969475,0.46593406593406594,0.4332112332112332,0.463980463980464,0.09987789987789988,0.2612942612942613,0.4559218559218559,0.6383394383394383,0.35873015873015873,0.2021978021978022,0.19755799755799755,0.41147741147741146,0.28253968253968254,0.10915750915750916,0.17362637362637362,0.22905982905982905
0.5601953601953602,0.19975579975579977,0.30842490842490844,0.3648351648351648,0.5904761904761905,0.3274725274725275,0.10402930402930403,0.6344322344322344,0.21953601953601953,0.5873015873015873,0.505982905982906,0.833943833943834,0.1409035409035409,0.1199023199023199,0.7189255189255189,0.16263736263736264,0.4146520146520147,0.5511599511599512,0.1592185592185592,0.19584859584859585,0.5413919413919414,0.22466422466422467,0.398046398046398,0.32283272283272285,0.28815628815628813,0.11819291819291819,0.18705738705738706,0.631990231990232,0.4122100122100122,0.15482295482295483,0.40244200244200246,0.2315018315018315,0.13626373626373625,0.5553113553113553,0.4354090354090354,0.6246642246642247,0.1492063492063492,0.694993894993895,0.1641025641025641,0.4134310134310134,0.22857142857142856,0.26202686202686204,0.1597069597069597,0.09914529914529914,0.13357753357753357,0.3567765567765568,0.26544566544566545,0.5868131868131868,0.12722832722832722,0.34945054945054943,0.512087912087912,0.17997557997557997,0.40927960927960927,0.6534798534798535,0.1028083028083028,0.37948717948717947,0.5301587301587302,0.14847374847374847,0.0844932844932845,0.1934065934065934,0.25445665445665444,0.6515262515262515,0.38632478632478634,0.26764346764346764,0.4485958485958486,0.46984126984126984,0.5037851037851038,0.09865689865689865,0.24786324786324787,0.44346764346764345,0.6542124542124542,0.3492063492063492,0.23443223443223443,0.19487179487179487,0.3992673992673993,0.2737484737484738,0.1054945054945055,0.19047619047619047,0.22344322344322345
0.5472527472527473,0.19413919413919414,0.30207570207570206,0.3457875457875458,0.5738705738705738,0.31965811965811963,0.10134310134310134,0.653968253968254,0.21294261294261294,0.6017094017094017,0.48766788766788766,0.8114774114774115,0.13577533577533576,0.11721611721611722,0.7435897435897436,0.15775335775335775,0.4043956043956044,0.5330891330891331,0.15506715506715507,0.19047619047619047,0.5238095238095238,0.21855921855921856,0.38363858363858366,0.3108669108669109,0.2778998778998779,0.11306471306471307,0.18021978021978022,0.6434676434676435,0.4456654456654457,0.1921855921855922,0.3887667887667888,0.2205128205128205,0.13235653235653236,0.54993894993895,0.4456654456654457,0.652991452991453,0.14505494505494507,0.7223443223443223,0.1597069597069597,0.43614163614163615,0.22124542124542124,0.2515262515262515,0.15286935286935288,0.09645909645909646,0.13137973137973138,0.40293040293040294,0.2661782661782662,0.5985347985347985,0.1641025641025641,0.3374847374847375,0.49792429792429793,0.17533577533577532,0.42173382173382173,0.6656898656898657,0.09621489621489622,0.36996336996337,0.5477411477411478,0.14505494505494507,0.0884004884004884,0.2170940170940171,0.24444444444444444,0.663003663003663,0.3724053724053724,0.2600732600732601,0.43052503052503055,0.5006105006105006,0.5452991452991452,0.09743589743589744,0.2341880341880342,0.4302808302808303,0.67008547008547,0.3396825396825397,0.27277167277167275,0.19267399267399268,0.38754578754578756,0.263980463980464,0.10183150183150183,0.21416361416361415,0.21733821733821734
0.5340659340659341,0.18876678876678876,0.295970695970696,0.3299145299145299,0.5584859584859585,0.3115995115995116,0.1010989010989011,0.6703296703296703,0.20683760683760682,0.6153846153846154,0.46984126984126984,0.7873015873015873,0.1308913308913309,0.11452991452991453,0.7655677655677655,0.15384615384615385,0.39267399267399267,0.48986568986568985,0.1514041514041514,0.18534798534798536,0.5074481074481074,0.21245421245421245,0.37191697191697193,0.29914529914529914,0.2681318681318681,0.10866910866910867,0.17387057387057386,0.6512820512820513,0.47814407814407817,0.2354090354090354,0.3755799755799756,0.21025641025641026,0.12869352869352868,0.5418803418803418,0.452991452991453,0.6803418803418804,0.14236874236874236,0.7477411477411477,0.1562881562881563,0.4547008547008547,0.2139194139194139,0.24151404151404152,0.14652014652014653,0.09426129426129426,0.12942612942612944,0.44761904761904764,0.26324786324786326,0.6092796092796092,0.20195360195360196,0.326007326007326,0.48253968253968255,0.17094017094017094,0.43174603174603177,0.6754578754578755,0.09010989010989011,0.3606837606837607,0.5631257631257631,0.14285714285714285,0.09548229548229548,0.24297924297924298,0.23467643467643468,0.671062271062271,0.3584859584859585,0.25274725274725274,0.4148962148962149,0.5316239316239316,0.5848595848595849,0.09645909645909646,0.22124542124542124,0.4183150183150183,0.6842490842490843,0.3304029304029304,0.3155067155067155,0.19047619047619047,0.37606837606837606,0.2542124542124542,0.10012210012210013,0.2437118437118437,0.21147741147741148
0.5213675213675214,0.18363858363858365,0.28962148962148965,0.31575091575091574,0.5421245421245421,0.3035409035409035,0.10427350427350428,0.6842490842490843,0.2004884004884005,0.6278388278388278,0.452991452991453,0.7621489621489621,0.12576312576312576,0.11184371184371185,0.780952380952381,0.15115995115995115,0.38095238095238093,0.4354090354090354,0.14896214896214896,0.18095238095238095,0.4918192918192918,0.20757020757020758,0.36166056166056165,0.28766788766788765,0.2583638583638584,0.10525030525030525,0.16971916971916973,0.6586080586080586,0.5081807081807082,0.2818070818070818,0.36336996336996336,0.20073260073260074,0.12551892551892552,0.5328449328449328,0.45885225885225883,0.7064713064713065,0.14212454212454212,0.7704517704517705,0.15433455433455434,0.4735042735042735,0.20634920634920634,0.23174603174603176,0.14017094017094017,0.09181929181929183,0.12698412698412698,0.484981684981685,0.2571428571428571,0.6180708180708181,0.23174603174603176,0.31477411477411477,0.46642246642246643,0.16654456654456654,0.4385836385836386,0.6827838827838828,0.0844932844932845,0.3509157509157509,0.5741147741147741,0.1413919413919414,0.10744810744810745,0.2695970695970696,0.2253968253968254,0.6757020757020757,0.34505494505494505,0.24664224664224665,0.40073260073260075,0.5604395604395604,0.6214896214896215,0.09572649572649573,0.20927960927960929,0.4065934065934066,0.6964590964590964,0.3218559218559219,0.3601953601953602,0.18852258852258852,0.36434676434676433,0.24444444444444444,0.10036630036630037,0.2778998778998779,0.2056166056166056
0.5089133089133089,0.178998778998779,0.2847374847374847,0.3006105006105006,0.526007326007326,0.295970695970696,0.11257631257631258,0.694993894993895,0.19462759462759463,0.6383394383394383,0.4368742368742369,0.7367521367521368,0.12112332112332112,0.10964590964590964,0.7924297924297924,0.14774114774114774,0.368986568986569,0.400976800976801,0.14822954822954823,0.1772893772893773,0.47692307692307695,0.20341880341880342,0.3516483516483517,0.27643467643467645,0.24932844932844933,0.10305250305250305,0.16678876678876678,0.6642246642246642,0.5355311355311355,0.3291819291819292,0.3514041514041514,0.19145299145299147,0.12258852258852258,0.5221001221001221,0.4627594627594628,0.7306471306471306,0.1452991452991453,0.7902319902319902,0.15506715506715507,0.4908424908424908,0.199023199023199,0.22271062271062272,0.1343101343101343,0.08986568986568987,0.12576312576312576,0.5172161172161173,0.24957264957264957,0.6246642246642247,0.2691086691086691,0.30378510378510376,0.45006105006105007,0.16312576312576313,0.4415140415140415,0.6879120879120879,0.07912087912087912,0.34114774114774116,0.5816849816849817,0.1387057387057387,0.12576312576312576,0.2962148962148962,0.21611721611721613,0.6774114774114774,0.33137973137973137,0.24102564102564103,0.3860805860805861,0.5863247863247864,0.6544566544566545,0.09474969474969475,0.20024420024420025,0.3946275946275946,0.7057387057387058,0.3142857142857143,0.40586080586080586,0.18656898656898657,0.3528693528693529,0.23687423687423687,0.1028083028083028,0.31477411477411477,0.20024420024420025
0.4967032967032967,0.1746031746031746,0.28034188034188035,0.2857142857142857,0.5101343101343101,0.2886446886446886,0.12576312576312576,0.7023199023199023,0.18876678876678876,0.6456654456654457,0.4214896214896215,0.7123321123321124,0.11648351648351649,0.10866910866910867,0.8041514041514042,0.14383394383394382,0.35653235653235654,0.3775335775335775,0.15067155067155066,0.17484737484737484,0.46422466422466424,0.19877899877899877,0.3413919413919414,0.2652014652014652,0.2402930402930403,0.10402930402930403,0.16312576312576313,0.6676434676434676,0.55995115995116,0.3763125763125763,0.33992673992673994,0.18217338217338216,0.12112332112332112,0.5096459096459096,0.46422466422466424,0.7521367521367521,0.15335775335775337,0.8068376068376069,0.15775335775335775,0.5062271062271062,0.19194139194139195,0.2139194139194139,0.1291819291819292,0.08742368742368742,0.12527472527472527,0.5511599511599512,0.24151404151404152,0.6280830280830281,0.31013431013431014,0.29352869352869354,0.43394383394383396,0.15995115995115994,0.4405372405372405,0.6898656898656899,0.07448107448107448,0.3316239316239316,0.589010989010989,0.13577533577533576,0.1509157509157509,0.3213675213675214,0.20757020757020758,0.675946275946276,0.3177045177045177,0.23443223443223443,0.37191697191697193,0.6083028083028083,0.6835164835164835,0.09474969474969475,0.19316239316239317,0.38217338217338215,0.7123321123321124,0.306959706959707,0.44981684981684983,0.18485958485958487,0.34285714285714286,0.23028083028083027,0.10866910866910867,0.35311355311355314,0.1956043956043956
0.484981684981685,0.1711843711843712,0.274969474969475,0.2708180708180708,0.49401709401709404,0.28156288156288156,0.14505494505494507,0.7062271062271063,0.18461538461538463,0.6500610500610501,0.40634920634920635,0.6881562881562882,0.11233211233211234,0.10866910866910867,0.8148962148962149,0.13968253968253969,0.3443223443223443,0.35946275946275946,0.1562881562881563,0.17435897435897435,0.45274725274725275,0.19413919413919414,0.33137973137973137,0.25445665445665444,0.23174603174603176,0.10818070818070818,0.15897435897435896,0.6686202686202686,0.5816849816849817,0.4214896214896215,0.3286935286935287,0.17338217338217338,0.1203907203907204,0.495970695970696,0.463003663003663,0.770940170940171,0.1663003663003663,0.8207570207570207,0.16385836385836386,0.5191697191697192,0.18485958485958487,0.2056166056166056,0.12405372405372406,0.08644688644688645,0.12380952380952381,0.5841269841269842,0.23321123321123322,0.629059829059829,0.35213675213675216,0.2835164835164835,0.4197802197802198,0.15653235653235653,0.43614163614163615,0.6893772893772894,0.07032967032967033,0.3235653235653236,0.5948717948717949,0.1330891330891331,0.1824175824175824,0.34456654456654456,0.19926739926739928,0.6715506715506715,0.305982905982906,0.2275946275946276,0.35824175824175825,0.6275946275946276,0.7084249084249085,0.09572649572649573,0.18583638583638584,0.37045177045177047,0.7162393162393162,0.3001221001221001,0.49108669108669106,0.1829059829059829,0.3338217338217338,0.22295482295482297,0.11941391941391942,0.39096459096459096,0.1907203907203907
0.47496947496947495,0.16874236874236875,0.26935286935286934,0.2564102564102564,0.4783882783882784,0.2725274725274725,0.16971916971916973,0.7057387057387058,0.18095238095238095,0.6512820512820513,0.39194139194139194,0.6652014652014652,0.10842490842490843,0.10891330891330891,0.8234432234432234,0.13626373626373625,0.33235653235653234,0.34456654456654456,0.1663003663003663,0.17533577533577532,0.4405372405372405,0.1894993894993895,0.3213675213675214,0.24395604395604395,0.22466422466422467,0.115995115995116,0.15482295482295483,0.6666666666666666,0.600976800976801,0.4634920634920635,0.31746031746031744,0.16678876678876678,0.11892551892551892,0.4810744810744811,0.4593406593406593,0.7865689865689866,0.1851037851037851,0.8312576312576313,0.17435897435897435,0.5294261294261294,0.17802197802197803,0.1978021978021978,0.11941391941391942,0.0862026862026862,0.12185592185592185,0.6153846153846154,0.22515262515262516,0.6273504273504273,0.39267399267399267,0.273992673992674,0.4065934065934066,0.15262515262515264,0.4283272283272283,0.685958485958486,0.06642246642246642,0.3162393162393162,0.599023199023199,0.13015873015873017,0.22002442002442002,0.36556776556776555,0.19145299145299147,0.6644688644688644,0.29523809523809524,0.221001221001221,0.3457875457875458,0.6437118437118438,0.7304029304029304,0.09597069597069598,0.17875457875457876,0.35873015873015873,0.7167277167277167,0.29352869352869354,0.528937728937729,0.18144078144078143,0.32332112332112334,0.2153846153846154,0.13528693528693528,0.42735042735042733,0.18608058608058609
0.4656898656898657,0.16507936507936508,0.26373626373626374,0.24224664224664225,0.4627594627594628,0.26495726495726496,0.19975579975579977,0.7023199023199023,0.1768009768009768,0.6488400488400489,0.37777777777777777,0.642979242979243,0.10598290598290598,0.11086691086691086,0.8290598290598291,0.13406593406593406,0.32063492063492066,0.3316239316239316,0.18095238095238095,0.178998778998779,0.4283272283272283,0.1851037851037851,0.31135531135531136,0.2354090354090354,0.21855921855921856,0.12942612942612944,0.15042735042735042,0.6612942612942613,0.6175824175824176,0.5018315018315018,0.3076923076923077,0.16166056166056167,0.11746031746031746,0.46593406593406594,0.452991452991453,0.7995115995115996,0.21001221001221002,0.8366300366300367,0.18925518925518925,0.5372405372405372,0.17167277167277167,0.19047619047619047,0.115995115995116,0.08522588522588523,0.12087912087912088,0.6446886446886447,0.21684981684981686,0.6224664224664225,0.43174603174603177,0.2664224664224664,0.39316239316239315,0.14847374847374847,0.4170940170940171,0.6796092796092796,0.06471306471306472,0.3076923076923077,0.6007326007326007,0.12747252747252746,0.2617826617826618,0.38412698412698415,0.18339438339438338,0.6031746031746031,0.2835164835164835,0.2144078144078144,0.3343101343101343,0.6573870573870574,0.7487179487179487,0.09621489621489622,0.1724053724053724,0.34798534798534797,0.7147741147741148,0.2869352869352869,0.5628815628815629,0.18046398046398046,0.3128205128205128,0.20757020757020758,0.1575091575091575,0.4608058608058608,0.18192918192918192
0.4559218559218559,0.16166056166056167,0.25811965811965815,0.22832722832722832,0.44713064713064715,0.25934065934065936,0.2288156288156288,0.6967032967032967,0.1724053724053724,0.6434676434676435,0.36385836385836384,0.6231990231990232,0.10451770451770452,0.11550671550671551,0.8317460317460318,0.13504273504273503,0.30915750915750917,0.31965811965811963,0.1973137973137973,0.18534798534798536,0.41514041514041516,0.1807081807081807,0.3013431013431013,0.22832722832722832,0.21147741147741148,0.14822954822954823,0.1457875457875458,0.652991452991453,0.6315018315018315,0.536019536019536,0.2989010989010989,0.15506715506715507,0.115995115995116,0.4512820512820513,0.4442002442002442,0.809035409035409,0.2402930402930403,0.8380952380952381,0.20927960927960929,0.5418803418803418,0.16556776556776556,0.1851037851037851,0.1137973137973138,0.08424908424908426,0.12136752136752137,0.6713064713064713,0.2087912087912088,0.6148962148962149,0.4678876678876679,0.2595848595848596,0.3797313797313797,0.14481074481074482,0.4031746031746032,0.671062271062271,0.06373626373626373,0.2989010989010989,0.6,0.12551892551892552,0.30573870573870576,0.40024420024420027,0.1772893772893773,0.5152625152625152,0.2717948717948718,0.20781440781440783,0.3235653235653236,0.6683760683760683,0.7633699633699633,0.09621489621489622,0.16654456654456654,0.337973137973138,0.7096459096459097,0.28083028083028083,0.5892551892551893,0.17875457875457876,0.30207570207570206,0.20024420024420025,0.1851037851037851,0.4908424908424908,0.17777777777777778
0.44590964590964594,0.157997557997558,0.2525030525030525,0.21465201465201464,0.43174603174603177,0.252991452991453,0.2583638583638584,0.6884004884004884,0.16776556776556775,0.6349206349206349,0.35018315018315016,0.6048840048840048,0.10207570207570207,0.12405372405372406,0.8310134310134311,0.13968253968253969,0.2976800976800977,0.30793650793650795,0.21611721611721613,0.19511599511599512,0.4021978021978022,0.17631257631257632,0.2910866910866911,0.22026862026862026,0.20415140415140415,0.17264957264957265,0.14114774114774115,0.6417582417582418,0.6427350427350428,0.5626373626373626,0.28888888888888886,0.147985347985348,0.11428571428571428,0.4371184371184371,0.4332112332112332,0.8151404151404151,0.2703296703296703,0.8388278388278388,0.2336996336996337,0.5433455433455433,0.15995115995115994,0.1807081807081807,0.11037851037851037,0.08302808302808302,0.12551892551892552,0.6952380952380952,0.20122100122100123,0.6046398046398046,0.49621489621489623,0.252014652014652,0.367032967032967,0.1409035409035409,0.38754578754578756,0.6603174603174603,0.061782661782661785,0.29010989010989013,0.5968253968253968,0.12454212454212454,0.3499389499389499,0.4134310134310134,0.1724053724053724,0.4669108669108669,0.2600732600732601,0.20146520146520147,0.31355311355311355,0.676923076923077,0.7748473748473749,0.09621489621489622,0.16166056166056167,0.32844932844932845,0.7018315018315018,0.2754578754578755,0.6102564102564103,0.1768009768009768,0.2920634920634921,0.19316239316239317,0.21782661782661783,0.5172161172161173,0.17509157509157508
0.43565323565323566,0.15506715506715507,0.24664224664224665,0.20146520146520147,0.4166056166056166,0.2468864468864469,0.29255189255189257,0.6778998778998779,0.16336996336996337,0.6234432234432234,0.3384615384615385,0.5858363858363859,0.09963369963369964,0.13772893772893774,0.8268620268620268,0.1496947496947497,0.28669108669108667,0.2979242979242979,0.24004884004884006,0.2083028083028083,0.38925518925518926,0.17191697191697192,0.2810744810744811,0.21196581196581196,0.19706959706959706,0.2026862026862027,0.13626373626373625,0.6278388278388278,0.6512820512820513,0.5841269841269842,0.27814407814407816,0.1409035409035409,0.11233211233211234,0.4236874236874237,0.42124542124542125,0.8170940170940171,0.30036630036630035,0.8366300366300367,0.2617826617826618,0.5418803418803418,0.1540903540903541,0.17509157509157508,0.10671550671550671,0.08205128205128205,0.13504273504273503,0.7167277167277167,0.1934065934065934,0.591941391941392,0.5194139194139195,0.24395604395604395,0.3553113553113553,0.136996336996337,0.37264957264957266,0.6473748473748474,0.05934065934065934,0.28156288156288156,0.590964590964591,0.1264957264957265,0.3934065934065934,0.4227106227106227,0.16678876678876678,0.43785103785103785,0.2485958485958486,0.19511599511599512,0.30378510378510376,0.683028083028083,0.780952380952381,0.09645909645909646,0.15677655677655677,0.3199023199023199,0.6908424908424908,0.2708180708180708,0.6317460317460317,0.17582417582417584,0.2822954822954823,0.18632478632478633,0.2537240537240537,0.5399267399267399,0.17338217338217338
0.4249084249084249,0.15286935286935288,0.2407814407814408,0.1916971916971917,0.40195360195360197,0.24224664224664225,0.3286935286935287,0.6647130647130647,0.1592185592185592,0.6107448107448108,0.3277167277167277,0.5667887667887668,0.09645909645909646,0.15653235653235653,0.8192918192918193,0.1663003663003663,0.2778998778998779,0.2886446886446886,0.2673992673992674,0.22417582417582418,0.3763125763125763,0.16776556776556775,0.27106227106227104,0.20415140415140415,0.19047619047619047,0.23663003663003662,0.1308913308913309,0.611965811965812,0.6554334554334554,0.6061050061050061,0.2673992673992674,0.1343101343101343,0.11037851037851037,0.41147741147741146,0.4078144078144078,0.8144078144078144,0.3355311355311355,0.8317460317460318,0.29181929181929184,0.5372405372405372,0.15042735042735042,0.16947496947496948,0.10305250305250305,0.08131868131868132,0.1514041514041514,0.7357753357753358,0.18608058608058609,0.5785103785103786,0.5431013431013431,0.23614163614163614,0.34383394383394383,0.13357753357753357,0.35873015873015873,0.6322344322344322,0.0568986568986569,0.27350427350427353,0.5826617826617827,0.13211233211233211,0.43443223443223444,0.42905982905982903,0.16117216117216118,0.4183150183150183,0.23736263736263735,0.18925518925518925,0.29426129426129427,0.6869352869352869,0.7826617826617827,0.09743589743589744,0.1523809523809524,0.3115995115995116,0.6781440781440782,0.26544566544566545,0.6517704517704518,0.17509157509157508,0.27277167277167275,0.17997557997557997,0.29084249084249086,0.5565323565323566,0.1706959706959707
0.41440781440781443,0.1523809523809524,0.23467643467643468,0.18437118437118438,0.389010989010989,0.23809523809523808,0.36507936507936506,0.6500610500610501,0.15531135531135531,0.5968253968253968,0.315995115995116,0.5474969474969476,0.09352869352869353,0.1807081807081807,0.8080586080586081,0.18925518925518925,0.2703296703296703,0.27814407814407816,0.2962148962148962,0.2424908424908425,0.36336996336996336,0.16336996336996337,0.26105006105006107,0.19633699633699633,0.18437118437118438,0.27277167277167275,0.12527472527472527,0.5960927960927961,0.6561660561660562,0.6263736263736264,0.2564102564102564,0.1282051282051282,0.10891330891330891,0.4,0.39536019536019534,0.8080586080586081,0.37264957264957266,0.8231990231990232,0.3230769230769231,0.5301587301587302,0.14725274725274726,0.16361416361416362,0.10061050061050061,0.08034188034188035,0.17631257631257632,0.7518925518925519,0.18046398046398046,0.5643467643467643,0.5653235653235653,0.2288156288156288,0.3326007326007326,0.12991452991452992,0.3431013431013431,0.6161172161172161,0.05445665445665446,0.2656898656898657,0.5721611721611721,0.14334554334554334,0.4678876678876679,0.43443223443223444,0.15604395604395604,0.4031746031746032,0.22686202686202686,0.18339438339438338,0.2847374847374847,0.6871794871794872,0.7829059829059829,0.09987789987789988,0.14822954822954823,0.3035409035409035,0.6632478632478632,0.25982905982905985,0.6698412698412698,0.17582417582417584,0.263980463980464,0.17362637362637362,0.3277167277167277,0.5684981684981685,0.16800976800976802
0.40341880341880343,0.15433455433455434,0.22905982905982905,0.17533577533577532,0.3768009768009768,0.23321123321123322,0.40073260073260075,0.6341880341880342,0.1514041514041514,0.5811965811965812,0.3035409035409035,0.528937728937729,0.09084249084249084,0.20976800976800977,0.7936507936507936,0.2144078144078144,0.2617826617826618,0.2673992673992674,0.32576312576312577,0.2625152625152625,0.35067155067155065,0.1592185592185592,0.25274725274725274,0.189010989010989,0.17802197802197803,0.31013431013431014,0.1199023199023199,0.5797313797313798,0.6554334554334554,0.6444444444444445,0.2454212454212454,0.12234432234432234,0.10744810744810745,0.389010989010989,0.38412698412698415,0.7985347985347986,0.41001221001221,0.8112332112332112,0.35433455433455435,0.5208791208791209,0.14358974358974358,0.1575091575091575,0.10012210012210013,0.07936507936507936,0.20976800976800977,0.7653235653235653,0.17606837606837608,0.5487179487179488,0.5853479853479854,0.22173382173382172,0.32161172161172163,0.1264957264957265,0.3274725274725275,0.5985347985347985,0.051770451770451774,0.2583638583638584,0.5594627594627595,0.15775335775335775,0.495970695970696,0.43833943833943834,0.1509157509157509,0.3904761904761905,0.21684981684981686,0.17777777777777778,0.27692307692307694,0.6852258852258852,0.7811965811965812,0.10476190476190476,0.14407814407814407,0.295970695970696,0.645909645909646,0.2542124542124542,0.6852258852258852,0.17875457875457876,0.25567765567765566,0.16800976800976802,0.35946275946275946,0.57997557997558,0.16532356532356532
0.3924297924297924,0.1592185592185592,0.22344322344322345,0.16800976800976802,0.36385836385836384,0.22808302808302808,0.43492063492063493,0.6173382173382174,0.14774114774114774,0.5645909645909646,0.29084249084249086,0.5106227106227106,0.08791208791208792,0.24175824175824176,0.7768009768009768,0.2424908424908425,0.2525030525030525,0.2564102564102564,0.3550671550671551,0.28327228327228327,0.337973137973138,0.15506715506715507,0.2454212454212454,0.18217338217338216,0.17216117216117216,0.347008547008547,0.11477411477411477,0.5619047619047619,0.6517704517704518,0.6595848595848596,0.23467643467643468,0.11672771672771673,0.10598290598290598,0.3785103785103785,0.37216117216117217,0.7860805860805861,0.4461538461538462,0.7968253968253968,0.3807081807081807,0.5094017094017094,0.1391941391941392,0.1514041514041514,0.10305250305250305,0.07863247863247863,0.2507936507936508,0.7733821733821734,0.1711843711843712,0.5321123321123321,0.6024420024420024,0.2148962148962149,0.31135531135531136,0.12356532356532357,0.3128205128205128,0.5802197802197803,0.04932844932844933,0.2512820512820513,0.5452991452991452,0.17631257631257632,0.5242979242979243,0.44004884004884004,0.14627594627594628,0.37948717948717947,0.2070818070818071,0.1724053724053724,0.2703296703296703,0.6825396825396826,0.7760683760683761,0.11428571428571428,0.13992673992673993,0.28962148962148965,0.6266178266178266,0.2485958485958486,0.6979242979242979,0.1851037851037851,0.24786324786324787,0.16263736263736264,0.3868131868131868,0.5897435897435898,0.16312576312576313
0.3811965811965812,0.1675213675213675,0.21904761904761905,0.16166056166056167,0.35067155067155065,0.22271062271062272,0.4673992673992674,0.6,0.14407814407814407,0.5474969474969476,0.2783882783882784,0.4925518925518926,0.08522588522588523,0.2754578754578755,0.7587301587301587,0.2774114774114774,0.24346764346764346,0.24517704517704517,0.38266178266178263,0.30378510378510376,0.32551892551892553,0.1523809523809524,0.2371184371184371,0.17533577533577532,0.16654456654456654,0.3824175824175824,0.1115995115995116,0.5435897435897435,0.6451770451770452,0.6717948717948717,0.22417582417582418,0.1111111111111111,0.10476190476190476,0.3694749694749695,0.3601953601953602,0.7704517704517705,0.48083028083028084,0.77997557997558,0.4039072039072039,0.495970695970696,0.1347985347985348,0.14554334554334555,0.11037851037851037,0.07765567765567766,0.2979242979242979,0.778021978021978,0.1675213675213675,0.5157509157509158,0.6168498168498169,0.20854700854700856,0.3013431013431013,0.12136752136752137,0.29914529914529914,0.5623931623931624,0.046886446886446886,0.24444444444444444,0.5308913308913309,0.2021978021978022,0.550915750915751,0.4398046398046398,0.14188034188034188,0.3694749694749695,0.19755799755799755,0.16874236874236875,0.2622710622710623,0.6786324786324787,0.7677655677655678,0.12991452991452992,0.136996336996337,0.284004884004884,0.6061050061050061,0.24297924297924298,0.707936507936508,0.1960927960927961,0.2402930402930403,0.1592185592185592,0.4192918192918193,0.5975579975579975,0.16092796092796094
0.37045177045177047,0.17924297924297924,0.21562881562881564,0.15384615384615385,0.33724053724053726,0.2175824175824176,0.49792429792429793,0.5833943833943834,0.1409035409035409,0.5304029304029304,0.2661782661782662,0.4752136752136752,0.08278388278388278,0.3052503052503053,0.7401709401709402,0.3162393162393162,0.23443223443223443,0.23394383394383395,0.409035409035409,0.32405372405372407,0.315018315018315,0.15042735042735042,0.22857142857142856,0.16923076923076924,0.16117216117216118,0.41562881562881565,0.10915750915750916,0.5252747252747253,0.6361416361416361,0.6810744810744811,0.2139194139194139,0.1054945054945055,0.10329670329670329,0.3609279609279609,0.3492063492063492,0.7521367521367521,0.5133089133089133,0.7611721611721611,0.4288156288156288,0.4810744810744811,0.12991452991452992,0.13968253968253969,0.12307692307692308,0.07643467643467644,0.3418803418803419,0.7816849816849817,0.16556776556776556,0.4993894993894994,0.6295482295482295,0.2021978021978022,0.2915750915750916,0.12161172161172161,0.2874236874236874,0.5445665445665445,0.04468864468864469,0.23809523809523808,0.5172161172161173,0.23467643467643468,0.5743589743589743,0.43736263736263736,0.13724053724053725,0.3601953601953602,0.18876678876678876,0.16532356532356532,0.25396825396825395,0.6730158730158731,0.7562881562881563,0.15262515262515264,0.1343101343101343,0.2778998778998779,0.5848595848595849,0.23785103785103784,0.715018315018315,0.21196581196581196,0.23321123321123322,0.15653235653235653,0.452991452991453,0.6026862026862027,0.1592185592185592
0.3597069597069597,0.1921855921855922,0.21147741147741148,0.14627594627594628,0.3242979242979243,0.21318681318681318,0.5262515262515263,0.5667887667887668,0.1387057387057387,0.5137973137973137,0.25396825396825395,0.45787545787545786,0.0800976800976801,0.33284493284493283,0.7191697191697192,0.35702075702075703,0.2258852258852259,0.22271062271062272,0.4332112332112332,0.3431013431013431,0.305982905982906,0.14774114774114774,0.21978021978021978,0.16336996336996337,0.1562881562881563,0.4427350427350427,0.10598290598290598,0.5079365079365079,0.6244200244200244,0.6871794871794872,0.20415140415140415,0.10012210012210013,0.10329670329670329,0.3516483516483517,0.33894993894993897,0.7321123321123321,0.5433455433455433,0.7406593406593407,0.452991452991453,0.4656898656898657,0.12551892551892552,0.13406593406593406,0.14212454212454212,0.0761904761904762,0.38461538461538464,0.7838827838827839,0.16776556776556775,0.4918192918192918,0.639072039072039,0.19658119658119658,0.28327228327228327,0.12454212454212454,0.27692307692307694,0.5277167277167277,0.04249084249084249,0.23223443223443224,0.5023199023199023,0.272039072039072,0.5948717948717949,0.43272283272283274,0.1326007326007326,0.3516483516483517,0.18046398046398046,0.1619047619047619,0.24566544566544565,0.6654456654456654,0.7416361416361417,0.17777777777777778,0.13064713064713065,0.2713064713064713,0.5636141636141636,0.23247863247863249,0.7194139194139194,0.23321123321123322,0.2275946275946276,0.15335775335775337,0.4810744810744811,0.6061050061050061,0.1575091575091575
0.3492063492063492,0.20683760683760682,0.2070818070818071,0.1387057387057387,0.3115995115995116,0.20927960927960929,0.5523809523809524,0.5504273504273505,0.13772893772893774,0.49792429792429793,0.2424908424908425,0.4405372405372405,0.07765567765567766,0.3623931623931624,0.6971916971916972,0.398046398046398,0.2175824175824176,0.21147741147741148,0.4554334554334554,0.3609279609279609,0.295970695970696,0.14554334554334555,0.21123321123321123,0.15775335775335775,0.15286935286935288,0.46544566544566546,0.1028083028083028,0.49108669108669106,0.6097680097680098,0.6898656898656899,0.19462759462759463,0.09645909645909646,0.10402930402930403,0.3418803418803419,0.3299145299145299,0.7103785103785104,0.5714285714285714,0.7194139194139194,0.47619047619047616,0.4503052503052503,0.12136752136752137,0.12869352869352868,0.16727716727716727,0.07643467643467644,0.431990231990232,0.7836385836385836,0.17435897435897435,0.48815628815628814,0.6442002442002442,0.19145299145299147,0.2761904761904762,0.13064713064713065,0.2681318681318681,0.5118437118437118,0.04004884004884005,0.2275946275946276,0.4874236874236874,0.3125763125763126,0.6117216117216118,0.4256410256410256,0.1282051282051282,0.34383394383394383,0.17387057387057386,0.157997557997558,0.23736263736263735,0.6559218559218559,0.724053724053724,0.20683760683760682,0.1264957264957265,0.2647130647130647,0.5428571428571428,0.22735042735042735,0.7208791208791209,0.2554334554334554,0.22295482295482297,0.14945054945054945,0.5045177045177045,0.6068376068376068,0.15531135531135531
0.3401709401709402,0.22515262515262516,0.20293040293040293,0.13211233211233211,0.29914529914529914,0.20683760683760682,0.5758241758241758,0.536019536019536,0.13577533577533576,0.4827838827838828,0.23125763125763127,0.42344322344322344,0.07667887667887668,0.3912087912087912,0.6752136752136753,0.4385836385836386,0.20976800976800977,0.20024420024420025,0.4810744810744811,0.37484737484737485,0.2857142857142857,0.14554334554334555,0.20293040293040293,0.1523809523809524,0.15067155067155066,0.48815628815628814,0.09963369963369964,0.4752136752136752,0.5936507936507937,0.6886446886446886,0.18583638583638584,0.09426129426129426,0.10329670329670329,0.33186813186813185,0.32161172161172163,0.6879120879120879,0.5970695970695971,0.6981684981684981,0.49743589743589745,0.4354090354090354,0.11721611721611722,0.12356532356532357,0.1934065934065934,0.0757020757020757,0.48131868131868133,0.77997557997558,0.18534798534798536,0.47863247863247865,0.6463980463980464,0.18754578754578755,0.2681318681318681,0.14065934065934066,0.25982905982905985,0.49645909645909647,0.039316239316239315,0.22417582417582418,0.47277167277167276,0.3540903540903541,0.6251526251526252,0.4170940170940171,0.12405372405372406,0.3367521367521368,0.16874236874236875,0.15433455433455434,0.22905982905982905,0.6446886446886447,0.7042735042735043,0.24444444444444444,0.12185592185592185,0.2578754578754579,0.5233211233211233,0.22271062271062272,0.7194139194139194,0.27936507936507937,0.2175824175824176,0.14554334554334555,0.5235653235653236,0.6053724053724053,0.15335775335775337
0.33235653235653234,0.2454212454212454,0.19877899877899877,0.126007326007326,0.28766788766788765,0.20586080586080585,0.5938949938949939,0.5223443223443224,0.13357753357753357,0.4683760683760684,0.2205128205128205,0.4065934065934066,0.07643467643467644,0.41855921855921857,0.652991452991453,0.4771672771672772,0.2021978021978022,0.18925518925518925,0.5079365079365079,0.38632478632478634,0.2754578754578755,0.14847374847374847,0.19487179487179487,0.14847374847374847,0.14725274725274726,0.5094017094017094,0.09694749694749695,0.4598290598290598,0.5758241758241758,0.6837606837606838,0.178998778998779,0.09133089133089133,0.10183150183150183,0.3221001221001221,0.31404151404151404,0.6654456654456654,0.6207570207570208,0.6786324786324787,0.5164835164835165,0.4205128205128205,0.11330891330891331,0.11843711843711843,0.22197802197802197,0.07521367521367521,0.5294261294261294,0.7733821733821734,0.20170940170940171,0.4666666666666667,0.6461538461538462,0.18461538461538463,0.25982905982905985,0.15604395604395604,0.2525030525030525,0.4818070818070818,0.039316239316239315,0.22002442002442002,0.4593406593406593,0.39536019536019534,0.6356532356532356,0.4070818070818071,0.1199023199023199,0.3304029304029304,0.1623931623931624,0.1509157509157509,0.221001221001221,0.6315018315018315,0.683028083028083,0.2879120879120879,0.11746031746031746,0.2507936507936508,0.5052503052503052,0.21855921855921856,0.715018315018315,0.3086691086691087,0.21172161172161172,0.14188034188034188,0.5411477411477411,0.6012210012210012,0.1514041514041514
0.32332112332112334,0.26764346764346764,0.1943833943833944,0.12087912087912088,0.27692307692307694,0.20732600732600734,0.608058608058608,0.5086691086691086,0.13113553113553114,0.4547008547008547,0.2105006105006105,0.3921855921855922,0.07521367521367521,0.44346764346764345,0.6315018315018315,0.5133089133089133,0.19487179487179487,0.178998778998779,0.526007326007326,0.39829059829059826,0.2656898656898657,0.15555555555555556,0.18754578754578755,0.14554334554334555,0.14407814407814407,0.527960927960928,0.09499389499389499,0.44468864468864466,0.5575091575091575,0.6757020757020757,0.17338217338217338,0.08888888888888889,0.10061050061050061,0.3125763125763126,0.306959706959707,0.6432234432234433,0.6388278388278388,0.6603174603174603,0.5335775335775336,0.4065934065934066,0.10964590964590964,0.11526251526251527,0.25665445665445663,0.07716727716727717,0.5753357753357753,0.764102564102564,0.22271062271062272,0.4537240537240537,0.6432234432234433,0.1807081807081807,0.2515262515262515,0.1768009768009768,0.24566544566544565,0.4686202686202686,0.03833943833943834,0.21562881562881564,0.44664224664224667,0.43492063492063493,0.6427350427350428,0.3960927960927961,0.11794871794871795,0.3242979242979243,0.15604395604395604,0.14774114774114774,0.2126984126984127,0.6168498168498169,0.6612942612942613,0.33455433455433453,0.11306471306471307,0.2437118437118437,0.4879120879120879,0.21465201465201464,0.707936507936508,0.3404151404151404,0.2061050061050061,0.13797313797313798,0.5543345543345544,0.5948717948717949,0.1496947496947497
0.3142857142857143,0.29010989010989013,0.18998778998778998,0.115995115995116,0.26666666666666666,0.2144078144078144,0.6224664224664225,0.4945054945054945,0.1291819291819292,0.44175824175824174,0.20293040293040293,0.378998778998779,0.07374847374847375,0.46642246642246643,0.6105006105006106,0.5467643467643467,0.1877899877899878,0.1706959706959707,0.5387057387057387,0.41001221001221,0.2568986568986569,0.16776556776556775,0.1807081807081807,0.14212454212454212,0.14114774114774115,0.544078144078144,0.09548229548229548,0.43003663003663006,0.5389499389499389,0.6652014652014652,0.16678876678876678,0.08864468864468865,0.10012210012210013,0.3028083028083028,0.29987789987789987,0.621978021978022,0.652991452991453,0.6417582417582418,0.5484737484737485,0.3934065934065934,0.10573870573870574,0.11282051282051282,0.29474969474969476,0.0822954822954823,0.6183150183150183,0.7518925518925519,0.24786324786324787,0.44004884004884004,0.6373626373626373,0.17655677655677657,0.24346764346764346,0.20293040293040293,0.23931623931623933,0.45665445665445664,0.03711843711843712,0.210989010989011,0.43492063492063493,0.472039072039072,0.6463980463980464,0.38534798534798537,0.11746031746031746,0.3181929181929182,0.14945054945054945,0.14481074481074482,0.20463980463980463,0.6012210012210012,0.6407814407814408,0.3819291819291819,0.10915750915750916,0.2371184371184371,0.4713064713064713,0.21196581196581196,0.6984126984126984,0.3733821733821734,0.2004884004884005,0.1343101343101343,0.5619047619047619,0.5858363858363859,0.14896214896214896
0.30500610500610503,0.3120879120879121,0.18583638583638584,0.1115995115995116,0.2568986568986569,0.22295482295482297,0.6356532356532356,0.4800976800976801,0.12698412698412698,0.42905982905982903,0.1960927960927961,0.36434676434676433,0.07228327228327229,0.4869352869352869,0.5904761904761905,0.578021978021978,0.18144078144078143,0.16336996336996337,0.5501831501831502,0.4202686202686203,0.24835164835164836,0.18583638583638584,0.1746031746031746,0.13821733821733823,0.13846153846153847,0.5572649572649573,0.09865689865689865,0.4158730158730159,0.5221001221001221,0.6515262515262515,0.15995115995115994,0.09157509157509157,0.10158730158730159,0.29304029304029305,0.29255189255189257,0.6031746031746031,0.6673992673992674,0.6234432234432234,0.5611721611721612,0.38095238095238093,0.10354090354090355,0.10915750915750916,0.3338217338217338,0.09304029304029304,0.6583638583638584,0.7372405372405373,0.27594627594627597,0.42735042735042733,0.629059829059829,0.17216117216117216,0.2354090354090354,0.23321123321123322,0.2341880341880342,0.4442002442002442,0.03565323565323565,0.20634920634920634,0.4244200244200244,0.505982905982906,0.6471306471306472,0.37533577533577533,0.11868131868131868,0.3115995115995116,0.14334554334554334,0.14188034188034188,0.19706959706959706,0.5851037851037851,0.6214896214896215,0.4283272283272283,0.10573870573870574,0.23076923076923078,0.4568986568986569,0.2105006105006105,0.6864468864468865,0.4048840048840049,0.19487179487179487,0.1308913308913309,0.5672771672771673,0.5758241758241758,0.14896214896214896
0.2962148962148962,0.3338217338217338,0.18168498168498168,0.1076923076923077,0.24737484737484738,0.23125763125763127,0.645909645909646,0.46642246642246643,0.12503052503052503,0.41782661782661784,0.18876678876678876,0.3499389499389499,0.07081807081807082,0.5054945054945055,0.5711843711843712,0.6065934065934065,0.17655677655677657,0.15531135531135531,0.55995115995116,0.42905982905982903,0.24004884004884006,0.20903540903540904,0.16923076923076924,0.1343101343101343,0.13553113553113552,0.5675213675213675,0.10573870573870574,0.4017094017094017,0.5067155067155067,0.6349206349206349,0.15335775335775337,0.09914529914529914,0.10695970695970695,0.2835164835164835,0.2857142857142857,0.5855921855921856,0.6808302808302809,0.6056166056166056,0.5714285714285714,0.36923076923076925,0.10207570207570207,0.1054945054945055,0.3724053724053724,0.11086691086691086,0.6952380952380952,0.7203907203907204,0.30573870573870576,0.41562881562881565,0.6183150183150183,0.16776556776556775,0.2275946275946276,0.2664224664224664,0.22979242979242978,0.43174603174603177,0.03418803418803419,0.20170940170940171,0.4146520146520147,0.536996336996337,0.6442002442002442,0.36434676434676433,0.12356532356532357,0.30500610500610503,0.13724053724053725,0.1387057387057387,0.1894993894993895,0.5697191697191697,0.591941391941392,0.47155067155067154,0.10183150183150183,0.22417582417582418,0.44395604395604393,0.20976800976800977,0.6717948717948717,0.4346764346764347,0.1894993894993895,0.12796092796092795,0.5699633699633699,0.5643467643467643,0.147985347985348
0.28766788766788765,0.3540903540903541,0.17826617826617827,0.10402930402930403,0.2402930402930403,0.24444444444444444,0.6532356532356532,0.4525030525030525,0.12356532356532357,0.40757020757020757,0.18095238095238095,0.3355311355311355,0.0695970695970696,0.5218559218559219,0.5526251526251527,0.6322344322344322,0.1724053724053724,0.147008547008547,0.5675213675213675,0.43614163614163615,0.23247863247863249,0.23687423687423687,0.16532356532356532,0.13064713064713065,0.1326007326007326,0.5743589743589743,0.11819291819291819,0.3894993894993895,0.4905982905982906,0.6161172161172161,0.147008547008547,0.11282051282051282,0.11721611721611722,0.273992673992674,0.27936507936507937,0.5682539682539682,0.6915750915750916,0.5885225885225885,0.5794871794871795,0.3592185592185592,0.09987789987789988,0.10158730158730159,0.40927960927960927,0.13626373626373625,0.7291819291819291,0.7018315018315018,0.33235653235653234,0.40293040293040294,0.6061050061050061,0.16361416361416362,0.22026862026862026,0.3006105006105006,0.22442002442002443,0.4192918192918193,0.03247863247863248,0.1973137973137973,0.4048840048840049,0.5645909645909646,0.6385836385836385,0.35311355311355314,0.1326007326007326,0.29865689865689865,0.13846153846153847,0.13577533577533576,0.1824175824175824,0.5553113553113553,0.5728937728937729,0.5108669108669108,0.09841269841269841,0.21782661782661783,0.43003663003663006,0.20927960927960929,0.6544566544566545,0.4617826617826618,0.18461538461538463,0.12551892551892552,0.5697191697191697,0.550915750915751,0.14652014652014653
0.27936507936507937,0.3728937728937729,0.17655677655677657,0.10183150183150183,0.23467643467643468,0.26202686202686204,0.6568986568986569,0.4385836385836386,0.12258852258852258,0.3960927960927961,0.17338217338217338,0.3213675213675214,0.06886446886446887,0.536019536019536,0.5347985347985348,0.652014652014652,0.1675213675213675,0.1391941391941392,0.5728937728937729,0.44175824175824174,0.22564102564102564,0.2681318681318681,0.16263736263736264,0.12673992673992673,0.12967032967032968,0.5777777777777777,0.13626373626373625,0.378021978021978,0.47448107448107446,0.5956043956043956,0.14114774114774115,0.13284493284493284,0.13406593406593406,0.26495726495726496,0.27350427350427353,0.550915750915751,0.6996336996336996,0.5716727716727716,0.5848595848595849,0.35018315018315016,0.09694749694749695,0.09816849816849817,0.44395604395604393,0.16947496947496948,0.7601953601953602,0.6822954822954823,0.35702075702075703,0.3894993894993895,0.5914529914529915,0.1597069597069597,0.21294261294261294,0.3347985347985348,0.21855921855921856,0.4070818070818071,0.03076923076923077,0.19291819291819293,0.39536019536019534,0.5855921855921856,0.6305250305250305,0.3423687423687424,0.14774114774114774,0.2920634920634921,0.14334554334554334,0.13284493284493284,0.1772893772893773,0.5404151404151404,0.5545787545787546,0.546031746031746,0.0945054945054945,0.21318681318681318,0.4158730158730159,0.21001221001221002,0.6351648351648351,0.4862026862026862,0.18021978021978022,0.1242979242979243,0.5667887667887668,0.5362637362637362,0.14481074481074482
0.2717948717948718,0.3904761904761905,0.17753357753357754,0.10061050061050061,0.22905982905982905,0.28253968253968254,0.6564102564102564,0.42466422466422465,0.12356532356532357,0.38412698412698415,0.16605616605616605,0.30744810744810747,0.06813186813186813,0.5484737484737485,0.5191697191697192,0.6676434676434676,0.1623931623931624,0.13162393162393163,0.5758241758241758,0.4456654456654457,0.21953601953601953,0.2967032967032967,0.1592185592185592,0.12283272283272283,0.12673992673992673,0.5772893772893772,0.1562881562881563,0.36556776556776555,0.4593406593406593,0.5743589743589743,0.13577533577533576,0.1597069597069597,0.15824175824175823,0.26202686202686204,0.2664224664224664,0.5333333333333333,0.7040293040293041,0.5553113553113553,0.5865689865689866,0.3404151404151404,0.09401709401709402,0.09499389499389499,0.4757020757020757,0.20903540903540904,0.7882783882783883,0.6634920634920635,0.38412698412698415,0.3763125763125763,0.5758241758241758,0.1562881562881563,0.2056166056166056,0.36800976800976803,0.21245421245421245,0.3946275946275946,0.02905982905982906,0.18876678876678876,0.38754578754578756,0.6021978021978022,0.62002442002442,0.33186813186813185,0.168986568986569,0.2857142857142857,0.14285714285714285,0.13113553113553114,0.17313797313797313,0.526007326007326,0.5284493284493285,0.577045177045177,0.0905982905982906,0.20903540903540904,0.4017094017094017,0.21147741147741148,0.6148962148962149,0.5069597069597069,0.17582417582417584,0.12503052503052503,0.5614163614163614,0.5208791208791209,0.1426129426129426
0.2647130647130647,0.4065934065934066,0.1807081807081807,0.0989010989010989,0.22515262515262516,0.305982905982906,0.6525030525030525,0.41098901098901097,0.12698412698412698,0.37216117216117217,0.15848595848595848,0.2937728937728938,0.06788766788766788,0.5587301587301587,0.5045177045177045,0.684004884004884,0.1575091575091575,0.12454212454212454,0.576068376068376,0.4473748473748474,0.2148962148962149,0.3235653235653236,0.15531135531135531,0.11941391941391942,0.1242979242979243,0.5736263736263736,0.17924297924297924,0.35262515262515265,0.44395604395604393,0.5528693528693529,0.1308913308913309,0.19267399267399268,0.18998778998778998,0.2622710622710623,0.2583638583638584,0.5164835164835165,0.705006105006105,0.5391941391941392,0.5853479853479854,0.3304029304029304,0.09084249084249084,0.09401709401709402,0.5047619047619047,0.25347985347985347,0.809035409035409,0.6456654456654457,0.41147741147741146,0.36288156288156287,0.5557997557997558,0.15286935286935288,0.19829059829059828,0.3951159951159951,0.20586080586080585,0.3824175824175824,0.027106227106227107,0.18461538461538463,0.3797313797313797,0.6190476190476191,0.6065934065934065,0.3221001221001221,0.19633699633699633,0.27912087912087913,0.13943833943833944,0.12967032967032968,0.16825396825396827,0.5118437118437118,0.5111111111111111,0.6041514041514041,0.0884004884004884,0.20415140415140415,0.38754578754578756,0.21343101343101342,0.5938949938949939,0.525030525030525,0.1711843711843712,0.1282051282051282,0.5538461538461539,0.505006105006105,0.14065934065934066
0.2578754578754579,0.42124542124542125,0.18656898656898657,0.09768009768009768,0.22905982905982905,0.3308913308913309,0.6446886446886447,0.3978021978021978,0.13382173382173382,0.3597069597069597,0.1514041514041514,0.2805860805860806,0.0673992673992674,0.5658119658119658,0.4891330891330891,0.6991452991452991,0.15262515262515264,0.11819291819291819,0.5738705738705738,0.4473748473748474,0.21294261294261294,0.35311355311355314,0.15115995115995115,0.115995115995116,0.12307692307692308,0.567032967032967,0.2087912087912088,0.33992673992673994,0.4288156288156288,0.5313797313797314,0.126007326007326,0.23028083028083027,0.22246642246642245,0.25811965811965815,0.25006105006105006,0.49963369963369964,0.7023199023199023,0.5235653235653236,0.5824175824175825,0.32063492063492066,0.0884004884004884,0.09572649572649573,0.5308913308913309,0.3001221001221001,0.8249084249084249,0.6273504273504273,0.43736263736263736,0.3496947496947497,0.5374847374847375,0.1496947496947497,0.19096459096459095,0.41855921855921857,0.19926739926739928,0.3706959706959707,0.02564102564102564,0.18046398046398046,0.37142857142857144,0.6349206349206349,0.590964590964591,0.31306471306471306,0.22954822954822954,0.2725274725274725,0.13528693528693528,0.12796092796092795,0.16336996336996337,0.4984126984126984,0.4945054945054945,0.6239316239316239,0.08693528693528693,0.19877899877899877,0.37362637362637363,0.21636141636141637,0.5728937728937729,0.5406593406593406,0.16825396825396827,0.13406593406593406,0.5435897435897435,0.4891330891330891,0.1391941391941392
0.2512820512820513,0.431990231990232,0.19633699633699633,0.09768009768009768,0.23931623931623933,0.35653235653235654,0.6332112332112332,0.38461538461538464,0.14285714285714285,0.3474969474969475,0.14481074481074482,0.2678876678876679,0.06715506715506715,0.5699633699633699,0.47374847374847373,0.7120879120879121,0.14822954822954823,0.11184371184371185,0.5687423687423687,0.44542124542124545,0.21318681318681318,0.3831501831501832,0.147008547008547,0.11282051282051282,0.1242979242979243,0.5582417582417583,0.24297924297924298,0.32722832722832723,0.4141636141636142,0.5103785103785103,0.12136752136752137,0.27106227106227104,0.2568986568986569,0.25225885225885225,0.24175824175824176,0.4835164835164835,0.6962148962148962,0.5081807081807082,0.577045177045177,0.31062271062271063,0.08644688644688645,0.10134310134310134,0.5543345543345544,0.34114774114774116,0.8417582417582418,0.6092796092796092,0.46153846153846156,0.3367521367521368,0.5245421245421246,0.14676434676434677,0.18534798534798536,0.442002442002442,0.19291819291819293,0.35946275946275946,0.02442002442002442,0.1768009768009768,0.36288156288156287,0.6488400488400489,0.5738705738705738,0.3045177045177045,0.2669108669108669,0.2661782661782662,0.13357753357753357,0.12551892551892552,0.15824175824175823,0.4862026862026862,0.47814407814407817,0.639072039072039,0.08424908424908426,0.1934065934065934,0.3597069597069597,0.21953601953601953,0.5528693528693529,0.5538461538461539,0.1663003663003663,0.14358974358974358,0.5313797313797314,0.47374847374847373,0.13846153846153847
0.2463980463980464,0.4405372405372405,0.2105006105006105,0.10012210012210013,0.2485958485958486,0.38217338217338215,0.6188034188034188,0.3728937728937729,0.15531135531135531,0.3355311355311355,0.13821733821733823,0.25567765567765566,0.06788766788766788,0.5738705738705738,0.4586080586080586,0.7230769230769231,0.14407814407814407,0.10598290598290598,0.5611721611721612,0.44175824175824174,0.21587301587301588,0.41147741147741146,0.14285714285714285,0.11013431013431013,0.12796092796092795,0.5470085470085471,0.2800976800976801,0.3145299145299145,0.39951159951159954,0.48986568986568985,0.11697191697191697,0.3076923076923077,0.29816849816849816,0.24566544566544565,0.2336996336996337,0.4673992673992674,0.6864468864468865,0.4927960927960928,0.5694749694749695,0.3006105006105006,0.08644688644688645,0.11184371184371185,0.5746031746031746,0.378021978021978,0.8571428571428571,0.5914529914529915,0.4835164835164835,0.32405372405372407,0.5103785103785103,0.14505494505494507,0.1807081807081807,0.4644688644688645,0.18656898656898657,0.3482295482295482,0.023687423687423687,0.1746031746031746,0.3540903540903541,0.6600732600732601,0.5555555555555556,0.2962148962148962,0.306959706959707,0.2595848595848596,0.13211233211233211,0.12283272283272283,0.15335775335775337,0.473992673992674,0.4542124542124542,0.6544566544566545,0.08131868131868132,0.18803418803418803,0.346031746031746,0.22246642246642245,0.5335775335775336,0.5626373626373626,0.16361416361416362,0.157997557997558,0.5164835164835165,0.45885225885225883,0.14017094017094017
0.24151404151404152,0.4495726495726496,0.22905982905982905,0.10573870573870574,0.25934065934065936,0.4070818070818071,0.6021978021978022,0.3626373626373626,0.17264957264957265,0.32332112332112334,0.13162393162393163,0.2442002442002442,0.06910866910866911,0.5758241758241758,0.44346764346764345,0.7316239316239316,0.14017094017094017,0.10036630036630037,0.550915750915751,0.4363858363858364,0.22246642246642245,0.43785103785103785,0.1387057387057387,0.10964590964590964,0.13504273504273503,0.5335775335775336,0.3177045177045177,0.30207570207570206,0.3851037851037851,0.47057387057387057,0.11404151404151404,0.34163614163614164,0.3426129426129426,0.2385836385836386,0.22564102564102564,0.45152625152625153,0.6737484737484738,0.47912087912087914,0.5594627594627595,0.2905982905982906,0.08937728937728938,0.12869352869352868,0.5897435897435898,0.41733821733821735,0.8700854700854701,0.5743589743589743,0.503052503052503,0.31135531135531136,0.4925518925518926,0.14383394383394382,0.17533577533577532,0.484981684981685,0.1807081807081807,0.3374847374847375,0.024175824175824177,0.1724053724053724,0.34505494505494505,0.6686202686202686,0.5365079365079365,0.28815628815628813,0.34725274725274724,0.25396825396825395,0.12942612942612944,0.1199023199023199,0.14847374847374847,0.4622710622710623,0.4388278388278388,0.6683760683760683,0.07814407814407814,0.1829059829059829,0.33284493284493283,0.22515262515262516,0.5157509157509158,0.5684981684981685,0.16043956043956045,0.17777777777777778,0.5003663003663004,0.42417582417582417,0.14652014652014653
0.23565323565323565,0.45714285714285713,0.2512820512820513,0.11477411477411477,0.2717948717948718,0.43052503052503055,0.5858363858363859,0.3516483516483517,0.19487179487179487,0.3115995115995116,0.12551892551892552,0.2354090354090354,0.0695970695970696,0.5758241758241758,0.4288156288156288,0.7372405372405373,0.13675213675213677,0.09499389499389499,0.5396825396825397,0.4293040293040293,0.23296703296703297,0.4622710622710623,0.1343101343101343,0.1111111111111111,0.14627594627594628,0.518925518925519,0.3553113553113553,0.28962148962148965,0.37094017094017095,0.45225885225885226,0.11184371184371185,0.37826617826617825,0.38754578754578756,0.2315018315018315,0.21782661782661783,0.43565323565323566,0.6581196581196581,0.46593406593406594,0.5470085470085471,0.28083028083028083,0.0971916971916972,0.14847374847374847,0.600976800976801,0.45567765567765567,0.8800976800976801,0.557997557997558,0.5199023199023199,0.2989010989010989,0.4766788766788767,0.14212454212454212,0.16971916971916973,0.503052503052503,0.17484737484737484,0.32844932844932845,0.02564102564102564,0.16947496947496948,0.33601953601953605,0.6744810744810745,0.517948717948718,0.2805860805860806,0.38217338217338215,0.2490842490842491,0.126007326007326,0.11697191697191697,0.14383394383394382,0.4503052503052503,0.42466422466422465,0.6800976800976801,0.07521367521367521,0.17777777777777778,0.31965811965811963,0.2271062271062271,0.5001221001221001,0.5741147741147741,0.15702075702075702,0.2026862026862027,0.48253968253968255,0.37997557997557996,0.15824175824175823
0.22954822954822954,0.4634920634920635,0.27594627594627597,0.12844932844932844,0.2857142857142857,0.452991452991453,0.5697191697191697,0.3404151404151404,0.22124542124542124,0.29987789987789987,0.11965811965811966,0.2275946275946276,0.07008547008547009,0.5736263736263736,0.41440781440781443,0.7394383394383395,0.13357753357753357,0.09010989010989011,0.5272283272283272,0.4175824175824176,0.24810744810744811,0.484004884004884,0.13015873015873017,0.11452991452991453,0.1623931623931624,0.503052503052503,0.3916971916971917,0.2778998778998779,0.35702075702075703,0.43614163614163615,0.10891330891330891,0.4148962148962149,0.4307692307692308,0.22466422466422467,0.21025641025641026,0.42002442002442003,0.6417582417582418,0.45225885225885226,0.5328449328449328,0.27106227106227104,0.11037851037851037,0.17167277167277167,0.6122100122100123,0.49108669108669106,0.8869352869352869,0.5421245421245421,0.5340659340659341,0.2869352869352869,0.4666666666666667,0.13992673992673993,0.16385836385836386,0.5186813186813187,0.16923076923076924,0.3199023199023199,0.026373626373626374,0.1663003663003663,0.32722832722832723,0.6771672771672772,0.5001221001221001,0.27326007326007323,0.4129426129426129,0.24346764346764346,0.12283272283272283,0.11428571428571428,0.13968253968253969,0.4388278388278388,0.39902319902319905,0.6893772893772894,0.07252747252747253,0.17313797313797313,0.3064713064713065,0.22832722832722832,0.48644688644688644,0.5785103785103786,0.15384615384615385,0.23247863247863249,0.46422466422466424,0.35311355311355314,0.17387057387057386
0.22344322344322345,0.4678876678876679,0.30207570207570206,0.14627594627594628,0.30085470085470084,0.4742368742368742,0.5518925518925519,0.32967032967032966,0.25054945054945055,0.28815628815628813,0.11526251526251527,0.2188034188034188,0.07008547008547009,0.5687423687423687,0.40024420024420027,0.7387057387057387,0.13064713064713065,0.08644688644688645,0.513064713064713,0.40586080586080586,0.2673992673992674,0.5037851037851038,0.1264957264957265,0.12136752136752137,0.18339438339438338,0.4866910866910867,0.4261294261294261,0.2664224664224664,0.3431013431013431,0.42173382173382173,0.10573870573870574,0.4490842490842491,0.47155067155067154,0.21855921855921856,0.20317460317460317,0.4043956043956044,0.6249084249084249,0.4376068376068376,0.5177045177045178,0.26202686202686204,0.1308913308913309,0.20146520146520147,0.621978021978022,0.5230769230769231,0.8898656898656898,0.526984126984127,0.5455433455433455,0.27521367521367524,0.4666666666666667,0.13797313797313798,0.15824175824175823,0.5321123321123321,0.16483516483516483,0.3103785103785104,0.026617826617826617,0.16263736263736264,0.3184371184371184,0.676923076923077,0.4827838827838828,0.26666666666666666,0.44517704517704515,0.23785103785103784,0.11941391941391942,0.11184371184371185,0.13577533577533576,0.4271062271062271,0.3851037851037851,0.6962148962148962,0.07008547008547009,0.16874236874236875,0.2937728937728938,0.22857142857142856,0.4725274725274725,0.5816849816849817,0.15067155067155066,0.2656898656898657,0.44590964590964594,0.33528693528693526,0.19511599511599512
0.21733821733821734,0.47057387057387057,0.3286935286935287,0.1675213675213675,0.31697191697191696,0.4913308913308913,0.5340659340659341,0.31868131868131866,0.28156288156288156,0.27912087912087913,0.11184371184371185,0.20927960927960929,0.07008547008547009,0.5614163614163614,0.3860805860805861,0.7343101343101343,0.12942612942612944,0.08351648351648351,0.4976800976800977,0.3968253968253968,0.29010989010989013,0.5213675213675214,0.12380952380952381,0.1330891330891331,0.20854700854700856,0.4708180708180708,0.4581196581196581,0.2554334554334554,0.33137973137973137,0.4065934065934066,0.10256410256410256,0.48083028083028084,0.5089133089133089,0.2126984126984127,0.19658119658119658,0.39096459096459096,0.6063492063492063,0.4231990231990232,0.5018315018315018,0.25274725274725274,0.1540903540903541,0.23614163614163614,0.6293040293040293,0.5514041514041514,0.8891330891330891,0.5118437118437118,0.5543345543345544,0.26544566544566545,0.4678876678876679,0.13577533577533576,0.1523809523809524,0.5433455433455433,0.16117216117216118,0.3006105006105006,0.026617826617826617,0.15897435897435896,0.31013431013431014,0.6737484737484738,0.4669108669108669,0.2605616605616606,0.4764346764346764,0.23174603174603176,0.11575091575091576,0.11013431013431013,0.13211233211233211,0.41562881562881565,0.37142857142857144,0.7001221001221001,0.0673992673992674,0.1641025641025641,0.28327228327228327,0.2275946275946276,0.4586080586080586,0.582905982905983,0.14774114774114774,0.30085470085470084,0.4278388278388278,0.32283272283272285,0.22661782661782662
0.21123321123321123,0.47106227106227105,0.35482295482295484,0.1916971916971917,0.3308913308913309,0.505982905982906,0.515995115995116,0.30842490842490844,0.3133089133089133,0.2708180708180708,0.1076923076923077,0.20024420024420025,0.07008547008547009,0.5518925518925519,0.37191697191697193,0.7262515262515262,0.12869352869352868,0.0800976800976801,0.4818070818070818,0.41440781440781443,0.31477411477411477,0.5362637362637362,0.12307692307692308,0.1509157509157509,0.23663003663003662,0.4554334554334554,0.48766788766788766,0.24664224664224665,0.32063492063492066,0.3912087912087912,0.09914529914529914,0.5094017094017094,0.5426129426129426,0.20732600732600734,0.1916971916971917,0.3785103785103785,0.5868131868131868,0.409035409035409,0.4857142857142857,0.24517704517704517,0.18168498168498168,0.2744810744810745,0.6336996336996337,0.5765567765567765,0.8847374847374847,0.49694749694749696,0.5594627594627595,0.2568986568986569,0.4622710622710623,0.13382173382173382,0.14676434676434677,0.5523809523809524,0.15677655677655677,0.2910866910866911,0.026617826617826617,0.15555555555555556,0.3018315018315018,0.6671550671550671,0.452991452991453,0.2537240537240537,0.5054945054945055,0.22612942612942613,0.11233211233211234,0.10989010989010989,0.1282051282051282,0.40512820512820513,0.3443223443223443,0.7018315018315018,0.06495726495726496,0.16043956043956045,0.27350427350427353,0.2253968253968254,0.44468864468864466,0.5824175824175825,0.14505494505494507,0.33650793650793653,0.41098901098901097,0.31306471306471306,0.26666666666666666
0.20537240537240536,0.46984126984126984,0.37948717948717947,0.21782661782661783,0.3431013431013431,0.5208791208791209,0.4981684981684982,0.29816849816849816,0.34505494505494505,0.2617826617826618,0.10305250305250305,0.19096459096459095,0.0695970695970696,0.5401709401709401,0.35824175824175825,0.715995115995116,0.12698412698412698,0.0761904761904762,0.46593406593406594,0.44297924297924296,0.34114774114774116,0.5492063492063493,0.12551892551892552,0.1746031746031746,0.26666666666666666,0.4402930402930403,0.5145299145299145,0.23882783882783884,0.3089133089133089,0.37606837606837606,0.09572649572649573,0.5347985347985348,0.5724053724053724,0.2021978021978022,0.1877899877899878,0.36507936507936506,0.5675213675213675,0.39536019536019534,0.47057387057387057,0.23833943833943835,0.21684981684981686,0.31355311355311355,0.6351648351648351,0.5985347985347985,0.8764346764346764,0.48253968253968255,0.5611721611721612,0.24786324786324787,0.45616605616605616,0.13162393162393163,0.1413919413919414,0.5587301587301587,0.15189255189255188,0.28205128205128205,0.026862026862026864,0.1536019536019536,0.2945054945054945,0.6581196581196581,0.4405372405372405,0.2463980463980464,0.5316239316239316,0.221001221001221,0.10891330891330891,0.11233211233211234,0.12576312576312576,0.39536019536019534,0.33137973137973137,0.7001221001221001,0.063003663003663,0.15775335775335775,0.26275946275946277,0.22173382173382172,0.4312576312576313,0.5797313797313798,0.14236874236874236,0.37094017094017095,0.39658119658119656,0.30378510378510376,0.31404151404151404
0.19926739926739928,0.4666666666666667,0.40293040293040294,0.24175824175824176,0.35653235653235654,0.5355311355311355,0.48083028083028084,0.2886446886446886,0.3755799755799756,0.2525030525030525,0.09841269841269841,0.18192918192918192,0.06935286935286936,0.526984126984127,0.34505494505494505,0.7032967032967034,0.12527472527472527,0.07228327228327229,0.4507936507936508,0.4485958485958486,0.3672771672771673,0.55995115995116,0.13137973137973138,0.20341880341880342,0.29743589743589743,0.4261294261294261,0.5387057387057387,0.23028083028083027,0.29645909645909646,0.3609279609279609,0.09206349206349207,0.557020757020757,0.5985347985347985,0.19755799755799755,0.18339438339438338,0.35115995115995113,0.5487179487179488,0.38217338217338215,0.4568986568986569,0.23076923076923078,0.2576312576312576,0.35262515262515265,0.6334554334554334,0.6178266178266179,0.864957264957265,0.4695970695970696,0.5616605616605617,0.23833943833943835,0.44713064713064715,0.12967032967032968,0.13626373626373625,0.5631257631257631,0.14676434676434677,0.27350427350427353,0.027106227106227107,0.15384615384615385,0.28766788766788765,0.6468864468864469,0.4278388278388278,0.23931623931623933,0.5543345543345544,0.21587301587301588,0.10573870573870574,0.11868131868131868,0.1242979242979243,0.38534798534798537,0.3189255189255189,0.6954822954822955,0.060805860805860805,0.15531135531135531,0.252014652014652,0.21733821733821734,0.41782661782661784,0.575091575091575,0.13992673992673993,0.40341880341880343,0.38412698412698415,0.294993894993895,0.36556776556776555
0.1934065934065934,0.4612942612942613,0.421978021978022,0.2647130647130647,0.3694749694749695,0.5487179487179488,0.463980463980464,0.27912087912087913,0.40463980463980465,0.24346764346764346,0.09352869352869353,0.17338217338217338,0.06910866910866911,0.5123321123321123,0.3338217338217338,0.6871794871794872,0.12356532356532357,0.06862026862026863,0.4358974358974359,0.44297924297924296,0.3934065934065934,0.5667887667887668,0.14212454212454212,0.23687423687423687,0.3274725274725275,0.4126984126984127,0.5572649572649573,0.22148962148962148,0.28376068376068375,0.346031746031746,0.08864468864468865,0.5758241758241758,0.621978021978022,0.19413919413919414,0.17875457875457876,0.33724053724053726,0.5306471306471306,0.36923076923076925,0.4442002442002442,0.22295482295482297,0.3018315018315018,0.3907203907203907,0.6280830280830281,0.6341880341880342,0.85006105006105,0.45714285714285713,0.55995115995116,0.22905982905982905,0.4363858363858364,0.12747252747252746,0.13113553113553114,0.5653235653235653,0.1413919413919414,0.2652014652014652,0.02783882783882784,0.15775335775335775,0.283028083028083,0.6329670329670329,0.41514041514041516,0.23174603174603176,0.5738705738705738,0.21123321123321123,0.10256410256410256,0.12796092796092795,0.12185592185592185,0.37533577533577533,0.3013431013431013,0.6881562881562882,0.060073260073260075,0.1523809523809524,0.24151404151404152,0.21196581196581196,0.40512820512820513,0.5682539682539682,0.13772893772893774,0.4297924297924298,0.37142857142857144,0.28644688644688643,0.4197802197802198
0.18803418803418803,0.4542124542124542,0.4385836385836386,0.28913308913308916,0.38168498168498166,0.5601953601953602,0.44761904761904764,0.2698412698412698,0.4315018315018315,0.2341880341880342,0.08913308913308914,0.16507936507936508,0.06886446886446887,0.4984126984126984,0.3235653235653236,0.6686202686202686,0.12185592185592185,0.06495726495726496,0.421978021978022,0.4324786324786325,0.4148962148962149,0.5706959706959707,0.15848595848595848,0.27277167277167275,0.3567765567765568,0.39951159951159954,0.5716727716727716,0.2126984126984127,0.2713064713064713,0.3316239316239316,0.08498168498168499,0.591941391941392,0.6393162393162393,0.19145299145299147,0.17387057387057386,0.3235653235653236,0.5133089133089133,0.35653235653235654,0.4312576312576313,0.2148962148962149,0.34725274725274724,0.42686202686202684,0.6192918192918193,0.6473748473748474,0.8332112332112332,0.4442002442002442,0.5557997557997558,0.22026862026862026,0.4253968253968254,0.1264957264957265,0.12673992673992673,0.5641025641025641,0.1365079365079365,0.2571428571428571,0.02857142857142857,0.1663003663003663,0.28034188034188035,0.6168498168498169,0.40293040293040294,0.22466422466422467,0.5904761904761905,0.20683760683760682,0.09987789987789988,0.1413919413919414,0.11892551892551892,0.3653235653235653,0.29010989010989013,0.6778998778998779,0.060073260073260075,0.14945054945054945,0.23125763125763127,0.2061050061050061,0.39267399267399267,0.5594627594627595,0.13553113553113552,0.4512820512820513,0.3592185592185592,0.27814407814407816,0.4735042735042735
0.1838827838827839,0.44664224664224667,0.4559218559218559,0.31404151404151404,0.3924297924297924,0.5706959706959707,0.43174603174603177,0.2608058608058608,0.452991452991453,0.2253968253968254,0.08473748473748474,0.15702075702075702,0.06886446886446887,0.484981684981685,0.3125763125763126,0.6485958485958486,0.12161172161172161,0.06153846153846154,0.4087912087912088,0.42002442002442003,0.43345543345543347,0.5736263736263736,0.18192918192918192,0.31013431013431014,0.38461538461538464,0.3882783882783883,0.5865689865689866,0.20366300366300366,0.25934065934065936,0.31746031746031744,0.08180708180708181,0.6046398046398046,0.6527472527472528,0.18852258852258852,0.16947496947496948,0.31062271062271063,0.4967032967032967,0.3440781440781441,0.41855921855921857,0.20732600732600734,0.39194139194139194,0.4603174603174603,0.6078144078144078,0.6559218559218559,0.8144078144078144,0.43052503052503055,0.548962148962149,0.21172161172161172,0.4134310134310134,0.1264957264957265,0.12356532356532357,0.5604395604395604,0.13137973137973138,0.24932844932844933,0.029548229548229547,0.1807081807081807,0.27912087912087913,0.5995115995115995,0.39096459096459096,0.2175824175824176,0.6039072039072039,0.2021978021978022,0.0971916971916972,0.17606837606837608,0.115995115995116,0.3553113553113553,0.27936507936507937,0.6656898656898657,0.05934065934065934,0.14627594627594628,0.22148962148962148,0.2,0.3807081807081807,0.5487179487179488,0.1343101343101343,0.4725274725274725,0.347008547008547,0.2703296703296703,0.5247863247863248
0.18217338217338216,0.43833943833943834,0.47374847374847373,0.3384615384615385,0.40195360195360197,0.5782661782661783,0.4158730158730159,0.25225885225885225,0.47106227106227105,0.21684981684981686,0.08034188034188035,0.14993894993894993,0.06862026862026863,0.47057387057387057,0.3013431013431013,0.6275946275946276,0.12307692307692308,0.05811965811965812,0.3960927960927961,0.4070818070818071,0.45274725274725275,0.5746031746031746,0.21245421245421245,0.347008547008547,0.4070818070818071,0.37826617826617825,0.5997557997557997,0.1956043956043956,0.24786324786324787,0.3032967032967033,0.07985347985347985,0.6126984126984127,0.6661782661782661,0.18534798534798536,0.16507936507936508,0.2979242979242979,0.48083028083028084,0.33235653235653234,0.4061050061050061,0.2,0.4341880341880342,0.4913308913308913,0.5936507936507937,0.6605616605616605,0.7941391941391941,0.41733821733821735,0.5396825396825397,0.20366300366300366,0.40195360195360197,0.1282051282051282,0.12112332112332112,0.5553113553113553,0.12673992673992673,0.24151404151404152,0.03076923076923077,0.1978021978021978,0.28034188034188035,0.5811965811965812,0.37948717948717947,0.210989010989011,0.6146520146520147,0.19829059829059828,0.09597069597069598,0.22686202686202686,0.11330891330891331,0.34554334554334554,0.27057387057387056,0.652014652014652,0.058363858363858365,0.14285714285714285,0.21196581196581196,0.19413919413919414,0.36923076923076925,0.5377289377289377,0.13406593406593406,0.4918192918192918,0.3355311355311355,0.2622710622710623,0.5726495726495726
0.18363858363858365,0.42905982905982903,0.4905982905982906,0.36166056166056165,0.41001221001221,0.5824175824175825,0.4004884004884005,0.2454212454212454,0.48986568986568985,0.2087912087912088,0.07594627594627594,0.14334554334554334,0.06910866910866911,0.4559218559218559,0.28962148962148965,0.6056166056166056,0.12722832722832722,0.05518925518925519,0.38363858363858366,0.3951159951159951,0.4708180708180708,0.5736263736263736,0.2490842490842491,0.38266178266178263,0.42588522588522587,0.3672771672771673,0.610989010989011,0.18754578754578755,0.23687423687423687,0.2893772893772894,0.08034188034188035,0.6175824175824176,0.6788766788766789,0.18339438339438338,0.1514041514041514,0.28595848595848594,0.46544566544566546,0.32063492063492066,0.39365079365079364,0.19267399267399268,0.473015873015873,0.5194139194139195,0.5787545787545788,0.6644688644688644,0.7724053724053724,0.4039072039072039,0.5277167277167277,0.19584859584859585,0.3877899877899878,0.13235653235653236,0.11794871794871795,0.5482295482295483,0.12185592185592185,0.2341880341880342,0.03296703296703297,0.21904761904761905,0.2847374847374847,0.5628815628815629,0.36800976800976803,0.20415140415140415,0.6224664224664225,0.19487179487179487,0.09572649572649573,0.2766788766788767,0.1115995115995116,0.33601953601953605,0.2625152625152625,0.6366300366300366,0.057631257631257635,0.13968253968253969,0.20317460317460317,0.18803418803418803,0.35775335775335776,0.526007326007326,0.13284493284493284,0.5086691086691086,0.32454212454212455,0.2542124542124542,0.6158730158730159
0.189010989010989,0.4192918192918193,0.5064713064713064,0.3833943833943834,0.4158730158730159,0.5843711843711844,0.3868131868131868,0.23931623931623933,0.5079365079365079,0.20073260073260074,0.07179487179487179,0.136996336996337,0.07032967032967033,0.44175824175824174,0.2783882783882784,0.5841269841269842,0.13577533577533576,0.05225885225885226,0.37142857142857144,0.38412698412698415,0.48766788766788766,0.5699633699633699,0.2903540903540904,0.41196581196581195,0.44542124542124545,0.3557997557997558,0.6195360195360196,0.18021978021978022,0.22661782661782662,0.27594627594627597,0.08424908424908426,0.6207570207570208,0.6898656898656899,0.18339438339438338,0.13357753357753357,0.273992673992674,0.45103785103785105,0.3108669108669109,0.38168498168498166,0.18534798534798536,0.5086691086691086,0.5443223443223443,0.5636141636141636,0.6661782661782661,0.7499389499389499,0.3907203907203907,0.5142857142857142,0.1877899877899878,0.37533577533577533,0.13968253968253969,0.11428571428571428,0.5389499389499389,0.11721611721611722,0.2271062271062271,0.03565323565323565,0.24786324786324787,0.2920634920634921,0.5448107448107448,0.3567765567765568,0.1978021978021978,0.6275946275946276,0.1921855921855922,0.09499389499389499,0.3282051282051282,0.1115995115995116,0.326984126984127,0.2537240537240537,0.6195360195360196,0.056654456654456654,0.13675213675213677,0.19462759462759463,0.1824175824175824,0.3474969474969475,0.5125763125763125,0.13137973137973138,0.5221001221001221,0.31355311355311355,0.2463980463980464,0.6542124542124542
0.19877899877899877,0.4095238095238095,0.5213675213675214,0.4031746031746032,0.42002442002442003,0.5841269841269842,0.37435897435897436,0.23247863247863249,0.5247863247863248,0.1934065934065934,0.06813186813186813,0.13284493284493284,0.07032967032967033,0.4283272283272283,0.26764346764346764,0.5636141636141636,0.1496947496947497,0.04932844932844933,0.36117216117216117,0.3724053724053724,0.5025641025641026,0.5636141636141636,0.3343101343101343,0.4368742368742369,0.46422466422466424,0.3443223443223443,0.6258852258852259,0.17338217338217338,0.21684981684981686,0.26422466422466423,0.09206349206349207,0.6214896214896215,0.6986568986568986,0.18656898656898657,0.12283272283272283,0.2625152625152625,0.43785103785103785,0.30207570207570206,0.3694749694749695,0.178998778998779,0.5404151404151404,0.5631257631257631,0.5462759462759462,0.6652014652014652,0.7274725274725274,0.37777777777777777,0.49914529914529915,0.18021978021978022,0.3665445665445665,0.15189255189255188,0.11086691086691086,0.5277167277167277,0.11282051282051282,0.22148962148962148,0.03711843711843712,0.28156288156288156,0.3023199023199023,0.5274725274725275,0.3457875457875458,0.1916971916971917,0.629059829059829,0.18925518925518925,0.0945054945054945,0.3807081807081807,0.11477411477411477,0.3181929181929182,0.24444444444444444,0.6017094017094017,0.055921855921855924,0.13406593406593406,0.18656898656898657,0.17753357753357754,0.3384615384615385,0.4989010989010989,0.12991452991452992,0.5328449328449328,0.3028083028083028,0.23833943833943835,0.6879120879120879
0.21343101343101342,0.4,0.5343101343101343,0.42075702075702076,0.421978021978022,0.5811965811965812,0.36117216117216117,0.2253968253968254,0.5399267399267399,0.18632478632478633,0.06666666666666667,0.12967032967032968,0.07008547008547009,0.41514041514041516,0.2568986568986569,0.5433455433455433,0.16971916971916973,0.04786324786324787,0.3514041514041514,0.3606837606837607,0.515995115995116,0.5545787545787546,0.37948717948717947,0.46251526251526254,0.48205128205128206,0.3326007326007326,0.629059829059829,0.16678876678876678,0.20757020757020758,0.2542124542124542,0.10622710622710622,0.6190476190476191,0.705006105006105,0.19413919413919414,0.11575091575091576,0.2515262515262515,0.4261294261294261,0.2923076923076923,0.3572649572649573,0.1724053724053724,0.5687423687423687,0.578021978021978,0.5284493284493285,0.6605616605616605,0.7054945054945055,0.3653235653235653,0.4832722832722833,0.17264957264957265,0.35824175824175825,0.16971916971916973,0.10744810744810745,0.5145299145299145,0.10989010989010989,0.21684981684981686,0.0380952380952381,0.3184371184371184,0.31477411477411477,0.5108669108669108,0.33455433455433453,0.18656898656898657,0.6275946275946276,0.18632478632478633,0.09474969474969475,0.43345543345543347,0.12283272283272283,0.3094017094017094,0.2354090354090354,0.582905982905983,0.05543345543345543,0.13162393162393163,0.178998778998779,0.17387057387057386,0.3286935286935287,0.48473748473748474,0.12844932844932844,0.5401709401709401,0.29181929181929184,0.23076923076923078,0.7125763125763126
0.23394383394383395,0.39023199023199023,0.5457875457875457,0.4363858363858364,0.421978021978022,0.5755799755799755,0.3474969474969475,0.21831501831501832,0.5531135531135531,0.1794871794871795,0.06666666666666667,0.12551892551892552,0.0695970695970696,0.40293040293040294,0.24664224664224665,0.5242979242979243,0.19633699633699633,0.04664224664224664,0.3409035409035409,0.34847374847374846,0.5274725274725275,0.5433455433455433,0.4244200244200244,0.4869352869352869,0.4976800976800977,0.32063492063492066,0.629059829059829,0.1606837606837607,0.2004884004884005,0.24297924297924298,0.12747252747252746,0.6134310134310135,0.7081807081807082,0.2061050061050061,0.11086691086691086,0.24297924297924298,0.41318681318681316,0.28253968253968254,0.3457875457875458,0.1663003663003663,0.5904761904761905,0.5924297924297924,0.5103785103785103,0.6532356532356532,0.6844932844932845,0.35311355311355314,0.4666666666666667,0.16678876678876678,0.3474969474969475,0.19413919413919414,0.10427350427350428,0.5001221001221001,0.1076923076923077,0.21123321123321123,0.03907203907203907,0.35653235653235654,0.3286935286935287,0.49523809523809526,0.3230769230769231,0.1824175824175824,0.6244200244200244,0.18315018315018314,0.09694749694749695,0.48473748473748474,0.136996336996337,0.3013431013431013,0.22661782661782662,0.5643467643467643,0.056654456654456654,0.12942612942612944,0.17313797313797313,0.1711843711843712,0.3184371184371184,0.47057387057387057,0.12722832722832722,0.5445665445665445,0.2810744810744811,0.22417582417582418,0.7316239316239316
0.2590964590964591,0.3807081807081807,0.5548229548229549,0.4503052503052503,0.42002442002442003,0.568009768009768,0.33406593406593404,0.21147741147741148,0.5645909645909646,0.1746031746031746,0.06788766788766788,0.12087912087912088,0.07057387057387057,0.3907203907203907,0.23687423687423687,0.505982905982906,0.22393162393162394,0.04468864468864469,0.32967032967032966,0.33650793650793653,0.536996336996337,0.5304029304029304,0.4673992673992674,0.5094017094017094,0.5115995115995116,0.3089133089133089,0.6258852258852259,0.15482295482295483,0.19462759462759463,0.2315018315018315,0.15702075702075702,0.6041514041514041,0.708913308913309,0.22344322344322345,0.10671550671550671,0.23614163614163614,0.39951159951159954,0.27277167277167275,0.3343101343101343,0.16043956043956045,0.6075702075702075,0.6056166056166056,0.4925518925518926,0.6432234432234433,0.6644688644688644,0.3418803418803419,0.4507936507936508,0.16214896214896216,0.33724053724053726,0.22393162393162394,0.10134310134310134,0.48473748473748474,0.10476190476190476,0.20537240537240536,0.03956043956043956,0.39365079365079364,0.34285714285714286,0.48083028083028084,0.3133089133089133,0.17777777777777778,0.6188034188034188,0.18021978021978022,0.10256410256410256,0.5328449328449328,0.15824175824175823,0.29426129426129427,0.21782661782661783,0.5467643467643467,0.060805860805860805,0.12722832722832722,0.16825396825396827,0.16874236874236875,0.30793650793650795,0.4568986568986569,0.126007326007326,0.5457875457875457,0.2708180708180708,0.21855921855921856,0.7501831501831502
0.2879120879120879,0.37142857142857144,0.5619047619047619,0.4617826617826618,0.4163614163614164,0.557997557997558,0.3201465201465201,0.20488400488400488,0.5738705738705738,0.1706959706959707,0.07179487179487179,0.115995115995116,0.07374847374847375,0.378998778998779,0.2271062271062271,0.48986568986568985,0.252991452991453,0.04249084249084249,0.3181929181929182,0.3242979242979243,0.5445665445665445,0.5162393162393163,0.503052503052503,0.5299145299145299,0.5233211233211233,0.29743589743589743,0.6195360195360196,0.15067155067155066,0.18754578754578755,0.22002442002442002,0.19413919413919414,0.591941391941392,0.7062271062271063,0.2463980463980464,0.10402930402930403,0.22832722832722832,0.3860805860805861,0.25860805860805863,0.3230769230769231,0.15604395604395604,0.6249084249084249,0.6166056166056166,0.47545787545787543,0.6305250305250305,0.6451770451770452,0.33186813186813185,0.4368742368742369,0.1562881562881563,0.3299145299145299,0.2590964590964591,0.09865689865689865,0.4686202686202686,0.10134310134310134,0.19926739926739928,0.04004884004884005,0.42857142857142855,0.35653235653235654,0.46715506715506716,0.3045177045177045,0.17264957264957265,0.6102564102564103,0.1772893772893773,0.11306471306471307,0.577045177045177,0.1873015873015873,0.2879120879120879,0.20976800976800977,0.5294261294261294,0.06910866910866911,0.12551892551892552,0.1623931623931624,0.16605616605616605,0.29743589743589743,0.44395604395604393,0.12503052503052503,0.544078144078144,0.2608058608058608,0.21196581196581196,0.7465201465201465
0.3199023199023199,0.3626373626373626,0.5667887667887668,0.46984126984126984,0.41147741147741146,0.546031746031746,0.3064713064713065,0.19877899877899877,0.580952380952381,0.16605616605616605,0.0800976800976801,0.1115995115995116,0.08131868131868132,0.3672771672771673,0.21782661782661783,0.4752136752136752,0.28815628815628813,0.04053724053724054,0.3064713064713065,0.31184371184371185,0.54993894993895,0.5015873015873016,0.5330891330891331,0.5477411477411478,0.5330891330891331,0.2862026862026862,0.6102564102564103,0.14725274725274726,0.18021978021978022,0.20854700854700856,0.23663003663003662,0.5768009768009768,0.7006105006105006,0.27350427350427353,0.10256410256410256,0.22002442002442002,0.37216117216117217,0.24981684981684982,0.31184371184371185,0.1523809523809524,0.6405372405372405,0.6249084249084249,0.4593406593406593,0.6153846153846154,0.6271062271062271,0.3230769230769231,0.4236874236874237,0.14993894993894993,0.32161172161172163,0.29743589743589743,0.09597069597069598,0.45274725274725275,0.09816849816849817,0.19365079365079366,0.04053724053724054,0.46007326007326005,0.3684981684981685,0.4554334554334554,0.29474969474969476,0.16776556776556775,0.599023199023199,0.1746031746031746,0.13064713064713065,0.6168498168498169,0.2175824175824176,0.28083028083028083,0.20146520146520147,0.5133089133089133,0.08351648351648351,0.12503052503052503,0.15604395604395604,0.16336996336996337,0.2869352869352869,0.43174603174603177,0.12405372405372406,0.5396825396825397,0.2525030525030525,0.20537240537240536,0.7301587301587301
0.3536019536019536,0.35433455433455435,0.5684981684981685,0.47448107448107446,0.40463980463980465,0.5326007326007326,0.2937728937728938,0.19316239316239317,0.5855921855921856,0.16092796092796094,0.09401709401709402,0.1072039072039072,0.09401709401709402,0.3557997557997558,0.2105006105006105,0.45958485958485956,0.326984126984127,0.0380952380952381,0.294993894993895,0.29987789987789987,0.5528693528693529,0.48766788766788766,0.5643467643467643,0.5638583638583639,0.5406593406593406,0.27521367521367524,0.5992673992673992,0.14334554334554334,0.1724053724053724,0.1973137973137973,0.28253968253968254,0.5594627594627595,0.6915750915750916,0.2993894993894994,0.09987789987789988,0.21172161172161172,0.3584859584859585,0.24126984126984127,0.30207570207570206,0.147985347985348,0.653968253968254,0.63003663003663,0.44346764346764345,0.5985347985347985,0.6092796092796092,0.31648351648351647,0.4105006105006105,0.14358974358974358,0.31184371184371185,0.3396825396825397,0.09352869352869353,0.43736263736263736,0.09499389499389499,0.18876678876678876,0.04004884004884005,0.48815628815628814,0.37777777777777777,0.4444444444444444,0.2844932844932845,0.16263736263736264,0.5851037851037851,0.17191697191697192,0.15555555555555556,0.6478632478632479,0.2507936507936508,0.2737484737484738,0.19365079365079366,0.4981684981684982,0.1054945054945055,0.12454212454212454,0.14945054945054945,0.16092796092796094,0.27692307692307694,0.4205128205128205,0.12307692307692308,0.5321123321123321,0.24517704517704517,0.19853479853479852,0.725030525030525
0.38754578754578756,0.3465201465201465,0.5672771672771673,0.47814407814407817,0.3960927960927961,0.5181929181929182,0.28205128205128205,0.18803418803418803,0.588034188034188,0.15604395604395604,0.11452991452991453,0.10305250305250305,0.1137973137973138,0.3443223443223443,0.20415140415140415,0.44346764346764345,0.3665445665445665,0.03565323565323565,0.2835164835164835,0.28766788766788765,0.5533577533577534,0.47448107448107446,0.5943833943833944,0.5777777777777777,0.5457875457875457,0.26495726495726496,0.5863247863247864,0.1387057387057387,0.16507936507936508,0.18632478632478633,0.3304029304029304,0.5401709401709401,0.6798534798534799,0.3252747252747253,0.09694749694749695,0.20341880341880342,0.3452991452991453,0.2288156288156288,0.2932844932844933,0.14358974358974358,0.6642246642246642,0.631990231990232,0.4288156288156288,0.5811965811965812,0.5929181929181929,0.3120879120879121,0.3973137973137973,0.13724053724053725,0.3035409035409035,0.38461538461538464,0.09157509157509157,0.4236874236874237,0.09206349206349207,0.18363858363858365,0.0398046398046398,0.5123321123321123,0.38412698412698415,0.43272283272283274,0.273992673992674,0.157997557997558,0.5687423687423687,0.16947496947496948,0.18876678876678876,0.6725274725274726,0.29181929181929184,0.26666666666666666,0.18632478632478633,0.48376068376068376,0.13064713064713065,0.12405372405372406,0.14285714285714285,0.15897435897435896,0.2673992673992674,0.41001221001221,0.12234432234432234,0.5233211233211233,0.2371184371184371,0.19194139194139195,0.7245421245421245
0.42075702075702076,0.3384615384615385,0.5636141636141636,0.47985347985347987,0.38632478632478634,0.5008547008547009,0.2713064713064713,0.18461538461538463,0.5873015873015873,0.1514041514041514,0.14212454212454212,0.0989010989010989,0.1413919413919414,0.3343101343101343,0.19658119658119658,0.4275946275946276,0.4056166056166056,0.033455433455433455,0.2725274725274725,0.2754578754578755,0.5511599511599512,0.4610500610500611,0.621978021978022,0.5892551892551893,0.5484737484737485,0.2568986568986569,0.5709401709401709,0.13406593406593406,0.15775335775335775,0.17606837606837608,0.378021978021978,0.5199023199023199,0.6669108669108669,0.35482295482295484,0.09401709401709402,0.1956043956043956,0.3326007326007326,0.221001221001221,0.2835164835164835,0.1391941391941392,0.6715506715506715,0.6305250305250305,0.4146520146520147,0.5638583638583639,0.578021978021978,0.30915750915750917,0.3848595848595849,0.13113553113553114,0.29865689865689865,0.4283272283272283,0.08937728937728938,0.4117216117216117,0.08913308913308914,0.17875457875457876,0.03956043956043956,0.5328449328449328,0.389010989010989,0.4205128205128205,0.263980463980464,0.1536019536019536,0.5511599511599512,0.1675213675213675,0.22905982905982905,0.6971916971916972,0.33724053724053726,0.2595848595848596,0.178998778998779,0.4708180708180708,0.15995115995115994,0.12356532356532357,0.13675213675213677,0.15677655677655677,0.2576312576312576,0.4,0.12234432234432234,0.5125763125763125,0.22857142857142856,0.18534798534798536,0.7247863247863248
0.452991452991453,0.3316239316239316,0.5572649572649573,0.4793650793650794,0.3755799755799756,0.48547008547008547,0.2625152625152625,0.18339438339438338,0.5841269841269842,0.147008547008547,0.17582417582417584,0.09474969474969475,0.1768009768009768,0.3252747252747253,0.18876678876678876,0.41196581196581195,0.44297924297924296,0.031013431013431014,0.26202686202686204,0.2634920634920635,0.5462759462759462,0.44761904761904764,0.6468864468864469,0.5982905982905983,0.5482295482295483,0.24981684981684982,0.5540903540903541,0.12967032967032968,0.15067155067155066,0.16556776556776556,0.42344322344322344,0.4993894993894994,0.6525030525030525,0.38534798534798537,0.09157509157509157,0.18754578754578755,0.3203907203907204,0.21343101343101342,0.27350427350427353,0.1347985347985348,0.675946275946276,0.6256410256410256,0.40073260073260075,0.5474969474969476,0.5619047619047619,0.3089133089133089,0.3728937728937729,0.12527472527472527,0.29572649572649573,0.46984126984126984,0.08888888888888889,0.39951159951159954,0.08644688644688645,0.17387057387057386,0.039316239316239315,0.5474969474969476,0.3912087912087912,0.40805860805860805,0.2542124542124542,0.1492063492063492,0.5326007326007326,0.16556776556776556,0.26837606837606837,0.7203907203907204,0.38461538461538464,0.25274725274725274,0.17191697191697192,0.4586080586080586,0.199023199023199,0.12380952380952381,0.13113553113553114,0.15482295482295483,0.24835164835164836,0.3904761904761905,0.12283272283272283,0.5001221001221001,0.22002442002442002,0.17924297924297924,0.724053724053724
0.47985347985347987,0.32551892551892553,0.5492063492063493,0.4766788766788767,0.36434676434676433,0.47448107448107446,0.25616605616605614,0.18461538461538463,0.5787545787545788,0.14285714285714285,0.21416361416361415,0.09133089133089133,0.21294261294261294,0.315018315018315,0.18095238095238095,0.39658119658119656,0.47814407814407817,0.02905982905982906,0.2515262515262515,0.2537240537240537,0.5389499389499389,0.4346764346764347,0.6683760683760683,0.6048840048840048,0.5452991452991452,0.24175824175824176,0.5362637362637362,0.12527472527472527,0.14383394383394382,0.15604395604395604,0.4656898656898657,0.4810744810744811,0.6351648351648351,0.4158730158730159,0.09035409035409035,0.17997557997557997,0.3086691086691087,0.20757020757020758,0.2634920634920635,0.13015873015873017,0.6771672771672772,0.6173382173382174,0.3887667887667888,0.5321123321123321,0.5455433455433455,0.3115995115995116,0.36166056166056165,0.11941391941391942,0.29523809523809524,0.5035409035409035,0.08864468864468865,0.3877899877899878,0.08424908424908426,0.16947496947496948,0.04004884004884005,0.5587301587301587,0.39096459096459096,0.39584859584859583,0.24517704517704517,0.14481074481074482,0.513064713064713,0.16507936507936508,0.30842490842490844,0.7409035409035409,0.4307692307692308,0.2459096459096459,0.16654456654456654,0.44590964590964594,0.24444444444444444,0.12576312576312576,0.126007326007326,0.15262515262515264,0.23931623931623933,0.38217338217338215,0.12258852258852258,0.48547008547008547,0.21172161172161172,0.17338217338217338,0.7216117216117216
0.503052503052503,0.3189255189255189,0.5391941391941392,0.472039072039072,0.3536019536019536,0.463003663003663,0.252014652014652,0.18876678876678876,0.5716727716727716,0.1391941391941392,0.25616605616605614,0.08791208791208792,0.25103785103785103,0.3047619047619048,0.17387057387057386,0.38168498168498166,0.5106227106227106,0.027106227106227107,0.24175824175824176,0.24493284493284492,0.5291819291819292,0.4227106227106227,0.6869352869352869,0.6078144078144078,0.5401709401709401,0.23321123321123322,0.517948717948718,0.12136752136752137,0.13724053724053725,0.14627594627594628,0.4993894993894994,0.4644688644688645,0.6168498168498169,0.4444444444444444,0.09084249084249084,0.17216117216117216,0.2971916971916972,0.20293040293040293,0.2537240537240537,0.126007326007326,0.6752136752136753,0.6056166056166056,0.3775335775335775,0.5164835164835165,0.5286935286935287,0.31697191697191696,0.3509157509157509,0.1137973137973138,0.29816849816849816,0.5316239316239316,0.08742368742368742,0.37655677655677655,0.08205128205128205,0.16507936507936508,0.043467643467643466,0.5697191697191697,0.3877899877899878,0.3831501831501832,0.23614163614163614,0.14065934065934066,0.49401709401709404,0.16605616605616605,0.35482295482295484,0.7589743589743589,0.47496947496947495,0.2398046398046398,0.1619047619047619,0.4332112332112332,0.2937728937728938,0.13064713064713065,0.12136752136752137,0.15042735042735042,0.23223443223443224,0.37484737484737485,0.12234432234432234,0.46984126984126984,0.20366300366300366,0.16776556776556775,0.7162393162393162
0.526984126984127,0.3120879120879121,0.5277167277167277,0.46495726495726497,0.3431013431013431,0.45152625152625153,0.25054945054945055,0.1960927960927961,0.5626373626373626,0.13528693528693528,0.3001221001221001,0.0862026862026862,0.29743589743589743,0.29426129426129427,0.16727716727716727,0.3665445665445665,0.5404151404151404,0.026617826617826617,0.23394383394383395,0.23516483516483516,0.5167277167277168,0.41098901098901097,0.7023199023199023,0.6078144078144078,0.5328449328449328,0.22466422466422467,0.5001221001221001,0.11843711843711843,0.1308913308913309,0.136996336996337,0.5272283272283272,0.4473748473748474,0.5978021978021978,0.47106227106227105,0.09426129426129426,0.16507936507936508,0.28595848595848594,0.19755799755799755,0.2442002442002442,0.12234432234432234,0.6698412698412698,0.5934065934065934,0.3653235653235653,0.5010989010989011,0.5118437118437118,0.32454212454212455,0.33992673992673994,0.10818070818070818,0.3047619047619048,0.5597069597069597,0.08595848595848596,0.3658119658119658,0.08034188034188035,0.16214896214896216,0.04981684981684982,0.5792429792429793,0.3819291819291819,0.36996336996337,0.2275946275946276,0.13675213675213677,0.4771672771672772,0.168986568986569,0.40341880341880343,0.7743589743589744,0.5152625152625152,0.23394383394383395,0.1562881562881563,0.4205128205128205,0.3443223443223443,0.1391941391941392,0.11794871794871795,0.147985347985348,0.22612942612942613,0.36678876678876676,0.12185592185592185,0.45396825396825397,0.19633699633699633,0.1623931623931624,0.7084249084249085
0.5501831501831502,0.30500610500610503,0.5152625152625152,0.45567765567765567,0.33308913308913307,0.4402930402930403,0.25103785103785103,0.2070818070818071,0.5516483516483517,0.13162393162393163,0.3440781440781441,0.08571428571428572,0.3474969474969475,0.28376068376068375,0.1606837606837607,0.3516483516483517,0.5675213675213675,0.028083028083028084,0.2271062271062271,0.22515262515262516,0.5020757020757021,0.4,0.7140415140415141,0.6065934065934065,0.5230769230769231,0.21611721611721613,0.4827838827838828,0.11746031746031746,0.12454212454212454,0.13015873015873017,0.5555555555555556,0.4307692307692308,0.5785103785103786,0.49523809523809526,0.10183150183150183,0.157997557997558,0.27643467643467645,0.1921855921855922,0.23467643467643468,0.11843711843711843,0.6612942612942613,0.5797313797313798,0.3528693528693529,0.48644688644688644,0.4945054945054945,0.3338217338217338,0.32967032967032966,0.1028083028083028,0.31306471306471306,0.5863247863247864,0.0844932844932845,0.3553113553113553,0.07887667887667887,0.15995115995115994,0.06153846153846154,0.5865689865689866,0.3738705738705739,0.35702075702075703,0.21953601953601953,0.13357753357753357,0.4617826617826618,0.17435897435897435,0.45152625152625153,0.7868131868131868,0.5518925518925519,0.22832722832722832,0.14993894993894993,0.4078144078144078,0.39365079365079364,0.1523809523809524,0.115995115995116,0.14652014652014653,0.21978021978021978,0.35873015873015873,0.12136752136752137,0.43833943833943834,0.189010989010989,0.1575091575091575,0.6986568986568986
0.5721611721611721,0.2979242979242979,0.5023199023199023,0.44468864468864466,0.32405372405372407,0.4302808302808303,0.25347985347985347,0.22197802197802197,0.5391941391941392,0.12844932844932844,0.38168498168498166,0.08376068376068375,0.3992673992673993,0.2737484737484738,0.1540903540903541,0.33724053724053726,0.5924297924297924,0.03247863247863248,0.21978021978021978,0.21562881562881564,0.48547008547008547,0.389010989010989,0.7223443223443223,0.6031746031746031,0.5111111111111111,0.20757020757020758,0.4666666666666667,0.11941391941391942,0.11843711843711843,0.12503052503052503,0.5821733821733822,0.4148962148962149,0.55995115995116,0.5167277167277168,0.11526251526251527,0.15286935286935288,0.2681318681318681,0.18705738705738706,0.2258852258852259,0.11526251526251527,0.6498168498168498,0.5643467643467643,0.3401709401709402,0.4725274725274725,0.47692307692307695,0.34383394383394383,0.31916971916971915,0.09768009768009768,0.3282051282051282,0.6102564102564103,0.08302808302808302,0.34505494505494505,0.07887667887667887,0.15702075702075702,0.08058608058608059,0.5921855921855922,0.36385836385836384,0.34456654456654456,0.21123321123321123,0.13113553113553114,0.4461538461538462,0.1829059829059829,0.49694749694749696,0.7958485958485958,0.590964590964591,0.22295482295482297,0.14358974358974358,0.3951159951159951,0.44004884004884004,0.1706959706959707,0.11672771672771673,0.14554334554334555,0.2126984126984127,0.3509157509157509,0.12112332112332112,0.4231990231990232,0.18192918192918192,0.1523809523809524,0.6869352869352869
0.5912087912087912,0.29084249084249086,0.48937728937728936,0.432967032967033,0.3155067155067155,0.42075702075702076,0.2571428571428571,0.2407814407814408,0.5262515262515263,0.12673992673992673,0.4148962148962149,0.08156288156288156,0.45006105006105007,0.263980463980464,0.14822954822954823,0.3230769230769231,0.6112332112332113,0.04053724053724054,0.21196581196581196,0.2061050061050061,0.4678876678876679,0.3785103785103785,0.7267399267399267,0.5968253968253968,0.49792429792429793,0.19926739926739928,0.4512820512820513,0.12503052503052503,0.11404151404151404,0.11843711843711843,0.6056166056166056,0.40024420024420027,0.5421245421245421,0.536019536019536,0.1343101343101343,0.14896214896214896,0.2590964590964591,0.18217338217338216,0.21733821733821734,0.11184371184371185,0.6373626373626373,0.5482295482295483,0.32722832722832723,0.4593406593406593,0.45958485958485956,0.35384615384615387,0.30915750915750917,0.0945054945054945,0.34456654456654456,0.631013431013431,0.08131868131868132,0.3347985347985348,0.07985347985347985,0.15384615384615385,0.10964590964590964,0.5956043956043956,0.35262515262515265,0.3326007326007326,0.20317460317460317,0.12967032967032968,0.43052503052503055,0.19511599511599512,0.5387057387057387,0.8024420024420025,0.6288156288156288,0.2175824175824176,0.13724053724053725,0.3824175824175824,0.48205128205128206,0.19413919413919414,0.1203907203907204,0.14407814407814407,0.2056166056166056,0.34285714285714286,0.1203907203907204,0.4087912087912088,0.17484737484737484,0.14847374847374847,0.6730158730158731
0.6078144078144078,0.28376068376068375,0.4764346764346764,0.42075702075702076,0.3086691086691087,0.41074481074481073,0.2622710622710623,0.2625152625152625,0.5123321123321123,0.1264957264957265,0.4503052503052503,0.07912087912087912,0.4981684981684982,0.25445665445665444,0.1426129426129426,0.3094017094017094,0.6263736263736264,0.05396825396825397,0.20463980463980463,0.1973137973137973,0.4495726495726496,0.3682539682539683,0.7274725274725274,0.588034188034188,0.4832722832722833,0.19145299145299147,0.4368742368742369,0.13382173382173382,0.11086691086691086,0.11135531135531136,0.6263736263736264,0.38632478632478634,0.5257631257631258,0.5531135531135531,0.15604395604395604,0.14114774114774115,0.24957264957264957,0.17753357753357754,0.20927960927960929,0.11013431013431013,0.6236874236874237,0.5316239316239316,0.3145299145299145,0.44590964590964594,0.4427350427350427,0.3636141636141636,0.30036630036630035,0.09255189255189256,0.357997557997558,0.6493284493284494,0.07985347985347985,0.3247863247863248,0.0800976800976801,0.1509157509157509,0.14945054945054945,0.5968253968253968,0.3409035409035409,0.3203907203907204,0.19706959706959706,0.12722832722832722,0.41562881562881565,0.21123321123321123,0.5758241758241758,0.8056166056166056,0.6573870573870574,0.21343101343101342,0.1308913308913309,0.36996336996337,0.518925518925519,0.22173382173382172,0.12747252747252746,0.14212454212454212,0.19829059829059828,0.3347985347985348,0.1199023199023199,0.39536019536019534,0.16776556776556775,0.14554334554334555,0.6573870573870574
0.621978021978022,0.2766788766788767,0.463980463980464,0.4087912087912088,0.30305250305250303,0.4004884004884005,0.2678876678876679,0.28644688644688643,0.4984126984126984,0.1264957264957265,0.4852258852258852,0.07667887667887668,0.5433455433455433,0.2454212454212454,0.13772893772893774,0.29816849816849816,0.642002442002442,0.07374847374847375,0.19755799755799755,0.189010989010989,0.4315018315018315,0.35824175824175825,0.7238095238095238,0.5768009768009768,0.4678876678876679,0.18363858363858365,0.42295482295482295,0.14652014652014653,0.10622710622710622,0.10427350427350428,0.6442002442002442,0.3728937728937729,0.5103785103785103,0.568009768009768,0.1807081807081807,0.13235653235653236,0.24004884004884006,0.17264957264957265,0.20170940170940171,0.10891330891330891,0.6078144078144078,0.5152625152625152,0.3023199023199023,0.432967032967033,0.4261294261294261,0.37191697191697193,0.2923076923076923,0.09010989010989011,0.37435897435897436,0.6644688644688644,0.07814407814407814,0.315018315018315,0.07985347985347985,0.147985347985348,0.20024420024420025,0.5960927960927961,0.32844932844932845,0.3103785103785104,0.1916971916971917,0.12503052503052503,0.40073260073260075,0.23076923076923078,0.6087912087912087,0.8053724053724054,0.676923076923077,0.21001221001221002,0.12454212454212454,0.357997557997558,0.5504273504273505,0.2485958485958486,0.13943833943833944,0.13968253968253969,0.19096459096459095,0.326984126984127,0.11941391941391942,0.3831501831501832,0.1623931623931624,0.14188034188034188,0.64004884004884
0.6334554334554334,0.2695970695970696,0.4517704517704518,0.398046398046398,0.2971916971916972,0.39023199023199023,0.26666666666666666,0.31135531135531136,0.484981684981685,0.1282051282051282,0.517948717948718,0.07448107448107448,0.5853479853479854,0.23663003663003662,0.1326007326007326,0.28815628815628813,0.6568986568986569,0.10061050061050061,0.1907203907203907,0.18144078144078143,0.4141636141636142,0.3482295482295482,0.716971916971917,0.5631257631257631,0.45225885225885226,0.17631257631257632,0.4095238095238095,0.16532356532356532,0.10183150183150183,0.09743589743589744,0.6588522588522588,0.3601953601953602,0.495970695970696,0.5807081807081808,0.2126984126984127,0.12527472527472527,0.23101343101343103,0.16800976800976802,0.1960927960927961,0.1072039072039072,0.5912087912087912,0.49963369963369964,0.2905982905982906,0.42002442002442003,0.41025641025641024,0.37777777777777777,0.28327228327228327,0.08864468864468865,0.39658119658119656,0.6766788766788767,0.07716727716727717,0.30500610500610503,0.07912087912087912,0.14505494505494507,0.25982905982905985,0.5926739926739927,0.3162393162393162,0.3013431013431013,0.1851037851037851,0.12283272283272283,0.38632478632478634,0.25274725274725274,0.6371184371184371,0.8017094017094017,0.6908424908424908,0.20586080586080585,0.11892551892551892,0.346031746031746,0.5768009768009768,0.2754578754578755,0.15677655677655677,0.13724053724053725,0.18437118437118438,0.3189255189255189,0.11868131868131868,0.37142857142857144,0.157997557997558,0.13772893772893774,0.6217338217338217
0.642002442002442,0.26275946275946277,0.44126984126984126,0.3887667887667888,0.29084249084249086,0.37948717948717947,0.2612942612942613,0.33650793650793653,0.472039072039072,0.1330891330891331,0.5482295482295483,0.07203907203907203,0.6234432234432234,0.22808302808302808,0.12942612942612944,0.27692307692307694,0.6695970695970695,0.1343101343101343,0.1838827838827839,0.17362637362637362,0.3973137973137973,0.33943833943833945,0.7074481074481075,0.5477411477411478,0.4368742368742369,0.16923076923076924,0.398046398046398,0.1894993894993895,0.0971916971916972,0.09084249084249084,0.6703296703296703,0.34798534798534797,0.4822954822954823,0.5892551892551893,0.24932844932844933,0.11941391941391942,0.22173382173382172,0.16361416361416362,0.19145299145299147,0.10525030525030525,0.5743589743589743,0.48473748473748474,0.27912087912087913,0.4065934065934066,0.3946275946275946,0.38168498168498166,0.2737484737484738,0.08937728937728938,0.4166056166056166,0.6857142857142857,0.0761904761904762,0.294993894993895,0.07814407814407814,0.14212454212454212,0.326007326007326,0.5870573870573871,0.30622710622710625,0.2915750915750916,0.17826617826617827,0.12161172161172161,0.3724053724053724,0.2766788766788767,0.6612942612942613,0.7951159951159951,0.7037851037851038,0.20170940170940171,0.11330891330891331,0.33455433455433453,0.5953601953601954,0.3064713064713065,0.17997557997557997,0.13528693528693528,0.1772893772893773,0.3108669108669109,0.11819291819291819,0.36214896214896214,0.15262515262515264,0.13357753357753357,0.6026862026862027
0.6478632478632479,0.25616605616605614,0.4315018315018315,0.378998778998779,0.2844932844932845,0.368986568986569,0.2595848595848596,0.36117216117216117,0.45958485958485956,0.14212454212454212,0.5753357753357753,0.0695970695970696,0.6583638583638584,0.22148962148962148,0.12722832722832722,0.26544566544566545,0.6798534798534799,0.17338217338217338,0.17753357753357754,0.1663003663003663,0.3833943833943834,0.3308913308913309,0.6945054945054945,0.5308913308913309,0.421978021978022,0.16361416361416362,0.3877899877899878,0.2188034188034188,0.0927960927960928,0.08473748473748474,0.6788766788766789,0.3355311355311355,0.4700854700854701,0.5951159951159951,0.2879120879120879,0.1137973137973138,0.21318681318681318,0.15946275946275945,0.18583638583638584,0.1028083028083028,0.557997557997558,0.47057387057387057,0.2678876678876679,0.39365079365079364,0.3811965811965812,0.38363858363858366,0.26422466422466423,0.09426129426129426,0.4302808302808303,0.6915750915750916,0.0757020757020757,0.28644688644688643,0.07716727716727717,0.13943833943833944,0.39536019536019534,0.5797313797313798,0.2979242979242979,0.2818070818070818,0.17167277167277167,0.12161172161172161,0.3592185592185592,0.30158730158730157,0.6815628815628816,0.7853479853479853,0.7147741147741148,0.19755799755799755,0.10818070818070818,0.32332112332112334,0.6087912087912087,0.33943833943833945,0.20781440781440783,0.1330891330891331,0.1706959706959707,0.30305250305250303,0.11794871794871795,0.35384615384615387,0.14676434676434677,0.12967032967032968,0.5833943833943834
0.6503052503052503,0.25054945054945055,0.42124542124542125,0.368986568986569,0.27765567765567767,0.35824175824175825,0.2583638583638584,0.38461538461538464,0.4485958485958486,0.15604395604395604,0.5997557997557997,0.0673992673992674,0.6898656898656899,0.21562881562881564,0.1242979242979243,0.25445665445665444,0.6879120879120879,0.21587301587301588,0.1711843711843712,0.1592185592185592,0.3711843711843712,0.3213675213675214,0.6793650793650794,0.5133089133089133,0.40805860805860805,0.1592185592185592,0.37655677655677655,0.2515262515262515,0.08864468864468865,0.07887667887667887,0.6844932844932845,0.32332112332112334,0.4593406593406593,0.6007326007326007,0.326984126984127,0.10866910866910867,0.20488400488400488,0.15531135531135531,0.18021978021978022,0.10012210012210013,0.5418803418803418,0.4568986568986569,0.2568986568986569,0.3819291819291819,0.36923076923076925,0.3833943833943834,0.25445665445665444,0.10427350427350428,0.44395604395604393,0.6942612942612942,0.07594627594627594,0.2788766788766789,0.07594627594627594,0.136996336996337,0.46422466422466424,0.5709401709401709,0.2893772893772894,0.27228327228327226,0.16483516483516483,0.12405372405372406,0.346031746031746,0.32625152625152626,0.6952380952380952,0.7728937728937729,0.7235653235653235,0.19316239316239317,0.10329670329670329,0.31404151404151404,0.621001221001221,0.37142857142857144,0.2402930402930403,0.1308913308913309,0.1641025641025641,0.294993894993895,0.11819291819291819,0.34505494505494505,0.14065934065934066,0.12576312576312576,0.5641025641025641
0.6493284493284494,0.2454212454212454,0.41074481074481073,0.3592185592185592,0.2708180708180708,0.34725274725274724,0.2564102564102564,0.4061050061050061,0.43833943833943834,0.17509157509157508,0.621001221001221,0.06471306471306472,0.7181929181929182,0.20903540903540904,0.12087912087912088,0.2442002442002442,0.6927960927960928,0.2600732600732601,0.16532356532356532,0.1523809523809524,0.3584859584859585,0.3115995115995116,0.6612942612942613,0.494993894993895,0.3963369963369963,0.15335775335775337,0.36507936507936506,0.28669108669108667,0.0844932844932845,0.0735042735042735,0.6869352869352869,0.31306471306471306,0.4473748473748474,0.6048840048840048,0.36434676434676433,0.10354090354090355,0.19706959706959706,0.1514041514041514,0.17435897435897435,0.09768009768009768,0.526984126984127,0.44395604395604393,0.2463980463980464,0.3711843711843712,0.3562881562881563,0.3807081807081807,0.24517704517704517,0.1203907203907204,0.45787545787545786,0.6937728937728938,0.07667887667887668,0.2703296703296703,0.07448107448107448,0.13504273504273503,0.5299145299145299,0.5609279609279609,0.28156288156288156,0.26324786324786326,0.15824175824175823,0.12967032967032968,0.3333333333333333,0.3499389499389499,0.7047619047619048,0.7582417582417582,0.7304029304029304,0.189010989010989,0.10061050061050061,0.3052503052503053,0.6307692307692307,0.4017094017094017,0.27521367521367524,0.12844932844932844,0.15824175824175823,0.2886446886446886,0.11892551892551892,0.33650793650793653,0.13406593406593406,0.12185592185592185,0.5457875457875457
0.6451770451770452,0.2398046398046398,0.4004884004884005,0.3496947496947497,0.26373626373626374,0.33650793650793653,0.25274725274725274,0.4231990231990232,0.4275946275946276,0.19975579975579977,0.6398046398046398,0.06202686202686203,0.7391941391941392,0.20293040293040293,0.11721611721611722,0.23394383394383395,0.694993894993895,0.3047619047619048,0.1597069597069597,0.14725274725274726,0.3457875457875458,0.3018315018315018,0.6412698412698413,0.4766788766788767,0.3860805860805861,0.14676434676434677,0.3536019536019536,0.3230769230769231,0.08083028083028083,0.06862026862026863,0.6857142857142857,0.3035409035409035,0.4354090354090354,0.6065934065934065,0.3992673992673993,0.09865689865689865,0.18925518925518925,0.1492063492063492,0.16825396825396827,0.09621489621489622,0.5123321123321123,0.4312576312576313,0.23809523809523808,0.35946275946275946,0.3431013431013431,0.37533577533577533,0.23565323565323565,0.14358974358974358,0.4691086691086691,0.6898656898656899,0.07667887667887668,0.2612942612942613,0.07326007326007326,0.1330891330891331,0.5826617826617827,0.5484737484737485,0.273992673992674,0.2542124542124542,0.15213675213675212,0.1387057387057387,0.3213675213675214,0.3694749694749695,0.7135531135531136,0.7406593406593407,0.7347985347985349,0.18485958485958487,0.09987789987789988,0.2962148962148962,0.6373626373626373,0.4288156288156288,0.31135531135531136,0.1264957264957265,0.15262515262515264,0.283028083028083,0.11892551892551892,0.3277167277167277,0.12796092796092795,0.11843711843711843,0.5284493284493285
0.6385836385836385,0.23394383394383395,0.3904761904761905,0.3404151404151404,0.25665445665445663,0.3230769230769231,0.24835164835164836,0.43736263736263736,0.4166056166056166,0.22832722832722832,0.6554334554334554,0.06031746031746032,0.7557997557997558,0.19658119658119658,0.1137973137973138,0.22417582417582418,0.6937728937728938,0.34798534798534797,0.15555555555555556,0.14334554334554334,0.3333333333333333,0.2920634920634921,0.6202686202686203,0.4608058608058608,0.3750915750915751,0.13992673992673993,0.3418803418803419,0.35873015873015873,0.07912087912087912,0.06398046398046398,0.6813186813186813,0.29304029304029305,0.4231990231990232,0.6061050061050061,0.43052503052503055,0.09401709401709402,0.18192918192918192,0.14725274725274726,0.16263736263736264,0.09621489621489622,0.4989010989010989,0.41855921855921857,0.23076923076923078,0.34725274725274724,0.33015873015873015,0.36800976800976803,0.22661782661782662,0.17338217338217338,0.47545787545787543,0.683028083028083,0.08131868131868132,0.2525030525030525,0.07228327228327229,0.13137973137973138,0.6261294261294261,0.5345543345543345,0.2678876678876679,0.24566544566544565,0.14652014652014653,0.15189255189255188,0.30915750915750917,0.3855921855921856,0.7206349206349206,0.7211233211233211,0.7367521367521368,0.1807081807081807,0.09987789987789988,0.28669108669108667,0.6405372405372405,0.45323565323565324,0.347008547008547,0.1242979242979243,0.14896214896214896,0.27643467643467645,0.11868131868131868,0.31916971916971915,0.12234432234432234,0.11550671550671551,0.512087912087912
0.6293040293040293,0.2275946275946276,0.38046398046398044,0.3311355311355311,0.24932844932844933,0.31135531135531136,0.24297924297924298,0.4512820512820513,0.40586080586080586,0.2608058608058608,0.6676434676434676,0.06031746031746032,0.7731379731379732,0.19047619047619047,0.11037851037851037,0.21465201465201464,0.6893772893772894,0.3887667887667888,0.1523809523809524,0.13821733821733823,0.32112332112332115,0.28205128205128205,0.5985347985347985,0.4461538461538462,0.3641025641025641,0.13357753357753357,0.33015873015873015,0.39316239316239315,0.0800976800976801,0.061782661782661785,0.6737484737484738,0.2818070818070818,0.41147741147741146,0.6026862026862027,0.45836385836385835,0.09010989010989011,0.17631257631257632,0.14505494505494507,0.15702075702075702,0.09963369963369964,0.48547008547008547,0.4073260073260073,0.22246642246642245,0.3355311355311355,0.31746031746031744,0.35824175824175825,0.2175824175824176,0.20903540903540904,0.4800976800976801,0.673992673992674,0.08791208791208792,0.24346764346764346,0.07179487179487179,0.1308913308913309,0.6691086691086691,0.5194139194139195,0.2622710622710623,0.23736263736263735,0.14114774114774115,0.16923076923076924,0.29865689865689865,0.4021978021978022,0.725030525030525,0.7001221001221001,0.7360195360195361,0.1772893772893773,0.10207570207570207,0.27692307692307694,0.6405372405372405,0.47448107448107446,0.38095238095238093,0.12234432234432234,0.14652014652014653,0.2698412698412698,0.11843711843711843,0.31062271062271063,0.11672771672771673,0.11257631257631258,0.49645909645909647
0.6175824175824176,0.22148962148962148,0.3706959706959707,0.3218559218559219,0.24175824175824176,0.30305250305250303,0.23565323565323565,0.46373626373626375,0.3951159951159951,0.29523809523809524,0.6752136752136753,0.06227106227106227,0.7894993894993895,0.18437118437118438,0.1076923076923077,0.2061050061050061,0.6815628815628816,0.4214896214896215,0.14847374847374847,0.13284493284493284,0.3089133089133089,0.2725274725274725,0.5772893772893772,0.4315018315018315,0.3536019536019536,0.12722832722832722,0.3184371184371184,0.4249084249084249,0.08473748473748474,0.060805860805860805,0.6634920634920635,0.2703296703296703,0.4,0.5968253968253968,0.48253968253968255,0.08742368742368742,0.17191697191697192,0.14212454212454212,0.1514041514041514,0.1072039072039072,0.4725274725274725,0.3973137973137973,0.21416361416361415,0.3235653235653236,0.3052503052503053,0.347008547008547,0.2087912087912088,0.2490842490842491,0.4822954822954823,0.662026862026862,0.09084249084249084,0.23443223443223443,0.07228327228327229,0.13064713064713065,0.7084249084249085,0.5032967032967033,0.2568986568986569,0.22979242979242978,0.1365079365079365,0.18754578754578755,0.28888888888888886,0.4175824175824176,0.726984126984127,0.6783882783882784,0.7323565323565323,0.17387057387057386,0.10866910866910867,0.26764346764346764,0.6373626373626373,0.4932844932844933,0.4122100122100122,0.12112332112332112,0.1443223443223443,0.26373626373626374,0.11819291819291819,0.3023199023199023,0.11135531135531136,0.10989010989010989,0.4827838827838828
0.6039072039072039,0.2153846153846154,0.3609279609279609,0.31306471306471306,0.23467643467643468,0.29523809523809524,0.22686202686202686,0.473992673992674,0.38461538461538464,0.3308913308913309,0.6786324786324787,0.06617826617826618,0.8036630036630037,0.17826617826617827,0.10671550671550671,0.1978021978021978,0.671062271062271,0.4490842490842491,0.14407814407814407,0.12722832722832722,0.2967032967032967,0.26324786324786326,0.5565323565323566,0.41733821733821735,0.3431013431013431,0.12136752136752137,0.306959706959707,0.45445665445665445,0.09328449328449329,0.06031746031746032,0.6507936507936508,0.25860805860805863,0.3882783882783883,0.5882783882783883,0.5035409035409035,0.08742368742368742,0.1663003663003663,0.1391941391941392,0.14627594627594628,0.12087912087912088,0.4610500610500611,0.38632478632478634,0.20586080586080585,0.3120879120879121,0.29352869352869354,0.3347985347985348,0.20024420024420025,0.28595848595848594,0.4818070818070818,0.6478632478632479,0.09181929181929183,0.22564102564102564,0.0735042735042735,0.12991452991452992,0.7423687423687424,0.4866910866910867,0.2515262515262515,0.22246642246642245,0.13235653235653236,0.20732600732600734,0.27814407814407816,0.4315018315018315,0.7267399267399267,0.6564102564102564,0.726007326007326,0.17167277167277167,0.12087912087912088,0.2583638583638584,0.631013431013431,0.5089133089133089,0.4371184371184371,0.1203907203907204,0.14407814407814407,0.2576312576312576,0.11794871794871795,0.29426129426129427,0.10622710622710622,0.10818070818070818,0.47057387057387057
0.589010989010989,0.20903540903540904,0.35115995115995113,0.30427350427350425,0.22832722832722832,0.2879120879120879,0.21684981684981686,0.4822954822954823,0.3738705738705739,0.3614163614163614,0.6808302808302809,0.07326007326007326,0.8151404151404151,0.1724053724053724,0.10744810744810745,0.19023199023199022,0.6586080586080586,0.47814407814407817,0.13968253968253969,0.12161172161172161,0.2847374847374847,0.25347985347985347,0.5362637362637362,0.40366300366300367,0.33308913308913307,0.115995115995116,0.29572649572649573,0.4810744810744811,0.10671550671550671,0.06153846153846154,0.6356532356532356,0.24737484737484738,0.37655677655677655,0.5772893772893772,0.5216117216117216,0.09010989010989011,0.16043956043956045,0.13577533577533576,0.14114774114774115,0.1409035409035409,0.4503052503052503,0.37484737484737485,0.1978021978021978,0.3006105006105006,0.2822954822954823,0.3221001221001221,0.19194139194139195,0.32112332112332115,0.4793650793650794,0.631990231990232,0.09157509157509157,0.2170940170940171,0.0735042735042735,0.12942612942612944,0.7711843711843712,0.47057387057387057,0.24664224664224665,0.2153846153846154,0.12967032967032968,0.23125763125763127,0.2673992673992674,0.44346764346764345,0.7235653235653235,0.6349206349206349,0.7167277167277167,0.1706959706959707,0.13943833943833944,0.24957264957264957,0.6217338217338217,0.5218559218559219,0.45738705738705737,0.11941391941391942,0.147008547008547,0.2512820512820513,0.11868131868131868,0.2857142857142857,0.10183150183150183,0.10695970695970695,0.45738705738705737
0.5731379731379731,0.20317460317460317,0.3418803418803419,0.29523809523809524,0.22295482295482297,0.27912087912087913,0.20634920634920634,0.48815628815628814,0.3636141636141636,0.3894993894993895,0.6798534798534799,0.08498168498168499,0.8239316239316239,0.16678876678876678,0.1115995115995116,0.18437118437118438,0.6444444444444445,0.5054945054945055,0.13553113553113552,0.11575091575091576,0.27277167277167275,0.24395604395604395,0.518925518925519,0.3907203907203907,0.32332112332112334,0.11135531135531136,0.2847374847374847,0.5018315018315018,0.12673992673992673,0.06568986568986569,0.6178266178266179,0.23687423687423687,0.36434676434676433,0.5641025641025641,0.5345543345543345,0.09572649572649573,0.15433455433455434,0.13235653235653236,0.1365079365079365,0.16361416361416362,0.4388278388278388,0.36336996336996336,0.19023199023199022,0.2893772893772894,0.2713064713064713,0.3094017094017094,0.18534798534798536,0.3601953601953602,0.47496947496947495,0.6148962148962149,0.09084249084249084,0.20903540903540904,0.07326007326007326,0.13015873015873017,0.7941391941391941,0.4551892551892552,0.24175824175824176,0.2087912087912088,0.12796092796092795,0.2578754578754579,0.25665445665445663,0.45396825396825397,0.7177045177045177,0.613919413919414,0.7047619047619048,0.17167277167277167,0.1645909645909646,0.24102564102564103,0.6092796092796092,0.5321123321123321,0.4776556776556777,0.11819291819291819,0.15433455433455434,0.2454212454212454,0.12161172161172161,0.2774114774114774,0.09768009768009768,0.10525030525030525,0.4444444444444444
0.5575091575091575,0.19755799755799755,0.33284493284493283,0.28766788766788765,0.21855921855921856,0.2695970695970696,0.1960927960927961,0.49206349206349204,0.3536019536019536,0.4197802197802198,0.6754578754578755,0.1028083028083028,0.8297924297924298,0.16117216117216118,0.1199023199023199,0.1794871794871795,0.6280830280830281,0.5308913308913309,0.13137973137973138,0.11013431013431013,0.26105006105006107,0.23443223443223443,0.5032967032967033,0.378021978021978,0.3133089133089133,0.10695970695970695,0.273992673992674,0.5186813186813187,0.15433455433455434,0.07423687423687424,0.5985347985347985,0.22661782661782662,0.35262515262515265,0.548962148962149,0.5443223443223443,0.10598290598290598,0.14847374847374847,0.1291819291819292,0.13284493284493284,0.19023199023199022,0.42735042735042733,0.35213675213675216,0.1829059829059829,0.2788766788766789,0.26105006105006107,0.29914529914529914,0.17997557997557997,0.4004884004884005,0.46495726495726497,0.5968253968253968,0.0905982905982906,0.20122100122100123,0.07301587301587302,0.13357753357753357,0.8124542124542125,0.4405372405372405,0.23687423687423687,0.20341880341880342,0.12551892551892552,0.2857142857142857,0.2459096459096459,0.4627594627594628,0.7084249084249085,0.5941391941391941,0.6910866910866911,0.17435897435897435,0.19584859584859585,0.23272283272283273,0.5948717948717949,0.5389499389499389,0.4954822954822955,0.11697191697191697,0.16800976800976802,0.2398046398046398,0.12844932844932844,0.2691086691086691,0.09548229548229548,0.10354090354090355,0.43174603174603177
0.5421245421245421,0.1921855921855922,0.3235653235653236,0.2805860805860806,0.21294261294261294,0.2600732600732601,0.18632478632478633,0.4932844932844933,0.3435897435897436,0.44981684981684983,0.6676434676434676,0.12698412698412698,0.8322344322344323,0.15604395604395604,0.1308913308913309,0.17362637362637362,0.6105006105006106,0.5543345543345544,0.12722832722832722,0.10451770451770452,0.2490842490842491,0.22686202686202686,0.4874236874236874,0.3658119658119658,0.3032967032967033,0.1028083028083028,0.26544566544566545,0.5357753357753358,0.18852258852258852,0.08766788766788766,0.5787545787545788,0.21684981684981686,0.34114774114774116,0.5343101343101343,0.5538461538461539,0.12161172161172161,0.1426129426129426,0.12576312576312576,0.13015873015873017,0.22466422466422467,0.4158730158730159,0.3409035409035409,0.17606837606837608,0.26886446886446885,0.2512820512820513,0.29010989010989013,0.17313797313797313,0.43956043956043955,0.45445665445665445,0.5785103785103786,0.09157509157509157,0.1934065934065934,0.07252747252747253,0.14017094017094017,0.8261294261294261,0.4275946275946276,0.23321123321123322,0.19926739926739928,0.12307692307692308,0.31306471306471306,0.23565323565323565,0.4695970695970696,0.6964590964590964,0.5768009768009768,0.6761904761904762,0.17997557997557997,0.23247863247863249,0.22515262515262516,0.5787545787545788,0.5428571428571428,0.5111111111111111,0.11575091575091576,0.18803418803418803,0.23467643467643468,0.14114774114774115,0.2625152625152625,0.09401709401709402,0.10256410256410256,0.4192918192918193
0.5277167277167277,0.18705738705738706,0.31575091575091574,0.27277167277167275,0.2070818070818071,0.25103785103785103,0.1772893772893773,0.4918192918192918,0.33406593406593404,0.47863247863247865,0.6571428571428571,0.15775335775335775,0.8317460317460318,0.15115995115995115,0.14554334554334555,0.16727716727716727,0.591941391941392,0.575091575091575,0.12356532356532357,0.09987789987789988,0.2371184371184371,0.22026862026862026,0.47155067155067154,0.3540903540903541,0.29304029304029305,0.09914529914529914,0.2578754578754579,0.5518925518925519,0.2275946275946276,0.10695970695970695,0.5587301587301587,0.20732600732600734,0.32967032967032966,0.5201465201465202,0.5619047619047619,0.14285714285714285,0.136996336996337,0.12258852258852258,0.12673992673992673,0.26495726495726496,0.4039072039072039,0.3291819291819292,0.16923076923076924,0.2590964590964591,0.24346764346764346,0.28083028083028083,0.1663003663003663,0.4764346764346764,0.44590964590964594,0.5604395604395604,0.09474969474969475,0.1873015873015873,0.07228327228327229,0.1523809523809524,0.834920634920635,0.4158730158730159,0.23028083028083027,0.1943833943833944,0.12087912087912088,0.33943833943833945,0.22564102564102564,0.47448107448107446,0.6818070818070818,0.5611721611721612,0.6595848595848596,0.18583638583638584,0.2725274725274725,0.21782661782661783,0.5631257631257631,0.546031746031746,0.5242979242979243,0.11452991452991453,0.21465201465201464,0.22979242979242978,0.1619047619047619,0.2568986568986569,0.09157509157509157,0.1028083028083028,0.4070818070818071
0.5137973137973137,0.18192918192918192,0.3086691086691087,0.26495726495726496,0.20073260073260074,0.24175824175824176,0.16923076923076924,0.4874236874236874,0.32576312576312577,0.5054945054945055,0.6432234432234433,0.19365079365079366,0.8278388278388278,0.14774114774114774,0.1663003663003663,0.15995115995115994,0.5728937728937729,0.5929181929181929,0.1199023199023199,0.09694749694749695,0.22735042735042735,0.21294261294261294,0.45665445665445664,0.3423687423687424,0.28253968253968254,0.0971916971916972,0.24932844932844933,0.566056166056166,0.2703296703296703,0.13162393162393163,0.5389499389499389,0.19829059829059828,0.3199023199023199,0.5047619047619047,0.5682539682539682,0.16923076923076924,0.13162393162393163,0.11965811965811966,0.12307692307692308,0.30793650793650795,0.3924297924297924,0.3177045177045177,0.16263736263736264,0.24932844932844933,0.23663003663003662,0.272039072039072,0.15946275946275945,0.5106227106227106,0.4315018315018315,0.5431013431013431,0.10183150183150183,0.18217338217338216,0.07203907203907203,0.17045177045177046,0.8400488400488401,0.4056166056166056,0.22661782661782662,0.18876678876678876,0.11843711843711843,0.36385836385836384,0.21587301587301588,0.4776556776556777,0.6652014652014652,0.5452991452991452,0.6407814407814408,0.19365079365079366,0.3145299145299145,0.21245421245421245,0.5474969474969476,0.5474969474969476,0.5340659340659341,0.1137973137973138,0.2468864468864469,0.2253968253968254,0.18608058608058609,0.25054945054945055,0.08888888888888889,0.10525030525030525,0.39438339438339437
0.5008547008547009,0.17802197802197803,0.3006105006105006,0.2564102564102564,0.19462759462759463,0.23272283272283273,0.16214896214896216,0.48083028083028084,0.3181929181929182,0.5301587301587302,0.6271062271062271,0.2341880341880342,0.8205128205128205,0.14481074481074482,0.1921855921855922,0.15286935286935288,0.5543345543345544,0.6083028083028083,0.11672771672771673,0.09621489621489622,0.2188034188034188,0.2056166056166056,0.44175824175824174,0.3308913308913309,0.27277167277167275,0.09597069597069598,0.2407814407814408,0.5777777777777777,0.3142857142857143,0.16166056166056167,0.5199023199023199,0.18925518925518925,0.3108669108669109,0.4891330891330891,0.5724053724053724,0.2,0.11892551892551892,0.11672771672771673,0.11941391941391942,0.35213675213675216,0.3811965811965812,0.30622710622710625,0.15653235653235653,0.24126984126984127,0.22857142857142856,0.263980463980464,0.15262515262515264,0.5416361416361416,0.4141636141636142,0.5264957264957265,0.11257631257631258,0.17655677655677657,0.07179487179487179,0.19487179487179487,0.841025641025641,0.3968253968253968,0.22197802197802197,0.18315018315018314,0.115995115995116,0.3860805860805861,0.2061050061050061,0.4783882783882784,0.6483516483516484,0.5294261294261294,0.6217338217338217,0.2083028083028083,0.3562881562881563,0.20757020757020758,0.5308913308913309,0.5472527472527473,0.5406593406593406,0.11306471306471307,0.28376068376068375,0.221001221001221,0.21587301587301588,0.24395604395604395,0.08693528693528693,0.11037851037851037,0.3819291819291819
0.4896214896214896,0.17509157509157508,0.2923076923076923,0.24810744810744811,0.18876678876678876,0.22417582417582418,0.15604395604395604,0.473015873015873,0.3094017094017094,0.5523809523809524,0.6092796092796092,0.2774114774114774,0.81001221001221,0.1409035409035409,0.2231990231990232,0.1457875457875458,0.5365079365079365,0.621001221001221,0.11330891330891331,0.09914529914529914,0.2087912087912088,0.1978021978021978,0.4275946275946276,0.31965811965811963,0.26495726495726496,0.09401709401709402,0.23247863247863249,0.5863247863247864,0.357997557997558,0.19511599511599512,0.5010989010989011,0.1824175824175824,0.3013431013431013,0.47374847374847373,0.5738705738705738,0.2336996336996337,0.1028083028083028,0.11452991452991453,0.11575091575091576,0.3951159951159951,0.36996336996337,0.294993894993895,0.15213675213675212,0.23443223443223443,0.2205128205128205,0.25665445665445663,0.14627594627594628,0.5697191697191697,0.40195360195360197,0.512087912087912,0.1282051282051282,0.1706959706959707,0.07106227106227106,0.22564102564102564,0.8388278388278388,0.3894993894993895,0.2175824175824176,0.17777777777777778,0.1137973137973138,0.4056166056166056,0.19706959706959706,0.4776556776556777,0.6307692307692307,0.5145299145299145,0.6021978021978022,0.2275946275946276,0.3912087912087912,0.20195360195360196,0.5145299145299145,0.5448107448107448,0.5445665445665445,0.11257631257631258,0.3230769230769231,0.2175824175824176,0.2568986568986569,0.23785103785103784,0.08595848595848596,0.11965811965811966,0.3694749694749695
0.4793650793650794,0.1711843711843712,0.2844932844932845,0.2398046398046398,0.18315018315018314,0.21587301587301588,0.15042735042735042,0.4468864468864469,0.3006105006105006,0.5721611721611721,0.5907203907203907,0.3213675213675214,0.7973137973137974,0.13675213675213677,0.2576312576312576,0.1387057387057387,0.5199023199023199,0.6315018315018315,0.11013431013431013,0.10622710622710622,0.19853479853479852,0.19047619047619047,0.4134310134310134,0.3098901098901099,0.25811965811965815,0.09133089133089133,0.22442002442002443,0.5921855921855922,0.40024420024420027,0.23125763125763127,0.48473748473748474,0.17655677655677657,0.29084249084249086,0.45885225885225883,0.5724053724053724,0.26837606837606837,0.09255189255189256,0.11330891330891331,0.11257631257631258,0.43614163614163615,0.35873015873015873,0.28376068376068375,0.14847374847374847,0.22686202686202686,0.21294261294261294,0.24981684981684982,0.13968253968253969,0.5951159951159951,0.39267399267399267,0.4989010989010989,0.15213675213675212,0.1645909645909646,0.07057387057387057,0.2612942612942613,0.8322344322344323,0.3819291819291819,0.21343101343101342,0.1724053724053724,0.11135531135531136,0.4222222222222222,0.18803418803418803,0.47496947496947495,0.611965811965812,0.49963369963369964,0.582905982905983,0.25006105006105006,0.42173382173382173,0.1960927960927961,0.4981684981684982,0.5399267399267399,0.5448107448107448,0.11184371184371185,0.35824175824175825,0.2148962148962149,0.3064713064713065,0.23174603174603176,0.08742368742368742,0.1330891330891331,0.35702075702075703
0.46813186813186813,0.1675213675213675,0.27643467643467645,0.23174603174603176,0.17753357753357754,0.2083028083028083,0.14652014652014653,0.41098901098901097,0.29181929181929184,0.5894993894993895,0.5716727716727716,0.3597069597069597,0.7824175824175824,0.13235653235653236,0.29352869352869354,0.13211233211233211,0.5035409035409035,0.639072039072039,0.10818070818070818,0.11868131868131868,0.18852258852258852,0.18339438339438338,0.3992673992673993,0.30085470085470084,0.2507936507936508,0.08864468864468865,0.2170940170940171,0.5948717948717949,0.4398046398046398,0.26837606837606837,0.4695970695970696,0.16947496947496948,0.2805860805860806,0.44517704517704515,0.5682539682539682,0.30305250305250303,0.08571428571428572,0.1115995115995116,0.10964590964590964,0.47448107448107446,0.3474969474969475,0.27472527472527475,0.14407814407814407,0.2188034188034188,0.2056166056166056,0.2437118437118437,0.13382173382173382,0.6173382173382174,0.3807081807081807,0.4852258852258852,0.18437118437118438,0.15848595848595848,0.07008547008547009,0.29523809523809524,0.8227106227106227,0.3741147741147741,0.20903540903540904,0.16776556776556775,0.10989010989010989,0.4363858363858364,0.18144078144078143,0.4708180708180708,0.5921855921855922,0.4852258852258852,0.5645909645909646,0.2744810744810745,0.45323565323565324,0.19023199023199022,0.48253968253968255,0.5328449328449328,0.5416361416361416,0.11135531135531136,0.3904761904761905,0.21196581196581196,0.3614163614163614,0.2258852258852259,0.09304029304029304,0.15189255189255188,0.34456654456654456
0.4568986568986569,0.16361416361416362,0.26886446886446885,0.22393162393162394,0.17216117216117216,0.20073260073260074,0.14358974358974358,0.3882783882783883,0.28327228327228327,0.6041514041514041,0.5531135531135531,0.39438339438339437,0.7648351648351648,0.12747252747252746,0.33015873015873015,0.12527472527472527,0.48815628815628814,0.6437118437118438,0.10695970695970695,0.13772893772893774,0.1794871794871795,0.1768009768009768,0.3851037851037851,0.29084249084249086,0.24273504273504273,0.08595848595848596,0.21001221001221002,0.5941391941391941,0.4757020757020757,0.3006105006105006,0.4542124542124542,0.16214896214896216,0.2698412698412698,0.43174603174603177,0.5614163614163614,0.33650793650793653,0.0822954822954823,0.10866910866910867,0.10671550671550671,0.5096459096459096,0.3367521367521368,0.26666666666666666,0.1391941391941392,0.210989010989011,0.19829059829059828,0.23809523809523808,0.1282051282051282,0.6366300366300366,0.3677655677655678,0.47155067155067154,0.22442002442002443,0.15286935286935288,0.0695970695970696,0.32844932844932845,0.810989010989011,0.3663003663003663,0.20488400488400488,0.16336996336996337,0.11013431013431013,0.4481074481074481,0.17582417582417584,0.4652014652014652,0.5726495726495726,0.47106227106227105,0.5472527472527473,0.29914529914529914,0.48376068376068376,0.18437118437118438,0.4673992673992674,0.5233211233211233,0.5355311355311355,0.11135531135531136,0.42466422466422465,0.2087912087912088,0.41904761904761906,0.22026862026862026,0.10354090354090355,0.1746031746031746,0.33406593406593404
0.4456654456654457,0.1597069597069597,0.26105006105006107,0.21611721611721613,0.1675213675213675,0.19511599511599512,0.14017094017094017,0.37216117216117217,0.27472527472527475,0.6163614163614164,0.5365079365079365,0.4307692307692308,0.7452991452991453,0.12307692307692308,0.3658119658119658,0.11868131868131868,0.473015873015873,0.6446886446886447,0.10476190476190476,0.16336996336996337,0.1724053724053724,0.1706959706959707,0.3711843711843712,0.28034188034188035,0.23467643467643468,0.08327228327228327,0.20317460317460317,0.58998778998779,0.5045177045177045,0.3299145299145299,0.4388278388278388,0.15433455433455434,0.2595848595848596,0.41904761904761906,0.5518925518925519,0.36434676434676433,0.0822954822954823,0.10671550671550671,0.10402930402930403,0.5418803418803418,0.326007326007326,0.2576312576312576,0.1343101343101343,0.20293040293040293,0.19096459096459095,0.23247863247863249,0.12283272283272283,0.6532356532356532,0.35873015873015873,0.4581196581196581,0.2708180708180708,0.14725274725274726,0.07081807081807082,0.3665445665445665,0.7968253968253968,0.3584859584859585,0.20073260073260074,0.1592185592185592,0.11330891330891331,0.4554334554334554,0.16923076923076924,0.45836385836385835,0.5533577533577534,0.4568986568986569,0.5313797313797314,0.32332112332112334,0.5115995115995116,0.17826617826617827,0.45323565323565324,0.5123321123321123,0.5257631257631258,0.11233211233211234,0.45787545787545786,0.2056166056166056,0.4764346764346764,0.21465201465201464,0.12014652014652015,0.20122100122100123,0.3242979242979243
0.43443223443223444,0.1562881562881563,0.2537240537240537,0.20854700854700856,0.16312576312576313,0.19047619047619047,0.136996336996337,0.35946275946275946,0.26666666666666666,0.6236874236874237,0.5213675213675214,0.46715506715506716,0.7247863247863248,0.11892551892551892,0.4,0.11257631257631258,0.46007326007326005,0.6427350427350428,0.10305250305250305,0.19511599511599512,0.16800976800976802,0.16483516483516483,0.35775335775335776,0.2695970695970696,0.2271062271062271,0.08083028083028083,0.19658119658119658,0.5826617826617827,0.527960927960928,0.3601953601953602,0.42344322344322344,0.147008547008547,0.24932844932844933,0.4070818070818071,0.5401709401709401,0.3887667887667888,0.0844932844932845,0.10451770451770452,0.10134310134310134,0.5711843711843712,0.31697191697191696,0.24786324786324787,0.12942612942612944,0.19511599511599512,0.18485958485958487,0.22686202686202686,0.11794871794871795,0.6644688644688644,0.35213675213675216,0.44468864468864466,0.3218559218559219,0.14212454212454212,0.07423687423687424,0.4056166056166056,0.77997557997558,0.35067155067155065,0.19658119658119658,0.15506715506715507,0.12112332112332112,0.46007326007326005,0.1623931623931624,0.45006105006105007,0.535042735042735,0.4427350427350427,0.5162393162393163,0.3435897435897436,0.5362637362637362,0.17264957264957265,0.4398046398046398,0.5003663003663004,0.5145299145299145,0.1137973137973138,0.4884004884004884,0.2021978021978022,0.5313797313797314,0.20976800976800977,0.14334554334554334,0.22612942612942613,0.31355311355311355
0.4231990231990232,0.15335775335775337,0.24664224664224665,0.20122100122100123,0.15995115995115994,0.1851037851037851,0.13382173382173382,0.3492063492063492,0.2590964590964591,0.6275946275946276,0.505982905982906,0.5015873015873016,0.7032967032967034,0.11575091575091576,0.43174603174603177,0.10695970695970695,0.4481074481074481,0.6388278388278388,0.10305250305250305,0.23223443223443224,0.1675213675213675,0.15946275946275945,0.3443223443223443,0.25934065934065936,0.21953601953601953,0.07863247863247863,0.19023199023199022,0.5736263736263736,0.5518925518925519,0.38974358974358975,0.40854700854700854,0.13992673992673993,0.23931623931623933,0.3951159951159951,0.5277167277167277,0.41367521367521365,0.09035409035409035,0.10256410256410256,0.09914529914529914,0.5936507936507937,0.30915750915750917,0.23833943833943835,0.12454212454212454,0.18754578754578755,0.17997557997557997,0.22148962148962148,0.11452991452991453,0.6717948717948717,0.3440781440781441,0.43174603174603177,0.37533577533577533,0.13724053724053725,0.07985347985347985,0.4432234432234432,0.7606837606837606,0.3423687423687424,0.19267399267399268,0.1509157509157509,0.13211233211233211,0.463980463980464,0.15555555555555556,0.4402930402930403,0.5174603174603175,0.4288156288156288,0.5020757020757021,0.3606837606837607,0.5582417582417583,0.16727716727716727,0.42686202686202684,0.4869352869352869,0.5020757020757021,0.11721611721611722,0.5162393162393163,0.199023199023199,0.5824175824175825,0.20488400488400488,0.17264957264957265,0.2507936507936508,0.3028083028083028
0.41196581196581195,0.15115995115995115,0.2398046398046398,0.19413919413919414,0.157997557997558,0.1794871794871795,0.13015873015873017,0.33992673992673994,0.252014652014652,0.6302808302808303,0.4908424908424908,0.5330891330891331,0.6813186813186813,0.11404151404151404,0.4610500610500611,0.10305250305250305,0.4354090354090354,0.6322344322344322,0.10598290598290598,0.27228327228327226,0.1711843711843712,0.15433455433455434,0.33308913308913307,0.24932844932844933,0.21196581196581196,0.07643467643467644,0.1838827838827839,0.5626373626373626,0.5741147741147741,0.41733821733821735,0.3934065934065934,0.13357753357753357,0.22954822954822954,0.3833943833943834,0.5147741147741147,0.43785103785103785,0.10158730158730159,0.10061050061050061,0.09768009768009768,0.6117216117216118,0.3006105006105006,0.2288156288156288,0.1199023199023199,0.17997557997557997,0.17655677655677657,0.21611721611721613,0.11233211233211234,0.6786324786324787,0.33601953601953605,0.41904761904761906,0.4288156288156288,0.12698412698412698,0.09084249084249084,0.47912087912087914,0.73992673992674,0.3338217338217338,0.18852258852258852,0.14822954822954823,0.14725274725274726,0.46593406593406594,0.14896214896214896,0.4297924297924298,0.5006105006105006,0.4148962148962149,0.48986568986568985,0.37826617826617825,0.5768009768009768,0.1619047619047619,0.41440781440781443,0.47448107448107446,0.4869352869352869,0.12405372405372406,0.5404151404151404,0.19584859584859585,0.6285714285714286,0.2004884004884005,0.2026862026862027,0.27814407814407816,0.29181929181929184
0.40073260073260075,0.15067155067155066,0.2336996336996337,0.18876678876678876,0.15506715506715507,0.1746031746031746,0.12673992673992673,0.33186813186813185,0.24493284493284492,0.6305250305250305,0.47619047619047616,0.5616605616605617,0.6598290598290598,0.11452991452991453,0.48766788766788766,0.10036630036630037,0.421978021978022,0.6234432234432234,0.11330891330891331,0.31404151404151404,0.18021978021978022,0.1496947496947497,0.3230769230769231,0.23931623931623933,0.20488400488400488,0.07472527472527472,0.17802197802197803,0.5492063492063493,0.5938949938949939,0.442002442002442,0.378998778998779,0.12698412698412698,0.22002442002442002,0.37191697191697193,0.5003663003663004,0.4608058608058608,0.11892551892551892,0.09914529914529914,0.09841269841269841,0.6305250305250305,0.2920634920634921,0.21978021978021978,0.11550671550671551,0.1724053724053724,0.17606837606837608,0.21196581196581196,0.10891330891330891,0.6835164835164835,0.3282051282051282,0.4061050061050061,0.48083028083028084,0.1137973137973138,0.11013431013431013,0.5115995115995116,0.7177045177045177,0.3247863247863248,0.18437118437118438,0.14627594627594628,0.16971916971916973,0.46642246642246643,0.1426129426129426,0.4188034188034188,0.48424908424908425,0.400976800976801,0.47863247863247865,0.39487179487179486,0.5924297924297924,0.15677655677655677,0.4021978021978022,0.46251526251526254,0.4700854700854701,0.1347985347985348,0.5614163614163614,0.19267399267399268,0.6691086691086691,0.1960927960927961,0.2336996336996337,0.30622710622710625,0.2810744810744811
0.38974358974358975,0.1523809523809524,0.2288156288156288,0.1838827838827839,0.15189255189255188,0.17045177045177046,0.12307692307692308,0.32454212454212455,0.23809523809523808,0.6275946275946276,0.46153846153846156,0.5873015873015873,0.639072039072039,0.11819291819291819,0.5086691086691086,0.09645909645909646,0.409035409035409,0.611965811965812,0.12673992673992673,0.35555555555555557,0.1943833943833944,0.14676434676434677,0.29816849816849816,0.22954822954822954,0.1978021978021978,0.07301587301587302,0.17387057387057386,0.5340659340659341,0.610989010989011,0.46422466422466424,0.3648351648351648,0.12087912087912088,0.210989010989011,0.36214896214896214,0.484981684981685,0.4810744810744811,0.1426129426129426,0.09816849816849817,0.10134310134310134,0.6485958485958486,0.2847374847374847,0.210989010989011,0.11135531135531136,0.16532356532356532,0.17924297924297924,0.20854700854700856,0.10573870573870574,0.6854700854700855,0.3177045177045177,0.3934065934065934,0.5294261294261294,0.10476190476190476,0.13943833943833944,0.5401709401709401,0.694993894993895,0.315995115995116,0.18095238095238095,0.14334554334554334,0.19877899877899877,0.46422466422466424,0.1365079365079365,0.4073260073260073,0.4691086691086691,0.389010989010989,0.4669108669108669,0.4095238095238095,0.6051282051282051,0.15213675213675212,0.3916971916971917,0.44981684981684983,0.45274725274725275,0.14993894993894993,0.5794871794871795,0.18925518925518925,0.705006105006105,0.19291819291819293,0.2708180708180708,0.33308913308913307,0.27106227106227104
0.378998778998779,0.15702075702075702,0.22515262515262516,0.17826617826617827,0.14847374847374847,0.16800976800976802,0.11965811965811966,0.3177045177045177,0.2315018315018315,0.621978021978022,0.4473748473748474,0.6095238095238096,0.6192918192918193,0.1242979242979243,0.5252747252747253,0.09255189255189256,0.39584859584859583,0.598046398046398,0.14652014652014653,0.39584859584859583,0.2105006105006105,0.1443223443223443,0.26764346764346764,0.22002442002442002,0.19096459096459095,0.07228327228327229,0.17045177045177046,0.5174603174603175,0.6251526251526252,0.4832722832722833,0.3509157509157509,0.11526251526251527,0.20366300366300366,0.3528693528693529,0.4695970695970696,0.49963369963369964,0.17216117216117216,0.0971916971916972,0.10695970695970695,0.6647130647130647,0.2788766788766789,0.2021978021978022,0.1072039072039072,0.15824175824175823,0.18583638583638584,0.20415140415140415,0.10207570207570207,0.6842490842490843,0.306959706959707,0.3807081807081807,0.5741147741147741,0.09987789987789988,0.1794871794871795,0.5653235653235653,0.6722832722832723,0.3072039072039072,0.17875457875457876,0.13968253968253969,0.2336996336996337,0.4603174603174603,0.13015873015873017,0.3960927960927961,0.4542124542124542,0.37777777777777777,0.4547008547008547,0.4222222222222222,0.6153846153846154,0.14725274725274726,0.3811965811965812,0.4368742368742369,0.4354090354090354,0.1706959706959707,0.5941391941391941,0.18608058608058609,0.7362637362637363,0.19047619047619047,0.31062271062271063,0.357997557997558,0.26105006105006107
0.36800976800976803,0.1641025641025641,0.2205128205128205,0.1724053724053724,0.14554334554334555,0.16825396825396827,0.11575091575091576,0.3115995115995116,0.22661782661782662,0.6134310134310135,0.4332112332112332,0.6288156288156288,0.6007326007326007,0.13382173382173382,0.5421245421245421,0.0884004884004884,0.38266178266178263,0.5821733821733822,0.17264957264957265,0.43394383394383396,0.22905982905982905,0.14114774114774115,0.2485958485958486,0.210989010989011,0.18461538461538463,0.07228327228327229,0.16605616605616605,0.5003663003663004,0.6361416361416361,0.49914529914529915,0.33724053724053726,0.10989010989010989,0.1978021978021978,0.34285714285714286,0.45445665445665445,0.5162393162393163,0.20683760683760682,0.09645909645909646,0.11697191697191697,0.6788766788766789,0.2754578754578755,0.19413919413919414,0.10354090354090355,0.15286935286935288,0.1960927960927961,0.19926739926739928,0.09865689865689865,0.6796092796092796,0.29743589743589743,0.3682539682539683,0.6092796092796092,0.09621489621489622,0.23076923076923078,0.5870573870573871,0.6498168498168498,0.2993894993894994,0.17533577533577532,0.13577533577533576,0.27277167277167275,0.4542124542124542,0.1242979242979243,0.3848595848595849,0.44126984126984126,0.36556776556776555,0.4427350427350427,0.432967032967033,0.6068376068376068,0.14407814407814407,0.37045177045177047,0.42417582417582417,0.4183150183150183,0.19633699633699633,0.6063492063492063,0.18315018315018314,0.7589743589743589,0.18754578754578755,0.35067155067155065,0.3797313797313797,0.2515262515262515
0.3572649572649573,0.17387057387057386,0.21611721611721613,0.16654456654456654,0.1426129426129426,0.17191697191697192,0.11184371184371185,0.3052503052503053,0.22197802197802197,0.6021978021978022,0.4192918192918193,0.6444444444444445,0.582905982905983,0.147985347985348,0.5582417582417583,0.08424908424908426,0.36971916971916974,0.5643467643467643,0.20537240537240536,0.46935286935286935,0.252991452991453,0.13772893772893774,0.23565323565323565,0.2021978021978022,0.1794871794871795,0.07155067155067155,0.16092796092796094,0.4835164835164835,0.6442002442002442,0.5118437118437118,0.3235653235653236,0.10671550671550671,0.19096459096459095,0.3326007326007326,0.44004884004884004,0.5306471306471306,0.24517704517704517,0.0971916971916972,0.1326007326007326,0.6908424908424908,0.2761904761904762,0.18632478632478633,0.10036630036630037,0.14896214896214896,0.21147741147741148,0.1943833943833944,0.09499389499389499,0.6717948717948717,0.2886446886446886,0.35653235653235654,0.6376068376068376,0.09206349206349207,0.2905982905982906,0.6056166056166056,0.6280830280830281,0.2923076923076923,0.17191697191697192,0.13211233211233211,0.315018315018315,0.4461538461538462,0.11843711843711843,0.37362637362637363,0.42905982905982903,0.3528693528693529,0.43052503052503055,0.4415140415140415,0.5863247863247864,0.1413919413919414,0.3592185592185592,0.4117216117216117,0.4017094017094017,0.22612942612942613,0.6153846153846154,0.18144078144078143,0.7760683760683761,0.18437118437118438,0.389010989010989,0.39829059829059826,0.2424908424908425
0.3482295482295482,0.18803418803418803,0.21172161172161172,0.16092796092796094,0.13968253968253969,0.1838827838827839,0.10842490842490843,0.3001221001221001,0.2170940170940171,0.5885225885225885,0.4056166056166056,0.6571428571428571,0.5667887667887668,0.16654456654456654,0.5724053724053724,0.0800976800976801,0.35702075702075703,0.5457875457875457,0.2424908424908425,0.4976800976800977,0.2800976800976801,0.13406593406593406,0.22564102564102564,0.1943833943833944,0.17509157509157508,0.07032967032967033,0.15555555555555556,0.46715506715506716,0.6490842490842491,0.5213675213675214,0.3103785103785104,0.10427350427350428,0.18437118437118438,0.3221001221001221,0.42588522588522587,0.5426129426129426,0.2852258852258852,0.09865689865689865,0.15482295482295483,0.7001221001221001,0.2810744810744811,0.178998778998779,0.0989010989010989,0.14358974358974358,0.23125763125763127,0.189010989010989,0.09206349206349207,0.661050061050061,0.2822954822954823,0.3465201465201465,0.6666666666666666,0.0884004884004884,0.3567765567765568,0.621001221001221,0.6092796092796092,0.2844932844932845,0.16874236874236875,0.12844932844932844,0.3584859584859585,0.4368742368742369,0.11282051282051282,0.36385836385836384,0.4163614163614164,0.3401709401709402,0.4183150183150183,0.44761904761904764,0.5746031746031746,0.13821733821733823,0.34798534798534797,0.4,0.3860805860805861,0.2590964590964591,0.621978021978022,0.18021978021978022,0.7936507936507936,0.18095238095238095,0.4244200244200244,0.4141636141636142,0.23394383394383395
0.33992673992673994,0.20586080586080585,0.20732600732600734,0.15531135531135531,0.136996336996337,0.19829059829059828,0.10622710622710622,0.29523809523809524,0.21172161172161172,0.5736263736263736,0.39194139194139194,0.6647130647130647,0.5516483516483517,0.18925518925518925,0.5848595848595849,0.0761904761904762,0.34456654456654456,0.5264957264957265,0.2778998778998779,0.5213675213675214,0.30793650793650795,0.1308913308913309,0.21733821733821734,0.1877899877899878,0.1702075702075702,0.0695970695970696,0.15042735042735042,0.4517704517704518,0.6505494505494506,0.5274725274725275,0.29914529914529914,0.10061050061050061,0.17753357753357754,0.3115995115995116,0.4126984126984127,0.5518925518925519,0.32576312576312577,0.0989010989010989,0.18339438339438338,0.7067155067155068,0.29084249084249086,0.17191697191697192,0.09914529914529914,0.13797313797313798,0.25518925518925517,0.18363858363858365,0.09035409035409035,0.6471306471306472,0.27643467643467645,0.33724053724053726,0.6937728937728938,0.08522588522588523,0.42588522588522587,0.6336996336996337,0.5921855921855922,0.2761904761904762,0.16532356532356532,0.12527472527472527,0.4014652014652015,0.42588522588522587,0.10744810744810745,0.3553113553113553,0.4031746031746032,0.3274725274725275,0.4061050061050061,0.45152625152625153,0.568009768009768,0.1343101343101343,0.3367521367521368,0.389010989010989,0.3711843711843712,0.29304029304029305,0.6246642246642247,0.17802197802197803,0.8092796092796093,0.17753357753357754,0.45665445665445664,0.42686202686202684,0.2258852258852259
0.3308913308913309,0.22612942612942613,0.20317460317460317,0.14993894993894993,0.1343101343101343,0.210989010989011,0.10476190476190476,0.2903540903540904,0.20683760683760682,0.557997557997558,0.378021978021978,0.6686202686202686,0.536019536019536,0.2153846153846154,0.5948717948717949,0.07252747252747253,0.33284493284493283,0.5074481074481074,0.3120879120879121,0.5452991452991452,0.33577533577533575,0.1282051282051282,0.21001221001221002,0.1824175824175824,0.1645909645909646,0.07106227106227106,0.14505494505494507,0.43736263736263736,0.6488400488400489,0.5301587301587302,0.2893772893772894,0.0971916971916972,0.17094017094017094,0.30085470085470084,0.4,0.5584859584859585,0.3606837606837607,0.09816849816849817,0.21733821733821734,0.7098901098901099,0.3052503052503053,0.16678876678876678,0.10036630036630037,0.13235653235653236,0.2822954822954823,0.17826617826617827,0.0905982905982906,0.6307692307692307,0.26886446886446885,0.32722832722832723,0.717948717948718,0.08473748473748474,0.49474969474969477,0.642002442002442,0.5746031746031746,0.2678876678876679,0.16214896214896216,0.12234432234432234,0.4427350427350427,0.4141636141636142,0.10402930402930403,0.346031746031746,0.38925518925518926,0.3155067155067155,0.39365079365079364,0.452991452991453,0.5616605616605617,0.13064713064713065,0.32576312576312577,0.37826617826617825,0.35775335775335776,0.326984126984127,0.6246642246642247,0.17582417582417584,0.8224664224664224,0.17387057387057386,0.48473748473748474,0.4368742368742369,0.21782661782661783
0.32161172161172163,0.2490842490842491,0.199023199023199,0.14481074481074482,0.13137973137973138,0.22905982905982905,0.10256410256410256,0.28498168498168497,0.20170940170940171,0.5418803418803418,0.3658119658119658,0.6713064713064713,0.5203907203907204,0.24346764346764346,0.6021978021978022,0.06935286935286936,0.32161172161172163,0.49035409035409033,0.3509157509157509,0.568009768009768,0.36214896214896214,0.12698412698412698,0.20293040293040293,0.17655677655677657,0.15897435897435896,0.07594627594627594,0.13992673992673993,0.4236874236874237,0.6432234432234433,0.5294261294261294,0.2783882783882784,0.09352869352869353,0.16483516483516483,0.2903540903540904,0.38803418803418804,0.5619047619047619,0.3916971916971917,0.09621489621489622,0.25616605616605614,0.7098901098901099,0.32454212454212455,0.16263736263736264,0.10451770451770452,0.12673992673992673,0.3108669108669109,0.17264957264957265,0.09426129426129426,0.6126984126984127,0.2608058608058608,0.31697191697191696,0.738949938949939,0.08742368742368742,0.5523809523809524,0.6471306471306472,0.5572649572649573,0.2595848595848596,0.1592185592185592,0.11965811965811966,0.4810744810744811,0.40244200244200246,0.10158730158730159,0.33724053724053726,0.3755799755799756,0.3032967032967033,0.3819291819291819,0.45274725274725275,0.5545787545787546,0.12673992673992673,0.31477411477411477,0.3682539682539683,0.3452991452991453,0.3553113553113553,0.6231990231990232,0.17362637362637362,0.8334554334554335,0.1706959706959707,0.5089133089133089,0.4442002442002442,0.21172161172161172
0.3120879120879121,0.27326007326007323,0.19487179487179487,0.13943833943833944,0.12844932844932844,0.24835164835164836,0.09963369963369964,0.27936507936507937,0.19706959706959706,0.5262515262515263,0.3550671550671551,0.6713064713064713,0.5045177045177045,0.272039072039072,0.6073260073260073,0.06642246642246642,0.31062271062271063,0.4742368742368742,0.3904761904761905,0.5885225885225885,0.3860805860805861,0.12796092796092795,0.19633699633699633,0.1706959706959707,0.15335775335775337,0.08595848595848596,0.1347985347985348,0.41098901098901097,0.6349206349206349,0.5264957264957265,0.2669108669108669,0.09035409035409035,0.15897435897435896,0.2796092796092796,0.37655677655677655,0.5623931623931624,0.42466422466422465,0.09548229548229548,0.29743589743589743,0.7067155067155068,0.3443223443223443,0.157997557997558,0.11282051282051282,0.12136752136752137,0.3401709401709402,0.1675213675213675,0.1028083028083028,0.5953601953601954,0.252991452991453,0.30622710622710625,0.757020757020757,0.09474969474969475,0.6017094017094017,0.6515262515262515,0.5401709401709401,0.2515262515262515,0.15653235653235653,0.11697191697191697,0.5164835164835165,0.3916971916971917,0.09841269841269841,0.32844932844932845,0.36214896214896214,0.2915750915750916,0.37045177045177047,0.45006105006105007,0.5457875457875457,0.12307692307692308,0.30378510378510376,0.3584859584859585,0.33528693528693526,0.3797313797313797,0.6192918192918193,0.1711843711843712,0.841025641025641,0.1675213675213675,0.528937728937729,0.4485958485958486,0.20634920634920634
0.3028083028083028,0.2976800976800977,0.1907203907203907,0.1343101343101343,0.12576312576312576,0.26837606837606837,0.09621489621489622,0.27350427350427353,0.19267399267399268,0.5123321123321123,0.34285714285714286,0.6683760683760683,0.4884004884004884,0.3006105006105006,0.6092796092796092,0.06373626373626373,0.30158730158730157,0.4581196581196581,0.4288156288156288,0.6065934065934065,0.4070818070818071,0.13211233211233211,0.19023199023199022,0.16483516483516483,0.14774114774114774,0.1028083028083028,0.12967032967032968,0.3987789987789988,0.6244200244200244,0.5203907203907204,0.25567765567765566,0.08717948717948718,0.15384615384615385,0.2695970695970696,0.36507936507936506,0.5597069597069597,0.45738705738705737,0.09548229548229548,0.3396825396825397,0.6998778998778998,0.36507936507936506,0.15335775335775337,0.12673992673992673,0.11648351648351649,0.3684981684981685,0.16214896214896216,0.11721611721611722,0.5782661782661783,0.24566544566544565,0.295970695970696,0.7716727716727717,0.1076923076923077,0.652014652014652,0.6547008547008547,0.5233211233211233,0.24395604395604395,0.15384615384615385,0.11428571428571428,0.5443223443223443,0.37997557997557996,0.09474969474969475,0.3199023199023199,0.3482295482295482,0.28034188034188035,0.3592185592185592,0.44590964590964594,0.535042735042735,0.1199023199023199,0.29304029304029305,0.3492063492063492,0.32625152625152626,0.4048840048840049,0.6131868131868132,0.168986568986569,0.8459096459096459,0.16507936507936508,0.5455433455433455,0.4503052503052503,0.2004884004884005
0.2932844932844933,0.3221001221001221,0.18656898656898657,0.12991452991452992,0.1242979242979243,0.2923076923076923,0.09328449328449329,0.2673992673992674,0.18534798534798536,0.49963369963369964,0.3304029304029304,0.6625152625152625,0.47277167277167276,0.32844932844932845,0.608058608058608,0.06324786324786325,0.29352869352869354,0.442002442002442,0.46495726495726497,0.6217338217338217,0.4249084249084249,0.14017094017094017,0.1851037851037851,0.1592185592185592,0.14212454212454212,0.12747252747252746,0.12503052503052503,0.38803418803418804,0.6107448107448108,0.5111111111111111,0.24444444444444444,0.0844932844932845,0.1492063492063492,0.25982905982905985,0.3553113553113553,0.5548229548229549,0.4888888888888889,0.09841269841269841,0.3811965811965812,0.6905982905982906,0.38974358974358975,0.14822954822954823,0.147008547008547,0.1115995115995116,0.39584859584859583,0.15702075702075702,0.13504273504273503,0.55995115995116,0.2385836385836386,0.28595848595848594,0.7831501831501831,0.12747252747252746,0.6998778998778998,0.6561660561660562,0.5069597069597069,0.23663003663003662,0.15115995115995115,0.11135531135531136,0.5667887667887668,0.3682539682539683,0.09084249084249084,0.31135531135531136,0.33455433455433453,0.2695970695970696,0.3474969474969475,0.4402930402930403,0.5223443223443224,0.11697191697191697,0.28205128205128205,0.3396825396825397,0.3172161172161172,0.4283272283272283,0.6039072039072039,0.16654456654456654,0.8473748473748474,0.1641025641025641,0.5584859584859585,0.45103785103785105,0.1943833943833944
0.28376068376068375,0.346031746031746,0.1824175824175824,0.12673992673992673,0.12380952380952381,0.31868131868131866,0.09010989010989011,0.2612942612942613,0.17655677655677657,0.4866910866910867,0.3177045177045177,0.6534798534798535,0.4568986568986569,0.35433455433455435,0.6039072039072039,0.06324786324786325,0.2847374847374847,0.42637362637362636,0.4981684981684982,0.6336996336996337,0.4398046398046398,0.15335775335775337,0.18095238095238095,0.15384615384615385,0.136996336996337,0.16043956043956045,0.1203907203907204,0.378021978021978,0.5943833943833944,0.49963369963369964,0.23394383394383395,0.08278388278388278,0.14481074481074482,0.25054945054945055,0.3465201465201465,0.5474969474969476,0.517948717948718,0.10329670329670329,0.4163614163614164,0.6786324786324787,0.4163614163614164,0.14358974358974358,0.17387057387057386,0.10744810744810745,0.42124542124542125,0.1536019536019536,0.15677655677655677,0.5416361416361416,0.2336996336996337,0.2761904761904762,0.7916971916971917,0.15433455433455434,0.7428571428571429,0.6554334554334554,0.4913308913308913,0.22905982905982905,0.14896214896214896,0.10989010989010989,0.5894993894993895,0.35702075702075703,0.08742368742368742,0.30305250305250303,0.32112332112332115,0.2595848595848596,0.33821733821733824,0.432967032967033,0.5081807081807082,0.11428571428571428,0.272039072039072,0.33137973137973137,0.3076923076923077,0.4490842490842491,0.5921855921855922,0.1641025641025641,0.8459096459096459,0.16605616605616605,0.5667887667887668,0.4495726495726496,0.18803418803418803
0.274969474969475,0.36923076923076925,0.17875457875457876,0.12405372405372406,0.12283272283272283,0.3516483516483517,0.08693528693528693,0.2554334554334554,0.16947496947496948,0.47374847374847373,0.30500610500610503,0.642002442002442,0.441025641025641,0.37826617826617825,0.5978021978021978,0.06227106227106227,0.2754578754578755,0.41147741147741146,0.5284493284493285,0.642979242979243,0.45103785103785105,0.16825396825396827,0.17606837606837608,0.14847374847374847,0.13235653235653236,0.20024420024420025,0.11746031746031746,0.3672771672771673,0.5758241758241758,0.4862026862026862,0.22393162393162394,0.0822954822954823,0.14065934065934066,0.24297924297924298,0.3367521367521368,0.5374847374847375,0.5448107448107448,0.1115995115995116,0.44713064713064715,0.6647130647130647,0.4432234432234432,0.1391941391941392,0.20634920634920634,0.10451770451770452,0.4444444444444444,0.1509157509157509,0.18583638583638584,0.5235653235653236,0.22808302808302808,0.26666666666666666,0.7973137973137974,0.1877899877899878,0.7526251526251526,0.6517704517704518,0.47619047619047616,0.22197802197802197,0.14725274725274726,0.10964590964590964,0.6105006105006106,0.3465201465201465,0.08424908424908426,0.294993894993895,0.3076923076923077,0.2512820512820513,0.32967032967032966,0.42417582417582417,0.4925518925518926,0.1115995115995116,0.26373626373626374,0.32405372405372407,0.2979242979242979,0.46715506715506716,0.578021978021978,0.16214896214896216,0.8417582417582418,0.1706959706959707,0.5714285714285714,0.4461538461538462,0.18192918192918192
0.2661782661782662,0.39096459096459096,0.17606837606837608,0.12087912087912088,0.12283272283272283,0.38754578754578756,0.08351648351648351,0.24957264957264957,0.16336996336996337,0.4608058608058608,0.29304029304029305,0.6280830280830281,0.4249084249084249,0.40024420024420027,0.5892551892551893,0.06105006105006105,0.2661782661782662,0.3963369963369963,0.5555555555555556,0.6490842490842491,0.45885225885225883,0.18608058608058609,0.1706959706959707,0.14358974358974358,0.12747252747252746,0.2459096459096459,0.11526251526251527,0.3562881562881563,0.5560439560439561,0.47106227106227105,0.21416361416361415,0.08522588522588523,0.1365079365079365,0.23663003663003662,0.32673992673992674,0.5252747252747253,0.5692307692307692,0.13235653235653236,0.4796092796092796,0.6488400488400489,0.4691086691086691,0.13528693528693528,0.24346764346764346,0.10329670329670329,0.4627594627594628,0.147008547008547,0.2205128205128205,0.5062271062271062,0.2205128205128205,0.2578754578754579,0.7997557997557998,0.221001221001221,0.7421245421245422,0.6451770451770452,0.4610500610500611,0.2153846153846154,0.14676434676434677,0.10964590964590964,0.6293040293040293,0.33650793650793653,0.08083028083028083,0.2874236874236874,0.29474969474969476,0.24395604395604395,0.3201465201465201,0.4141636141636142,0.4766788766788767,0.10915750915750916,0.25665445665445663,0.315995115995116,0.28815628815628813,0.48253968253968255,0.5614163614163614,0.15995115995115994,0.8344322344322345,0.17924297924297924,0.5746031746031746,0.441025641025641,0.17631257631257632
0.2576312576312576,0.4087912087912088,0.17362637362637362,0.11697191697191697,0.12454212454212454,0.41147741147741146,0.08034188034188035,0.2437118437118437,0.15897435897435896,0.4481074481074481,0.2818070818070818,0.6126984126984127,0.409035409035409,0.41733821733821735,0.5782661782661783,0.060073260073260075,0.2568986568986569,0.38168498168498166,0.57997557997558,0.652014652014652,0.4627594627594628,0.20927960927960929,0.16532356532356532,0.13626373626373625,0.12307692307692308,0.28888888888888886,0.11184371184371185,0.34505494505494505,0.536019536019536,0.4547008547008547,0.20488400488400488,0.09255189255189256,0.13406593406593406,0.22954822954822954,0.31648351648351647,0.5118437118437118,0.590964590964591,0.1492063492063492,0.5115995115995116,0.631013431013431,0.4927960927960928,0.13137973137973138,0.28253968253968254,0.10451770451770452,0.4778998778998779,0.1426129426129426,0.25934065934065936,0.4896214896214896,0.21416361416361415,0.24932844932844933,0.7992673992673993,0.2549450549450549,0.746031746031746,0.6363858363858363,0.44664224664224667,0.2087912087912088,0.14627594627594628,0.1115995115995116,0.6451770451770452,0.32722832722832723,0.07863247863247863,0.2800976800976801,0.2822954822954823,0.23565323565323565,0.3103785103785104,0.40293040293040294,0.4610500610500611,0.10818070818070818,0.2485958485958486,0.3076923076923077,0.2783882783882784,0.49523809523809526,0.5435897435897435,0.15897435897435896,0.8236874236874236,0.1934065934065934,0.576068376068376,0.43345543345543347,0.1711843711843712
0.24932844932844933,0.4236874236874237,0.1706959706959707,0.11330891330891331,0.1291819291819292,0.4288156288156288,0.07741147741147741,0.23785103785103784,0.15555555555555556,0.43565323565323566,0.27228327228327226,0.5963369963369963,0.39316239316239315,0.4312576312576313,0.5650793650793651,0.05885225885225885,0.24786324786324787,0.367032967032967,0.6017094017094017,0.6515262515262515,0.4634920634920635,0.23663003663003662,0.16043956043956045,0.12747252747252746,0.11892551892551892,0.3304029304029304,0.10842490842490843,0.3338217338217338,0.5162393162393163,0.43833943833943834,0.1960927960927961,0.10329670329670329,0.13235653235653236,0.22197802197802197,0.3064713064713065,0.49743589743589745,0.6097680097680098,0.16874236874236875,0.5416361416361416,0.6122100122100123,0.5145299145299145,0.12844932844932844,0.32283272283272285,0.10842490842490843,0.4925518925518926,0.13821733821733823,0.3001221001221001,0.473992673992674,0.20781440781440783,0.2407814407814408,0.7951159951159951,0.2945054945054945,0.755067155067155,0.6249084249084249,0.4324786324786325,0.20415140415140415,0.147008547008547,0.11746031746031746,0.6586080586080586,0.31868131868131866,0.07765567765567766,0.2725274725274725,0.272039072039072,0.2271062271062271,0.3006105006105006,0.3907203907203907,0.44590964590964594,0.10744810744810745,0.2402930402930403,0.2993894993894994,0.2691086691086691,0.5052503052503052,0.5247863247863248,0.15946275946275945,0.8107448107448108,0.2139194139194139,0.575091575091575,0.42466422466422465,0.1675213675213675
0.24273504273504273,0.4398046398046398,0.1675213675213675,0.11086691086691086,0.136996336996337,0.45323565323565324,0.07448107448107448,0.23296703296703297,0.15189255189255188,0.42344322344322344,0.26544566544566545,0.5787545787545788,0.37924297924297923,0.44517704517704515,0.54993894993895,0.05787545787545788,0.23931623931623933,0.3528693528693529,0.6205128205128205,0.6476190476190476,0.4612942612942613,0.2661782661782662,0.15555555555555556,0.12112332112332112,0.11672771672771673,0.37704517704517704,0.10525030525030525,0.3225885225885226,0.49694749694749696,0.421978021978022,0.1877899877899878,0.11868131868131868,0.12967032967032968,0.2148962148962149,0.2967032967032967,0.4822954822954823,0.6256410256410256,0.19413919413919414,0.5692307692307692,0.5924297924297924,0.5333333333333333,0.12698412698412698,0.35775335775335776,0.11550671550671551,0.505982905982906,0.13406593406593406,0.3413919413919414,0.4593406593406593,0.2021978021978022,0.2341880341880342,0.7875457875457875,0.33577533577533575,0.7655677655677655,0.610989010989011,0.41855921855921857,0.2004884004884005,0.15115995115995115,0.12869352869352868,0.6691086691086691,0.31062271062271063,0.07912087912087912,0.2652014652014652,0.26275946275946277,0.2188034188034188,0.2910866910866911,0.3785103785103785,0.43272283272283274,0.10598290598290598,0.23247863247863249,0.2910866910866911,0.2595848595848596,0.513064713064713,0.5054945054945055,0.16214896214896216,0.7953601953601953,0.2402930402930403,0.5709401709401709,0.4141636141636142,0.16507936507936508
0.23687423687423687,0.4554334554334554,0.16385836385836386,0.10989010989010989,0.1492063492063492,0.4757020757020757,0.07155067155067155,0.2288156288156288,0.14774114774114774,0.41098901098901097,0.2622710622710623,0.5614163614163614,0.3663003663003663,0.4581196581196581,0.5335775335775336,0.057387057387057384,0.23076923076923078,0.3387057387057387,0.6366300366300366,0.6405372405372405,0.45616605616605616,0.29645909645909646,0.1509157509157509,0.11746031746031746,0.11477411477411477,0.4253968253968254,0.10183150183150183,0.31135531135531136,0.47863247863247865,0.40634920634920635,0.18144078144078143,0.14114774114774115,0.12673992673992673,0.2083028083028083,0.2869352869352869,0.4673992673992674,0.6385836385836385,0.23956043956043957,0.5941391941391941,0.5724053724053724,0.5496947496947497,0.12747252747252746,0.389010989010989,0.12673992673992673,0.5172161172161173,0.13015873015873017,0.3819291819291819,0.44517704517704515,0.19755799755799755,0.22857142857142856,0.7782661782661783,0.37704517704517704,0.7746031746031746,0.5951159951159951,0.40634920634920635,0.1960927960927961,0.15946275946275945,0.14627594627594628,0.6771672771672772,0.30305250305250303,0.08473748473748474,0.2590964590964591,0.252991452991453,0.210989010989011,0.2822954822954823,0.3665445665445665,0.42075702075702076,0.10427350427350428,0.22466422466422467,0.28327228327228327,0.24981684981684982,0.517948717948718,0.4884004884004884,0.16776556776556775,0.7775335775335775,0.27228327228327226,0.5641025641025641,0.4021978021978022,0.16507936507936508
0.23003663003663002,0.46984126984126984,0.16043956043956045,0.1115995115995116,0.16556776556776556,0.49108669108669106,0.0695970695970696,0.22466422466422467,0.14383394383394382,0.3987789987789988,0.2634920634920635,0.5455433455433455,0.3523809523809524,0.46935286935286935,0.5167277167277168,0.056654456654456654,0.22246642246642245,0.3247863247863248,0.6478632478632479,0.6307692307692307,0.4481074481074481,0.326984126984127,0.14627594627594628,0.11648351648351649,0.11233211233211234,0.47228327228327227,0.0989010989010989,0.3006105006105006,0.4612942612942613,0.3916971916971917,0.17631257631257632,0.17045177045177046,0.12380952380952381,0.20170940170940171,0.27692307692307694,0.45323565323565324,0.6478632478632479,0.272039072039072,0.6163614163614164,0.5528693528693529,0.5628815628815629,0.1308913308913309,0.4222222222222222,0.14236874236874236,0.5264957264957265,0.1264957264957265,0.4205128205128205,0.4307692307692308,0.19462759462759463,0.22197802197802197,0.7667887667887668,0.4166056166056166,0.7816849816849817,0.5794871794871795,0.39487179487179486,0.1916971916971917,0.17362637362637362,0.17094017094017094,0.6818070818070818,0.295970695970696,0.09426129426129426,0.25347985347985347,0.24273504273504273,0.20341880341880342,0.2737484737484738,0.3550671550671551,0.409035409035409,0.10207570207570207,0.2175824175824176,0.2754578754578755,0.2402930402930403,0.5206349206349207,0.473015873015873,0.17753357753357754,0.7582417582417582,0.3086691086691087,0.5545787545787546,0.38974358974358975,0.16825396825396827
0.22271062271062272,0.4832722832722833,0.15702075702075702,0.11697191697191697,0.18632478632478633,0.5069597069597069,0.06886446886446887,0.22124542124542124,0.14114774114774115,0.38632478632478634,0.2695970695970696,0.5306471306471306,0.33821733821733824,0.47863247863247865,0.49963369963369964,0.05616605616605617,0.21465201465201464,0.31135531135531136,0.6559218559218559,0.6183150183150183,0.4363858363858364,0.3562881562881563,0.14212454212454212,0.11672771672771673,0.10964590964590964,0.5164835164835165,0.09621489621489622,0.2905982905982906,0.44517704517704515,0.378998778998779,0.17045177045177046,0.2056166056166056,0.1203907203907204,0.1956043956043956,0.2673992673992674,0.43956043956043955,0.652991452991453,0.3052503052503053,0.6361416361416361,0.5340659340659341,0.5736263736263736,0.13772893772893774,0.4547008547008547,0.1623931623931624,0.5335775335775336,0.12283272283272283,0.4568986568986569,0.4170940170940171,0.1934065934065934,0.21562881562881564,0.7526251526251526,0.45323565323565324,0.7860805860805861,0.5638583638583639,0.3824175824175824,0.1873015873015873,0.1943833943833944,0.20293040293040293,0.684004884004884,0.28913308913308916,0.1076923076923077,0.2468864468864469,0.23272283272283273,0.19633699633699633,0.2656898656898657,0.3443223443223443,0.3978021978021978,0.10036630036630037,0.21123321123321123,0.2681318681318681,0.23125763125763127,0.5206349206349207,0.45738705738705737,0.19194139194139195,0.7372405372405373,0.34725274725274724,0.5428571428571428,0.37704517704517704,0.17387057387057386
0.2153846153846154,0.49474969474969477,0.15384615384615385,0.12673992673992673,0.21025641025641026,0.5228327228327229,0.06715506715506715,0.2188034188034188,0.1409035409035409,0.3738705738705739,0.2783882783882784,0.5157509157509158,0.32405372405372407,0.4862026862026862,0.4827838827838828,0.05518925518925519,0.2070818070818071,0.29914529914529914,0.6634920634920635,0.6036630036630036,0.4227106227106227,0.38363858363858366,0.13797313797313798,0.1199023199023199,0.10671550671550671,0.5575091575091575,0.09401709401709402,0.28083028083028083,0.4312576312576313,0.36800976800976803,0.16385836385836386,0.24517704517704517,0.11746031746031746,0.1894993894993895,0.2578754578754579,0.42735042735042733,0.6544566544566545,0.35482295482295484,0.6532356532356532,0.515995115995116,0.5814407814407815,0.14896214896214896,0.484981684981685,0.18656898656898657,0.5382173382173382,0.11941391941391942,0.4905982905982906,0.4031746031746032,0.1934065934065934,0.20903540903540904,0.7360195360195361,0.48644688644688644,0.7865689865689866,0.5470085470085471,0.36971916971916974,0.18315018315018314,0.22148962148962148,0.2407814407814408,0.683028083028083,0.28327228327228327,0.1282051282051282,0.2402930402930403,0.22271062271062272,0.18998778998778998,0.2583638583638584,0.3343101343101343,0.38754578754578756,0.10451770451770452,0.20537240537240536,0.26105006105006107,0.22246642246642245,0.5186813186813187,0.4424908424908425,0.21245421245421245,0.7155067155067155,0.3865689865689866,0.5286935286935287,0.3641025641025641,0.1824175824175824
0.2083028083028083,0.5045177045177045,0.15115995115995115,0.1413919413919414,0.23614163614163614,0.5345543345543345,0.06471306471306472,0.21831501831501832,0.14334554334554334,0.3636141636141636,0.2905982905982906,0.5010989010989011,0.31013431013431014,0.49108669108669106,0.4666666666666667,0.05445665445665446,0.20073260073260074,0.28815628815628813,0.6695970695970695,0.5868131868131868,0.4073260073260073,0.4087912087912088,0.13406593406593406,0.12722832722832722,0.10354090354090355,0.5953601953601954,0.09181929181929183,0.2713064713064713,0.4188034188034188,0.35653235653235654,0.1575091575091575,0.2874236874236874,0.11428571428571428,0.1838827838827839,0.2485958485958486,0.4166056166056166,0.653968253968254,0.3855921855921856,0.6681318681318681,0.4989010989010989,0.5853479853479854,0.16507936507936508,0.5123321123321123,0.2139194139194139,0.5399267399267399,0.11575091575091576,0.5216117216117216,0.3907203907203907,0.1960927960927961,0.20317460317460317,0.717948717948718,0.5157509157509158,0.7838827838827839,0.5299145299145299,0.3567765567765568,0.17924297924297924,0.2542124542124542,0.283028083028083,0.6788766788766789,0.2778998778998779,0.15555555555555556,0.2336996336996337,0.21294261294261294,0.1838827838827839,0.2512820512820513,0.326007326007326,0.37777777777777777,0.11184371184371185,0.19975579975579977,0.2542124542124542,0.21562881562881564,0.515018315018315,0.42857142857142855,0.23785103785103784,0.694017094017094,0.4249084249084249,0.513064713064713,0.3528693528693529,0.19584859584859585
0.20122100122100123,0.5123321123321123,0.14896214896214896,0.16092796092796094,0.2605616605616606,0.5426129426129426,0.06251526251526252,0.22026862026862026,0.1492063492063492,0.3540903540903541,0.3076923076923077,0.4874236874236874,0.2962148962148962,0.49401709401709404,0.45103785103785105,0.05347985347985348,0.19584859584859585,0.27643467643467645,0.6730158730158731,0.5684981684981685,0.39096459096459096,0.43174603174603177,0.13015873015873017,0.13992673992673993,0.10061050061050061,0.6295482295482295,0.09010989010989011,0.263980463980464,0.4056166056166056,0.34505494505494505,0.1509157509157509,0.3304029304029304,0.11135531135531136,0.17875457875457876,0.24102564102564103,0.40586080586080586,0.6503052503052503,0.41514041514041516,0.6644688644688644,0.4835164835164835,0.5858363858363859,0.1873015873015873,0.536996336996337,0.2424908424908425,0.5387057387057387,0.11257631257631258,0.5457875457875457,0.37924297924297923,0.2026862026862027,0.1978021978021978,0.6984126984126984,0.5411477411477411,0.77997557997558,0.513064713064713,0.3443223443223443,0.17606837606837608,0.2910866910866911,0.3277167277167277,0.6722832722832723,0.272039072039072,0.1894993894993895,0.2271062271062271,0.20366300366300366,0.17826617826617827,0.24444444444444444,0.3189255189255189,0.36800976800976803,0.11526251526251527,0.1943833943833944,0.24737484737484738,0.21001221001221002,0.5101343101343101,0.4158730158730159,0.26764346764346764,0.6727716727716728,0.4610500610500611,0.49621489621489623,0.34285714285714286,0.21318681318681318
0.19413919413919414,0.5186813186813187,0.147985347985348,0.18461538461538463,0.2835164835164835,0.5501831501831502,0.06056166056166056,0.22564102564102564,0.1597069597069597,0.34383394383394383,0.3282051282051282,0.47374847374847373,0.283028083028083,0.49474969474969477,0.4358974358974359,0.05396825396825397,0.1894993894993895,0.263980463980464,0.6737484737484738,0.5496947496947497,0.3741147741147741,0.4525030525030525,0.12747252747252746,0.15848595848595848,0.09768009768009768,0.6603174603174603,0.08888888888888889,0.25811965811965815,0.3921855921855922,0.3338217338217338,0.1443223443223443,0.37264957264957266,0.10842490842490843,0.17362637362637362,0.2341880341880342,0.39487179487179486,0.6437118437118438,0.4427350427350427,0.6503052503052503,0.4695970695970696,0.5843711843711844,0.21465201465201464,0.5584859584859585,0.27106227106227104,0.5347985347985348,0.10964590964590964,0.5653235653235653,0.3665445665445665,0.21343101343101342,0.19291819291819293,0.6781440781440782,0.5628815628815629,0.7738705738705739,0.49694749694749696,0.33186813186813185,0.17313797313797313,0.3311355311355311,0.3672771672771673,0.6625152625152625,0.26544566544566545,0.22857142857142856,0.221001221001221,0.19487179487179487,0.17264957264957265,0.23956043956043957,0.31184371184371185,0.35873015873015873,0.11648351648351649,0.18925518925518925,0.24224664224664225,0.20317460317460317,0.5032967032967033,0.40366300366300367,0.30036630036630035,0.652014652014652,0.49401709401709404,0.48083028083028084,0.3326007326007326,0.23467643467643468
0.1873015873015873,0.5228327228327229,0.1492063492063492,0.2083028083028083,0.30842490842490844,0.5560439560439561,0.058363858363858365,0.23443223443223443,0.17533577533577532,0.33601953601953605,0.35018315018315016,0.4603174603174603,0.27057387057387056,0.4925518925518926,0.4231990231990232,0.05518925518925519,0.18315018315018314,0.2512820512820513,0.6713064713064713,0.5304029304029304,0.35775335775335776,0.46813186813186813,0.12576312576312576,0.18315018315018314,0.09499389499389499,0.6881562881562882,0.08766788766788766,0.2525030525030525,0.3785103785103785,0.32283272283272285,0.13821733821733823,0.41318681318681316,0.1054945054945055,0.16874236874236875,0.22686202686202686,0.38412698412698415,0.6341880341880342,0.4678876678876679,0.6434676434676435,0.4551892551892552,0.5802197802197803,0.2463980463980464,0.5768009768009768,0.2989010989010989,0.5284493284493285,0.10818070818070818,0.5851037851037851,0.3528693528693529,0.2288156288156288,0.18803418803418803,0.6571428571428571,0.5814407814407815,0.7648351648351648,0.48205128205128206,0.3201465201465201,0.17045177045177046,0.37216117216117217,0.40366300366300367,0.6500610500610501,0.25860805860805863,0.27106227106227104,0.21465201465201464,0.18656898656898657,0.16678876678876678,0.2354090354090354,0.3047619047619048,0.34945054945054943,0.11672771672771673,0.18461538461538463,0.23785103785103784,0.1960927960927961,0.49474969474969477,0.3924297924297924,0.33455433455433453,0.6327228327228327,0.5238095238095238,0.46642246642246643,0.3225885225885226,0.25934065934065936
0.1807081807081807,0.5247863247863248,0.15262515262515264,0.23223443223443224,0.3333333333333333,0.55995115995116,0.05641025641025641,0.24664224664224665,0.1960927960927961,0.3299145299145299,0.3728937728937729,0.4473748473748474,0.25860805860805863,0.4884004884004884,0.4117216117216117,0.05518925518925519,0.17631257631257632,0.23882783882783884,0.6656898656898657,0.5115995115995116,0.3418803418803419,0.48083028083028084,0.12380952380952381,0.21294261294261294,0.0927960927960928,0.7128205128205128,0.08766788766788766,0.24835164835164836,0.3648351648351648,0.31184371184371185,0.13211233211233211,0.4507936507936508,0.1028083028083028,0.16507936507936508,0.21904761904761905,0.3738705738705739,0.621001221001221,0.49108669108669106,0.6393162393162393,0.4405372405372405,0.5728937728937729,0.2810744810744811,0.591941391941392,0.3252747252747253,0.518925518925519,0.10744810744810745,0.6036630036630036,0.33894993894993897,0.2490842490842491,0.1838827838827839,0.6363858363858363,0.5943833943833944,0.7536019536019536,0.4673992673992674,0.30842490842490844,0.16800976800976802,0.40757020757020757,0.4427350427350427,0.6351648351648351,0.252014652014652,0.31477411477411477,0.2087912087912088,0.178998778998779,0.16263736263736264,0.23076923076923078,0.2979242979242979,0.33992673992673994,0.11648351648351649,0.18095238095238095,0.23272283272283273,0.189010989010989,0.48473748473748474,0.38168498168498166,0.3684981684981685,0.6144078144078144,0.5467643467643467,0.45152625152625153,0.31306471306471306,0.28595848595848594
0.17435897435897435,0.5247863247863248,0.1592185592185592,0.25982905982905985,0.35775335775335776,0.5609279609279609,0.0547008547008547,0.2612942612942613,0.22124542124542124,0.32112332112332115,0.39487179487179486,0.4346764346764347,0.24713064713064714,0.48253968253968255,0.39951159951159954,0.054945054945054944,0.16971916971916973,0.22661782661782662,0.6568986568986569,0.4927960927960928,0.32893772893772893,0.49352869352869355,0.12234432234432234,0.2468864468864469,0.09084249084249084,0.7308913308913308,0.0884004884004884,0.2468864468864469,0.35115995115995113,0.30085470085470084,0.126007326007326,0.48473748473748474,0.10183150183150183,0.1623931623931624,0.21147741147741148,0.3636141636141636,0.6056166056166056,0.5091575091575091,0.6371184371184371,0.4261294261294261,0.5628815628815629,0.3177045177045177,0.6039072039072039,0.3492063492063492,0.5086691086691086,0.10622710622710622,0.6202686202686203,0.3252747252747253,0.27277167277167275,0.18021978021978022,0.6161172161172161,0.6036630036630036,0.7401709401709402,0.45396825396825397,0.2967032967032967,0.16678876678876678,0.4388278388278388,0.48131868131868133,0.6183150183150183,0.2454212454212454,0.35824175824175825,0.20317460317460317,0.17191697191697192,0.1592185592185592,0.2258852258852259,0.2915750915750916,0.3304029304029304,0.11575091575091576,0.17826617826617827,0.22735042735042735,0.18217338217338216,0.473015873015873,0.37094017094017095,0.400976800976801,0.5968253968253968,0.5643467643467643,0.4368742368742369,0.30378510378510376,0.31306471306471306
0.16800976800976802,0.5228327228327229,0.16971916971916973,0.28888888888888886,0.3807081807081807,0.5587301587301587,0.05274725274725275,0.27814407814407816,0.2459096459096459,0.3108669108669109,0.4148962148962149,0.4222222222222222,0.23614163614163614,0.4752136752136752,0.3873015873015873,0.05396825396825397,0.16336996336996337,0.21465201465201464,0.644932844932845,0.4752136752136752,0.3177045177045177,0.505006105006105,0.12258852258852258,0.28327228327228327,0.08913308913308914,0.7443223443223443,0.08791208791208792,0.2490842490842491,0.33724053724053726,0.29010989010989013,0.12112332112332112,0.5147741147741147,0.10183150183150183,0.15848595848595848,0.20366300366300366,0.35311355311355314,0.5882783882783883,0.5238095238095238,0.6341880341880342,0.41196581196581195,0.5501831501831502,0.3550671550671551,0.6131868131868132,0.3682539682539683,0.49743589743589745,0.10427350427350428,0.6344322344322344,0.3108669108669109,0.2993894993894994,0.17631257631257632,0.5978021978021978,0.6122100122100123,0.724053724053724,0.4405372405372405,0.28595848595848594,0.16776556776556775,0.472039072039072,0.517948717948718,0.6007326007326007,0.23882783882783884,0.4,0.1978021978021978,0.16678876678876678,0.15506715506715507,0.221001221001221,0.2852258852258852,0.32063492063492066,0.115995115995116,0.17509157509157508,0.22246642246642245,0.17533577533577532,0.4608058608058608,0.3601953601953602,0.4312576312576313,0.5814407814407815,0.5816849816849817,0.42295482295482295,0.29523809523809524,0.3401709401709402
0.1623931623931624,0.5186813186813187,0.1851037851037851,0.3181929181929182,0.4021978021978022,0.5511599511599512,0.05128205128205128,0.29645909645909646,0.2713064713064713,0.3006105006105006,0.43272283272283274,0.41025641025641024,0.2258852258852259,0.4656898656898657,0.37484737484737485,0.05274725274725275,0.15702075702075702,0.20317460317460317,0.6305250305250305,0.4581196581196581,0.30622710622710625,0.5147741147741147,0.12551892551892552,0.32063492063492066,0.08864468864468865,0.7575091575091575,0.08742368742368742,0.2554334554334554,0.32332112332112334,0.2788766788766789,0.11648351648351649,0.5382173382173382,0.10207570207570207,0.15433455433455434,0.1960927960927961,0.3435897435897436,0.5694749694749695,0.5396825396825397,0.6293040293040293,0.39755799755799753,0.5357753357753358,0.3912087912087912,0.6190476190476191,0.3838827838827839,0.48376068376068376,0.10207570207570207,0.6456654456654457,0.2971916971916972,0.3274725274725275,0.17264957264957265,0.580952380952381,0.6190476190476191,0.7062271062271063,0.4278388278388278,0.27521367521367524,0.17094017094017094,0.504029304029304,0.5518925518925519,0.5824175824175825,0.23247863247863249,0.43833943833943834,0.19267399267399268,0.16263736263736264,0.15067155067155066,0.21611721611721613,0.27912087912087913,0.3120879120879121,0.11672771672771673,0.17167277167277167,0.21733821733821734,0.168986568986569,0.44761904761904764,0.3499389499389499,0.4551892551892552,0.5672771672771673,0.5978021978021978,0.41001221001221,0.2869352869352869,0.3658119658119658
0.15848595848595848,0.513064713064713,0.2056166056166056,0.34676434676434675,0.421978021978022,0.5418803418803418,0.050793650793650794,0.31306471306471306,0.3013431013431013,0.2903540903540904,0.4473748473748474,0.39829059829059826,0.21782661782661783,0.4547008547008547,0.3626373626373626,0.05128205128205128,0.15115995115995115,0.19194139194139195,0.613919413919414,0.4432234432234432,0.29523809523809524,0.5223443223443224,0.13162393162393163,0.357997557997558,0.08888888888888889,0.768986568986569,0.08644688644688645,0.2661782661782662,0.3098901098901099,0.2678876678876679,0.11184371184371185,0.557020757020757,0.10402930402930403,0.14993894993894993,0.189010989010989,0.3333333333333333,0.5496947496947497,0.5545787545787546,0.6224664224664225,0.3833943833943834,0.5199023199023199,0.42637362637362636,0.621001221001221,0.3992673992673993,0.4691086691086691,0.10036630036630037,0.6542124542124542,0.2835164835164835,0.3557997557997558,0.17045177045177046,0.5638583638583639,0.6234432234432234,0.6869352869352869,0.41562881562881565,0.26666666666666666,0.1772893772893773,0.5340659340659341,0.5826617826617827,0.5641025641025641,0.2258852258852259,0.473015873015873,0.18852258852258852,0.15775335775335775,0.14627594627594628,0.21147741147741148,0.27277167277167275,0.30427350427350425,0.11672771672771673,0.16825396825396827,0.2126984126984127,0.1623931623931624,0.4346764346764347,0.33943833943833945,0.4742368742368742,0.5531135531135531,0.610989010989011,0.3978021978021978,0.27936507936507937,0.38925518925518926
0.15555555555555556,0.5054945054945055,0.23028083028083027,0.3741147741147741,0.4398046398046398,0.5343101343101343,0.05225885225885226,0.3286935286935287,0.33308913308913307,0.28034188034188035,0.4593406593406593,0.3877899877899878,0.210989010989011,0.4427350427350427,0.35067155067155065,0.05030525030525031,0.1452991452991453,0.18095238095238095,0.5978021978021978,0.43003663003663006,0.28498168498168497,0.527960927960928,0.14188034188034188,0.3894993894993895,0.08791208791208792,0.7775335775335775,0.08571428571428572,0.28083028083028083,0.29645909645909646,0.25665445665445663,0.10891330891330891,0.5755799755799755,0.10866910866910867,0.14554334554334555,0.18217338217338216,0.3230769230769231,0.5294261294261294,0.5684981684981685,0.6134310134310135,0.3694749694749695,0.503052503052503,0.4554334554334554,0.6202686202686203,0.4134310134310134,0.45396825396825397,0.09865689865689865,0.6590964590964591,0.2703296703296703,0.38046398046398044,0.16874236874236875,0.5470085470085471,0.6249084249084249,0.6669108669108669,0.4061050061050061,0.2595848595848596,0.18754578754578755,0.5609279609279609,0.6102564102564103,0.546031746031746,0.21978021978021978,0.5037851037851038,0.1851037851037851,0.1523809523809524,0.14212454212454212,0.20683760683760682,0.2664224664224664,0.294993894993895,0.11672771672771673,0.16556776556776556,0.20781440781440783,0.1562881562881563,0.421978021978022,0.33015873015873015,0.49352869352869355,0.5387057387057387,0.621978021978022,0.3860805860805861,0.2717948717948718,0.41001221001221
0.1514041514041514,0.4967032967032967,0.2583638583638584,0.39951159951159954,0.4551892551892552,0.5235653235653236,0.05641025641025641,0.346031746031746,0.3653235653235653,0.27057387057387056,0.4678876678876679,0.37777777777777777,0.20293040293040293,0.43003663003663006,0.3384615384615385,0.04981684981684982,0.13968253968253969,0.1706959706959707,0.5811965811965812,0.41611721611721614,0.274969474969475,0.5308913308913309,0.1562881562881563,0.4166056166056166,0.08693528693528693,0.7826617826617827,0.08473748473748474,0.2989010989010989,0.28327228327228327,0.24737484737484738,0.10695970695970695,0.5924297924297924,0.11721611721611722,0.14114774114774115,0.17533577533577532,0.3125763125763126,0.5118437118437118,0.5807081807081808,0.6021978021978022,0.3557997557997558,0.48644688644688644,0.47985347985347987,0.6168498168498169,0.4256410256410256,0.4388278388278388,0.0971916971916972,0.6612942612942613,0.2576312576312576,0.4021978021978022,0.16605616605616605,0.5306471306471306,0.6231990231990232,0.6463980463980464,0.3992673992673993,0.2515262515262515,0.2026862026862027,0.5843711843711844,0.6346764346764346,0.528937728937729,0.21343101343101342,0.526984126984127,0.18144078144078143,0.14676434676434677,0.13821733821733823,0.2021978021978022,0.25982905982905985,0.2852258852258852,0.11672771672771673,0.16336996336996337,0.20341880341880342,0.15042735042735042,0.4105006105006105,0.32161172161172163,0.5111111111111111,0.5245421245421246,0.6302808302808303,0.37484737484737485,0.26422466422466423,0.4256410256410256
0.14725274725274726,0.4866910866910867,0.28888888888888886,0.42295482295482295,0.4683760683760684,0.5115995115995116,0.06349206349206349,0.3641025641025641,0.3973137973137973,0.2612942612942613,0.4725274725274725,0.36678876678876676,0.19487179487179487,0.4170940170940171,0.32673992673992674,0.050793650793650794,0.1343101343101343,0.16214896214896216,0.5628815628815629,0.4021978021978022,0.2652014652014652,0.5313797313797314,0.1746031746031746,0.44468864468864466,0.08742368742368742,0.7838827838827839,0.08424908424908426,0.31965811965811963,0.2698412698412698,0.23882783882783884,0.10427350427350428,0.6068376068376068,0.13064713064713065,0.13675213675213677,0.16923076923076924,0.3018315018315018,0.4954822954822955,0.590964590964591,0.589010989010989,0.3426129426129426,0.47057387057387057,0.5052503052503052,0.6112332112332113,0.4358974358974359,0.4244200244200244,0.09597069597069598,0.6598290598290598,0.24517704517704517,0.4249084249084249,0.16312576312576313,0.515018315018315,0.6183150183150183,0.6278388278388278,0.3912087912087912,0.24346764346764346,0.2231990231990232,0.6048840048840048,0.6561660561660562,0.5123321123321123,0.20854700854700856,0.5448107448107448,0.17753357753357754,0.14114774114774115,0.1347985347985348,0.1978021978021978,0.252991452991453,0.2754578754578755,0.11648351648351649,0.16214896214896216,0.199023199023199,0.14481074481074482,0.40024420024420027,0.3115995115995116,0.526984126984127,0.5103785103785103,0.6361416361416361,0.3636141636141636,0.2568986568986569,0.43736263736263736
0.14334554334554334,0.4757020757020757,0.3201465201465201,0.4442002442002442,0.47912087912087914,0.4993894993894994,0.07521367521367521,0.3811965811965812,0.4278388278388278,0.25274725274725274,0.473992673992674,0.3553113553113553,0.18656898656898657,0.4043956043956044,0.31477411477411477,0.05445665445665446,0.12942612942612944,0.15482295482295483,0.5443223443223443,0.3882783882783883,0.2554334554334554,0.5291819291819292,0.19633699633699633,0.47155067155067154,0.08888888888888889,0.780952380952381,0.08327228327228327,0.3413919413919414,0.2590964590964591,0.22905982905982905,0.10256410256410256,0.6190476190476191,0.14945054945054945,0.13235653235653236,0.16336996336996337,0.2923076923076923,0.47912087912087914,0.5992673992673992,0.5743589743589743,0.3291819291819292,0.45665445665445664,0.5294261294261294,0.6026862026862027,0.44346764346764345,0.4105006105006105,0.09499389499389499,0.654945054945055,0.23467643467643468,0.44664224664224667,0.1606837606837607,0.49963369963369964,0.6105006105006106,0.6102564102564103,0.38168498168498166,0.23516483516483516,0.2485958485958486,0.6222222222222222,0.6747252747252748,0.4967032967032967,0.20415140415140415,0.5623931623931624,0.17362637362637362,0.13577533577533576,0.13113553113553114,0.19365079365079366,0.2463980463980464,0.2656898656898657,0.115995115995116,0.16312576312576313,0.19487179487179487,0.1409035409035409,0.3894993894993895,0.30085470085470084,0.5404151404151404,0.49621489621489623,0.6393162393162393,0.35262515262515265,0.2507936507936508,0.44835164835164837
0.14017094017094017,0.4644688644688645,0.3516483516483517,0.46373626373626375,0.4862026862026862,0.48766788766788766,0.09304029304029304,0.3973137973137973,0.4568986568986569,0.2463980463980464,0.47277167277167276,0.34383394383394383,0.178998778998779,0.39194139194139194,0.3032967032967033,0.06227106227106227,0.126007326007326,0.14676434676434677,0.526007326007326,0.37484737484737485,0.24566544566544565,0.5245421245421246,0.221001221001221,0.495970695970696,0.08888888888888889,0.7741147741147741,0.0822954822954823,0.3636141636141636,0.24957264957264957,0.2188034188034188,0.10207570207570207,0.6285714285714286,0.17387057387057386,0.12747252747252746,0.1592185592185592,0.28376068376068375,0.4627594627594628,0.6048840048840048,0.5587301587301587,0.3162393162393162,0.4442002442002442,0.5518925518925519,0.5914529914529915,0.44884004884004886,0.39755799755799753,0.09426129426129426,0.6471306471306472,0.2258852258852259,0.46642246642246643,0.15995115995115994,0.48473748473748474,0.5995115995115995,0.5921855921855922,0.37142857142857144,0.2271062271062271,0.2778998778998779,0.6366300366300366,0.6908424908424908,0.4832722832722833,0.199023199023199,0.5777777777777777,0.16947496947496948,0.13064713064713065,0.12747252747252746,0.18925518925518925,0.2402930402930403,0.25616605616605614,0.11575091575091576,0.16678876678876678,0.19096459096459095,0.13797313797313798,0.37924297924297923,0.29010989010989013,0.5516483516483517,0.48205128205128206,0.64004884004884,0.34163614163614164,0.24493284493284492,0.45714285714285713
0.14017094017094017,0.45323565323565324,0.38266178266178263,0.48083028083028084,0.4905982905982906,0.47496947496947495,0.11672771672771673,0.4117216117216117,0.4835164835164835,0.2407814407814408,0.46813186813186813,0.33186813186813185,0.17167277167277167,0.37997557997557996,0.2920634920634921,0.07423687423687424,0.12405372405372406,0.13846153846153847,0.5081807081807082,0.3614163614163614,0.23565323565323565,0.5172161172161173,0.2437118437118437,0.5172161172161173,0.08791208791208792,0.7633699633699633,0.08156288156288156,0.38217338217338215,0.23931623931623933,0.2087912087912088,0.10476190476190476,0.6349206349206349,0.20341880341880342,0.12307692307692308,0.15604395604395604,0.273992673992674,0.44713064713064715,0.608058608058608,0.5428571428571428,0.3052503052503053,0.43174603174603177,0.5716727716727716,0.578021978021978,0.4517704517704518,0.3851037851037851,0.09352869352869353,0.6371184371184371,0.21587301587301588,0.48376068376068376,0.16214896214896216,0.46984126984126984,0.5858363858363859,0.5743589743589743,0.36117216117216117,0.2188034188034188,0.3098901098901099,0.6478632478632479,0.7037851037851038,0.47057387057387057,0.19365079365079366,0.5904761904761905,0.16556776556776556,0.12576312576312576,0.1242979242979243,0.1851037851037851,0.23516483516483516,0.24664224664224665,0.11526251526251527,0.1746031746031746,0.1873015873015873,0.1343101343101343,0.3694749694749695,0.27912087912087913,0.5604395604395604,0.4678876678876679,0.6378510378510378,0.3311355311355311,0.23833943833943835,0.4634920634920635
0.1443223443223443,0.4424908424908425,0.4126984126984127,0.49352869352869355,0.49352869352869355,0.4622710622710623,0.14627594627594628,0.4244200244200244,0.5079365079365079,0.23443223443223443,0.4603174603174603,0.3203907203907204,0.1641025641025641,0.368986568986569,0.28083028083028083,0.09133089133089133,0.12185592185592185,0.1308913308913309,0.4913308913308913,0.3482295482295482,0.22564102564102564,0.5076923076923077,0.2652014652014652,0.5355311355311355,0.08717948717948718,0.7492063492063492,0.08058608058608059,0.3978021978021978,0.22832722832722832,0.19877899877899877,0.1115995115995116,0.6383394383394383,0.23687423687423687,0.11892551892551892,0.15189255189255188,0.26373626373626374,0.4324786324786325,0.6087912087912087,0.5277167277167277,0.29572649572649573,0.4197802197802198,0.589010989010989,0.5626373626373626,0.4517704517704518,0.3733821733821734,0.09401709401709402,0.6249084249084249,0.20586080586080585,0.4989010989010989,0.16800976800976802,0.4554334554334554,0.5699633699633699,0.5572649572649573,0.35067155067155065,0.2105006105006105,0.34285714285714286,0.6559218559218559,0.7118437118437119,0.4568986568986569,0.18852258852258852,0.6,0.1619047619047619,0.12112332112332112,0.12136752136752137,0.1824175824175824,0.22905982905982905,0.23736263736263735,0.11452991452991453,0.18705738705738706,0.18437118437118438,0.13064713064713065,0.3601953601953602,0.2678876678876679,0.5672771672771673,0.4537240537240537,0.6332112332112332,0.32161172161172163,0.2315018315018315,0.46642246642246643
0.15384615384615385,0.431990231990232,0.441025641025641,0.503052503052503,0.494993894993895,0.44981684981684983,0.18095238095238095,0.4354090354090354,0.5299145299145299,0.2275946275946276,0.45006105006105007,0.30915750915750917,0.1575091575091575,0.3584859584859585,0.2713064713064713,0.11697191697191697,0.12136752136752137,0.12356532356532357,0.47545787545787543,0.33528693528693526,0.21587301587301588,0.49694749694749696,0.2893772893772894,0.550915750915751,0.08717948717948718,0.7323565323565323,0.08083028083028083,0.41367521367521365,0.2175824175824176,0.189010989010989,0.12380952380952381,0.6385836385836385,0.27277167277167275,0.11672771672771673,0.14774114774114774,0.252991452991453,0.4183150183150183,0.6068376068376068,0.5137973137973137,0.2847374847374847,0.40805860805860805,0.6036630036630036,0.546031746031746,0.4490842490842491,0.36166056166056165,0.09474969474969475,0.6107448107448108,0.1960927960927961,0.5111111111111111,0.178998778998779,0.441025641025641,0.5526251526251527,0.5406593406593406,0.33992673992673994,0.2021978021978022,0.3750915750915751,0.6595848595848596,0.715995115995116,0.4432234432234432,0.18339438339438338,0.6068376068376068,0.157997557997558,0.11672771672771673,0.1199023199023199,0.1807081807081807,0.22295482295482297,0.22857142857142856,0.11404151404151404,0.20146520146520147,0.18217338217338216,0.12722832722832722,0.35115995115995113,0.2568986568986569,0.5721611721611721,0.43956043956043955,0.6261294261294261,0.31306471306471306,0.22466422466422467,0.4666666666666667
0.1702075702075702,0.421978021978022,0.463980463980464,0.512087912087912,0.4945054945054945,0.43785103785103785,0.21953601953601953,0.4442002442002442,0.5492063492063493,0.221001221001221,0.4371184371184371,0.29865689865689865,0.15067155067155066,0.3492063492063492,0.26324786324786326,0.15189255189255188,0.12380952380952381,0.11672771672771673,0.46007326007326005,0.3218559218559219,0.2061050061050061,0.4857142857142857,0.31404151404151404,0.5628815628815629,0.08937728937728938,0.7133089133089133,0.08180708180708181,0.4283272283272283,0.20732600732600734,0.17997557997557997,0.1413919413919414,0.6351648351648351,0.3098901098901099,0.11477411477411477,0.14383394383394382,0.24273504273504273,0.4039072039072039,0.6024420024420024,0.49963369963369964,0.2737484737484738,0.3973137973137973,0.6161172161172161,0.528937728937729,0.44395604395604393,0.35213675213675216,0.09474969474969475,0.5943833943833944,0.18705738705738706,0.5208791208791209,0.19584859584859585,0.42637362637362636,0.5357753357753358,0.5247863247863248,0.32967032967032966,0.1943833943833944,0.40586080586080586,0.6598290598290598,0.7194139194139194,0.4293040293040293,0.17875457875457876,0.6105006105006106,0.15433455433455434,0.11233211233211234,0.11941391941391942,0.17753357753357754,0.21684981684981686,0.22002442002442002,0.11330891330891331,0.22954822954822954,0.1794871794871795,0.12576312576312576,0.3426129426129426,0.2463980463980464,0.5746031746031746,0.4256410256410256,0.6173382173382174,0.3032967032967033,0.21782661782661783,0.46422466422466424
0.1934065934065934,0.41318681318681316,0.48376068376068376,0.5199023199023199,0.4918192918192918,0.42686202686202684,0.2600732600732601,0.4512820512820513,0.5638583638583639,0.21416361416361415,0.4222222222222222,0.28815628815628813,0.14407814407814407,0.34114774114774116,0.25396825396825395,0.19511599511599512,0.13015873015873017,0.11037851037851037,0.4456654456654457,0.3089133089133089,0.19853479853479852,0.47277167277167276,0.33724053724053726,0.5724053724053724,0.09572649572649573,0.694017094017094,0.08180708180708181,0.44004884004884004,0.19755799755799755,0.17094017094017094,0.16532356532356532,0.6288156288156288,0.3418803418803419,0.11257631257631258,0.13992673992673993,0.23247863247863249,0.38974358974358975,0.5960927960927961,0.48547008547008547,0.26275946275946277,0.3868131868131868,0.6258852258852259,0.5118437118437118,0.43614163614163615,0.3435897435897436,0.09426129426129426,0.577045177045177,0.17826617826617827,0.527960927960928,0.21855921855921856,0.4122100122100122,0.5191697191697192,0.5094017094017094,0.31916971916971915,0.18705738705738706,0.43394383394383396,0.6586080586080586,0.7208791208791209,0.41562881562881565,0.17387057387057386,0.6107448107448108,0.1509157509157509,0.10818070818070818,0.11794871794871795,0.17362637362637362,0.210989010989011,0.21172161172161172,0.11404151404151404,0.26886446886446885,0.1768009768009768,0.12673992673992673,0.33406593406593404,0.2358974358974359,0.5753357753357753,0.41318681318681316,0.6061050061050061,0.29304029304029305,0.21147741147741148,0.4593406593406593
0.2231990231990232,0.4048840048840049,0.5047619047619047,0.5252747252747253,0.4869352869352869,0.4158730158730159,0.3018315018315018,0.4559218559218559,0.5746031746031746,0.20732600732600734,0.4065934065934066,0.27814407814407816,0.13797313797313798,0.33406593406593404,0.2442002442002442,0.24566544566544565,0.14188034188034188,0.10476190476190476,0.4315018315018315,0.2962148962148962,0.1916971916971917,0.45885225885225883,0.3592185592185592,0.5787545787545788,0.1054945054945055,0.6747252747252748,0.08131868131868132,0.44884004884004886,0.18803418803418803,0.16263736263736264,0.19511599511599512,0.62002442002442,0.3706959706959707,0.10964590964590964,0.13675213675213677,0.22246642246642245,0.37606837606837606,0.5877899877899878,0.4713064713064713,0.2512820512820513,0.3768009768009768,0.6327228327228327,0.494993894993895,0.4278388278388278,0.3338217338217338,0.09304029304029304,0.558974358974359,0.17045177045177046,0.5326007326007326,0.24713064713064714,0.39951159951159954,0.5015873015873016,0.49401709401709404,0.30915750915750917,0.17997557997557997,0.45567765567765567,0.654945054945055,0.7194139194139194,0.4017094017094017,0.16947496947496948,0.608058608058608,0.14774114774114774,0.10573870573870574,0.11575091575091576,0.1702075702075702,0.20488400488400488,0.20366300366300366,0.11526251526251527,0.3045177045177045,0.17435897435897435,0.13137973137973138,0.326007326007326,0.2258852258852259,0.5738705738705738,0.4014652014652015,0.5926739926739927,0.28253968253968254,0.20488400488400488,0.45152625152625153
0.25396825396825395,0.3963369963369963,0.525030525030525,0.5286935286935287,0.4805860805860806,0.4056166056166056,0.3431013431013431,0.45787545787545786,0.5853479853479854,0.20073260073260074,0.39096459096459096,0.2681318681318681,0.13357753357753357,0.326007326007326,0.23467643467643468,0.3013431013431013,0.1592185592185592,0.09963369963369964,0.4175824175824176,0.2852258852258852,0.18339438339438338,0.4444444444444444,0.378998778998779,0.5824175824175825,0.11941391941391942,0.653968253968254,0.08058608058608059,0.45445665445665445,0.178998778998779,0.15482295482295483,0.22979242979242978,0.609035409035409,0.40073260073260075,0.10671550671550671,0.1347985347985348,0.2126984126984127,0.36214896214896214,0.5772893772893772,0.45787545787545786,0.23956043956043957,0.367032967032967,0.6363858363858363,0.4800976800976801,0.4188034188034188,0.32332112332112334,0.09157509157509157,0.5406593406593406,0.16312576312576313,0.5340659340659341,0.2754578754578755,0.38803418803418804,0.4835164835164835,0.47912087912087914,0.29987789987789987,0.1746031746031746,0.4735042735042735,0.6485958485958486,0.7147741147741148,0.3877899877899878,0.16532356532356532,0.6026862026862027,0.1452991452991453,0.10451770451770452,0.11330891330891331,0.16678876678876678,0.19926739926739928,0.19755799755799755,0.11697191697191697,0.3384615384615385,0.17191697191697192,0.14114774114774115,0.3181929181929182,0.21611721611721613,0.5702075702075702,0.3887667887667888,0.5777777777777777,0.27228327228327226,0.19877899877899877,0.44175824175824174
0.2862026862026862,0.38754578754578756,0.5443223443223443,0.5291819291819292,0.4725274725274725,0.39536019536019534,0.3833943833943834,0.45738705738705737,0.5943833943833944,0.1943833943833944,0.3738705738705739,0.2583638583638584,0.13015873015873017,0.3181929181929182,0.22564102564102564,0.3592185592185592,0.18192918192918192,0.09474969474969475,0.40366300366300367,0.2754578754578755,0.17484737484737484,0.43052503052503055,0.39658119658119656,0.5826617826617827,0.13968253968253969,0.6327228327228327,0.07985347985347985,0.4568986568986569,0.17045177045177046,0.14725274725274726,0.2625152625152625,0.5953601953601954,0.43003663003663006,0.10354090354090355,0.1347985347985348,0.20317460317460317,0.34847374847374846,0.5650793650793651,0.44517704517704515,0.2288156288156288,0.3572649572649573,0.6371184371184371,0.46715506715506716,0.4073260073260073,0.31306471306471306,0.09010989010989011,0.5230769230769231,0.15555555555555556,0.5326007326007326,0.3047619047619048,0.3755799755799756,0.4656898656898657,0.46422466422466424,0.29084249084249086,0.1702075702075702,0.4905982905982906,0.639072039072039,0.706959706959707,0.3741147741147741,0.16117216117216118,0.5948717948717949,0.14358974358974358,0.10329670329670329,0.1111111111111111,0.1641025641025641,0.19413919413919414,0.1921855921855922,0.1203907203907204,0.37191697191697193,0.1702075702075702,0.15653235653235653,0.31013431013431014,0.2083028083028083,0.5645909645909646,0.3755799755799756,0.5616605616605617,0.2622710622710623,0.19291819291819293,0.43003663003663006
0.3242979242979243,0.3785103785103785,0.5619047619047619,0.526984126984127,0.4634920634920635,0.3851037851037851,0.4166056166056166,0.4551892551892552,0.6012210012210012,0.1877899877899878,0.3572649572649573,0.25054945054945055,0.126007326007326,0.3098901098901099,0.2170940170940171,0.4170940170940171,0.21001221001221002,0.09133089133089133,0.3916971916971917,0.2647130647130647,0.1663003663003663,0.4170940170940171,0.41196581196581195,0.57997557997558,0.16727716727716727,0.6117216117216118,0.07912087912087912,0.4559218559218559,0.1623931623931624,0.14065934065934066,0.2945054945054945,0.5794871794871795,0.45714285714285713,0.10061050061050061,0.13772893772893774,0.19413919413919414,0.33528693528693526,0.5511599511599512,0.43272283272283274,0.21953601953601953,0.34725274725274724,0.6346764346764346,0.45396825396825397,0.39487179487179486,0.3028083028083028,0.0884004884004884,0.5062271062271062,0.14847374847374847,0.5286935286935287,0.3396825396825397,0.36288156288156287,0.4485958485958486,0.4495726495726496,0.28376068376068375,0.16483516483516483,0.505982905982906,0.6273504273504273,0.6962148962148962,0.3609279609279609,0.1575091575091575,0.5851037851037851,0.1413919413919414,0.10427350427350428,0.10891330891330891,0.16312576312576313,0.189010989010989,0.18608058608058609,0.12698412698412698,0.4039072039072039,0.16947496947496948,0.17777777777777778,0.30207570207570206,0.20146520146520147,0.5575091575091575,0.3626373626373626,0.5448107448107448,0.25225885225885225,0.1873015873015873,0.4166056166056166
0.36556776556776555,0.36971916971916974,0.5777777777777777,0.5213675213675214,0.4537240537240537,0.37484737484737485,0.4456654456654457,0.45103785103785105,0.6053724053724053,0.18192918192918192,0.3440781440781441,0.24346764346764346,0.12185592185592185,0.3018315018315018,0.2087912087912088,0.4735042735042735,0.24224664224664225,0.08937728937728938,0.38046398046398044,0.252991452991453,0.15775335775335775,0.4039072039072039,0.4249084249084249,0.5753357753357753,0.20073260073260074,0.5912087912087912,0.07887667887667887,0.45152625152625153,0.15482295482295483,0.13577533577533576,0.3304029304029304,0.5616605616605617,0.48205128205128206,0.09768009768009768,0.1443223443223443,0.1851037851037851,0.3235653235653236,0.5365079365079365,0.42075702075702076,0.2105006105006105,0.336996336996337,0.6293040293040293,0.4405372405372405,0.38217338217338215,0.2923076923076923,0.08693528693528693,0.48986568986568985,0.14188034188034188,0.5228327228327229,0.37704517704517704,0.35067155067155065,0.4324786324786325,0.4346764346764347,0.27765567765567767,0.1592185592185592,0.5191697191697192,0.6131868131868132,0.6825396825396826,0.34798534798534797,0.1540903540903541,0.5736263736263736,0.1391941391941392,0.10818070818070818,0.1076923076923077,0.16483516483516483,0.18437118437118438,0.17997557997557997,0.13821733821733823,0.4341880341880342,0.17045177045177046,0.20488400488400488,0.294993894993895,0.19413919413919414,0.548962148962149,0.35018315018315016,0.5274725274725275,0.24273504273504273,0.18192918192918192,0.4039072039072039
0.4078144078144078,0.3609279609279609,0.5912087912087912,0.5133089133089133,0.44346764346764345,0.3653235653235653,0.47619047619047616,0.44468864468864466,0.6065934065934065,0.17606837606837608,0.33406593406593404,0.23516483516483516,0.11746031746031746,0.29352869352869354,0.20073260073260074,0.5272283272283272,0.2774114774114774,0.09010989010989011,0.36800976800976803,0.24151404151404152,0.14945054945054945,0.3916971916971917,0.43614163614163615,0.5682539682539682,0.2398046398046398,0.5714285714285714,0.07912087912087912,0.4444444444444444,0.1492063492063492,0.13235653235653236,0.3672771672771673,0.5431013431013431,0.504029304029304,0.09499389499389499,0.15604395604395604,0.17826617826617827,0.31306471306471306,0.5216117216117216,0.409035409035409,0.2021978021978022,0.32625152625152626,0.6217338217338217,0.4275946275946276,0.36996336996337,0.28205128205128205,0.08522588522588523,0.47448107448107446,0.13528693528693528,0.5145299145299145,0.41514041514041516,0.3384615384615385,0.4170940170940171,0.42173382173382173,0.2708180708180708,0.15384615384615385,0.5301587301587302,0.5975579975579975,0.6666666666666666,0.3355311355311355,0.15189255189255188,0.5594627594627595,0.136996336996337,0.11672771672771673,0.10818070818070818,0.1711843711843712,0.17997557997557997,0.17387057387057386,0.15604395604395604,0.4622710622710623,0.17387057387057386,0.23687423687423687,0.2886446886446886,0.18608058608058609,0.5387057387057387,0.33821733821733824,0.5106227106227106,0.2336996336996337,0.1772893772893773,0.3916971916971917
0.4495726495726496,0.35213675213675216,0.6024420024420024,0.5032967032967033,0.43394383394383396,0.35653235653235654,0.505982905982906,0.4368742368742369,0.6048840048840048,0.17167277167277167,0.32576312576312577,0.22686202686202686,0.11330891330891331,0.2857142857142857,0.19316239316239317,0.577045177045177,0.3089133089133089,0.09304029304029304,0.3550671550671551,0.23003663003663002,0.14188034188034188,0.3797313797313797,0.44542124542124545,0.5587301587301587,0.28205128205128205,0.5526251526251527,0.08156288156288156,0.4346764346764347,0.14481074481074482,0.12796092796092795,0.40341880341880343,0.5242979242979243,0.5233211233211233,0.09304029304029304,0.1724053724053724,0.17313797313797313,0.3013431013431013,0.5064713064713064,0.39755799755799753,0.1943833943833944,0.3172161172161172,0.6117216117216118,0.4148962148962149,0.3584859584859585,0.2717948717948718,0.08473748473748474,0.4598290598290598,0.1308913308913309,0.504029304029304,0.4517704517704518,0.32673992673992674,0.4021978021978022,0.41001221001221,0.263980463980464,0.14896214896214896,0.5387057387057387,0.580952380952381,0.6488400488400489,0.32454212454212455,0.15042735042735042,0.5433455433455433,0.1347985347985348,0.13064713064713065,0.11086691086691086,0.1838827838827839,0.17631257631257632,0.16825396825396827,0.18095238095238095,0.48766788766788766,0.18046398046398046,0.26764346764346764,0.28156288156288156,0.17826617826617827,0.526984126984127,0.32625152625152626,0.4945054945054945,0.22466422466422467,0.17387057387057386,0.378021978021978
0.48986568986568985,0.34285714285714286,0.6117216117216118,0.4913308913308913,0.4249084249084249,0.34676434676434675,0.5340659340659341,0.4275946275946276,0.5997557997557997,0.16800976800976802,0.3177045177045177,0.21855921855921856,0.10964590964590964,0.2774114774114774,0.18583638583638584,0.6231990231990232,0.3384615384615385,0.09865689865689865,0.34163614163614164,0.21904761904761905,0.1343101343101343,0.3682539682539683,0.45225885225885226,0.5470085470085471,0.326007326007326,0.5345543345543345,0.08693528693528693,0.4244200244200244,0.13943833943833944,0.12307692307692308,0.4371184371184371,0.5054945054945055,0.5399267399267399,0.09206349206349207,0.1907203907203907,0.16678876678876678,0.28913308913308916,0.49206349206349204,0.3860805860805861,0.18803418803418803,0.3089133089133089,0.5992673992673992,0.40293040293040294,0.34798534798534797,0.2617826617826618,0.08498168498168499,0.44664224664224667,0.12722832722832722,0.49206349206349204,0.48644688644688644,0.315018315018315,0.38803418803418804,0.3973137973137973,0.2576312576312576,0.14407814407814407,0.5452991452991452,0.5641025641025641,0.6295482295482295,0.3145299145299145,0.147985347985348,0.526007326007326,0.1326007326007326,0.15042735042735042,0.11794871794871795,0.20415140415140415,0.17362637362637362,0.16312576312576313,0.21343101343101342,0.5101343101343101,0.1907203907203907,0.2976800976800977,0.2744810744810745,0.17094017094017094,0.5137973137973137,0.315018315018315,0.47863247863247865,0.21684981684981686,0.17191697191697192,0.36434676434676433
0.5286935286935287,0.3338217338217338,0.6183150183150183,0.47863247863247865,0.4166056166056166,0.3333333333333333,0.5597069597069597,0.41733821733821735,0.5921855921855922,0.16361416361416362,0.31013431013431014,0.2105006105006105,0.10573870573870574,0.26935286935286934,0.17875457875457876,0.6595848595848596,0.3706959706959707,0.10744810744810745,0.3286935286935287,0.20854700854700856,0.12722832722832722,0.35702075702075703,0.45616605616605616,0.5328449328449328,0.36971916971916974,0.5174603174603175,0.09694749694749695,0.41318681318681316,0.13406593406593406,0.11843711843711843,0.4673992673992674,0.4879120879120879,0.5531135531135531,0.09352869352869353,0.21123321123321123,0.15995115995115994,0.2766788766788767,0.4778998778998779,0.37435897435897436,0.1824175824175824,0.29987789987789987,0.5851037851037851,0.39096459096459096,0.33821733821733824,0.25225885225885225,0.08766788766788766,0.4341880341880342,0.12258852258852258,0.4793650793650794,0.5181929181929182,0.3045177045177045,0.3741147741147741,0.38412698412698415,0.25103785103785103,0.1496947496947497,0.5492063492063493,0.5474969474969476,0.6112332112332113,0.3035409035409035,0.1452991452991453,0.5076923076923077,0.13064713064713065,0.17631257631257632,0.13064713064713065,0.2271062271062271,0.1702075702075702,0.157997557997558,0.2525030525030525,0.5299145299145299,0.20317460317460317,0.33186813186813185,0.2673992673992674,0.1641025641025641,0.5001221001221001,0.3045177045177045,0.46422466422466424,0.21123321123321123,0.17045177045177046,0.35115995115995113
0.5655677655677656,0.32454212454212455,0.622954822954823,0.46642246642246643,0.40805860805860805,0.3213675213675214,0.5826617826617827,0.4065934065934066,0.5821733821733822,0.15824175824175823,0.3023199023199023,0.2026862026862027,0.10183150183150183,0.2612942612942613,0.17362637362637362,0.6896214896214896,0.40293040293040294,0.1203907203907204,0.31575091575091574,0.19853479853479852,0.1203907203907204,0.34725274725274724,0.4581196581196581,0.5167277167277168,0.4122100122100122,0.5008547008547009,0.11282051282051282,0.4,0.1291819291819292,0.1137973137973138,0.4945054945054945,0.47106227106227105,0.5638583638583639,0.0989010989010989,0.23736263736263735,0.1536019536019536,0.26422466422466423,0.46422466422466424,0.3641025641025641,0.17606837606837608,0.2903540903540904,0.5697191697191697,0.37924297924297923,0.3291819291819292,0.24297924297924298,0.09328449328449329,0.42124542124542125,0.11746031746031746,0.46593406593406594,0.5472527472527473,0.2945054945054945,0.3606837606837607,0.3711843711843712,0.24444444444444444,0.16117216117216118,0.5514041514041514,0.5316239316239316,0.5938949938949939,0.2920634920634921,0.14285714285714285,0.4891330891330891,0.12844932844932844,0.20732600732600734,0.14993894993894993,0.2537240537240537,0.16654456654456654,0.15335775335775337,0.2967032967032967,0.5462759462759462,0.21782661782661783,0.367032967032967,0.2600732600732601,0.15775335775335775,0.48547008547008547,0.2945054945054945,0.4507936507936508,0.20757020757020758,0.17045177045177046,0.33894993894993897
0.6004884004884005,0.3155067155067155,0.6236874236874237,0.4542124542124542,0.39951159951159954,0.3125763125763126,0.6024420024420024,0.39584859584859583,0.5702075702075702,0.15262515262515264,0.29474969474969476,0.19487179487179487,0.09841269841269841,0.25347985347985347,0.16947496947496948,0.7208791208791209,0.43394383394383396,0.13772893772893774,0.30305250305250303,0.189010989010989,0.11428571428571428,0.3384615384615385,0.45885225885225883,0.49963369963369964,0.4517704517704518,0.4752136752136752,0.13235653235653236,0.38534798534798537,0.1242979242979243,0.10915750915750916,0.517948717948718,0.4551892551892552,0.5716727716727716,0.1076923076923077,0.2669108669108669,0.147008547008547,0.25225885225885225,0.45152625152625153,0.35433455433455435,0.16947496947496948,0.2805860805860806,0.5538461538461539,0.3672771672771673,0.32112332112332115,0.23565323565323565,0.1028083028083028,0.40757020757020757,0.11282051282051282,0.45274725274725275,0.5736263736263736,0.2847374847374847,0.3487179487179487,0.3584859584859585,0.23809523809523808,0.16605616605616605,0.5516483516483517,0.5177045177045178,0.5758241758241758,0.28083028083028083,0.1409035409035409,0.47106227106227105,0.1264957264957265,0.2424908424908425,0.17264957264957265,0.28888888888888886,0.16312576312576313,0.14896214896214896,0.3443223443223443,0.5582417582417583,0.23785103785103784,0.4014652014652015,0.25347985347985347,0.1514041514041514,0.4713064713064713,0.2847374847374847,0.43907203907203907,0.20488400488400488,0.1724053724053724,0.3277167277167277
0.6329670329670329,0.3064713064713065,0.6217338217338217,0.4415140415140415,0.39096459096459096,0.3028083028083028,0.6192918192918193,0.3851037851037851,0.557020757020757,0.147008547008547,0.2874236874236874,0.18754578754578755,0.09548229548229548,0.24664224664224665,0.1645909645909646,0.7506715506715507,0.4627594627594628,0.157997557997558,0.2903540903540904,0.17997557997557997,0.11013431013431013,0.3286935286935287,0.45836385836385835,0.48205128205128206,0.48815628815628814,0.4468864468864469,0.15653235653235653,0.37094017094017095,0.11965811965811966,0.10476190476190476,0.5382173382173382,0.44004884004884004,0.5758241758241758,0.12112332112332112,0.29816849816849816,0.14114774114774115,0.2407814407814408,0.4402930402930403,0.3440781440781441,0.16312576312576313,0.27106227106227104,0.5374847374847375,0.35555555555555557,0.3133089133089133,0.22954822954822954,0.11819291819291819,0.39365079365079364,0.10818070818070818,0.44004884004884004,0.5968253968253968,0.27521367521367524,0.33821733821733824,0.3457875457875458,0.2315018315018315,0.16776556776556775,0.54993894993895,0.505006105006105,0.557997557997558,0.2698412698412698,0.1387057387057387,0.4537240537240537,0.12454212454212454,0.2800976800976801,0.19975579975579977,0.33015873015873015,0.1597069597069597,0.14481074481074482,0.39316239316239315,0.5665445665445665,0.2612942612942613,0.432967032967033,0.24713064713064714,0.14554334554334555,0.45787545787545786,0.27692307692307694,0.4288156288156288,0.2043956043956044,0.1768009768009768,0.3177045177045177
0.6632478632478632,0.2989010989010989,0.6175824175824176,0.42905982905982903,0.38266178266178263,0.2923076923076923,0.6329670329670329,0.3750915750915751,0.544078144078144,0.1413919413919414,0.28034188034188035,0.18021978021978022,0.09328449328449329,0.2407814407814408,0.15897435897435896,0.7785103785103785,0.48937728937728936,0.18095238095238095,0.27814407814407816,0.1711843711843712,0.10671550671550671,0.31868131868131866,0.45567765567765567,0.46422466422466424,0.5208791208791209,0.42735042735042733,0.1894993894993895,0.3572649572649573,0.11526251526251527,0.10061050061050061,0.5548229548229549,0.4256410256410256,0.5772893772893772,0.14114774114774115,0.3299145299145299,0.13553113553113552,0.22905982905982905,0.4297924297924298,0.33308913308913307,0.15653235653235653,0.2617826617826618,0.5216117216117216,0.34383394383394383,0.306959706959707,0.22197802197802197,0.14017094017094017,0.37948717948717947,0.10329670329670329,0.4278388278388278,0.6173382173382174,0.26764346764346764,0.326007326007326,0.3333333333333333,0.22564102564102564,0.16923076923076924,0.5462759462759462,0.49230769230769234,0.5404151404151404,0.25934065934065936,0.13675213675213677,0.43736263736263736,0.12356532356532357,0.31355311355311355,0.2354090354090354,0.37484737484737485,0.15653235653235653,0.14114774114774115,0.43492063492063493,0.5731379731379731,0.28766788766788765,0.46153846153846156,0.24102564102564103,0.13968253968253969,0.44468864468864466,0.2708180708180708,0.4183150183150183,0.20732600732600734,0.1838827838827839,0.30842490842490844
0.6913308913308913,0.29181929181929184,0.6112332112332113,0.4170940170940171,0.37435897435897436,0.28205128205128205,0.6432234432234433,0.3665445665445665,0.5308913308913309,0.1365079365079365,0.27326007326007323,0.17338217338217338,0.0927960927960928,0.2341880341880342,0.1536019536019536,0.8034188034188035,0.5135531135531135,0.2056166056166056,0.26666666666666666,0.16336996336996337,0.10207570207570207,0.30842490842490844,0.4512820512820513,0.4468864468864469,0.5467643467643467,0.41098901098901097,0.23028083028083027,0.34456654456654456,0.11086691086691086,0.09694749694749695,0.5684981684981685,0.4129426129426129,0.5772893772893772,0.16825396825396827,0.3601953601953602,0.13064713064713065,0.2175824175824176,0.4188034188034188,0.3225885225885226,0.14993894993894993,0.2525030525030525,0.505982905982906,0.33186813186813185,0.3006105006105006,0.21465201465201464,0.16947496947496948,0.3653235653235653,0.09865689865689865,0.4163614163614164,0.6346764346764346,0.2608058608058608,0.31306471306471306,0.32161172161172163,0.2205128205128205,0.17191697191697192,0.5411477411477411,0.47985347985347987,0.5235653235653236,0.24932844932844933,0.1347985347985348,0.4222222222222222,0.12307692307692308,0.34505494505494505,0.27765567765567767,0.4205128205128205,0.1536019536019536,0.1387057387057387,0.472039072039072,0.5777777777777777,0.3155067155067155,0.4866910866910867,0.2354090354090354,0.13406593406593406,0.43345543345543347,0.26373626373626374,0.4078144078144078,0.2144078144078144,0.1934065934065934,0.3001221001221001
0.7125763125763126,0.284004884004884,0.6026862026862027,0.4048840048840049,0.3665445665445665,0.272039072039072,0.6500610500610501,0.3584859584859585,0.5096459096459096,0.13211233211233211,0.2664224664224664,0.16678876678876678,0.0945054945054945,0.2271062271062271,0.14822954822954823,0.8249084249084249,0.5355311355311355,0.23076923076923078,0.2554334554334554,0.15702075702075702,0.09743589743589744,0.2979242979242979,0.44468864468864466,0.4302808302808303,0.5675213675213675,0.3963369963369963,0.2766788766788767,0.33284493284493283,0.10671550671550671,0.09304029304029304,0.5792429792429793,0.4014652014652015,0.5746031746031746,0.2021978021978022,0.389010989010989,0.12576312576312576,0.20634920634920634,0.40757020757020757,0.31184371184371185,0.14383394383394382,0.2437118437118437,0.4905982905982906,0.3218559218559219,0.2937728937728938,0.2070818070818071,0.20537240537240536,0.3514041514041514,0.09426129426129426,0.4061050061050061,0.6468864468864469,0.25347985347985347,0.3001221001221001,0.3098901098901099,0.2170940170940171,0.17606837606837608,0.5340659340659341,0.4683760683760684,0.5076923076923077,0.2398046398046398,0.13284493284493284,0.40854700854700854,0.12454212454212454,0.3785103785103785,0.3242979242979243,0.46544566544566546,0.15067155067155066,0.136996336996337,0.5106227106227106,0.5794871794871795,0.34383394383394383,0.5076923076923077,0.22979242979242978,0.12869352869352868,0.4236874236874237,0.2564102564102564,0.39755799755799753,0.22564102564102564,0.20488400488400488,0.2923076923076923
0.7296703296703296,0.2761904761904762,0.591941391941392,0.3934065934065934,0.35873015873015873,0.2625152625152625,0.6525030525030525,0.35018315018315016,0.4954822954822955,0.12967032967032968,0.2595848595848596,0.16214896214896216,0.0989010989010989,0.22002442002442002,0.14285714285714285,0.8434676434676435,0.5545787545787546,0.25518925518925517,0.2463980463980464,0.15213675213675212,0.0927960927960928,0.28766788766788765,0.4363858363858364,0.41611721611721614,0.5892551892551893,0.3824175824175824,0.32673992673992674,0.3221001221001221,0.1028083028083028,0.08937728937728938,0.5853479853479854,0.38925518925518926,0.5697191697191697,0.24151404151404152,0.41514041514041516,0.12136752136752137,0.19584859584859585,0.39658119658119656,0.3013431013431013,0.13724053724053725,0.23516483516483516,0.47692307692307695,0.3128205128205128,0.28644688644688643,0.19975579975579977,0.2459096459096459,0.3374847374847375,0.09035409035409035,0.3973137973137973,0.6554334554334554,0.24566544566544565,0.2869352869352869,0.29816849816849816,0.2153846153846154,0.1824175824175824,0.5247863247863248,0.45714285714285713,0.4927960927960928,0.23076923076923078,0.13113553113553114,0.3951159951159951,0.12796092796092795,0.41196581196581195,0.3728937728937729,0.5076923076923077,0.147985347985348,0.1343101343101343,0.5484737484737485,0.5785103785103786,0.37142857142857144,0.525030525030525,0.22442002442002443,0.12527472527472527,0.4141636141636142,0.24932844932844933,0.38754578754578756,0.2402930402930403,0.21782661782661783,0.28498168498168497
0.7474969474969475,0.26837606837606837,0.5787545787545788,0.38217338217338215,0.35115995115995113,0.25396825396825395,0.6512820512820513,0.3423687423687424,0.48205128205128206,0.13015873015873017,0.2525030525030525,0.15848595848595848,0.10671550671550671,0.21294261294261294,0.13797313797313798,0.8588522588522588,0.5711843711843712,0.2783882783882784,0.2385836385836386,0.14554334554334555,0.0884004884004884,0.27765567765567767,0.42637362637362636,0.40366300366300367,0.6097680097680098,0.3694749694749695,0.378021978021978,0.3125763125763126,0.09914529914529914,0.08766788766788766,0.5882783882783883,0.37655677655677655,0.5616605616605617,0.2844932844932845,0.4388278388278388,0.11697191697191697,0.1873015873015873,0.3855921855921856,0.29084249084249086,0.13113553113553114,0.22661782661782662,0.4644688644688645,0.3023199023199023,0.27912087912087913,0.19291819291819293,0.29010989010989013,0.3235653235653236,0.08791208791208792,0.38925518925518926,0.6632478632478632,0.23833943833943835,0.27472527472527475,0.2874236874236874,0.21611721611721613,0.19291819291819293,0.5135531135531135,0.4461538461538462,0.47863247863247865,0.22246642246642245,0.12942612942612944,0.38363858363858366,0.13382173382173382,0.4432234432234432,0.42173382173382173,0.5467643467643467,0.1452991452991453,0.13113553113553114,0.5836385836385837,0.5746031746031746,0.3973137973137973,0.5389499389499389,0.22002442002442002,0.12307692307692308,0.40463980463980465,0.24224664224664225,0.37777777777777777,0.2583638583638584,0.23223443223443224,0.2788766788766789
0.7636141636141636,0.26105006105006107,0.5650793650793651,0.37094017094017095,0.3431013431013431,0.24713064713064714,0.6483516483516484,0.33455433455433453,0.4627594627594628,0.13553113553113552,0.2468864468864469,0.1540903540903541,0.11843711843711843,0.2056166056166056,0.13357753357753357,0.8708180708180708,0.5851037851037851,0.2979242979242979,0.23028083028083027,0.13846153846153847,0.08498168498168499,0.26764346764346764,0.41562881562881565,0.3912087912087912,0.6285714285714286,0.3567765567765568,0.42905982905982903,0.30378510378510376,0.09597069597069598,0.08644688644688645,0.58998778998779,0.36385836385836384,0.5514041514041514,0.32844932844932845,0.4598290598290598,0.11282051282051282,0.18046398046398046,0.37484737484737485,0.2805860805860806,0.12527472527472527,0.21855921855921856,0.45152625152625153,0.2915750915750916,0.2713064713064713,0.18608058608058609,0.3355311355311355,0.31013431013431014,0.08766788766788766,0.3807081807081807,0.6695970695970695,0.23101343101343103,0.26275946275946277,0.27814407814407816,0.22002442002442002,0.20732600732600734,0.5008547008547009,0.43565323565323566,0.46495726495726497,0.21465201465201464,0.12844932844932844,0.3728937728937729,0.14334554334554334,0.47155067155067154,0.4686202686202686,0.5814407814407815,0.14285714285714285,0.12796092796092795,0.6153846153846154,0.568009768009768,0.42075702075702076,0.5492063492063493,0.21611721611721613,0.12087912087912088,0.39584859584859583,0.2354090354090354,0.3682539682539683,0.2788766788766789,0.2463980463980464,0.27326007326007323
0.7775335775335775,0.25396825396825395,0.5501831501831502,0.3601953601953602,0.3355311355311355,0.24346764346764346,0.6422466422466423,0.326984126984127,0.4507936507936508,0.14652014652014653,0.24175824175824176,0.1496947496947497,0.1347985347985348,0.19853479853479852,0.1291819291819292,0.8798534798534798,0.5963369963369963,0.3145299145299145,0.22173382173382172,0.13137973137973138,0.08327228327228327,0.2578754578754579,0.4039072039072039,0.378998778998779,0.644932844932845,0.34456654456654456,0.4783882783882784,0.295970695970696,0.09426129426129426,0.08473748473748474,0.5894993894993895,0.35115995115995113,0.5389499389499389,0.37216117216117217,0.4778998778998779,0.11013431013431013,0.1724053724053724,0.36385836385836384,0.2708180708180708,0.11965811965811966,0.21465201465201464,0.4385836385836386,0.2805860805860806,0.26373626373626374,0.1794871794871795,0.3807081807081807,0.29645909645909646,0.0905982905982906,0.37142857142857144,0.6737484737484738,0.22393162393162394,0.2512820512820513,0.2698412698412698,0.2275946275946276,0.2258852258852259,0.4866910866910867,0.4253968253968254,0.4512820512820513,0.20732600732600734,0.1282051282051282,0.3614163614163614,0.15653235653235653,0.49645909645909647,0.5123321123321123,0.6124542124542125,0.14065934065934066,0.12527472527472527,0.6437118437118438,0.5584859584859585,0.44297924297924296,0.5548229548229549,0.21196581196581196,0.11965811965811966,0.3873015873015873,0.2288156288156288,0.35873015873015873,0.3052503052503053,0.2583638583638584,0.2669108669108669
0.7882783882783883,0.24713064713064714,0.535042735042735,0.3499389499389499,0.32893772893772893,0.24175824175824176,0.6332112332112332,0.31965811965811963,0.43907203907203907,0.16092796092796094,0.23614163614163614,0.1452991452991453,0.1562881562881563,0.1916971916971917,0.12454212454212454,0.8854700854700854,0.6036630036630036,0.33137973137973137,0.21294261294261294,0.1242979242979243,0.0844932844932845,0.24810744810744811,0.3921855921855922,0.36678876678876676,0.6590964590964591,0.33284493284493283,0.5247863247863248,0.2893772893772894,0.09328449328449329,0.08327228327228327,0.5863247863247864,0.3387057387057387,0.5247863247863248,0.41440781440781443,0.49108669108669106,0.10842490842490843,0.1641025641025641,0.3528693528693529,0.2617826617826618,0.11550671550671551,0.2126984126984127,0.4256410256410256,0.2698412698412698,0.25567765567765566,0.17338217338217338,0.4244200244200244,0.28327228327228327,0.0971916971916972,0.3623931623931624,0.6747252747252748,0.2170940170940171,0.2402930402930403,0.2608058608058608,0.24004884004884006,0.24786324786324787,0.472039072039072,0.4148962148962149,0.43833943833943834,0.20195360195360196,0.12747252747252746,0.3496947496947497,0.17435897435897435,0.5177045177045178,0.5518925518925519,0.6398046398046398,0.1391941391941392,0.12356532356532357,0.6686202686202686,0.5467643467643467,0.4634920634920635,0.557020757020757,0.20757020757020758,0.12112332112332112,0.378998778998779,0.22246642246642245,0.3496947496947497,0.3291819291819292,0.26886446886446885,0.2600732600732601
0.7956043956043956,0.2407814407814408,0.5203907203907204,0.3396825396825397,0.3230769230769231,0.24346764346764346,0.6217338217338217,0.31184371184371185,0.4275946275946276,0.17997557997557997,0.23028083028083027,0.14407814407814407,0.18217338217338216,0.18534798534798536,0.12087912087912088,0.8859584859584859,0.6078144078144078,0.347008547008547,0.20415140415140415,0.11746031746031746,0.08937728937728938,0.23882783882783884,0.38168498168498166,0.3553113553113553,0.6713064713064713,0.32161172161172163,0.568009768009768,0.28376068376068375,0.09181929181929183,0.08327228327228327,0.57997557997558,0.32625152625152626,0.5096459096459096,0.4537240537240537,0.5008547008547009,0.10573870573870574,0.15604395604395604,0.3423687423687424,0.25274725274725274,0.1137973137973138,0.20854700854700856,0.4126984126984127,0.25982905982905985,0.24786324786324787,0.16727716727716727,0.46544566544566546,0.27228327228327226,0.10842490842490843,0.3536019536019536,0.6730158730158731,0.2105006105006105,0.22979242979242978,0.2512820512820513,0.2571428571428571,0.2725274725274725,0.45665445665445664,0.4043956043956044,0.4253968253968254,0.19755799755799755,0.12673992673992673,0.33821733821733824,0.19584859584859585,0.5355311355311355,0.5870573870573871,0.6600732600732601,0.13821733821733823,0.12380952380952381,0.6905982905982906,0.5330891330891331,0.48205128205128206,0.557020757020757,0.20341880341880342,0.1264957264957265,0.37094017094017095,0.21587301587301588,0.3409035409035409,0.3457875457875458,0.2788766788766789,0.252991452991453
0.7992673992673993,0.23443223443223443,0.505982905982906,0.3308913308913309,0.31648351648351647,0.24835164835164836,0.6083028083028083,0.3045177045177045,0.4163614163614164,0.20634920634920634,0.22417582417582418,0.14505494505494507,0.21196581196581196,0.18046398046398046,0.11721611721611722,0.8827838827838828,0.610989010989011,0.3609279609279609,0.1956043956043956,0.1111111111111111,0.0989010989010989,0.23003663003663002,0.37191697191697193,0.3440781440781441,0.6803418803418804,0.31062271062271063,0.6073260073260073,0.2774114774114774,0.0905982905982906,0.0862026862026862,0.5709401709401709,0.31355311355311355,0.49401709401709404,0.4896214896214896,0.5103785103785103,0.10256410256410256,0.14822954822954823,0.3316239316239316,0.24566544566544565,0.11477411477411477,0.20366300366300366,0.4,0.24981684981684982,0.2398046398046398,0.16117216117216118,0.4989010989010989,0.2625152625152625,0.12527472527472527,0.3443223443223443,0.6681318681318681,0.20463980463980463,0.21953601953601953,0.24175824175824176,0.2783882783882784,0.2989010989010989,0.4415140415140415,0.39365079365079364,0.4141636141636142,0.1921855921855922,0.12673992673992673,0.32673992673992674,0.2205128205128205,0.548962148962149,0.6178266178266179,0.675946275946276,0.1365079365079365,0.12698412698412698,0.7094017094017094,0.5181929181929182,0.4954822954822955,0.5543345543345544,0.19926739926739928,0.136996336996337,0.36288156288156287,0.20976800976800977,0.3316239316239316,0.3601953601953602,0.2869352869352869,0.24566544566544565
0.7992673992673993,0.22857142857142856,0.49230769230769234,0.3225885225885226,0.31013431013431014,0.2576312576312576,0.5941391941391941,0.29743589743589743,0.4056166056166056,0.23956043956043957,0.21831501831501832,0.14407814407814407,0.24493284493284492,0.1772893772893773,0.11550671550671551,0.8776556776556776,0.611965811965812,0.3728937728937729,0.18705738705738706,0.10476190476190476,0.1137973137973138,0.22295482295482297,0.36166056166056165,0.3326007326007326,0.6869352869352869,0.3001221001221001,0.6376068376068376,0.2703296703296703,0.0905982905982906,0.09328449328449329,0.5587301587301587,0.3013431013431013,0.4783882783882784,0.517948717948718,0.5181929181929182,0.09987789987789988,0.1409035409035409,0.3213675213675214,0.23956043956043957,0.11892551892551892,0.19853479853479852,0.3873015873015873,0.2402930402930403,0.23174603174603176,0.15531135531135531,0.5264957264957265,0.2515262515262515,0.14822954822954823,0.33528693528693526,0.6600732600732601,0.199023199023199,0.20927960927960929,0.23272283272283273,0.30305250305250303,0.32576312576312577,0.42417582417582417,0.3838827838827839,0.4031746031746032,0.18632478632478633,0.1282051282051282,0.3155067155067155,0.24737484737484738,0.558974358974359,0.6402930402930402,0.6915750915750916,0.1347985347985348,0.1347985347985348,0.7252747252747253,0.5045177045177045,0.5047619047619047,0.5484737484737485,0.19511599511599512,0.1540903540903541,0.3550671550671551,0.20366300366300366,0.32405372405372407,0.37264957264957266,0.2932844932844933,0.23833943833943835
0.7956043956043956,0.22271062271062272,0.4805860805860806,0.3133089133089133,0.3035409035409035,0.27057387057387056,0.5792429792429793,0.29010989010989013,0.3960927960927961,0.27765567765567767,0.21245421245421245,0.1426129426129426,0.2788766788766789,0.1768009768009768,0.11575091575091576,0.8698412698412699,0.6102564102564103,0.3831501831501832,0.178998778998779,0.09914529914529914,0.13382173382173382,0.21684981684981686,0.3516483516483517,0.3213675213675214,0.6905982905982906,0.28962148962148965,0.6627594627594627,0.26275946275946277,0.0927960927960928,0.1054945054945055,0.5443223443223443,0.2893772893772894,0.4634920634920635,0.5413919413919414,0.5245421245421246,0.09816849816849817,0.13406593406593406,0.3125763125763126,0.23296703296703297,0.12722832722832722,0.19316239316239317,0.3741147741147741,0.2315018315018315,0.22417582417582418,0.15115995115995115,0.5553113553113553,0.2402930402930403,0.1772893772893773,0.326007326007326,0.6493284493284494,0.19365079365079366,0.20146520146520147,0.22417582417582418,0.3299145299145299,0.35213675213675216,0.409035409035409,0.37484737484737485,0.3912087912087912,0.1807081807081807,0.13211233211233211,0.30427350427350425,0.2754578754578755,0.5658119658119658,0.6573870573870574,0.7057387057387058,0.13284493284493284,0.147985347985348,0.7382173382173383,0.49108669108669106,0.5137973137973137,0.5396825396825397,0.19096459096459095,0.17777777777777778,0.34676434676434675,0.1978021978021978,0.31697191697191696,0.38461538461538464,0.2967032967032967,0.23101343101343103
0.7882783882783883,0.21831501831501832,0.4695970695970696,0.30378510378510376,0.2971916971916972,0.29255189255189257,0.5641025641025641,0.283028083028083,0.38754578754578756,0.31916971916971915,0.2070818070818071,0.1409035409035409,0.3133089133089133,0.17924297924297924,0.11721611721611722,0.8586080586080586,0.6053724053724053,0.39096459096459096,0.1711843711843712,0.09401709401709402,0.15531135531135531,0.20976800976800977,0.3418803418803419,0.3103785103785104,0.6910866910866911,0.28083028083028083,0.6886446886446886,0.2554334554334554,0.09768009768009768,0.12380952380952381,0.527960927960928,0.27765567765567767,0.4503052503052503,0.5645909645909646,0.528937728937729,0.09768009768009768,0.12747252747252746,0.3045177045177045,0.22661782661782662,0.14065934065934066,0.18803418803418803,0.3614163614163614,0.2231990231990232,0.21684981684981686,0.14822954822954823,0.5824175824175825,0.22979242979242978,0.210989010989011,0.31697191697191696,0.6358974358974359,0.189010989010989,0.19462759462759463,0.21587301587301588,0.35775335775335776,0.37704517704517704,0.39902319902319905,0.3648351648351648,0.378998778998779,0.17509157509157508,0.13943833943833944,0.29304029304029305,0.3035409035409035,0.5694749694749695,0.6742368742368743,0.7181929181929182,0.13113553113553114,0.16678876678876678,0.7465201465201465,0.47692307692307695,0.5218559218559219,0.527960927960928,0.18705738705738706,0.2083028083028083,0.3384615384615385,0.19365079365079366,0.30915750915750917,0.3938949938949939,0.2976800976800977,0.22344322344322345
0.7775335775335775,0.2144078144078144,0.4586080586080586,0.29426129426129427,0.29084249084249086,0.3145299145299145,0.5496947496947497,0.27594627594627597,0.3728937728937729,0.3626373626373626,0.20170940170940171,0.1387057387057387,0.34725274725274724,0.18461538461538463,0.12161172161172161,0.843956043956044,0.598046398046398,0.3963369963369963,0.1641025641025641,0.08913308913308914,0.17875457875457876,0.20293040293040293,0.33284493284493283,0.2993894993894994,0.6881562881562882,0.27326007326007323,0.7135531135531136,0.24786324786324787,0.1072039072039072,0.14896214896214896,0.5106227106227106,0.2678876678876679,0.4388278388278388,0.5868131868131868,0.5308913308913309,0.10036630036630037,0.12161172161172161,0.295970695970696,0.22002442002442002,0.15897435897435896,0.18339438339438338,0.3492063492063492,0.2153846153846154,0.210989010989011,0.1443223443223443,0.6073260073260073,0.21953601953601953,0.24810744810744811,0.30744810744810747,0.6202686202686203,0.18583638583638584,0.1873015873015873,0.20781440781440783,0.38534798534798537,0.4004884004884005,0.38974358974358975,0.35433455433455435,0.3663003663003663,0.16923076923076924,0.15115995115995115,0.28205128205128205,0.3304029304029304,0.5697191697191697,0.6891330891330891,0.7279609279609279,0.12967032967032968,0.1916971916971917,0.7516483516483516,0.463003663003663,0.527960927960928,0.5145299145299145,0.18315018315018314,0.2442002442002442,0.3299145299145299,0.19047619047619047,0.30158730158730157,0.4004884004884005,0.295970695970696,0.21636141636141637
0.7645909645909645,0.20976800976800977,0.4481074481074481,0.2844932844932845,0.2847374847374847,0.3311355311355311,0.535042735042735,0.2698412698412698,0.36288156288156287,0.4065934065934066,0.19658119658119658,0.13675213675213677,0.37606837606837606,0.19413919413919414,0.13015873015873017,0.8263736263736263,0.588034188034188,0.39902319902319905,0.15775335775335775,0.08595848595848596,0.20732600732600734,0.1960927960927961,0.3242979242979243,0.2886446886446886,0.6818070818070818,0.2647130647130647,0.7360195360195361,0.24004884004884006,0.12161172161172161,0.17997557997557997,0.4925518925518926,0.25934065934065936,0.4271062271062271,0.6068376068376068,0.5306471306471306,0.10671550671550671,0.115995115995116,0.2874236874236874,0.21343101343101342,0.18168498168498168,0.17875457875457876,0.33724053724053726,0.20903540903540904,0.20586080586080585,0.14017094017094017,0.6293040293040293,0.20927960927960929,0.2869352869352869,0.2976800976800977,0.6046398046398046,0.18315018315018314,0.1794871794871795,0.2004884004884005,0.41196581196581195,0.4188034188034188,0.3785103785103785,0.3440781440781441,0.35311355311355314,0.16361416361416362,0.16776556776556775,0.2713064713064713,0.35262515262515265,0.5650793650793651,0.7013431013431013,0.7350427350427351,0.1291819291819292,0.2170940170940171,0.7562881562881563,0.44981684981684983,0.5318681318681319,0.4989010989010989,0.17924297924297924,0.2844932844932845,0.3225885225885226,0.18632478632478633,0.29426129426129427,0.40366300366300367,0.29181929181929184,0.20976800976800977
0.7499389499389499,0.20488400488400488,0.4376068376068376,0.274969474969475,0.2783882783882784,0.35018315018315016,0.5213675213675214,0.26495726495726496,0.35311355311355314,0.44981684981684983,0.1916971916971917,0.1347985347985348,0.400976800976801,0.20757020757020758,0.14407814407814407,0.8058608058608059,0.5753357753357753,0.3992673992673993,0.1514041514041514,0.08376068376068375,0.23882783882783884,0.18925518925518925,0.31575091575091574,0.27912087912087913,0.6737484737484738,0.25616605616605614,0.7555555555555555,0.23247863247863249,0.1413919413919414,0.21611721611721613,0.4764346764346764,0.24957264957264957,0.41514041514041516,0.6246642246642247,0.527960927960928,0.11746031746031746,0.11037851037851037,0.27912087912087913,0.20732600732600734,0.20781440781440783,0.17387057387057386,0.32576312576312577,0.20366300366300366,0.20024420024420025,0.1365079365079365,0.6483516483516484,0.19975579975579977,0.326007326007326,0.2879120879120879,0.5882783882783883,0.18021978021978022,0.17216117216117216,0.1934065934065934,0.4363858363858364,0.43394383394383396,0.3672771672771673,0.3338217338217338,0.3409035409035409,0.15824175824175823,0.1894993894993895,0.26105006105006107,0.37094017094017095,0.5587301587301587,0.7108669108669109,0.7394383394383395,0.12991452991452992,0.24395604395604395,0.7592185592185592,0.4371184371184371,0.5333333333333333,0.4822954822954823,0.17582417582417584,0.32112332112332115,0.31575091575091574,0.18192918192918192,0.28766788766788765,0.4039072039072039,0.2852258852258852,0.20317460317460317
0.7326007326007326,0.2004884004884005,0.4275946275946276,0.2656898656898657,0.27228327228327226,0.3706959706959707,0.5086691086691086,0.25934065934065936,0.33406593406593404,0.49108669108669106,0.18656898656898657,0.13382173382173382,0.42735042735042733,0.22515262515262516,0.16361416361416362,0.7831501831501831,0.5609279609279609,0.3973137973137973,0.14725274725274726,0.08083028083028083,0.2717948717948718,0.1829059829059829,0.30744810744810747,0.2708180708180708,0.6627594627594627,0.24737484737484738,0.7504273504273504,0.22466422466422467,0.16678876678876678,0.25616605616605614,0.4612942612942613,0.23956043956043957,0.40366300366300367,0.6398046398046398,0.5228327228327229,0.1330891330891331,0.1054945054945055,0.2713064713064713,0.20146520146520147,0.23663003663003662,0.16923076923076924,0.3162393162393162,0.1978021978021978,0.19413919413919414,0.13235653235653236,0.6642246642246642,0.19047619047619047,0.3641025641025641,0.27936507936507937,0.5706959706959707,0.17655677655677657,0.16532356532356532,0.18705738705738706,0.4559218559218559,0.4485958485958486,0.35653235653235654,0.32332112332112334,0.32844932844932845,0.15335775335775337,0.21587301587301588,0.2525030525030525,0.3894993894993895,0.5528693528693529,0.7177045177045177,0.7409035409035409,0.1330891330891331,0.2761904761904762,0.7601953601953602,0.4256410256410256,0.5326007326007326,0.46544566544566546,0.17216117216117216,0.35555555555555557,0.30793650793650795,0.17753357753357754,0.28205128205128205,0.4014652014652015,0.27692307692307694,0.19706959706959706
0.7140415140415141,0.1960927960927961,0.4175824175824176,0.2571428571428571,0.2664224664224664,0.3907203907203907,0.49645909645909647,0.25347985347985347,0.32454212454212455,0.5301587301587302,0.18315018315018314,0.1330891330891331,0.452991452991453,0.2454212454212454,0.18876678876678876,0.7592185592185592,0.5448107448107448,0.39316239316239315,0.14407814407814407,0.07765567765567766,0.3045177045177045,0.17631257631257632,0.2993894993894994,0.2617826617826618,0.6493284493284494,0.23882783882783884,0.7308913308913308,0.2170940170940171,0.19706959706959706,0.29255189255189257,0.44590964590964594,0.22979242979242978,0.39267399267399267,0.6525030525030525,0.5145299145299145,0.15384615384615385,0.10207570207570207,0.26495726495726496,0.19584859584859585,0.2661782661782662,0.16507936507936508,0.3076923076923077,0.1916971916971917,0.1877899877899878,0.12844932844932844,0.676923076923077,0.18168498168498168,0.4004884004884005,0.2717948717948718,0.5523809523809524,0.17313797313797313,0.15848595848595848,0.18095238095238095,0.472039072039072,0.4617826617826618,0.3457875457875458,0.3133089133089133,0.315995115995116,0.14847374847374847,0.24566544566544565,0.24493284493284492,0.4070818070818071,0.5435897435897435,0.7218559218559218,0.73992673992674,0.13992673992673993,0.3108669108669109,0.7587301587301587,0.4146520146520147,0.5291819291819292,0.4485958485958486,0.16947496947496948,0.3934065934065934,0.3001221001221001,0.17264957264957265,0.2778998778998779,0.39536019536019534,0.2673992673992674,0.19194139194139195
0.6945054945054945,0.19194139194139195,0.40757020757020757,0.2490842490842491,0.2608058608058608,0.40757020757020757,0.48376068376068376,0.24737484737484738,0.315018315018315,0.5665445665445665,0.18046398046398046,0.13211233211233211,0.47692307692307695,0.2681318681318681,0.21855921855921856,0.7345543345543346,0.5284493284493285,0.3873015873015873,0.13992673992673993,0.07423687423687424,0.3355311355311355,0.1702075702075702,0.29181929181929184,0.252014652014652,0.6341880341880342,0.23076923076923078,0.7245421245421245,0.20976800976800977,0.22686202686202686,0.326984126984127,0.4312576312576313,0.22002442002442002,0.38217338217338215,0.6627594627594627,0.5037851037851038,0.17582417582417584,0.09987789987789988,0.2595848595848596,0.19047619047619047,0.29572649572649573,0.16166056166056167,0.2979242979242979,0.1851037851037851,0.18168498168498168,0.12527472527472527,0.6864468864468865,0.17313797313797313,0.4302808302808303,0.26324786324786326,0.5340659340659341,0.16923076923076924,0.15213675213675212,0.17655677655677657,0.48766788766788766,0.473015873015873,0.3355311355311355,0.30378510378510376,0.30378510378510376,0.14383394383394382,0.27326007326007323,0.23614163614163614,0.4222222222222222,0.5274725274725275,0.7230769230769231,0.7357753357753358,0.1509157509157509,0.346031746031746,0.7548229548229548,0.4043956043956044,0.5235653235653236,0.43272283272283274,0.1675213675213675,0.4315018315018315,0.2920634920634921,0.16825396825396827,0.2754578754578755,0.3868131868131868,0.2583638583638584,0.1877899877899878
0.6754578754578755,0.1877899877899878,0.3978021978021978,0.24126984126984127,0.2554334554334554,0.42173382173382173,0.47106227106227105,0.24126984126984127,0.29743589743589743,0.5953601953601954,0.1768009768009768,0.13015873015873017,0.4984126984126984,0.2920634920634921,0.252014652014652,0.7094017094017094,0.5133089133089133,0.378998778998779,0.13553113553113552,0.07057387057387057,0.3641025641025641,0.1641025641025641,0.284004884004884,0.24175824175824176,0.6175824175824176,0.22271062271062272,0.7230769230769231,0.2021978021978022,0.25665445665445663,0.36507936507936506,0.4170940170940171,0.2105006105006105,0.37142857142857144,0.6703296703296703,0.49108669108669106,0.19926739926739928,0.09621489621489622,0.25616605616605614,0.18534798534798536,0.3242979242979243,0.15995115995115994,0.2879120879120879,0.17924297924297924,0.17582417582417584,0.12283272283272283,0.6923076923076923,0.16532356532356532,0.45567765567765567,0.2542124542124542,0.515995115995116,0.16532356532356532,0.14554334554334555,0.17313797313797313,0.5020757020757021,0.4822954822954823,0.3252747252747253,0.29474969474969476,0.2920634920634921,0.1409035409035409,0.29987789987789987,0.22735042735042735,0.4354090354090354,0.5111111111111111,0.7211233211233211,0.7282051282051282,0.16385836385836386,0.38046398046398044,0.747985347985348,0.3946275946275946,0.515995115995116,0.41904761904761906,0.16483516483516483,0.46715506715506716,0.284004884004884,0.16385836385836386,0.274969474969475,0.3763125763125763,0.24981684981684982,0.18315018315018314
0.6564102564102564,0.1838827838827839,0.38803418803418804,0.23394383394383395,0.25103785103785103,0.4358974358974359,0.4581196581196581,0.2354090354090354,0.2886446886446886,0.62002442002442,0.17338217338217338,0.12844932844932844,0.5174603174603175,0.3162393162393162,0.2874236874236874,0.684981684981685,0.4993894993894994,0.368986568986569,0.13113553113553114,0.06715506715506715,0.38974358974358975,0.15824175824175823,0.27643467643467645,0.23223443223443224,0.6,0.2153846153846154,0.7223443223443223,0.19658119658119658,0.2910866910866911,0.40341880341880343,0.40366300366300367,0.20170940170940171,0.3614163614163614,0.6752136752136753,0.4783882783882784,0.2275946275946276,0.09255189255189256,0.25445665445665444,0.18046398046398046,0.34798534798534797,0.16092796092796094,0.27814407814407816,0.17338217338217338,0.17045177045177046,0.12185592185592185,0.694993894993895,0.15946275946275945,0.48205128205128206,0.24566544566544565,0.4989010989010989,0.16166056166056167,0.13943833943833944,0.168986568986569,0.5145299145299145,0.4891330891330891,0.3172161172161172,0.2862026862026862,0.2805860805860806,0.13846153846153847,0.3291819291819292,0.21831501831501832,0.4461538461538462,0.4989010989010989,0.7164835164835165,0.717948717948718,0.18021978021978022,0.4122100122100122,0.7387057387057387,0.38534798534798537,0.5064713064713064,0.4070818070818071,0.1619047619047619,0.49963369963369964,0.2761904761904762,0.1597069597069597,0.2761904761904762,0.36385836385836384,0.2398046398046398,0.17777777777777778
0.6378510378510378,0.18046398046398046,0.37826617826617825,0.22686202686202686,0.24713064713064714,0.44884004884004886,0.44517704517704515,0.22979242979242978,0.28034188034188035,0.645909645909646,0.16947496947496948,0.12673992673992673,0.5333333333333333,0.33992673992673994,0.3235653235653236,0.6627594627594627,0.484981684981685,0.3572649572649573,0.12698412698412698,0.06398046398046398,0.4126984126984127,0.15262515262515264,0.2695970695970696,0.22246642246642245,0.5824175824175825,0.2083028083028083,0.7208791208791209,0.19194139194139195,0.3274725274725275,0.4402930402930403,0.39096459096459096,0.1934065934065934,0.3516483516483517,0.676923076923077,0.4656898656898657,0.2590964590964591,0.0884004884004884,0.2554334554334554,0.17582417582417584,0.3682539682539683,0.16385836385836386,0.26886446886446885,0.16776556776556775,0.16605616605616605,0.12380952380952381,0.6942612942612942,0.15433455433455434,0.5074481074481074,0.23736263736263735,0.48253968253968255,0.15775335775335775,0.13357753357753357,0.1645909645909646,0.525030525030525,0.49352869352869355,0.30744810744810747,0.27765567765567767,0.2708180708180708,0.13528693528693528,0.35946275946275946,0.20927960927960929,0.4551892551892552,0.48376068376068376,0.7084249084249085,0.7054945054945055,0.20195360195360196,0.4415140415140415,0.7264957264957265,0.3763125763125763,0.49621489621489623,0.39194139194139194,0.15897435897435896,0.5284493284493285,0.26886446886446885,0.15555555555555556,0.27936507936507937,0.3523809523809524,0.22979242979242978,0.1724053724053724
0.62002442002442,0.1768009768009768,0.3684981684981685,0.221001221001221,0.2424908424908425,0.4598290598290598,0.43174603174603177,0.22417582417582418,0.27057387057387056,0.6715506715506715,0.16532356532356532,0.12527472527472527,0.5487179487179488,0.36214896214896214,0.3550671550671551,0.6422466422466423,0.4708180708180708,0.34505494505494505,0.12283272283272283,0.06251526251526252,0.43174603174603177,0.14847374847374847,0.2634920634920635,0.21318681318681318,0.5650793650793651,0.20146520146520147,0.7174603174603175,0.18632478632478633,0.36385836385836384,0.47496947496947495,0.37948717948717947,0.18583638583638584,0.3423687423687424,0.6757020757020757,0.45152625152625153,0.29084249084249086,0.08351648351648351,0.25811965811965815,0.1724053724053724,0.3894993894993895,0.1706959706959707,0.2595848595848596,0.1623931623931624,0.16336996336996337,0.12942612942612944,0.6901098901098901,0.14847374847374847,0.5308913308913309,0.22954822954822954,0.4673992673992674,0.15384615384615385,0.12747252747252746,0.1597069597069597,0.5335775335775336,0.49523809523809526,0.2971916971916972,0.2695970695970696,0.2622710622710623,0.13137973137973138,0.3882783882783883,0.20073260073260074,0.4617826617826618,0.46715506715506716,0.6976800976800976,0.6913308913308913,0.22832722832722832,0.4678876678876679,0.7120879120879121,0.3672771672771673,0.484981684981685,0.37606837606837606,0.15604395604395604,0.5528693528693529,0.2617826617826618,0.1514041514041514,0.2835164835164835,0.3413919413919414,0.22002442002442002,0.1675213675213675
0.6024420024420024,0.17387057387057386,0.3597069597069597,0.21587301587301588,0.2371184371184371,0.46813186813186813,0.4183150183150183,0.2188034188034188,0.26324786324786326,0.6954822954822955,0.16166056166056167,0.12454212454212454,0.5604395604395604,0.38266178266178263,0.3831501831501832,0.621978021978022,0.45714285714285713,0.33186813186813185,0.11941391941391942,0.063003663003663,0.44761904761904764,0.14554334554334555,0.2564102564102564,0.2043956043956044,0.5482295482295483,0.19487179487179487,0.7111111111111111,0.18021978021978022,0.3987789987789988,0.5064713064713064,0.3682539682539683,0.17875457875457876,0.33284493284493283,0.6713064713064713,0.4371184371184371,0.32283272283272285,0.07887667887667887,0.26202686202686204,0.1702075702075702,0.4095238095238095,0.1829059829059829,0.25445665445665444,0.1575091575091575,0.16312576312576313,0.13821733821733823,0.683028083028083,0.14236874236874236,0.5523809523809524,0.22173382173382172,0.452991452991453,0.14993894993894993,0.12356532356532357,0.15531135531135531,0.5396825396825397,0.494993894993895,0.28595848595848594,0.26324786324786326,0.25274725274725274,0.12796092796092795,0.41514041514041516,0.19267399267399268,0.46642246642246643,0.4507936507936508,0.6852258852258852,0.6752136752136753,0.2578754578754579,0.49108669108669106,0.6957264957264957,0.35995115995115995,0.47228327228327227,0.3626373626373626,0.15262515262515264,0.5741147741147741,0.25445665445665444,0.147985347985348,0.2879120879120879,0.32893772893772893,0.21123321123321123,0.1623931623931624
0.5851037851037851,0.17216117216117216,0.3514041514041514,0.21001221001221002,0.23174603174603176,0.4725274725274725,0.4048840048840049,0.21343101343101342,0.2554334554334554,0.7167277167277167,0.15775335775335775,0.12551892551892552,0.5672771672771673,0.39902319902319905,0.4129426129426129,0.6019536019536019,0.44395604395604393,0.3189255189255189,0.11575091575091576,0.0695970695970696,0.45885225885225883,0.14212454212454212,0.2485958485958486,0.19584859584859585,0.5318681318681319,0.19023199023199022,0.7025641025641025,0.17387057387057386,0.4315018315018315,0.535042735042735,0.35702075702075703,0.17216117216117216,0.3247863247863248,0.6642246642246642,0.4227106227106227,0.3536019536019536,0.07423687423687424,0.26666666666666666,0.16678876678876678,0.4283272283272283,0.20122100122100123,0.252014652014652,0.1523809523809524,0.1663003663003663,0.15115995115995115,0.6737484737484738,0.13626373626373625,0.5711843711843712,0.21465201465201464,0.43956043956043955,0.14627594627594628,0.1203907203907204,0.1509157509157509,0.5431013431013431,0.4925518925518926,0.2744810744810745,0.2571428571428571,0.24346764346764346,0.12527472527472527,0.4398046398046398,0.18461538461538463,0.4686202686202686,0.4346764346764347,0.671062271062271,0.6568986568986569,0.28888888888888886,0.5118437118437118,0.6793650793650794,0.35311355311355314,0.4586080586080586,0.35115995115995113,0.1496947496947497,0.591941391941392,0.24786324786324787,0.14627594627594628,0.2923076923076923,0.3162393162393162,0.20341880341880342,0.157997557997558
0.5682539682539682,0.1724053724053724,0.3423687423687424,0.20415140415140415,0.22686202686202686,0.473992673992674,0.3912087912087912,0.20854700854700856,0.24786324786324787,0.7357753357753358,0.15384615384615385,0.12869352869352868,0.5721611721611721,0.4122100122100122,0.442002442002442,0.5824175824175825,0.4307692307692308,0.30622710622710625,0.11257631257631258,0.07887667887667887,0.4666666666666667,0.13821733821733823,0.2407814407814408,0.18754578754578755,0.5162393162393163,0.18632478632478633,0.6923076923076923,0.1675213675213675,0.46153846153846156,0.5601953601953602,0.346031746031746,0.16605616605616605,0.3177045177045177,0.654945054945055,0.409035409035409,0.38217338217338215,0.06935286935286936,0.2725274725274725,0.16361416361416362,0.44468864468864466,0.2258852258852259,0.24664224664224665,0.14774114774114774,0.17191697191697192,0.16971916971916973,0.6617826617826618,0.12991452991452992,0.5877899877899878,0.2083028083028083,0.42686202686202684,0.14383394383394382,0.11648351648351649,0.14676434676434677,0.544078144078144,0.4879120879120879,0.26495726495726496,0.2507936507936508,0.2341880341880342,0.12454212454212454,0.4612942612942613,0.17655677655677657,0.46935286935286935,0.42075702075702076,0.6544566544566545,0.6373626373626373,0.3201465201465201,0.5301587301587302,0.6625152625152625,0.34554334554334554,0.4444444444444444,0.3401709401709402,0.14676434676434677,0.6063492063492063,0.24126984126984127,0.14627594627594628,0.2967032967032967,0.30378510378510376,0.1973137973137973,0.15384615384615385
0.5528693528693529,0.17509157509157508,0.3333333333333333,0.19853479853479852,0.22173382173382172,0.473015873015873,0.37777777777777777,0.20463980463980463,0.24004884004884006,0.7518925518925519,0.15042735042735042,0.13528693528693528,0.5533577533577534,0.42588522588522587,0.4695970695970696,0.5636141636141636,0.41855921855921857,0.29426129426129427,0.10964590964590964,0.08864468864468865,0.4725274725274725,0.1343101343101343,0.23296703296703297,0.1794871794871795,0.5023199023199023,0.18192918192918192,0.6796092796092796,0.16117216117216118,0.4884004884004884,0.5824175824175825,0.3355311355311355,0.16166056166056167,0.3098901098901099,0.6432234432234433,0.3963369963369963,0.409035409035409,0.06495726495726496,0.27912087912087913,0.15995115995115994,0.4593406593406593,0.2564102564102564,0.2402930402930403,0.14334554334554334,0.18046398046398046,0.1943833943833944,0.6476190476190476,0.12380952380952381,0.6017094017094017,0.20195360195360196,0.41440781440781443,0.14236874236874236,0.11184371184371185,0.14285714285714285,0.5421245421245421,0.48083028083028084,0.2564102564102564,0.2442002442002442,0.22515262515262516,0.12747252747252746,0.4800976800976801,0.168986568986569,0.4678876678876679,0.4087912087912088,0.6358974358974359,0.6168498168498169,0.35018315018315016,0.5433455433455433,0.6444444444444445,0.33724053724053726,0.43052503052503055,0.32967032967032966,0.1443223443223443,0.6173382173382174,0.23614163614163614,0.14676434676434677,0.30036630036630035,0.29255189255189257,0.19194139194139195,0.1496947496947497
0.5384615384615384,0.1807081807081807,0.3247863247863248,0.19316239316239317,0.2170940170940171,0.4691086691086691,0.36434676434676433,0.20170940170940171,0.23272283272283273,0.7653235653235653,0.14652014652014653,0.1452991452991453,0.5218559218559219,0.43833943833943834,0.49474969474969477,0.5448107448107448,0.4065934065934066,0.283028083028083,0.10671550671550671,0.10305250305250305,0.47545787545787543,0.13064713064713065,0.2253968253968254,0.17191697191697192,0.48986568986568985,0.1768009768009768,0.6652014652014652,0.15531135531135531,0.512087912087912,0.6012210012210012,0.32625152625152626,0.157997557997558,0.30085470085470084,0.6293040293040293,0.38461538461538464,0.43345543345543347,0.06056166056166056,0.2857142857142857,0.15677655677655677,0.47155067155067154,0.2915750915750916,0.23394383394383395,0.14065934065934066,0.19316239316239317,0.22393162393162394,0.6317460317460317,0.11746031746031746,0.6122100122100123,0.1960927960927961,0.40341880341880343,0.14065934065934066,0.1072039072039072,0.1391941391941392,0.5382173382173382,0.473015873015873,0.2468864468864469,0.23785103785103784,0.21611721611721613,0.13528693528693528,0.4967032967032967,0.16166056166056167,0.4644688644688645,0.3960927960927961,0.6163614163614164,0.5965811965811966,0.37826617826617825,0.5533577533577534,0.6261294261294261,0.3286935286935287,0.4170940170940171,0.31916971916971915,0.14334554334554334,0.6251526251526252,0.23174603174603176,0.15042735042735042,0.3023199023199023,0.28253968253968254,0.1873015873015873,0.1457875457875458
0.5230769230769231,0.1894993894993895,0.3177045177045177,0.1877899877899878,0.21294261294261294,0.45836385836385835,0.3528693528693529,0.19829059829059828,0.22564102564102564,0.7755799755799756,0.14285714285714285,0.15775335775335775,0.5035409035409035,0.44884004884004886,0.5172161172161173,0.5262515262515263,0.39487179487179486,0.27228327228327226,0.10525030525030525,0.12234432234432234,0.4752136752136752,0.12673992673992673,0.21782661782661783,0.1663003663003663,0.47692307692307695,0.17191697191697192,0.6490842490842491,0.1496947496947497,0.5326007326007326,0.6173382173382174,0.3177045177045177,0.1536019536019536,0.2920634920634921,0.6134310134310135,0.3733821733821734,0.4559218559218559,0.05641025641025641,0.29181929181929184,0.1536019536019536,0.4818070818070818,0.3291819291819292,0.22857142857142856,0.1387057387057387,0.21001221001221002,0.2571428571428571,0.6146520146520147,0.1115995115995116,0.6195360195360196,0.19194139194139195,0.3934065934065934,0.13968253968253969,0.1028083028083028,0.13553113553113552,0.5313797313797314,0.4644688644688645,0.23687423687423687,0.23101343101343103,0.20757020757020758,0.1492063492063492,0.5108669108669108,0.15433455433455434,0.4598290598290598,0.38363858363858366,0.5960927960927961,0.5768009768009768,0.40366300366300367,0.5636141636141636,0.608058608058608,0.3199023199023199,0.4039072039072039,0.30915750915750917,0.14358974358974358,0.6293040293040293,0.2271062271062271,0.157997557997558,0.3023199023199023,0.2737484737484738,0.18339438339438338,0.14236874236874236
0.5069597069597069,0.2021978021978022,0.3125763125763126,0.1829059829059829,0.21001221001221002,0.4468864468864469,0.3426129426129426,0.1943833943833944,0.21855921855921856,0.7829059829059829,0.13943833943833944,0.1724053724053724,0.49108669108669106,0.45738705738705737,0.536996336996337,0.5076923076923077,0.3831501831501832,0.2625152625152625,0.10427350427350428,0.14945054945054945,0.472039072039072,0.12356532356532357,0.2105006105006105,0.16166056166056167,0.463980463980464,0.16727716727716727,0.6322344322344322,0.14481074481074482,0.54993894993895,0.6278388278388278,0.30842490842490844,0.14896214896214896,0.28327228327228327,0.5963369963369963,0.3626373626373626,0.4764346764346764,0.05372405372405373,0.2967032967032967,0.15067155067155066,0.4896214896214896,0.3682539682539683,0.22417582417582418,0.1365079365079365,0.23003663003663002,0.2932844932844933,0.5968253968253968,0.10598290598290598,0.6239316239316239,0.18876678876678876,0.3824175824175824,0.14065934065934066,0.0989010989010989,0.13211233211233211,0.5230769230769231,0.4547008547008547,0.22686202686202686,0.22442002442002443,0.19926739926739928,0.1702075702075702,0.5230769230769231,0.14945054945054945,0.4537240537240537,0.37142857142857144,0.5755799755799755,0.5575091575091575,0.42637362637362636,0.5724053724053724,0.590964590964591,0.31135531135531136,0.39194139194139194,0.29987789987789987,0.1457875457875458,0.6302808302808303,0.22246642246642245,0.17094017094017094,0.3006105006105006,0.2661782661782662,0.18021978021978022,0.13992673992673993
0.4905982905982906,0.21855921855921856,0.30915750915750917,0.17753357753357754,0.20854700854700856,0.4376068376068376,0.33137973137973137,0.19047619047619047,0.21147741147741148,0.7868131868131868,0.13724053724053725,0.1921855921855922,0.48083028083028084,0.46422466422466424,0.5540903540903541,0.48937728937728936,0.3711843711843712,0.2542124542124542,0.10207570207570207,0.1829059829059829,0.4656898656898657,0.12087912087912088,0.20317460317460317,0.1562881562881563,0.4507936507936508,0.16263736263736264,0.6151404151404152,0.14017094017094017,0.5641025641025641,0.6346764346764346,0.29816849816849816,0.14383394383394382,0.2744810744810745,0.5787545787545788,0.3523809523809524,0.49401709401709404,0.05225885225885226,0.3001221001221001,0.14896214896214896,0.494993894993895,0.4070818070818071,0.21855921855921856,0.13382173382173382,0.25225885225885225,0.33015873015873015,0.5794871794871795,0.10036630036630037,0.6249084249084249,0.18461538461538463,0.3711843711843712,0.14481074481074482,0.09572649572649573,0.12967032967032968,0.513064713064713,0.44395604395604393,0.2153846153846154,0.21831501831501832,0.19145299145299147,0.19853479853479852,0.5308913308913309,0.1452991452991453,0.44590964590964594,0.3597069597069597,0.5555555555555556,0.5391941391941392,0.4468864468864469,0.5792429792429793,0.5743589743589743,0.3028083028083028,0.38046398046398044,0.2905982905982906,0.1509157509157509,0.63003663003663,0.21782661782661783,0.19023199023199022,0.2967032967032967,0.2590964590964591,0.1772893772893773,0.13846153846153847
0.47374847374847373,0.23809523809523808,0.3089133089133089,0.1724053724053724,0.20927960927960929,0.4275946275946276,0.31965811965811963,0.18656898656898657,0.20463980463980463,0.7873015873015873,0.13577533577533576,0.21611721611721613,0.47057387057387057,0.4686202686202686,0.5684981684981685,0.47106227106227105,0.3597069597069597,0.2468864468864469,0.09963369963369964,0.22124542124542124,0.45665445665445664,0.11892551892551892,0.1960927960927961,0.15067155067155066,0.4376068376068376,0.15824175824175823,0.598046398046398,0.13626373626373625,0.5736263736263736,0.6405372405372405,0.28766788766788765,0.1387057387057387,0.2656898656898657,0.5614163614163614,0.3423687423687424,0.5074481074481074,0.04981684981684982,0.30158730158730157,0.14847374847374847,0.49792429792429793,0.4398046398046398,0.2126984126984127,0.13211233211233211,0.27521367521367524,0.367032967032967,0.5623931623931624,0.09499389499389499,0.6222222222222222,0.18021978021978022,0.3597069597069597,0.15286935286935288,0.09352869352869353,0.12796092796092795,0.5003663003663004,0.43272283272283274,0.20537240537240536,0.20146520146520147,0.1838827838827839,0.23321123321123322,0.5362637362637362,0.14065934065934066,0.4368742368742369,0.34847374847374846,0.5362637362637362,0.5221001221001221,0.4644688644688645,0.5836385836385837,0.558974358974359,0.2945054945054945,0.36971916971916974,0.28327228327228327,0.15946275946275945,0.6273504273504273,0.2139194139194139,0.21587301587301588,0.2910866910866911,0.2525030525030525,0.17484737484737484,0.1365079365079365
0.45714285714285713,0.25982905982905985,0.3115995115995116,0.1675213675213675,0.21245421245421245,0.41733821733821735,0.3076923076923077,0.18315018315018314,0.19829059829059828,0.7838827838827839,0.13357753357753357,0.24297924297924298,0.45958485958485956,0.47106227106227105,0.5802197802197803,0.452991452991453,0.3496947496947497,0.23882783882783884,0.09694749694749695,0.26275946275946277,0.44517704517704515,0.11941391941391942,0.18925518925518925,0.14505494505494507,0.4249084249084249,0.1540903540903541,0.5814407814407815,0.13382173382173382,0.5794871794871795,0.6442002442002442,0.2766788766788767,0.13406593406593406,0.2578754578754579,0.5443223443223443,0.3338217338217338,0.5174603174603175,0.046886446886446886,0.3006105006105006,0.15067155067155066,0.49792429792429793,0.46813186813186813,0.20683760683760682,0.13162393162393163,0.29865689865689865,0.40244200244200246,0.5457875457875457,0.09010989010989011,0.6163614163614164,0.17606837606837608,0.3482295482295482,0.16654456654456654,0.09426129426129426,0.12551892551892552,0.4862026862026862,0.42173382173382173,0.19829059829059828,0.17924297924297924,0.17753357753357754,0.26764346764346764,0.5413919413919414,0.13577533577533576,0.42637362637362636,0.3374847374847375,0.5181929181929182,0.5064713064713064,0.4776556776556777,0.5855921855921856,0.5443223443223443,0.28644688644688643,0.35995115995115995,0.2766788766788767,0.1724053724053724,0.621978021978022,0.21025641025641026,0.24786324786324787,0.284004884004884,0.24664224664224665,0.17313797313797313,0.1347985347985348
0.44126984126984126,0.2835164835164835,0.31697191697191696,0.16263736263736264,0.2175824175824176,0.40586080586080586,0.295970695970696,0.17924297924297924,0.1934065934065934,0.7768009768009768,0.1308913308913309,0.2713064713064713,0.44761904761904764,0.4708180708180708,0.5892551892551893,0.43736263736263736,0.3404151404151404,0.23076923076923078,0.09426129426129426,0.30573870573870576,0.43174603174603177,0.12258852258852258,0.1838827838827839,0.13968253968253969,0.4122100122100122,0.14993894993894993,0.5655677655677656,0.12967032967032968,0.5838827838827839,0.6446886446886447,0.2661782661782662,0.12967032967032968,0.24981684981684982,0.5277167277167277,0.32551892551892553,0.5274725274725275,0.04371184371184371,0.2976800976800977,0.15604395604395604,0.4954822954822955,0.4976800976800977,0.20073260073260074,0.1343101343101343,0.3213675213675214,0.43614163614163615,0.5301587301587302,0.08644688644688645,0.6078144078144078,0.17216117216117216,0.336996336996337,0.18583638583638584,0.09865689865689865,0.12307692307692308,0.4708180708180708,0.41098901098901097,0.19047619047619047,0.16507936507936508,0.17264957264957265,0.3023199023199023,0.5455433455433455,0.13137973137973138,0.41514041514041516,0.326984126984127,0.5015873015873016,0.4927960927960928,0.48766788766788766,0.5851037851037851,0.5304029304029304,0.2788766788766789,0.35067155067155065,0.26935286935286934,0.18998778998778998,0.613919413919414,0.2070818070818071,0.2844932844932845,0.2754578754578755,0.24126984126984127,0.1706959706959707,0.13382173382173382
0.4256410256410256,0.3076923076923077,0.3247863247863248,0.15946275946275945,0.22612942612942613,0.39365079365079364,0.2844932844932845,0.17582417582417584,0.1894993894993895,0.7670329670329671,0.1282051282051282,0.3006105006105006,0.4354090354090354,0.46813186813186813,0.5951159951159951,0.42295482295482295,0.33015873015873015,0.22246642246642245,0.09206349206349207,0.34847374847374846,0.41733821733821735,0.12967032967032968,0.1794871794871795,0.13504273504273503,0.4,0.14627594627594628,0.54993894993895,0.12380952380952381,0.5855921855921856,0.642002442002442,0.2554334554334554,0.12527472527472527,0.2424908424908425,0.5118437118437118,0.31648351648351647,0.5357753357753358,0.04078144078144078,0.29255189255189257,0.16385836385836386,0.4908424908424908,0.5262515262515263,0.19487179487179487,0.1409035409035409,0.3423687423687424,0.4673992673992674,0.5162393162393163,0.08376068376068375,0.5965811965811966,0.16825396825396827,0.32576312576312577,0.210989010989011,0.10818070818070818,0.12161172161172161,0.4547008547008547,0.40073260073260075,0.18144078144078143,0.15506715506715507,0.168986568986569,0.3431013431013431,0.5477411477411478,0.12722832722832722,0.40341880341880343,0.31648351648351647,0.4857142857142857,0.48083028083028084,0.49743589743589745,0.5816849816849817,0.5172161172161173,0.2717948717948718,0.3426129426129426,0.2617826617826618,0.21147741147741148,0.6034188034188034,0.20341880341880342,0.32454212454212455,0.2656898656898657,0.2371184371184371,0.16776556776556775,0.13504273504273503
0.41001221001221,0.3326007326007326,0.3343101343101343,0.15677655677655677,0.23809523809523808,0.37924297924297923,0.27326007326007323,0.1724053724053724,0.18485958485958487,0.7543345543345543,0.12551892551892552,0.32967032967032966,0.4227106227106227,0.463003663003663,0.5975579975579975,0.4073260073260073,0.3189255189255189,0.21416361416361415,0.09084249084249084,0.38974358974358975,0.40244200244200246,0.13968253968253969,0.17484737484737484,0.13015873015873017,0.3877899877899878,0.14236874236874236,0.536019536019536,0.1199023199023199,0.5848595848595849,0.6358974358974359,0.2454212454212454,0.12112332112332112,0.23565323565323565,0.4976800976800977,0.30744810744810747,0.5418803418803418,0.03785103785103785,0.28595848595848594,0.17509157509157508,0.484004884004884,0.5531135531135531,0.18925518925518925,0.15213675213675212,0.3614163614163614,0.49645909645909647,0.5035409035409035,0.08058608058608059,0.5824175824175825,0.16483516483516483,0.31477411477411477,0.2407814407814408,0.12380952380952381,0.12234432234432234,0.4388278388278388,0.3912087912087912,0.17338217338217338,0.14822954822954823,0.16483516483516483,0.38632478632478634,0.5484737484737485,0.12356532356532357,0.3916971916971917,0.3064713064713065,0.4725274725274725,0.4683760683760684,0.505982905982906,0.5758241758241758,0.5045177045177045,0.2661782661782662,0.3355311355311355,0.2542124542124542,0.23663003663003662,0.58998778998779,0.2,0.3663003663003663,0.2571428571428571,0.2336996336996337,0.16483516483516483,0.13943833943833944
0.3946275946275946,0.3572649572649573,0.34383394383394383,0.1536019536019536,0.252991452991453,0.3665445665445665,0.2622710622710623,0.16923076923076924,0.17997557997557997,0.738949938949939,0.12307692307692308,0.35775335775335776,0.41001221001221,0.45665445665445664,0.5968253968253968,0.3912087912087912,0.30744810744810747,0.20586080586080585,0.09157509157509157,0.4288156288156288,0.38925518925518926,0.15286935286935288,0.16971916971916973,0.126007326007326,0.37606837606837606,0.1391941391941392,0.5228327228327229,0.11672771672771673,0.580952380952381,0.6263736263736264,0.2358974358974359,0.11697191697191697,0.22905982905982905,0.48473748473748474,0.2979242979242979,0.5455433455433455,0.035164835164835165,0.27912087912087913,0.19096459096459095,0.4752136752136752,0.578021978021978,0.1838827838827839,0.16923076923076924,0.37826617826617825,0.5194139194139195,0.49108669108669106,0.07716727716727717,0.566056166056166,0.16117216117216118,0.30427350427350425,0.27472527472527475,0.14236874236874236,0.12576312576312576,0.42344322344322344,0.3824175824175824,0.16776556776556775,0.14358974358974358,0.15995115995115994,0.4293040293040293,0.5467643467643467,0.11965811965811966,0.37997557997557996,0.2967032967032967,0.4603174603174603,0.4559218559218559,0.5125763125763125,0.567032967032967,0.4918192918192918,0.2612942612942613,0.3277167277167277,0.24664224664224665,0.26373626373626374,0.5741147741147741,0.19658119658119658,0.4073260073260073,0.24932844932844933,0.22954822954822954,0.16166056166056167,0.14847374847374847
0.37948717948717947,0.378021978021978,0.3528693528693529,0.15042735042735042,0.2708180708180708,0.357997557997558,0.252014652014652,0.16605616605616605,0.17484737484737484,0.7208791208791209,0.12112332112332112,0.38412698412698415,0.3973137973137973,0.44884004884004886,0.5943833943833944,0.3755799755799756,0.295970695970696,0.19755799755799755,0.09474969474969475,0.46495726495726497,0.3775335775335775,0.17167277167277167,0.16507936507936508,0.12185592185592185,0.3641025641025641,0.136996336996337,0.5089133089133089,0.11404151404151404,0.5741147741147741,0.613919413919414,0.22686202686202686,0.11282051282051282,0.22417582417582418,0.47155067155067154,0.28815628815628813,0.5462759462759462,0.03247863247863248,0.27228327228327226,0.21196581196581196,0.463980463980464,0.6,0.17924297924297924,0.1921855921855922,0.39316239316239315,0.5382173382173382,0.47863247863247865,0.0735042735042735,0.5484737484737485,0.157997557997558,0.2937728937728938,0.3064713064713065,0.16507936507936508,0.13357753357753357,0.4087912087912088,0.37435897435897436,0.16166056166056167,0.1387057387057387,0.15531135531135531,0.4708180708180708,0.5428571428571428,0.115995115995116,0.368986568986569,0.2869352869352869,0.4481074481074481,0.4432234432234432,0.5177045177045178,0.5557997557997558,0.4800976800976801,0.25567765567765566,0.3201465201465201,0.23931623931623933,0.2920634920634921,0.5567765567765568,0.1934065934065934,0.44175824175824174,0.24004884004884006,0.22466422466422467,0.15824175824175823,0.16336996336996337
0.36434676434676433,0.3963369963369963,0.36336996336996336,0.14676434676434677,0.29010989010989013,0.3492063492063492,0.24224664224664225,0.16312576312576313,0.16971916971916973,0.7008547008547008,0.11892551892551892,0.409035409035409,0.3851037851037851,0.43907203907203907,0.5894993894993895,0.35995115995115995,0.2844932844932845,0.18925518925518925,0.10207570207570207,0.49792429792429793,0.3648351648351648,0.19487179487179487,0.1606837606837607,0.11819291819291819,0.3540903540903541,0.13577533577533576,0.494993894993895,0.1115995115995116,0.5645909645909646,0.599023199023199,0.21782661782661783,0.11013431013431013,0.22002442002442002,0.4586080586080586,0.2788766788766789,0.5443223443223443,0.029792429792429794,0.26373626373626374,0.23687423687423687,0.4512820512820513,0.6195360195360196,0.1746031746031746,0.2205128205128205,0.4039072039072039,0.5567765567765568,0.46642246642246643,0.07008547008547009,0.5294261294261294,0.15482295482295483,0.284004884004884,0.336996336996337,0.19511599511599512,0.1457875457875458,0.39487179487179486,0.36678876678876676,0.15531135531135531,0.13406593406593406,0.15067155067155066,0.5094017094017094,0.5365079365079365,0.11282051282051282,0.357997557997558,0.27912087912087913,0.4354090354090354,0.4307692307692308,0.5203907203907204,0.5426129426129426,0.46935286935286935,0.24957264957264957,0.3120879120879121,0.23223443223443224,0.3199023199023199,0.5377289377289377,0.19047619047619047,0.47155067155067154,0.23101343101343103,0.22002442002442002,0.15482295482295483,0.1838827838827839
0.3514041514041514,0.4163614163614164,0.3733821733821734,0.14334554334554334,0.31013431013431014,0.33821733821733824,0.23296703296703297,0.16092796092796094,0.16532356532356532,0.6798534798534799,0.11697191697191697,0.431990231990232,0.37484737484737485,0.4278388278388278,0.5816849816849817,0.34456654456654456,0.27326007326007323,0.18095238095238095,0.11452991452991453,0.5235653235653236,0.3523809523809524,0.22197802197802197,0.1562881562881563,0.11452991452991453,0.34505494505494505,0.13406593406593406,0.4810744810744811,0.10964590964590964,0.5528693528693529,0.5821733821733822,0.20976800976800977,0.10818070818070818,0.2153846153846154,0.4456654456654457,0.26935286935286934,0.5391941391941392,0.02783882783882784,0.2542124542124542,0.2647130647130647,0.43736263736263736,0.6366300366300366,0.1702075702075702,0.24835164835164836,0.41196581196581195,0.5741147741147741,0.4542124542124542,0.06642246642246642,0.5106227106227106,0.1514041514041514,0.2761904761904762,0.37094017094017095,0.23076923076923078,0.16385836385836386,0.38217338217338215,0.3601953601953602,0.1509157509157509,0.12967032967032968,0.14627594627594628,0.5452991452991452,0.5284493284493285,0.10964590964590964,0.34847374847374846,0.2717948717948718,0.4227106227106227,0.4183150183150183,0.5206349206349207,0.528937728937729,0.4581196581196581,0.24297924297924298,0.30427350427350425,0.22515262515262516,0.3733821733821734,0.517948717948718,0.18852258852258852,0.5023199023199023,0.22246642246642245,0.2153846153846154,0.1514041514041514,0.2105006105006105
0.33992673992673994,0.4363858363858364,0.38217338217338215,0.13968253968253969,0.33015873015873015,0.32844932844932845,0.22417582417582418,0.15946275946275945,0.16263736263736264,0.6583638583638584,0.11526251526251527,0.45323565323565324,0.36556776556776555,0.4158730158730159,0.5714285714285714,0.32967032967032966,0.2622710622710623,0.17313797313797313,0.1326007326007326,0.5445665445665445,0.3401709401709402,0.2515262515262515,0.1523809523809524,0.11257631257631258,0.33455433455433453,0.13211233211233211,0.4673992673992674,0.10744810744810745,0.5391941391941392,0.5638583638583639,0.20293040293040293,0.10525030525030525,0.21025641025641026,0.43272283272283274,0.2600732600732601,0.5313797313797314,0.026373626373626374,0.24444444444444444,0.29426129426129427,0.4227106227106227,0.6507936507936508,0.16605616605616605,0.27692307692307694,0.41904761904761906,0.5892551892551893,0.4424908424908425,0.06324786324786325,0.4918192918192918,0.14822954822954823,0.2691086691086691,0.4056166056166056,0.2698412698412698,0.1873015873015873,0.3706959706959707,0.3540903540903541,0.14725274725274726,0.12576312576312576,0.14188034188034188,0.577045177045177,0.517948717948718,0.10598290598290598,0.33992673992673994,0.2634920634920635,0.41001221001221,0.4056166056166056,0.518925518925519,0.5147741147741147,0.44664224664224667,0.23663003663003662,0.29645909645909646,0.21782661782661783,0.4405372405372405,0.5003663003663004,0.18705738705738706,0.5313797313797314,0.21465201465201464,0.21025641025641026,0.14847374847374847,0.24224664224664225
0.3274725274725275,0.45567765567765567,0.3894993894993895,0.136996336996337,0.3496947496947497,0.31965811965811963,0.2170940170940171,0.1575091575091575,0.16214896214896216,0.6366300366300366,0.11330891330891331,0.46984126984126984,0.3562881562881563,0.4031746031746032,0.5587301587301587,0.315018315018315,0.252014652014652,0.16507936507936508,0.15286935286935288,0.566056166056166,0.32893772893772893,0.2822954822954823,0.14847374847374847,0.1111111111111111,0.3242979242979243,0.13064713064713065,0.4542124542124542,0.10573870573870574,0.5242979242979243,0.5448107448107448,0.1973137973137973,0.10207570207570207,0.20488400488400488,0.42002442002442003,0.2512820512820513,0.5208791208791209,0.025152625152625153,0.2354090354090354,0.3242979242979243,0.40805860805860805,0.662026862026862,0.16336996336996337,0.3172161172161172,0.42417582417582417,0.6012210012210012,0.43052503052503055,0.06105006105006105,0.47374847374847373,0.14627594627594628,0.26105006105006107,0.43907203907203907,0.31135531135531136,0.2148962148962149,0.36117216117216117,0.3474969474969475,0.14285714285714285,0.12234432234432234,0.13724053724053725,0.6051282051282051,0.5062271062271062,0.10427350427350428,0.33137973137973137,0.2549450549450549,0.3973137973137973,0.39316239316239315,0.515018315018315,0.4984126984126984,0.4346764346764347,0.23028083028083027,0.28888888888888886,0.21123321123321123,0.48766788766788766,0.4835164835164835,0.18461538461538463,0.5572649572649573,0.20781440781440783,0.20537240537240536,0.14554334554334555,0.2774114774114774
0.315018315018315,0.47374847374847373,0.39487179487179486,0.13577533577533576,0.3682539682539683,0.31013431013431014,0.210989010989011,0.15506715506715507,0.16507936507936508,0.6161172161172161,0.11306471306471307,0.4832722832722833,0.34676434676434675,0.39023199023199023,0.5445665445665445,0.3013431013431013,0.24175824175824176,0.15897435897435896,0.17655677655677657,0.5863247863247864,0.3184371184371184,0.3128205128205128,0.14505494505494507,0.10891330891330891,0.31404151404151404,0.12991452991452992,0.44126984126984126,0.10402930402930403,0.5079365079365079,0.5277167277167277,0.1907203907203907,0.10012210012210013,0.19975579975579977,0.4073260073260073,0.24273504273504273,0.5089133089133089,0.025152625152625153,0.2271062271062271,0.35384615384615387,0.3938949938949939,0.6703296703296703,0.16166056166056167,0.36385836385836384,0.42686202686202684,0.6105006105006106,0.41855921855921857,0.060805860805860805,0.45665445665445664,0.14505494505494507,0.252991452991453,0.4708180708180708,0.3528693528693529,0.2459096459096459,0.3528693528693529,0.34114774114774116,0.136996336996337,0.11843711843711843,0.1330891330891331,0.6295482295482295,0.4932844932844933,0.10305250305250305,0.32283272283272285,0.2463980463980464,0.38461538461538464,0.3807081807081807,0.5089133089133089,0.48131868131868133,0.4227106227106227,0.22442002442002443,0.28156288156288156,0.2043956043956044,0.518925518925519,0.4656898656898657,0.18192918192918192,0.57997557997558,0.2021978021978022,0.20024420024420025,0.1426129426129426,0.30915750915750917
0.3028083028083028,0.48986568986568985,0.398046398046398,0.13675213675213677,0.3851037851037851,0.3045177045177045,0.20415140415140415,0.15262515262515264,0.17216117216117216,0.5960927960927961,0.11330891330891331,0.49694749694749696,0.337973137973138,0.3916971916971917,0.528937728937729,0.28815628815628813,0.23223443223443224,0.1536019536019536,0.20683760683760682,0.6039072039072039,0.3086691086691087,0.3426129426129426,0.14188034188034188,0.10695970695970695,0.30378510378510376,0.13137973137973138,0.4283272283272283,0.10207570207570207,0.4927960927960928,0.5115995115995116,0.1838827838827839,0.10061050061050061,0.19462759462759463,0.39438339438339437,0.23443223443223443,0.4967032967032967,0.025885225885225887,0.21953601953601953,0.38217338217338215,0.38046398046398044,0.6742368742368743,0.15897435897435896,0.4070818070818071,0.42735042735042733,0.6166056166056166,0.40634920634920635,0.06349206349206349,0.4415140415140415,0.14334554334554334,0.24493284493284492,0.49963369963369964,0.3934065934065934,0.274969474969475,0.3443223443223443,0.3343101343101343,0.13015873015873017,0.11428571428571428,0.12942612942612944,0.6507936507936508,0.4800976800976801,0.10134310134310134,0.3145299145299145,0.23785103785103784,0.37191697191697193,0.3682539682539683,0.5008547008547009,0.46422466422466424,0.4105006105006105,0.2188034188034188,0.273992673992674,0.19926739926739928,0.5411477411477411,0.44835164835164837,0.178998778998779,0.5995115995115995,0.19755799755799755,0.19487179487179487,0.14065934065934066,0.3396825396825397
0.2903540903540904,0.5047619047619047,0.3987789987789988,0.14017094017094017,0.4004884004884005,0.29987789987789987,0.19706959706959706,0.15042735042735042,0.18461538461538463,0.5782661782661783,0.11306471306471307,0.5101343101343101,0.3291819291819292,0.40024420024420027,0.5123321123321123,0.2754578754578755,0.22417582417582418,0.14725274725274726,0.24151404151404152,0.6192918192918193,0.29914529914529914,0.37094017094017095,0.13846153846153847,0.10598290598290598,0.29426129426129427,0.13553113553113552,0.41514041514041516,0.10036630036630037,0.47863247863247865,0.4945054945054945,0.17753357753357754,0.10476190476190476,0.1894993894993895,0.3811965811965812,0.22661782661782662,0.48424908424908425,0.02564102564102564,0.21294261294261294,0.4087912087912088,0.3672771672771673,0.6747252747252748,0.15555555555555556,0.4468864468864469,0.4253968253968254,0.62002442002442,0.39438339438339437,0.07032967032967033,0.4278388278388278,0.1413919413919414,0.23663003663003662,0.5257631257631258,0.4315018315018315,0.3028083028083028,0.33577533577533575,0.3274725274725275,0.12576312576312576,0.11013431013431013,0.12551892551892552,0.6656898656898657,0.4678876678876679,0.09914529914529914,0.306959706959707,0.22954822954822954,0.35873015873015873,0.3562881562881563,0.4918192918192918,0.44761904761904764,0.3987789987789988,0.2139194139194139,0.26666666666666666,0.19487179487179487,0.5601953601953602,0.43174603174603177,0.17631257631257632,0.6161172161172161,0.1934065934065934,0.18998778998778998,0.1391941391941392,0.3728937728937729
0.27814407814407816,0.5177045177045178,0.3968253968253968,0.14725274725274726,0.4129426129426129,0.2920634920634921,0.18998778998778998,0.14822954822954823,0.2026862026862027,0.5619047619047619,0.11233211233211234,0.5218559218559219,0.32063492063492066,0.3973137973137973,0.495970695970696,0.26324786324786326,0.21733821733821734,0.1409035409035409,0.27912087912087913,0.631990231990232,0.29010989010989013,0.3973137973137973,0.13528693528693528,0.1072039072039072,0.2847374847374847,0.14358974358974358,0.4021978021978022,0.09987789987789988,0.463980463980464,0.4771672771672772,0.1711843711843712,0.1137973137973138,0.18485958485958487,0.3682539682539683,0.22026862026862026,0.4708180708180708,0.025152625152625153,0.20732600732600734,0.43345543345543347,0.35653235653235654,0.673992673992674,0.15213675213675212,0.4832722832722833,0.42075702075702076,0.6202686202686203,0.3824175824175824,0.08058608058608059,0.4141636141636142,0.1413919413919414,0.22857142857142856,0.5487179487179488,0.46642246642246643,0.3338217338217338,0.32722832722832723,0.3203907203907204,0.12234432234432234,0.10671550671550671,0.12136752136752137,0.6761904761904762,0.4547008547008547,0.0971916971916972,0.29914529914529914,0.22148962148962148,0.34554334554334554,0.3443223443223443,0.48131868131868133,0.43174603174603177,0.3873015873015873,0.2087912087912088,0.25982905982905985,0.18998778998778998,0.5765567765567765,0.41611721611721614,0.17435897435897435,0.6295482295482295,0.19023199023199022,0.18485958485958487,0.136996336996337,0.40634920634920635
0.2669108669108669,0.528937728937729,0.39316239316239315,0.15702075702075702,0.4227106227106227,0.28253968253968254,0.18315018315018314,0.14627594627594628,0.22246642246642245,0.5452991452991452,0.1115995115995116,0.5321123321123321,0.3120879120879121,0.389010989010989,0.4793650793650794,0.25347985347985347,0.20976800976800977,0.1347985347985348,0.31746031746031744,0.642002442002442,0.28083028083028083,0.42124542124542125,0.1330891330891331,0.1115995115995116,0.2754578754578755,0.15604395604395604,0.3894993894993895,0.09987789987789988,0.4495726495726496,0.4610500610500611,0.16507936507936508,0.12942612942612944,0.1807081807081807,0.3553113553113553,0.2148962148962149,0.45714285714285713,0.024175824175824177,0.2026862026862027,0.45616605616605616,0.34676434676434675,0.6708180708180708,0.14847374847374847,0.5162393162393163,0.4141636141636142,0.6173382173382174,0.3706959706959707,0.09474969474969475,0.4004884004884005,0.1443223443223443,0.221001221001221,0.5687423687423687,0.4976800976800977,0.3653235653235653,0.3184371184371184,0.3133089133089133,0.11721611721611722,0.10329670329670329,0.11892551892551892,0.6864468864468865,0.4415140415140415,0.09499389499389499,0.2915750915750916,0.2139194139194139,0.33235653235653234,0.33455433455433453,0.4695970695970696,0.4166056166056166,0.37606837606837606,0.20415140415140415,0.25445665445665444,0.18461538461538463,0.5897435897435898,0.4014652014652015,0.17264957264957265,0.6402930402930402,0.18705738705738706,0.18095238095238095,0.1347985347985348,0.4376068376068376
0.2564102564102564,0.5384615384615384,0.3873015873015873,0.16947496947496948,0.4324786324786325,0.27643467643467645,0.17655677655677657,0.1443223443223443,0.24493284493284492,0.5286935286935287,0.1111111111111111,0.5401709401709401,0.30378510378510376,0.3785103785103785,0.46495726495726497,0.24517704517704517,0.20195360195360196,0.12844932844932844,0.35555555555555557,0.6490842490842491,0.272039072039072,0.44004884004884004,0.13137973137973138,0.1203907203907204,0.2669108669108669,0.17313797313797313,0.3775335775335775,0.09865689865689865,0.43565323565323566,0.44542124542124545,0.1592185592185592,0.15189255189255188,0.17655677655677657,0.3440781440781441,0.2087912087912088,0.44395604395604393,0.023443223443223443,0.19829059829059828,0.473992673992674,0.3367521367521368,0.6644688644688644,0.1452991452991453,0.5462759462759462,0.40512820512820513,0.610989010989011,0.3606837606837607,0.11526251526251527,0.3868131868131868,0.15213675213675212,0.21343101343101342,0.5855921855921856,0.525030525030525,0.3951159951159951,0.3094017094017094,0.305982905982906,0.11257631257631258,0.10158730158730159,0.11746031746031746,0.694993894993895,0.42857142857142855,0.0927960927960928,0.28376068376068375,0.2061050061050061,0.31916971916971915,0.32576312576312577,0.45616605616605616,0.40244200244200246,0.36507936507936506,0.19975579975579977,0.25103785103785103,0.178998778998779,0.5997557997557997,0.3873015873015873,0.17264957264957265,0.6483516483516484,0.1838827838827839,0.17802197802197803,0.13235653235653236,0.46593406593406594
0.2463980463980464,0.5457875457875457,0.38046398046398044,0.18632478632478633,0.4405372405372405,0.26935286935286934,0.17045177045177046,0.1426129426129426,0.27350427350427353,0.5125763125763125,0.11037851037851037,0.546031746031746,0.295970695970696,0.36800976800976803,0.45152625152625153,0.23614163614163614,0.19462759462759463,0.12258852258852258,0.3921855921855922,0.652991452991453,0.26324786324786326,0.45567765567765567,0.12942612942612944,0.13528693528693528,0.25860805860805863,0.19462759462759463,0.36678876678876676,0.0971916971916972,0.4227106227106227,0.4302808302808303,0.1536019536019536,0.18144078144078143,0.17264957264957265,0.33406593406593404,0.2026862026862027,0.4315018315018315,0.022222222222222223,0.19487179487179487,0.4888888888888889,0.32625152625152626,0.654945054945055,0.14212454212454212,0.5731379731379731,0.3946275946275946,0.6026862026862027,0.35115995115995113,0.14188034188034188,0.3728937728937729,0.16556776556776556,0.20634920634920634,0.5995115995115995,0.5457875457875457,0.4227106227106227,0.30085470085470084,0.29865689865689865,0.10915750915750916,0.10207570207570207,0.11477411477411477,0.7008547008547008,0.41611721611721614,0.09035409035409035,0.27643467643467645,0.19877899877899877,0.30842490842490844,0.315995115995116,0.4424908424908425,0.38925518925518926,0.35433455433455435,0.19633699633699633,0.24835164835164836,0.17338217338217338,0.6065934065934065,0.37362637362637363,0.17509157509157508,0.6534798534798535,0.18192918192918192,0.17435897435897435,0.12967032967032968,0.49108669108669106
0.23663003663003662,0.5511599511599512,0.3728937728937729,0.2070818070818071,0.4473748473748474,0.2600732600732601,0.1641025641025641,0.1409035409035409,0.30622710622710625,0.4967032967032967,0.10989010989010989,0.5496947496947497,0.2879120879120879,0.3584859584859585,0.43785103785103785,0.22686202686202686,0.18754578754578755,0.11697191697191697,0.42686202686202684,0.6534798534798535,0.2554334554334554,0.47155067155067154,0.12698412698412698,0.15653235653235653,0.2507936507936508,0.21636141636141637,0.3572649572649573,0.09572649572649573,0.41001221001221,0.4158730158730159,0.14822954822954823,0.21684981684981686,0.17045177045177046,0.3230769230769231,0.19633699633699633,0.4192918192918193,0.021245421245421246,0.1921855921855922,0.504029304029304,0.3162393162393162,0.6427350427350428,0.13992673992673993,0.5970695970695971,0.38266178266178263,0.5921855921855922,0.34114774114774116,0.17387057387057386,0.35946275946275946,0.18608058608058609,0.20024420024420025,0.6107448107448108,0.5619047619047619,0.44713064713064715,0.2923076923076923,0.2910866910866911,0.10622710622710622,0.10598290598290598,0.10842490842490843,0.7037851037851038,0.4043956043956044,0.0884004884004884,0.26935286935286934,0.19145299145299147,0.29816849816849816,0.305982905982906,0.4283272283272283,0.37655677655677655,0.3452991452991453,0.19413919413919414,0.24786324786324787,0.16800976800976802,0.6105006105006106,0.3606837606837607,0.1807081807081807,0.6554334554334554,0.1807081807081807,0.1702075702075702,0.12722832722832722,0.5125763125763125
0.2271062271062271,0.5531135531135531,0.3636141636141636,0.23028083028083027,0.45225885225885226,0.2537240537240537,0.15848595848595848,0.13943833943833944,0.3413919413919414,0.4810744810744811,0.10964590964590964,0.5504273504273505,0.2800976800976801,0.3499389499389499,0.4244200244200244,0.21733821733821734,0.18095238095238095,0.1115995115995116,0.4586080586080586,0.6505494505494506,0.2485958485958486,0.4862026862026862,0.12503052503052503,0.1838827838827839,0.24273504273504273,0.23956043956043957,0.34725274725274724,0.09426129426129426,0.3978021978021978,0.4017094017094017,0.14358974358974358,0.2568986568986569,0.16825396825396827,0.31184371184371185,0.19047619047619047,0.4078144078144078,0.020757020757020756,0.189010989010989,0.5186813186813187,0.3064713064713065,0.6280830280830281,0.13992673992673993,0.6180708180708181,0.37191697191697193,0.5787545787545788,0.3311355311355311,0.21025641025641026,0.3465201465201465,0.2139194139194139,0.19511599511599512,0.6175824175824176,0.578021978021978,0.46813186813186813,0.2835164835164835,0.284004884004884,0.10622710622710622,0.11404151404151404,0.10012210012210013,0.7040293040293041,0.39316239316239315,0.0862026862026862,0.2622710622710623,0.18583638583638584,0.2874236874236874,0.295970695970696,0.41440781440781443,0.36434676434676433,0.3367521367521368,0.19047619047619047,0.25006105006105006,0.16263736263736264,0.6117216117216118,0.34798534798534797,0.19047619047619047,0.6542124542124542,0.17875457875457876,0.16605616605616605,0.12503052503052503,0.5306471306471306
0.21953601953601953,0.5531135531135531,0.3523809523809524,0.25567765567765566,0.4547008547008547,0.2468864468864469,0.15286935286935288,0.1387057387057387,0.37777777777777777,0.4656898656898657,0.10891330891330891,0.5487179487179488,0.272039072039072,0.3409035409035409,0.4117216117216117,0.2083028083028083,0.17484737484737484,0.10671550671550671,0.48766788766788766,0.6442002442002442,0.24102564102564103,0.4989010989010989,0.12283272283272283,0.21684981684981686,0.23663003663003662,0.2673992673992674,0.336996336996337,0.09255189255189256,0.3924297924297924,0.38803418803418804,0.1391941391941392,0.29426129426129427,0.16556776556776556,0.30085470085470084,0.18485958485958487,0.39658119658119656,0.02026862026862027,0.18534798534798536,0.5316239316239316,0.2967032967032967,0.611965811965812,0.14334554334554334,0.6363858363858363,0.36166056166056165,0.5636141636141636,0.32112332112332115,0.2490842490842491,0.3333333333333333,0.2485958485958486,0.19267399267399268,0.6214896214896215,0.5921855921855922,0.4857142857142857,0.274969474969475,0.27692307692307694,0.11037851037851037,0.12747252747252746,0.0945054945054945,0.701098901098901,0.38266178266178263,0.0844932844932845,0.25518925518925517,0.18095238095238095,0.2766788766788767,0.2862026862026862,0.400976800976801,0.35384615384615387,0.3277167277167277,0.18656898656898657,0.25616605616605614,0.15775335775335775,0.6102564102564103,0.3355311355311355,0.2021978021978022,0.6512820512820513,0.17655677655677657,0.16214896214896216,0.12258852258852258,0.5455433455433455
0.2126984126984127,0.5523809523809524,0.3401709401709402,0.2818070818070818,0.4554334554334554,0.23809523809523808,0.14725274725274726,0.13846153846153847,0.4141636141636142,0.4503052503052503,0.10842490842490843,0.5443223443223443,0.2652014652014652,0.33137973137973137,0.39951159951159954,0.19975579975579977,0.16923076923076924,0.10183150183150183,0.5135531135531135,0.6351648351648351,0.23272283272283273,0.5094017094017094,0.12087912087912088,0.2490842490842491,0.23125763125763127,0.2971916971916972,0.32673992673992674,0.0905982905982906,0.3904761904761905,0.37484737484737485,0.13626373626373625,0.3299145299145299,0.1623931623931624,0.29010989010989013,0.17924297924297924,0.38534798534798537,0.02026862026862027,0.18168498168498168,0.5428571428571428,0.2874236874236874,0.5943833943833944,0.15115995115995115,0.6493284493284494,0.3509157509157509,0.5470085470085471,0.31062271062271063,0.28815628815628813,0.32063492063492066,0.28888888888888886,0.19291819291819293,0.6239316239316239,0.6036630036630036,0.5003663003663004,0.26666666666666666,0.27106227106227104,0.11452991452991453,0.14847374847374847,0.09035409035409035,0.694993894993895,0.37264957264957266,0.08278388278388278,0.2490842490842491,0.17484737484737484,0.2661782661782662,0.27643467643467645,0.3887667887667888,0.3440781440781441,0.31868131868131866,0.1829059829059829,0.26544566544566545,0.15262515262515264,0.6061050061050061,0.3230769230769231,0.2170940170940171,0.645909645909646,0.17435897435897435,0.157997557997558,0.1203907203907204,0.5575091575091575
0.20463980463980463,0.5496947496947497,0.326984126984127,0.3076923076923077,0.45396825396825397,0.22979242979242978,0.14334554334554334,0.13797313797313798,0.44884004884004886,0.4346764346764347,0.1076923076923077,0.5382173382173382,0.25934065934065936,0.32161172161172163,0.38803418803418804,0.19145299145299147,0.16385836385836386,0.09743589743589744,0.5335775335775336,0.6244200244200244,0.22442002442002443,0.5177045177045178,0.11892551892551892,0.28083028083028083,0.22466422466422467,0.3274725274725275,0.31648351648351647,0.08864468864468865,0.38363858363858366,0.36166056166056165,0.13406593406593406,0.36996336996337,0.15946275946275945,0.2796092796092796,0.17387057387057386,0.3741147741147741,0.02026862026862027,0.17753357753357754,0.5516483516483517,0.27814407814407816,0.577045177045177,0.16263736263736264,0.6586080586080586,0.33992673992673994,0.5301587301587302,0.30085470085470084,0.326984126984127,0.30793650793650795,0.32673992673992674,0.1960927960927961,0.6246642246642247,0.6122100122100123,0.5118437118437118,0.2583638583638584,0.2661782661782662,0.1203907203907204,0.17753357753357754,0.08693528693528693,0.6857142857142857,0.36336996336996336,0.08180708180708181,0.24346764346764346,0.16825396825396827,0.25567765567765566,0.2673992673992674,0.37704517704517704,0.3338217338217338,0.3098901098901099,0.178998778998779,0.2783882783882784,0.147985347985348,0.5992673992673992,0.3125763125763126,0.23736263736263735,0.6378510378510378,0.17167277167277167,0.1540903540903541,0.11843711843711843,0.5667887667887668
0.19633699633699633,0.5452991452991452,0.3128205128205128,0.33284493284493283,0.4503052503052503,0.22393162393162394,0.13992673992673993,0.13675213675213677,0.48205128205128206,0.4192918192918193,0.1072039072039072,0.5304029304029304,0.2525030525030525,0.3120879120879121,0.3768009768009768,0.18363858363858365,0.15897435897435896,0.09304029304029304,0.5492063492063493,0.6107448107448108,0.21587301587301588,0.5233211233211233,0.11721611721611722,0.3172161172161172,0.21782661782661783,0.3572649572649573,0.306959706959707,0.08644688644688645,0.37484737484737485,0.35067155067155065,0.13137973137973138,0.41074481074481073,0.1562881562881563,0.2695970695970696,0.168986568986569,0.3626373626373626,0.021733821733821733,0.17338217338217338,0.5582417582417583,0.2691086691086691,0.55995115995116,0.1794871794871795,0.6671550671550671,0.3299145299145299,0.5133089133089133,0.2915750915750916,0.36385836385836384,0.29572649572649573,0.36336996336996336,0.20341880341880342,0.622954822954823,0.6180708180708181,0.5201465201465202,0.2515262515262515,0.2608058608058608,0.14017094017094017,0.2139194139194139,0.08376068376068375,0.6737484737484738,0.3540903540903541,0.08180708180708181,0.2371184371184371,0.1619047619047619,0.2459096459096459,0.25811965811965815,0.3663003663003663,0.32283272283272285,0.3013431013431013,0.17509157509157508,0.2945054945054945,0.14334554334554334,0.5904761904761905,0.3028083028083028,0.26202686202686204,0.6273504273504273,0.168986568986569,0.15042735042735042,0.11672771672771673,0.5716727716727716
0.18852258852258852,0.5389499389499389,0.29865689865689865,0.35653235653235654,0.44517704517704515,0.21904761904761905,0.13577533577533576,0.13553113553113552,0.513064713064713,0.4039072039072039,0.10744810744810745,0.5208791208791209,0.2454212454212454,0.3028083028083028,0.36556776556776555,0.17631257631257632,0.15384615384615385,0.09010989010989011,0.5650793650793651,0.5951159951159951,0.20757020757020758,0.526007326007326,0.11550671550671551,0.3550671550671551,0.21147741147741148,0.3855921855921856,0.2979242979242979,0.08424908424908426,0.36507936507936506,0.3401709401709402,0.12844932844932844,0.44981684981684983,0.15335775335775337,0.25982905982905985,0.16385836385836386,0.3514041514041514,0.024175824175824177,0.168986568986569,0.5623931623931624,0.25982905982905985,0.5433455433455433,0.20463980463980463,0.6737484737484738,0.32063492063492066,0.49694749694749696,0.2822954822954823,0.39829059829059826,0.2835164835164835,0.40463980463980465,0.21587301587301588,0.6188034188034188,0.621001221001221,0.5247863247863248,0.24566544566544565,0.25518925518925517,0.1724053724053724,0.25616605616605614,0.08083028083028083,0.6586080586080586,0.3457875457875458,0.08083028083028083,0.23076923076923078,0.15555555555555556,0.23663003663003662,0.24932844932844933,0.3557997557997558,0.31184371184371185,0.29255189255189257,0.1711843711843712,0.3125763125763126,0.1387057387057387,0.57997557997558,0.2915750915750916,0.28913308913308916,0.613919413919414,0.1663003663003663,0.14652014652014653,0.11526251526251527,0.5738705738705738
0.1807081807081807,0.5306471306471306,0.28498168498168497,0.37826617826617825,0.43833943833943834,0.2139194139194139,0.13137973137973138,0.1343101343101343,0.5416361416361416,0.3887667887667888,0.10842490842490843,0.5103785103785103,0.23687423687423687,0.2932844932844933,0.35482295482295484,0.16923076923076924,0.1492063492063492,0.08791208791208792,0.5794871794871795,0.5777777777777777,0.19926739926739928,0.526007326007326,0.11428571428571428,0.39194139194139194,0.20537240537240536,0.4122100122100122,0.2903540903540904,0.08156288156288156,0.35653235653235654,0.3291819291819292,0.12551892551892552,0.4857142857142857,0.15067155067155066,0.25054945054945055,0.15897435897435896,0.34163614163614164,0.025396825396825397,0.1645909645909646,0.5641025641025641,0.2507936507936508,0.528937728937729,0.23785103785103784,0.6774114774114774,0.3128205128205128,0.48131868131868133,0.27350427350427353,0.4302808302808303,0.27326007326007323,0.4468864468864469,0.2336996336996337,0.6117216117216118,0.6205128205128205,0.5262515262515263,0.23931623931623933,0.24957264957264957,0.20757020757020758,0.30207570207570206,0.07814407814407814,0.6405372405372405,0.33821733821733824,0.07936507936507936,0.22417582417582418,0.1496947496947497,0.22735042735042735,0.2407814407814408,0.3465201465201465,0.30085470085470084,0.2847374847374847,0.16776556776556775,0.3316239316239316,0.13577533577533576,0.5672771672771673,0.2800976800976801,0.3177045177045177,0.5985347985347985,0.16361416361416362,0.14285714285714285,0.11452991452991453,0.5743589743589743
0.17338217338217338,0.5213675213675214,0.27350427350427353,0.39829059829059826,0.4312576312576313,0.2083028083028083,0.12698412698412698,0.13284493284493284,0.568009768009768,0.3750915750915751,0.10866910866910867,0.4989010989010989,0.2288156288156288,0.28376068376068375,0.3440781440781441,0.16263736263736264,0.1457875457875458,0.08498168498168499,0.5914529914529915,0.5594627594627595,0.19145299145299147,0.5230769230769231,0.1137973137973138,0.42686202686202684,0.199023199023199,0.4368742368742369,0.2847374847374847,0.0800976800976801,0.3482295482295482,0.3181929181929182,0.12258852258852258,0.518925518925519,0.14847374847374847,0.24126984126984127,0.15531135531135531,0.33284493284493283,0.025885225885225887,0.15995115995115994,0.5631257631257631,0.24175824175824176,0.5157509157509158,0.2778998778998779,0.6783882783882784,0.30573870573870576,0.46642246642246643,0.2652014652014652,0.4593406593406593,0.26373626373626374,0.4879120879120879,0.2568986568986569,0.6019536019536019,0.6163614163614164,0.5262515262515263,0.23272283272283273,0.2442002442002442,0.2354090354090354,0.3499389499389499,0.0757020757020757,0.6224664224664225,0.3299145299145299,0.07765567765567766,0.21782661782661783,0.14407814407814407,0.21855921855921856,0.23223443223443224,0.33821733821733824,0.29010989010989013,0.2766788766788767,0.1645909645909646,0.35115995115995113,0.13406593406593406,0.5526251526251527,0.2622710622710623,0.3465201465201465,0.5814407814407815,0.16092796092796094,0.13943833943833944,0.11452991452991453,0.5724053724053724
0.16605616605616605,0.5106227106227106,0.26422466422466423,0.4163614163614164,0.4236874236874237,0.2026862026862027,0.12258852258852258,0.13162393162393163,0.5882783882783883,0.36288156288156287,0.10866910866910867,0.4866910866910867,0.2231990231990232,0.27472527472527475,0.3333333333333333,0.157997557997558,0.14358974358974358,0.08180708180708181,0.6012210012210012,0.5411477411477411,0.18363858363858365,0.5174603174603175,0.11477411477411477,0.4586080586080586,0.1934065934065934,0.45885225885225883,0.28205128205128205,0.07985347985347985,0.3387057387057387,0.3064713064713065,0.11965811965811966,0.5487179487179488,0.147985347985348,0.23272283272283273,0.15262515262515264,0.32283272283272285,0.025885225885225887,0.15604395604395604,0.5597069597069597,0.23443223443223443,0.5020757020757021,0.3230769230769231,0.675946275946276,0.2989010989010989,0.4525030525030525,0.2571428571428571,0.48205128205128206,0.25347985347985347,0.5262515262515263,0.2847374847374847,0.5897435897435898,0.6087912087912087,0.5235653235653236,0.22612942612942613,0.23882783882783884,0.2708180708180708,0.3978021978021978,0.07448107448107448,0.6039072039072039,0.3213675213675214,0.07594627594627594,0.21196581196581196,0.1387057387057387,0.20976800976800977,0.22564102564102564,0.3308913308913309,0.27912087912087913,0.2691086691086691,0.16117216117216118,0.36971916971916974,0.13162393162393163,0.5365079365079365,0.24151404151404152,0.3738705738705739,0.5631257631257631,0.157997557997558,0.13577533577533576,0.11404151404151404,0.568009768009768
0.15897435897435896,0.4993894993894994,0.25811965811965815,0.43003663003663006,0.41514041514041516,0.19706959706959706,0.11819291819291819,0.13015873015873017,0.6048840048840048,0.34945054945054943,0.10842490842490843,0.47448107448107446,0.21733821733821734,0.26544566544566545,0.3225885225885226,0.15433455433455434,0.14017094017094017,0.07863247863247863,0.6083028083028083,0.5228327228327229,0.17655677655677657,0.5091575091575091,0.11794871794871795,0.48766788766788766,0.1877899877899878,0.47912087912087914,0.2822954822954823,0.07936507936507936,0.3286935286935287,0.294993894993895,0.11672771672771673,0.575091575091575,0.14945054945054945,0.22466422466422467,0.1492063492063492,0.3125763125763126,0.025885225885225887,0.15189255189255188,0.5538461538461539,0.2275946275946276,0.4888888888888889,0.37142857142857144,0.67008547008547,0.2979242979242979,0.43907203907203907,0.2507936507936508,0.5003663003663004,0.2424908424908425,0.5611721611721612,0.31575091575091574,0.5758241758241758,0.598046398046398,0.5181929181929182,0.22002442002442002,0.23394383394383395,0.3203907203907204,0.4442002442002442,0.07423687423687424,0.5838827838827839,0.3125763125763126,0.07448107448107448,0.2061050061050061,0.13382173382173382,0.20146520146520147,0.22026862026862026,0.32283272283272285,0.26837606837606837,0.2617826617826618,0.15824175824175823,0.3848595848595849,0.12967032967032968,0.5201465201465202,0.22612942612942613,0.4,0.5445665445665445,0.15506715506715507,0.13382173382173382,0.11306471306471307,0.5609279609279609
0.15213675213675212,0.4879120879120879,0.25347985347985347,0.441025641025641,0.4061050061050061,0.1916971916971917,0.1137973137973138,0.12869352869352868,0.6222222222222222,0.33528693528693526,0.10818070818070818,0.46251526251526254,0.21123321123321123,0.2564102564102564,0.31306471306471306,0.1496947496947497,0.13675213675213677,0.07496947496947497,0.6126984126984127,0.5052503052503052,0.16971916971916973,0.49963369963369964,0.12283272283272283,0.5135531135531135,0.1824175824175824,0.49743589743589745,0.2852258852258852,0.08131868131868132,0.3184371184371184,0.28376068376068375,0.11404151404151404,0.5982905982905983,0.15433455433455434,0.21855921855921856,0.1452991452991453,0.30207570207570206,0.025885225885225887,0.14774114774114774,0.5457875457875457,0.22002442002442002,0.4757020757020757,0.42124542124542125,0.661050061050061,0.30036630036630035,0.42637362637362636,0.24517704517704517,0.5186813186813187,0.2315018315018315,0.5924297924297924,0.3492063492063492,0.5604395604395604,0.5841269841269842,0.5106227106227106,0.2139194139194139,0.2288156288156288,0.36507936507936506,0.48205128205128206,0.07326007326007326,0.5631257631257631,0.3035409035409035,0.07326007326007326,0.2004884004884005,0.12967032967032968,0.19487179487179487,0.2139194139194139,0.3145299145299145,0.2583638583638584,0.25445665445665444,0.15653235653235653,0.3973137973137973,0.1291819291819292,0.5032967032967033,0.21343101343101342,0.4231990231990232,0.526007326007326,0.1536019536019536,0.1326007326007326,0.11233211233211234,0.5514041514041514
0.14554334554334555,0.4764346764346764,0.25054945054945055,0.45152625152625153,0.39658119658119656,0.18632478632478633,0.10964590964590964,0.12747252747252746,0.6385836385836385,0.32063492063492066,0.1076923076923077,0.4507936507936508,0.20537240537240536,0.2490842490842491,0.29523809523809524,0.14481074481074482,0.13284493284493284,0.07179487179487179,0.613919413919414,0.4884004884004884,0.16483516483516483,0.4891330891330891,0.13113553113553114,0.5365079365079365,0.17753357753357754,0.5133089133089133,0.2915750915750916,0.08644688644688645,0.30793650793650795,0.2725274725274725,0.11233211233211234,0.6183150183150183,0.16361416361416362,0.21318681318681318,0.14114774114774115,0.2920634920634921,0.026617826617826617,0.1443223443223443,0.5357753357753358,0.21196581196581196,0.4627594627594628,0.47057387057387057,0.6488400488400489,0.29865689865689865,0.4158730158730159,0.2385836385836386,0.5355311355311355,0.2205128205128205,0.6202686202686203,0.3831501831501832,0.544078144078144,0.5697191697191697,0.5003663003663004,0.20781440781440783,0.22417582417582418,0.39658119658119656,0.5142857142857142,0.07203907203907203,0.5428571428571428,0.294993894993895,0.07252747252747253,0.19487179487179487,0.1264957264957265,0.18925518925518925,0.2070818070818071,0.30622710622710625,0.2485958485958486,0.24737484737484738,0.15531135531135531,0.4095238095238095,0.13137973137973138,0.4869352869352869,0.20293040293040293,0.44395604395604393,0.5076923076923077,0.1523809523809524,0.13015873015873017,0.11135531135531136,0.5399267399267399
0.1391941391941392,0.46593406593406594,0.2468864468864469,0.4610500610500611,0.38754578754578756,0.18095238095238095,0.1054945054945055,0.1264957264957265,0.6532356532356532,0.3064713064713065,0.1076923076923077,0.43907203907203907,0.19926739926739928,0.2424908424908425,0.2725274725274725,0.13968253968253969,0.12942612942612944,0.06862026862026863,0.611965811965812,0.47228327228327227,0.1606837606837607,0.4766788766788767,0.14334554334554334,0.557020757020757,0.1724053724053724,0.525030525030525,0.30158730158730157,0.09816849816849817,0.2979242979242979,0.2617826617826618,0.11184371184371185,0.6356532356532356,0.17533577533577532,0.20732600732600734,0.136996336996337,0.2822954822954823,0.02905982905982906,0.14188034188034188,0.5235653235653236,0.20366300366300366,0.44981684981684983,0.517948717948718,0.6336996336996337,0.29523809523809524,0.4061050061050061,0.23174603174603176,0.5496947496947497,0.21001221001221002,0.6446886446886447,0.4163614163614164,0.5284493284493285,0.5540903540903541,0.48766788766788766,0.2021978021978022,0.21978021978021978,0.4244200244200244,0.5474969474969476,0.07081807081807082,0.5230769230769231,0.28669108669108667,0.07301587301587302,0.18998778998778998,0.1242979242979243,0.1829059829059829,0.2004884004884005,0.2979242979242979,0.23931623931623933,0.24175824175824176,0.1536019536019536,0.4205128205128205,0.13821733821733823,0.4713064713064713,0.19316239316239317,0.4622710622710623,0.4918192918192918,0.15042735042735042,0.12747252747252746,0.1111111111111111,0.5264957264957265
0.13284493284493284,0.45665445665445664,0.24004884004884006,0.4691086691086691,0.3785103785103785,0.17582417582417584,0.10158730158730159,0.12527472527472527,0.6656898656898657,0.29304029304029305,0.1076923076923077,0.4278388278388278,0.1934065934065934,0.23467643467643468,0.2568986568986569,0.1343101343101343,0.126007326007326,0.0652014652014652,0.6065934065934065,0.45616605616605616,0.15531135531135531,0.463003663003663,0.1597069597069597,0.5743589743589743,0.168986568986569,0.5340659340659341,0.31477411477411477,0.11721611721611722,0.28815628815628813,0.25103785103785103,0.11428571428571428,0.6476190476190476,0.19096459096459095,0.20122100122100123,0.1330891330891331,0.2725274725274725,0.03492063492063492,0.13846153846153847,0.5101343101343101,0.19584859584859585,0.4371184371184371,0.5628815628815629,0.6166056166056166,0.2915750915750916,0.39584859584859583,0.22515262515262516,0.5611721611721612,0.19975579975579977,0.6661782661782661,0.44835164835164837,0.5135531135531135,0.5362637362637362,0.4735042735042735,0.19658119658119658,0.21562881562881564,0.45714285714285713,0.5794871794871795,0.0695970695970696,0.504029304029304,0.2783882783882784,0.07496947496947497,0.18485958485958487,0.12454212454212454,0.17631257631257632,0.1943833943833944,0.2893772893772894,0.23003663003663002,0.2371184371184371,0.15189255189255188,0.4293040293040293,0.15042735042735042,0.45665445665445664,0.18437118437118438,0.4778998778998779,0.4776556776556777,0.147985347985348,0.12503052503052503,0.11184371184371185,0.512087912087912
0.12869352869352868,0.4473748473748474,0.2288156288156288,0.4752136752136752,0.37045177045177047,0.17045177045177046,0.09816849816849817,0.12503052503052503,0.6757020757020757,0.2796092796092796,0.1076923076923077,0.41733821733821735,0.189010989010989,0.22686202686202686,0.24517704517704517,0.12869352869352868,0.12283272283272283,0.061782661782661785,0.5985347985347985,0.4424908424908425,0.14945054945054945,0.44884004884004886,0.1807081807081807,0.5894993894993895,0.16654456654456654,0.5428571428571428,0.3311355311355311,0.1452991452991453,0.2788766788766789,0.2407814407814408,0.12087912087912088,0.6556776556776557,0.21318681318681318,0.19487179487179487,0.12942612942612944,0.2634920634920635,0.0463980463980464,0.1347985347985348,0.4954822954822955,0.1877899877899878,0.4244200244200244,0.6048840048840048,0.5997557997557997,0.28669108669108667,0.38534798534798537,0.21855921855921856,0.5699633699633699,0.18998778998778998,0.6844932844932845,0.4742368742368742,0.49792429792429793,0.5177045177045178,0.4581196581196581,0.19145299145299147,0.2126984126984127,0.4862026862026862,0.6087912087912087,0.06886446886446887,0.4866910866910867,0.2708180708180708,0.08034188034188035,0.18095238095238095,0.12722832722832722,0.16947496947496948,0.18876678876678876,0.2810744810744811,0.22246642246642245,0.23247863247863249,0.14993894993894993,0.43614163614163615,0.16923076923076924,0.4427350427350427,0.17631257631257632,0.48937728937728936,0.463003663003663,0.1457875457875458,0.12258852258852258,0.11428571428571428,0.49694749694749696
0.12551892551892552,0.4388278388278388,0.2126984126984127,0.4796092796092796,0.3626373626373626,0.16532356532356532,0.09621489621489622,0.12527472527472527,0.6835164835164835,0.2669108669108669,0.1076923076923077,0.4070818070818071,0.1851037851037851,0.2188034188034188,0.2354090354090354,0.12307692307692308,0.11941391941391942,0.05811965811965812,0.5877899877899878,0.4297924297924298,0.14383394383394382,0.4346764346764347,0.20537240537240536,0.5997557997557997,0.16336996336996337,0.5501831501831502,0.34945054945054943,0.1824175824175824,0.2698412698412698,0.23101343101343103,0.13064713064713065,0.663003663003663,0.2407814407814408,0.189010989010989,0.12576312576312576,0.2542124542124542,0.06471306471306472,0.1308913308913309,0.4805860805860806,0.18021978021978022,0.4117216117216117,0.6434676434676435,0.5833943833943834,0.2810744810744811,0.3750915750915751,0.21196581196581196,0.5755799755799755,0.18021978021978022,0.6998778998778998,0.49621489621489623,0.4822954822954823,0.4989010989010989,0.442002442002442,0.18632478632478633,0.21025641025641026,0.5111111111111111,0.6349206349206349,0.06788766788766788,0.4700854700854701,0.2634920634920635,0.09010989010989011,0.17802197802197803,0.13284493284493284,0.16312576312576313,0.18437118437118438,0.27277167277167275,0.21587301587301588,0.2288156288156288,0.14847374847374847,0.4405372405372405,0.1956043956043956,0.43003663003663006,0.1702075702075702,0.4976800976800977,0.4490842490842491,0.14481074481074482,0.1203907203907204,0.11965811965811966,0.48205128205128206
0.12112332112332112,0.43052503052503055,0.1916971916971917,0.4822954822954823,0.35555555555555557,0.1606837606837607,0.09621489621489622,0.12503052503052503,0.6884004884004884,0.25445665445665444,0.1076923076923077,0.39755799755799753,0.18046398046398046,0.21123321123321123,0.22686202686202686,0.11794871794871795,0.11575091575091576,0.054945054945054944,0.5755799755799755,0.41611721611721614,0.13821733821733823,0.42075702075702076,0.23247863247863249,0.6073260073260073,0.1597069597069597,0.5557997557997558,0.368986568986569,0.2275946275946276,0.26105006105006107,0.22148962148962148,0.1443223443223443,0.6683760683760683,0.2725274725274725,0.18339438339438338,0.12258852258852258,0.24566544566544565,0.08644688644688645,0.12698412698412698,0.4652014652014652,0.17264957264957265,0.3992673992673993,0.6737484737484738,0.5658119658119658,0.27521367521367524,0.3648351648351648,0.2061050061050061,0.578021978021978,0.17094017094017094,0.7098901098901099,0.5186813186813187,0.4669108669108669,0.4800976800976801,0.42637362637362636,0.1829059829059829,0.20732600732600734,0.5326007326007326,0.6583638583638584,0.0673992673992674,0.4547008547008547,0.25616605616605614,0.10354090354090355,0.1746031746031746,0.14285714285714285,0.15677655677655677,0.1824175824175824,0.26495726495726496,0.20854700854700856,0.2271062271062271,0.14725274725274726,0.4427350427350427,0.22832722832722832,0.41782661782661784,0.16507936507936508,0.5054945054945055,0.43614163614163615,0.1452991452991453,0.11868131868131868,0.1291819291819292,0.4669108669108669
0.11575091575091576,0.4227106227106227,0.16776556776556775,0.4827838827838828,0.3487179487179487,0.15775335775335775,0.09768009768009768,0.1242979242979243,0.6905982905982906,0.24273504273504273,0.10891330891330891,0.389010989010989,0.17582417582417584,0.20366300366300366,0.21855921855921856,0.11282051282051282,0.11257631257631258,0.05274725274725275,0.5626373626373626,0.40244200244200246,0.1326007326007326,0.40757020757020757,0.2608058608058608,0.613919413919414,0.1562881562881563,0.5594627594627595,0.3882783882783883,0.27912087912087913,0.25274725274725274,0.2139194139194139,0.16507936507936508,0.6713064713064713,0.3072039072039072,0.17777777777777778,0.11941391941391942,0.23785103785103784,0.1137973137973138,0.12307692307692308,0.45006105006105007,0.16556776556776556,0.3868131868131868,0.6986568986568986,0.5484737484737485,0.2691086691086691,0.35433455433455435,0.2004884004884005,0.577045177045177,0.16214896214896216,0.7164835164835165,0.5399267399267399,0.45225885225885226,0.4622710622710623,0.41147741147741146,0.17997557997557997,0.2043956043956044,0.54993894993895,0.6783882783882784,0.06666666666666667,0.4402930402930403,0.2490842490842491,0.12234432234432234,0.1706959706959707,0.157997557997558,0.1509157509157509,0.18437118437118438,0.2571428571428571,0.20122100122100123,0.22808302808302808,0.14627594627594628,0.442002442002442,0.26666666666666666,0.4078144078144078,0.1597069597069597,0.512087912087912,0.4236874236874237,0.14847374847374847,0.11721611721611722,0.14407814407814407,0.4537240537240537
0.11013431013431013,0.4146520146520147,0.14334554334554334,0.4810744810744811,0.3423687423687424,0.15531135531135531,0.10256410256410256,0.12356532356532357,0.6893772893772894,0.2315018315018315,0.11037851037851037,0.37948717948717947,0.1702075702075702,0.19633699633699633,0.210989010989011,0.10818070818070818,0.10964590964590964,0.051770451770451774,0.5477411477411478,0.3887667887667888,0.12722832722832722,0.39487179487179486,0.28962148962148965,0.6190476190476191,0.15262515262515264,0.5601953601953602,0.4073260073260073,0.33455433455433453,0.2463980463980464,0.20732600732600734,0.19316239316239317,0.671062271062271,0.3426129426129426,0.17216117216117216,0.11648351648351649,0.23125763125763127,0.15067155067155066,0.11965811965811966,0.43565323565323566,0.15848595848595848,0.3763125763125763,0.725030525030525,0.5313797313797314,0.26275946275946277,0.34383394383394383,0.19487179487179487,0.5726495726495726,0.15555555555555556,0.7225885225885226,0.5594627594627595,0.43833943833943834,0.44517704517704515,0.39829059829059826,0.17606837606837608,0.20122100122100123,0.5616605616605617,0.694993894993895,0.06617826617826618,0.42686202686202684,0.24297924297924298,0.1492063492063492,0.16678876678876678,0.17875457875457876,0.1452991452991453,0.19047619047619047,0.24932844932844933,0.19365079365079366,0.23247863247863249,0.14505494505494507,0.43907203907203907,0.30305250305250303,0.39902319902319905,0.15384615384615385,0.5172161172161173,0.4117216117216117,0.15604395604395604,0.11575091575091576,0.16166056166056167,0.4415140415140415
0.10476190476190476,0.4065934065934066,0.12161172161172161,0.4771672771672772,0.33577533577533575,0.15213675213675212,0.1115995115995116,0.12234432234432234,0.684981684981685,0.22246642246642245,0.1111111111111111,0.36996336996337,0.16507936507936508,0.18925518925518925,0.20366300366300366,0.10329670329670329,0.10818070818070818,0.05030525030525031,0.5318681318681319,0.3750915750915751,0.12234432234432234,0.38266178266178263,0.3181929181929182,0.621978021978022,0.14945054945054945,0.5584859584859585,0.4249084249084249,0.39194139194139194,0.2402930402930403,0.20732600732600734,0.22735042735042735,0.6673992673992674,0.37777777777777777,0.16654456654456654,0.11330891330891331,0.22564102564102564,0.1956043956043956,0.11648351648351649,0.421978021978022,0.15189255189255188,0.3665445665445665,0.7504273504273504,0.515018315018315,0.2564102564102564,0.3333333333333333,0.1894993894993895,0.5645909645909646,0.15042735042735042,0.726984126984127,0.5765567765567765,0.4249084249084249,0.42905982905982903,0.3873015873015873,0.17191697191697192,0.19829059829059828,0.5714285714285714,0.7081807081807082,0.06568986568986569,0.4148962148962149,0.23809523809523808,0.18461538461538463,0.16336996336996337,0.20463980463980463,0.14017094017094017,0.2021978021978022,0.24273504273504273,0.18632478632478633,0.2407814407814408,0.14383394383394382,0.43394383394383396,0.3387057387057387,0.38974358974358975,0.14725274725274726,0.5201465201465202,0.4,0.16874236874236875,0.11452991452991453,0.1824175824175824,0.42905982905982903
0.09963369963369964,0.39829059829059826,0.10598290598290598,0.47106227106227105,0.33015873015873015,0.14822954822954823,0.126007326007326,0.12087912087912088,0.6774114774114774,0.21465201465201464,0.11135531135531136,0.3606837606837607,0.16166056166056167,0.1824175824175824,0.19706959706959706,0.09865689865689865,0.1072039072039072,0.04932844932844933,0.5157509157509158,0.3614163614163614,0.11721611721611722,0.3711843711843712,0.34505494505494505,0.621978021978022,0.14627594627594628,0.5540903540903541,0.44126984126984126,0.44126984126984126,0.23394383394383395,0.210989010989011,0.2664224664224664,0.6605616605616605,0.41147741147741146,0.16117216117216118,0.1115995115995116,0.21953601953601953,0.2463980463980464,0.11306471306471307,0.40927960927960927,0.14652014652014653,0.35555555555555557,0.7733821733821734,0.49963369963369964,0.24957264957264957,0.32332112332112334,0.18461538461538463,0.5548229548229549,0.14407814407814407,0.7289377289377289,0.590964590964591,0.4126984126984127,0.41440781440781443,0.3755799755799756,0.1675213675213675,0.19511599511599512,0.5811965811965812,0.7181929181929182,0.06495726495726496,0.4039072039072039,0.23247863247863249,0.22735042735042735,0.1597069597069597,0.2354090354090354,0.13553113553113552,0.22002442002442002,0.2371184371184371,0.17924297924297924,0.252991452991453,0.14236874236874236,0.4261294261294261,0.37948717948717947,0.3807081807081807,0.14114774114774115,0.5213675213675214,0.3882783882783883,0.1873015873015873,0.11330891330891331,0.2105006105006105,0.4166056166056166
0.10158730158730159,0.39023199023199023,0.09865689865689865,0.46373626373626375,0.3252747252747253,0.14505494505494507,0.14652014652014653,0.11941391941391942,0.6681318681318681,0.2061050061050061,0.1111111111111111,0.35115995115995113,0.15775335775335775,0.17606837606837608,0.1907203907203907,0.09597069597069598,0.1054945054945055,0.05030525030525031,0.4993894993894994,0.34798534798534797,0.11257631257631258,0.35995115995115995,0.36678876678876676,0.6190476190476191,0.14334554334554334,0.5467643467643467,0.45567765567765567,0.484981684981685,0.22735042735042735,0.20903540903540904,0.30842490842490844,0.6507936507936508,0.44297924297924296,0.1562881562881563,0.11037851037851037,0.21294261294261294,0.3006105006105006,0.11013431013431013,0.39755799755799753,0.14212454212454212,0.3440781440781441,0.7936507936507936,0.4852258852258852,0.24297924297924298,0.31306471306471306,0.17997557997557997,0.5435897435897435,0.13724053724053725,0.7277167277167277,0.6031746031746031,0.400976800976801,0.40024420024420027,0.3648351648351648,0.16312576312576313,0.1921855921855922,0.5868131868131868,0.725030525030525,0.06568986568986569,0.3924297924297924,0.22686202686202686,0.27594627594627597,0.1562881562881563,0.2698412698412698,0.1308913308913309,0.2398046398046398,0.23076923076923078,0.17216117216117216,0.2695970695970696,0.1409035409035409,0.41782661782661784,0.42124542124542125,0.37142857142857144,0.13504273504273503,0.5203907203907204,0.37704517704517704,0.21245421245421245,0.11330891330891331,0.2442002442002442,0.4048840048840049
0.10744810744810745,0.3811965811965812,0.10012210012210013,0.4554334554334554,0.31965811965811963,0.14285714285714285,0.17313797313797313,0.11819291819291819,0.6564102564102564,0.19755799755799755,0.1111111111111111,0.3423687423687424,0.15286935286935288,0.16947496947496948,0.18583638583638584,0.09426129426129426,0.10329670329670329,0.05445665445665446,0.48376068376068376,0.3347985347985348,0.10818070818070818,0.35018315018315016,0.38534798534798537,0.6126984126984127,0.14017094017094017,0.5372405372405372,0.46642246642246643,0.5308913308913309,0.221001221001221,0.20488400488400488,0.3516483516483517,0.6385836385836385,0.47155067155067154,0.15286935286935288,0.10866910866910867,0.20634920634920634,0.3562881562881563,0.1076923076923077,0.38754578754578756,0.13675213675213677,0.33284493284493283,0.810989010989011,0.4713064713064713,0.23687423687423687,0.30305250305250303,0.17655677655677657,0.5299145299145299,0.13064713064713065,0.7233211233211233,0.6124542124542125,0.38974358974358975,0.3868131868131868,0.35433455433455435,0.15848595848595848,0.18925518925518925,0.589010989010989,0.7279609279609279,0.06666666666666667,0.38046398046398044,0.22148962148962148,0.3274725274725275,0.15286935286935288,0.30622710622710625,0.12796092796092795,0.26202686202686204,0.22417582417582418,0.16532356532356532,0.28962148962148965,0.13943833943833944,0.4087912087912088,0.46153846153846156,0.3623931623931624,0.12869352869352868,0.5172161172161173,0.3658119658119658,0.2437118437118437,0.1137973137973138,0.28156288156288156,0.39365079365079364
0.10866910866910867,0.3724053724053724,0.1076923076923077,0.44542124542124545,0.31355311355311355,0.1426129426129426,0.20537240537240536,0.11746031746031746,0.642979242979243,0.18925518925518925,0.1115995115995116,0.3333333333333333,0.14847374847374847,0.16312576312576313,0.18168498168498168,0.09157509157509157,0.10158730158730159,0.06227106227106227,0.4686202686202686,0.3221001221001221,0.10402930402930403,0.3413919413919414,0.40463980463980465,0.6036630036630036,0.13797313797313798,0.5257631257631258,0.4742368742368742,0.5758241758241758,0.21465201465201464,0.19975579975579977,0.39487179487179486,0.6234432234432234,0.49743589743589745,0.15042735042735042,0.10695970695970695,0.2,0.4117216117216117,0.10671550671550671,0.378021978021978,0.1308913308913309,0.32161172161172163,0.8251526251526251,0.45787545787545786,0.23076923076923078,0.294993894993895,0.17387057387057386,0.5145299145299145,0.12405372405372406,0.7155067155067155,0.6192918192918193,0.37924297924297923,0.37533577533577533,0.34456654456654456,0.15433455433455434,0.18608058608058609,0.588034188034188,0.7264957264957265,0.0673992673992674,0.36800976800976803,0.2170940170940171,0.38046398046398044,0.1496947496947497,0.34285714285714286,0.12576312576312576,0.2903540903540904,0.21733821733821734,0.15848595848595848,0.3125763125763126,0.1391941391941392,0.398046398046398,0.49914529914529915,0.3536019536019536,0.12283272283272283,0.5118437118437118,0.35482295482295484,0.27472527472527475,0.11306471306471307,0.3203907203907204,0.3831501831501832
0.1076923076923077,0.36336996336996336,0.1199023199023199,0.4341880341880342,0.3076923076923077,0.14505494505494507,0.24151404151404152,0.11819291819291819,0.6275946275946276,0.18144078144078143,0.1137973137973138,0.3247863247863248,0.1452991452991453,0.15824175824175823,0.1768009768009768,0.0884004884004884,0.10012210012210013,0.0757020757020757,0.45445665445665445,0.3098901098901099,0.10158730158730159,0.33186813186813185,0.42295482295482295,0.5914529914529915,0.13553113553113552,0.5137973137973137,0.48131868131868133,0.6175824175824176,0.20854700854700856,0.1943833943833944,0.43614163614163615,0.6065934065934065,0.5167277167277168,0.14676434676434677,0.10573870573870574,0.19316239316239317,0.46544566544566546,0.10598290598290598,0.3682539682539683,0.12503052503052503,0.3103785103785104,0.8363858363858364,0.4444444444444444,0.22417582417582418,0.28815628815628813,0.1706959706959707,0.49792429792429793,0.11746031746031746,0.705006105006105,0.6231990231990232,0.36923076923076925,0.36507936507936506,0.33528693528693526,0.15042735042735042,0.18315018315018314,0.5843711843711844,0.7216117216117216,0.06764346764346764,0.35555555555555557,0.21416361416361415,0.4324786324786325,0.147008547008547,0.38217338217338215,0.12258852258852258,0.3221001221001221,0.210989010989011,0.15213675213675212,0.3333333333333333,0.13943833943833944,0.38632478632478634,0.5330891330891331,0.34456654456654456,0.11697191697191697,0.504029304029304,0.34505494505494505,0.30622710622710625,0.11257631257631258,0.3592185592185592,0.37264957264957266
0.10573870573870574,0.3553113553113553,0.13528693528693528,0.4222222222222222,0.3018315018315018,0.15115995115995115,0.2810744810744811,0.12112332112332112,0.6107448107448108,0.17387057387057386,0.11868131868131868,0.31648351648351647,0.14212454212454212,0.15433455433455434,0.17191697191697192,0.0844932844932845,0.09987789987789988,0.0945054945054945,0.441025641025641,0.2976800976800977,0.10036630036630037,0.3221001221001221,0.4398046398046398,0.577045177045177,0.13406593406593406,0.5018315018315018,0.4869352869352869,0.654945054945055,0.2026862026862027,0.18876678876678876,0.4752136752136752,0.5882783882783883,0.5326007326007326,0.14334554334554334,0.10622710622710622,0.18632478632478633,0.5167277167277168,0.10476190476190476,0.35824175824175825,0.11892551892551892,0.2993894993894994,0.843956043956044,0.4312576312576313,0.2188034188034188,0.28156288156288156,0.16776556776556775,0.48083028083028084,0.11135531135531136,0.6915750915750916,0.6239316239316239,0.3601953601953602,0.3540903540903541,0.326007326007326,0.14627594627594628,0.18021978021978022,0.5782661782661783,0.7137973137973138,0.06813186813186813,0.34285714285714286,0.21294261294261294,0.48205128205128206,0.1443223443223443,0.4134310134310134,0.11941391941391942,0.3557997557997558,0.2043956043956044,0.1457875457875458,0.3536019536019536,0.1387057387057387,0.3738705738705739,0.5631257631257631,0.33577533577533575,0.11135531135531136,0.512087912087912,0.33601953601953605,0.3431013431013431,0.11306471306471307,0.3960927960927961,0.3626373626373626
0.10451770451770452,0.3474969474969475,0.15067155067155066,0.4105006105006105,0.295970695970696,0.1619047619047619,0.3225885225885226,0.12673992673992673,0.5936507936507937,0.16654456654456654,0.12844932844932844,0.30842490842490844,0.1391941391941392,0.1496947496947497,0.16678876678876678,0.08058608058608059,0.10256410256410256,0.11892551892551892,0.4278388278388278,0.2857142857142857,0.09865689865689865,0.3128205128205128,0.45445665445665445,0.5609279609279609,0.1343101343101343,0.4884004884004884,0.4905982905982906,0.6886446886446886,0.19706959706959706,0.18315018315018314,0.5108669108669108,0.5709401709401709,0.5482295482295483,0.13968253968253969,0.10989010989010989,0.1794871794871795,0.5645909645909646,0.10329670329670329,0.3482295482295482,0.11330891330891331,0.28888888888888886,0.8485958485958486,0.4175824175824176,0.21465201465201464,0.2754578754578755,0.1645909645909646,0.463980463980464,0.1054945054945055,0.6757020757020757,0.6217338217338217,0.3523809523809524,0.34285714285714286,0.3172161172161172,0.14236874236874236,0.17753357753357754,0.5697191697191697,0.7028083028083028,0.06862026862026863,0.3304029304029304,0.2144078144078144,0.5277167277167277,0.14188034188034188,0.43614163614163615,0.11575091575091576,0.38974358974358975,0.19829059829059828,0.1413919413919414,0.3755799755799756,0.13797313797313798,0.36166056166056165,0.5894993894993895,0.326984126984127,0.10598290598290598,0.5272283272283272,0.32625152625152626,0.3819291819291819,0.115995115995116,0.43003663003663006,0.3528693528693529
0.10354090354090355,0.33943833943833945,0.16263736263736264,0.3992673992673993,0.2903540903540904,0.17753357753357754,0.3641025641025641,0.13553113553113552,0.5768009768009768,0.1597069597069597,0.1443223443223443,0.30036630036630035,0.13724053724053725,0.1443223443223443,0.1619047619047619,0.07667887667887668,0.10891330891330891,0.14847374847374847,0.41562881562881565,0.2754578754578755,0.09645909645909646,0.3032967032967033,0.4673992673992674,0.5452991452991452,0.13675213675213677,0.47448107448107446,0.4918192918192918,0.7184371184371184,0.1916971916971917,0.17753357753357754,0.5396825396825397,0.5540903540903541,0.5626373626373626,0.1365079365079365,0.11746031746031746,0.17338217338217338,0.609035409035409,0.10183150183150183,0.33821733821733824,0.10818070818070818,0.2788766788766789,0.8490842490842491,0.4056166056166056,0.20976800976800977,0.2568986568986569,0.16166056166056167,0.44761904761904764,0.10012210012210013,0.6583638583638584,0.6163614163614164,0.3435897435897436,0.33186813186813185,0.30842490842490844,0.1387057387057387,0.17606837606837608,0.5584859584859585,0.6893772893772894,0.06862026862026863,0.3184371184371184,0.2188034188034188,0.5692307692307692,0.14017094017094017,0.4603174603174603,0.11233211233211234,0.4227106227106227,0.1921855921855922,0.13797313797313798,0.3978021978021978,0.136996336996337,0.3499389499389499,0.611965811965812,0.3181929181929182,0.1010989010989011,0.5264957264957265,0.315995115995116,0.4202686202686203,0.12307692307692308,0.46007326007326005,0.3435897435897436
0.10158730158730159,0.3304029304029304,0.17045177045177046,0.3882783882783883,0.28498168498168497,0.19829059829059828,0.4,0.14945054945054945,0.5601953601953602,0.15286935286935288,0.16800976800976802,0.29352869352869354,0.13553113553113552,0.1391941391941392,0.15702075702075702,0.07301587301587302,0.12087912087912088,0.18217338217338216,0.4048840048840049,0.26666666666666666,0.09426129426129426,0.2937728937728938,0.47863247863247865,0.5294261294261294,0.14114774114774115,0.4608058608058608,0.48986568986568985,0.7445665445665446,0.18632478632478633,0.17216117216117216,0.5631257631257631,0.5362637362637362,0.575091575091575,0.1330891330891331,0.13064713064713065,0.1675213675213675,0.6500610500610501,0.10036630036630037,0.3282051282051282,0.1028083028083028,0.2691086691086691,0.8456654456654457,0.39438339438339437,0.2043956043956044,0.23394383394383395,0.15824175824175823,0.431990231990232,0.09499389499389499,0.6407814407814408,0.609035409035409,0.33406593406593404,0.32063492063492066,0.2993894993894994,0.1365079365079365,0.17533577533577532,0.5448107448107448,0.6725274725274726,0.06862026862026863,0.30622710622710625,0.22612942612942613,0.600976800976801,0.13943833943833944,0.4835164835164835,0.10891330891330891,0.45323565323565324,0.18656898656898657,0.1330891330891331,0.41904761904761906,0.1365079365079365,0.3387057387057387,0.6307692307692307,0.30915750915750917,0.09768009768009768,0.5162393162393163,0.30573870573870576,0.4559218559218559,0.13675213675213677,0.4862026862026862,0.33406593406593404
0.09914529914529914,0.32161172161172163,0.17362637362637362,0.378021978021978,0.2796092796092796,0.22393162393162394,0.4315018315018315,0.16874236874236875,0.5443223443223443,0.14652014652014653,0.2,0.2874236874236874,0.13357753357753357,0.13382173382173382,0.1523809523809524,0.07912087912087912,0.13846153846153847,0.21782661782661783,0.3951159951159951,0.2568986568986569,0.09181929181929183,0.2847374847374847,0.4879120879120879,0.5125763125763125,0.1492063492063492,0.44713064713064715,0.48547008547008547,0.7670329670329671,0.18095238095238095,0.16825396825396827,0.5873015873015873,0.5186813186813187,0.5855921855921856,0.12991452991452992,0.1492063492063492,0.1619047619047619,0.6822954822954823,0.0989010989010989,0.3181929181929182,0.09816849816849817,0.2595848595848596,0.8383394383394384,0.38217338217338215,0.199023199023199,0.22515262515262516,0.15531135531135531,0.4175824175824176,0.09010989010989011,0.6234432234432234,0.599023199023199,0.3242979242979243,0.3094017094017094,0.2905982905982906,0.13504273504273503,0.17435897435897435,0.528937728937729,0.6532356532356532,0.06862026862026863,0.2945054945054945,0.23663003663003662,0.6266178266178266,0.13821733821733823,0.5035409035409035,0.10573870573870574,0.4810744810744811,0.18095238095238095,0.12844932844932844,0.43833943833943834,0.13577533577533576,0.32844932844932845,0.6463980463980464,0.30158730158730157,0.09548229548229548,0.5006105006105006,0.29572649572649573,0.4879120879120879,0.15824175824175823,0.5081807081807082,0.32576312576312577
0.09768009768009768,0.31306471306471306,0.17362637362637362,0.3682539682539683,0.2744810744810745,0.24932844932844933,0.4656898656898657,0.19365079365079366,0.5286935286935287,0.14065934065934066,0.2336996336996337,0.28034188034188035,0.1308913308913309,0.1291819291819292,0.14822954822954823,0.0905982905982906,0.16263736263736264,0.25006105006105006,0.38461538461538464,0.2468864468864469,0.08937728937728938,0.27594627594627597,0.494993894993895,0.49523809523809526,0.16166056166056167,0.4341880341880342,0.4783882783882784,0.7858363858363858,0.17606837606837608,0.16532356532356532,0.6102564102564103,0.5010989010989011,0.5936507936507937,0.12673992673992673,0.17387057387057386,0.15653235653235653,0.708913308913309,0.09743589743589744,0.3076923076923077,0.09328449328449329,0.2507936507936508,0.8290598290598291,0.36971916971916974,0.19365079365079366,0.2253968253968254,0.15335775335775337,0.4039072039072039,0.08522588522588523,0.6051282051282051,0.5865689865689866,0.3145299145299145,0.29865689865689865,0.28327228327228327,0.1326007326007326,0.17264957264957265,0.5115995115995116,0.6322344322344322,0.06862026862026863,0.28253968253968254,0.24786324786324787,0.6525030525030525,0.13675213675213677,0.5203907203907204,0.1028083028083028,0.505982905982906,0.17582417582417584,0.12380952380952381,0.4554334554334554,0.13553113553113552,0.3189255189255189,0.6590964590964591,0.2945054945054945,0.09206349206349207,0.4822954822954823,0.2857142857142857,0.5152625152625152,0.18876678876678876,0.5264957264957265,0.3184371184371184
0.09743589743589744,0.3045177045177045,0.17167277167277167,0.3592185592185592,0.2691086691086691,0.27521367521367524,0.49963369963369964,0.22417582417582418,0.5135531135531135,0.13675213675213677,0.2703296703296703,0.27326007326007323,0.12844932844932844,0.12454212454212454,0.14407814407814407,0.09572649572649573,0.18876678876678876,0.2800976800976801,0.37362637362637363,0.23736263736263735,0.08742368742368742,0.2673992673992674,0.5001221001221001,0.47814407814407817,0.178998778998779,0.4214896214896215,0.4691086691086691,0.8017094017094017,0.1724053724053724,0.1619047619047619,0.631013431013431,0.484981684981685,0.5992673992673992,0.12380952380952381,0.2043956043956044,0.15262515262515264,0.7365079365079366,0.09597069597069598,0.29743589743589743,0.08888888888888889,0.2437118437118437,0.8163614163614163,0.3572649572649573,0.18876678876678876,0.2315018315018315,0.15262515262515264,0.3912087912087912,0.08205128205128205,0.5865689865689866,0.5714285714285714,0.3047619047619048,0.28766788766788765,0.2766788766788767,0.12991452991452992,0.17094017094017094,0.4927960927960928,0.610989010989011,0.06862026862026863,0.2713064713064713,0.25982905982905985,0.675946275946276,0.13504273504273503,0.5340659340659341,0.09987789987789988,0.5274725274725275,0.17045177045177046,0.11941391941391942,0.47057387057387057,0.13504273504273503,0.31013431013431014,0.6671550671550671,0.2862026862026862,0.08864468864468865,0.4634920634920635,0.2754578754578755,0.5382173382173382,0.2275946275946276,0.5389499389499389,0.31013431013431014
0.09987789987789988,0.29572649572649573,0.16825396825396827,0.35018315018315016,0.2647130647130647,0.305982905982906,0.5326007326007326,0.2583638583638584,0.49914529914529915,0.13382173382173382,0.31575091575091574,0.2664224664224664,0.12698412698412698,0.12014652014652015,0.14017094017094017,0.0971916971916972,0.2175824175824176,0.3120879120879121,0.3626373626373626,0.22808302808302808,0.08644688644688645,0.25860805860805863,0.5025641025641026,0.46153846153846156,0.20146520146520147,0.40927960927960927,0.45738705738705737,0.8114774114774115,0.16971916971916973,0.15775335775335775,0.6498168498168498,0.46935286935286935,0.6021978021978022,0.12087912087912088,0.2341880341880342,0.1496947496947497,0.7631257631257631,0.09474969474969475,0.2874236874236874,0.08473748473748474,0.23785103785103784,0.800976800976801,0.34456654456654456,0.1838827838827839,0.24224664224664225,0.1540903540903541,0.3807081807081807,0.07936507936507936,0.568009768009768,0.5548229548229549,0.29523809523809524,0.2774114774114774,0.2698412698412698,0.12722832722832722,0.16923076923076924,0.4735042735042735,0.5894993894993895,0.06886446886446887,0.2622710622710623,0.274969474969475,0.6967032967032967,0.13284493284493284,0.5443223443223443,0.0971916971916972,0.5457875457875457,0.1663003663003663,0.11477411477411477,0.4832722832722833,0.1347985347985348,0.3018315018315018,0.6717948717948717,0.27765567765567767,0.08473748473748474,0.4444444444444444,0.2656898656898657,0.5557997557997558,0.2744810744810745,0.5474969474969476,0.30158730158730157
0.10622710622710622,0.28669108669108667,0.1645909645909646,0.34163614163614164,0.2608058608058608,0.33894993894993897,0.5636141636141636,0.294993894993895,0.4862026862026862,0.12942612942612944,0.3665445665445665,0.2595848595848596,0.12551892551892552,0.115995115995116,0.13675213675213677,0.09841269841269841,0.2537240537240537,0.3440781440781441,0.3514041514041514,0.21904761904761905,0.08766788766788766,0.25054945054945055,0.503052503052503,0.4456654456654457,0.22857142857142856,0.3978021978021978,0.4444444444444444,0.8170940170940171,0.16654456654456654,0.15335775335775337,0.6656898656898657,0.4542124542124542,0.6024420024420024,0.11819291819291819,0.263980463980464,0.1457875457875458,0.787057387057387,0.09426129426129426,0.27765567765567767,0.0822954822954823,0.23101343101343103,0.7826617826617827,0.33235653235653234,0.17924297924297924,0.25567765567765566,0.15824175824175823,0.3711843711843712,0.07594627594627594,0.5496947496947497,0.536996336996337,0.28595848595848594,0.2673992673992674,0.26275946275946277,0.12454212454212454,0.16727716727716727,0.45445665445665445,0.5684981684981685,0.07008547008547009,0.25396825396825395,0.2915750915750916,0.7142857142857143,0.1308913308913309,0.5514041514041514,0.0945054945054945,0.5587301587301587,0.16263736263736264,0.11037851037851037,0.49352869352869355,0.13406593406593406,0.2945054945054945,0.6757020757020757,0.26886446886446885,0.08131868131868132,0.4261294261294261,0.25616605616605614,0.5684981684981685,0.326007326007326,0.5555555555555556,0.29304029304029305
0.11721611721611722,0.2778998778998779,0.1597069597069597,0.3343101343101343,0.2564102564102564,0.37264957264957266,0.5924297924297924,0.33284493284493283,0.473992673992674,0.12503052503052503,0.4192918192918193,0.252991452991453,0.12380952380952381,0.11233211233211234,0.13382173382173382,0.09914529914529914,0.29426129426129427,0.3741147741147741,0.3404151404151404,0.2105006105006105,0.09255189255189256,0.24224664224664225,0.5008547008547009,0.43052503052503055,0.2595848595848596,0.3865689865689866,0.43052503052503055,0.8222222222222222,0.16385836385836386,0.1492063492063492,0.6793650793650794,0.44004884004884004,0.6,0.11550671550671551,0.29865689865689865,0.14188034188034188,0.8078144078144078,0.0945054945054945,0.2695970695970696,0.08180708180708181,0.22393162393162394,0.7619047619047619,0.3201465201465201,0.17484737484737484,0.2708180708180708,0.16483516483516483,0.3609279609279609,0.07179487179487179,0.5321123321123321,0.5186813186813187,0.27692307692307694,0.2578754578754579,0.25567765567765566,0.12161172161172161,0.16532356532356532,0.43614163614163615,0.5484737484737485,0.07179487179487179,0.24493284493284492,0.30842490842490844,0.7291819291819291,0.1291819291819292,0.5548229548229549,0.09181929181929183,0.5684981684981685,0.15848595848595848,0.10598290598290598,0.5018315018315018,0.13382173382173382,0.28815628815628813,0.6774114774114774,0.2600732600732601,0.07765567765567766,0.40927960927960927,0.2468864468864469,0.577045177045177,0.3728937728937729,0.5619047619047619,0.2844932844932845
0.13357753357753357,0.26935286935286934,0.15433455433455434,0.3274725274725275,0.25225885225885225,0.4061050061050061,0.6188034188034188,0.37094017094017095,0.4612942612942613,0.1203907203907204,0.472039072039072,0.24664224664224665,0.12258852258852258,0.10866910866910867,0.13211233211233211,0.09914529914529914,0.33650793650793653,0.40195360195360197,0.3299145299145299,0.2021978021978022,0.1028083028083028,0.2354090354090354,0.49694749694749696,0.4163614163614164,0.29255189255189257,0.3755799755799756,0.41782661782661784,0.8253968253968254,0.16312576312576313,0.1452991452991453,0.6898656898656899,0.4261294261294261,0.5953601953601954,0.11428571428571428,0.3347985347985348,0.13797313797313798,0.8251526251526251,0.09645909645909646,0.2625152625152625,0.08205128205128205,0.21684981684981686,0.7394383394383395,0.3086691086691087,0.1706959706959707,0.28669108669108667,0.1746031746031746,0.35067155067155065,0.06764346764346764,0.5157509157509158,0.5003663003663004,0.26837606837606837,0.2485958485958486,0.2490842490842491,0.11868131868131868,0.16361416361416362,0.4188034188034188,0.5308913308913309,0.07252747252747253,0.23565323565323565,0.34285714285714286,0.7404151404151404,0.12722832722832722,0.5553113553113553,0.09084249084249084,0.5772893772893772,0.15384615384615385,0.10183150183150183,0.5079365079365079,0.1347985347985348,0.2822954822954823,0.6771672771672772,0.252014652014652,0.07423687423687424,0.39365079365079364,0.23785103785103784,0.580952380952381,0.4170940170940171,0.5665445665445665,0.27594627594627597
0.15531135531135531,0.26105006105006107,0.14993894993894993,0.3201465201465201,0.24810744810744811,0.4388278388278388,0.6422466422466423,0.40805860805860805,0.44835164835164837,0.11672771672771673,0.5223443223443224,0.2402930402930403,0.12161172161172161,0.10671550671550671,0.13064713064713065,0.09865689865689865,0.37924297924297923,0.4271062271062271,0.31965811965811963,0.19462759462759463,0.11672771672771673,0.22905982905982905,0.4913308913308913,0.4031746031746032,0.32673992673992674,0.3648351648351648,0.40586080586080586,0.8256410256410256,0.16483516483516483,0.1426129426129426,0.6979242979242979,0.4129426129426129,0.5882783882783883,0.1137973137973138,0.37094017094017095,0.13406593406593406,0.8393162393162393,0.10036630036630037,0.25445665445665444,0.08498168498168499,0.21001221001221002,0.7164835164835165,0.29743589743589743,0.16654456654456654,0.30085470085470084,0.18876678876678876,0.33992673992673994,0.06373626373626373,0.4993894993894994,0.48253968253968255,0.2600732600732601,0.24102564102564103,0.2424908424908425,0.115995115995116,0.16214896214896216,0.40293040293040294,0.515018315018315,0.07301587301587302,0.22686202686202686,0.3865689865689866,0.7487179487179487,0.126007326007326,0.5526251526251527,0.09035409035409035,0.5843711843711844,0.14847374847374847,0.09816849816849817,0.5118437118437118,0.13577533577533576,0.27594627594627597,0.673992673992674,0.24395604395604395,0.07081807081807082,0.37924297924297923,0.22905982905982905,0.5807081807081808,0.4652014652014652,0.5684981684981685,0.2678876678876679
0.18217338217338216,0.2542124542124542,0.14627594627594628,0.3128205128205128,0.24395604395604395,0.46984126984126984,0.6634920634920635,0.44346764346764345,0.4354090354090354,0.11428571428571428,0.5702075702075702,0.23443223443223443,0.1203907203907204,0.1054945054945055,0.12869352869352868,0.09768009768009768,0.42075702075702076,0.4490842490842491,0.3094017094017094,0.18852258852258852,0.13553113553113552,0.22246642246642245,0.48376068376068376,0.3904761904761905,0.3601953601953602,0.3553113553113553,0.39316239316239315,0.8224664224664224,0.1706959706959707,0.14188034188034188,0.7006105006105006,0.40024420024420027,0.5797313797313798,0.11184371184371185,0.40512820512820513,0.13015873015873017,0.8495726495726496,0.10695970695970695,0.24664224664224665,0.09181929181929183,0.20341880341880342,0.6935286935286935,0.28669108669108667,0.16385836385836386,0.31355311355311355,0.20732600732600734,0.32967032967032966,0.060073260073260075,0.48376068376068376,0.46544566544566546,0.25347985347985347,0.23443223443223443,0.23614163614163614,0.11428571428571428,0.1606837606837607,0.3894993894993895,0.49914529914529915,0.07326007326007326,0.21782661782661783,0.4166056166056166,0.7536019536019536,0.12551892551892552,0.5470085470085471,0.08888888888888889,0.5892551892551893,0.14358974358974358,0.0945054945054945,0.513064713064713,0.1365079365079365,0.2691086691086691,0.6676434676434676,0.23663003663003662,0.06788766788766788,0.3658119658119658,0.22197802197802197,0.5777777777777777,0.513064713064713,0.5684981684981685,0.2600732600732601
0.21318681318681318,0.24810744810744811,0.14114774114774115,0.30573870573870576,0.23956043956043957,0.4984126984126984,0.6818070818070818,0.47692307692307695,0.42173382173382173,0.11477411477411477,0.6144078144078144,0.2288156288156288,0.1199023199023199,0.10305250305250305,0.12673992673992673,0.09694749694749695,0.46007326007326005,0.4686202686202686,0.29987789987789987,0.1838827838827839,0.16312576312576313,0.21562881562881564,0.473992673992674,0.378021978021978,0.389010989010989,0.3465201465201465,0.38046398046398044,0.8156288156288156,0.18217338217338216,0.14407814407814407,0.6986568986568986,0.38925518925518926,0.5697191697191697,0.10989010989010989,0.4368742368742369,0.12673992673992673,0.8559218559218559,0.11697191697191697,0.23833943833943835,0.10402930402930403,0.19755799755799755,0.6708180708180708,0.27643467643467645,0.1619047619047619,0.326984126984127,0.22979242979242978,0.3189255189255189,0.056654456654456654,0.4691086691086691,0.4495726495726496,0.24713064713064714,0.22686202686202686,0.23003663003663002,0.1137973137973138,0.15946275946275945,0.37826617826617825,0.48376068376068376,0.07423687423687424,0.20927960927960929,0.4388278388278388,0.7557997557997558,0.1264957264957265,0.5389499389499389,0.08693528693528693,0.5914529914529915,0.13846153846153847,0.09206349206349207,0.512087912087912,0.13675213675213677,0.26202686202686204,0.6586080586080586,0.22905982905982905,0.0652014652014652,0.3550671550671551,0.21611721611721613,0.5721611721611721,0.557997557997558,0.5665445665445665,0.25274725274725274
0.2424908424908425,0.23736263736263735,0.1365079365079365,0.2989010989010989,0.23516483516483516,0.5247863247863248,0.6969474969474969,0.5035409035409035,0.40805860805860805,0.11941391941391942,0.6542124542124542,0.22393162393162394,0.1199023199023199,0.1010989010989011,0.1242979242979243,0.09621489621489622,0.49645909645909647,0.48547008547008547,0.29010989010989013,0.18217338217338216,0.19853479853479852,0.2087912087912088,0.463003663003663,0.3658119658119658,0.4141636141636142,0.336996336996337,0.36800976800976803,0.8056166056166056,0.19975579975579977,0.1509157509157509,0.6954822954822955,0.378998778998779,0.5575091575091575,0.1076923076923077,0.46544566544566546,0.12356532356532357,0.8581196581196581,0.13137973137973138,0.23003663003663002,0.12161172161172161,0.1916971916971917,0.6485958485958486,0.2681318681318681,0.15897435897435896,0.33894993894993897,0.25518925518925517,0.30793650793650795,0.05372405372405373,0.45445665445665445,0.4358974358974359,0.2402930402930403,0.2188034188034188,0.22417582417582418,0.11575091575091576,0.1592185592185592,0.367032967032967,0.4683760683760684,0.07643467643467644,0.20122100122100123,0.45567765567765567,0.7545787545787546,0.12869352869352868,0.5291819291819292,0.08473748473748474,0.590964590964591,0.13357753357753357,0.0905982905982906,0.5101343101343101,0.136996336996337,0.25445665445665444,0.6468864468864469,0.22197802197802197,0.06349206349206349,0.3452991452991453,0.20976800976800977,0.5638583638583639,0.5985347985347985,0.5623931623931624,0.24566544566544565
0.27106227106227104,0.22417582417582418,0.13235653235653236,0.2920634920634921,0.23076923076923078,0.5484737484737485,0.7064713064713065,0.526007326007326,0.39438339438339437,0.1291819291819292,0.6905982905982906,0.21953601953601953,0.11965811965811966,0.09987789987789988,0.12185592185592185,0.09572649572649573,0.5294261294261294,0.5001221001221001,0.2805860805860806,0.18315018315018314,0.24004884004884006,0.20195360195360196,0.45103785103785105,0.35555555555555557,0.4402930402930403,0.32722832722832723,0.35653235653235654,0.7924297924297924,0.22344322344322345,0.16312576312576313,0.6901098901098901,0.3677655677655678,0.5443223443223443,0.10573870573870574,0.4913308913308913,0.12014652014652015,0.8561660561660561,0.15067155067155066,0.22173382173382172,0.14505494505494507,0.18608058608058609,0.6271062271062271,0.2608058608058608,0.15604395604395604,0.34945054945054943,0.283028083028083,0.2971916971916972,0.05103785103785104,0.44004884004884004,0.4236874236874237,0.23296703296703297,0.210989010989011,0.2188034188034188,0.12234432234432234,0.1592185592185592,0.3562881562881563,0.45323565323565324,0.0822954822954823,0.19316239316239317,0.4683760683760684,0.7504273504273504,0.13357753357753357,0.513064713064713,0.0822954822954823,0.5877899877899878,0.12869352869352868,0.0884004884004884,0.505982905982906,0.13724053724053725,0.2468864468864469,0.6322344322344322,0.21562881562881564,0.06398046398046398,0.3347985347985348,0.20293040293040293,0.5528693528693529,0.6346764346764346,0.5557997557997558,0.23931623931623933
0.3035409035409035,0.21294261294261294,0.12942612942612944,0.2857142857142857,0.22612942612942613,0.5697191697191697,0.7113553113553114,0.54993894993895,0.38046398046398044,0.14505494505494507,0.7230769230769231,0.21636141636141637,0.11868131868131868,0.10134310134310134,0.11965811965811966,0.09499389499389499,0.5597069597069597,0.5118437118437118,0.2725274725274725,0.1873015873015873,0.2862026862026862,0.19511599511599512,0.43785103785103785,0.3457875457875458,0.46642246642246643,0.3177045177045177,0.3457875457875458,0.7760683760683761,0.25347985347985347,0.17802197802197803,0.6825396825396826,0.3562881562881563,0.5301587301587302,0.10427350427350428,0.5145299145299145,0.11697191697191697,0.85006105006105,0.17435897435897435,0.21416361416361415,0.17338217338217338,0.1807081807081807,0.608058608058608,0.25274725274725274,0.15262515262515264,0.35775335775335776,0.31184371184371185,0.2862026862026862,0.04884004884004884,0.42735042735042733,0.41147741147741146,0.2253968253968254,0.20293040293040293,0.21416361416361415,0.13235653235653236,0.15897435897435896,0.3452991452991453,0.4388278388278388,0.09328449328449329,0.18608058608058609,0.4778998778998779,0.7431013431013431,0.14114774114774115,0.49694749694749696,0.0800976800976801,0.5814407814407815,0.1242979242979243,0.08595848595848596,0.5001221001221001,0.13724053724053725,0.23882783882783884,0.6158730158730159,0.20903540903540904,0.06764346764346764,0.32454212454212455,0.1960927960927961,0.5399267399267399,0.6659340659340659,0.5474969474969476,0.2336996336996337
0.33724053724053726,0.20341880341880342,0.12698412698412698,0.27936507936507937,0.22173382173382172,0.5858363858363859,0.7155067155067155,0.5731379731379731,0.3665445665445665,0.16727716727716727,0.7477411477411477,0.2148962148962149,0.11843711843711843,0.10622710622710622,0.11721611721611722,0.09474969474969475,0.5865689865689866,0.5199023199023199,0.26544566544566545,0.19584859584859585,0.33455433455433453,0.189010989010989,0.4249084249084249,0.33528693528693526,0.4905982905982906,0.30793650793650795,0.33577533577533575,0.7572649572649572,0.28815628815628813,0.1973137973137973,0.6727716727716728,0.34456654456654456,0.5152625152625152,0.10329670329670329,0.535042735042735,0.11404151404151404,0.8400488400488401,0.20146520146520147,0.20634920634920634,0.2061050061050061,0.17582417582417584,0.590964590964591,0.24493284493284492,0.14945054945054945,0.36385836385836384,0.3404151404151404,0.27521367521367524,0.04664224664224664,0.41562881562881565,0.3992673992673993,0.21782661782661783,0.19511599511599512,0.21001221001221002,0.147008547008547,0.157997557997558,0.3347985347985348,0.4244200244200244,0.1111111111111111,0.17997557997557997,0.484004884004884,0.733089133089133,0.15262515262515264,0.4852258852258852,0.07765567765567766,0.5724053724053724,0.12014652014652015,0.08351648351648351,0.49206349206349204,0.13724053724053725,0.23101343101343103,0.5978021978021978,0.2043956043956044,0.07423687423687424,0.3142857142857143,0.1894993894993895,0.5252747252747253,0.6927960927960928,0.5372405372405372,0.23003663003663002
0.37094017094017095,0.19511599511599512,0.12503052503052503,0.27350427350427353,0.21733821733821734,0.598046398046398,0.716971916971917,0.5953601953601954,0.35262515262515265,0.19584859584859585,0.7672771672771673,0.21465201465201464,0.11868131868131868,0.115995115995116,0.11477411477411477,0.09426129426129426,0.6102564102564103,0.5245421245421246,0.2571428571428571,0.20903540903540904,0.3831501831501832,0.1829059829059829,0.41196581196581195,0.3242979242979243,0.5123321123321123,0.29816849816849816,0.32625152625152626,0.7365079365079366,0.32112332112332115,0.2231990231990232,0.6605616605616605,0.33284493284493283,0.5008547008547009,0.10402930402930403,0.5531135531135531,0.11233211233211234,0.8273504273504273,0.23101343101343103,0.199023199023199,0.24126984126984127,0.17216117216117216,0.5736263736263736,0.23687423687423687,0.14652014652014653,0.3672771672771673,0.3682539682539683,0.26495726495726496,0.046153846153846156,0.40293040293040294,0.3873015873015873,0.210989010989011,0.18754578754578755,0.20757020757020758,0.16947496947496948,0.15677655677655677,0.32454212454212455,0.41025641025641024,0.13675213675213677,0.17533577533577532,0.4869352869352869,0.7208791208791209,0.16800976800976802,0.47106227106227105,0.0757020757020757,0.5604395604395604,0.115995115995116,0.08131868131868132,0.48205128205128206,0.13724053724053725,0.22344322344322345,0.5802197802197803,0.2004884004884005,0.08595848595848596,0.3035409035409035,0.17484737484737484,0.5096459096459096,0.7155067155067155,0.5262515262515263,0.22857142857142856
0.40366300366300367,0.1877899877899878,0.12283272283272283,0.26837606837606837,0.21318681318681318,0.6102564102564103,0.7155067155067155,0.6158730158730159,0.33894993894993897,0.22515262515262516,0.788034188034188,0.21684981684981686,0.11965811965811966,0.13235653235653236,0.11306471306471307,0.09401709401709402,0.6275946275946276,0.5284493284493285,0.2490842490842491,0.22735042735042735,0.43003663003663006,0.1772893772893773,0.39951159951159954,0.3133089133089133,0.5321123321123321,0.28888888888888886,0.3172161172161172,0.715018315018315,0.3528693528693529,0.25518925518925517,0.6461538461538462,0.32063492063492066,0.4869352869352869,0.1072039072039072,0.5684981684981685,0.1111111111111111,0.8114774114774115,0.2617826617826618,0.1916971916971917,0.2774114774114774,0.16923076923076924,0.5560439560439561,0.22954822954822954,0.14383394383394382,0.3682539682539683,0.3938949938949939,0.25445665445665444,0.0463980463980464,0.38974358974358975,0.3750915750915751,0.2043956043956044,0.18021978021978022,0.20634920634920634,0.19926739926739928,0.15604395604395604,0.3142857142857143,0.3960927960927961,0.17045177045177046,0.17338217338217338,0.4874236874236874,0.7067155067155068,0.1873015873015873,0.4559218559218559,0.07326007326007326,0.5462759462759462,0.11330891330891331,0.07887667887667887,0.4700854700854701,0.13797313797313798,0.21636141636141637,0.5636141636141636,0.1960927960927961,0.10402930402930403,0.2932844932844933,0.1562881562881563,0.4937728937728938,0.7347985347985349,0.5145299145299145,0.22857142857142856
0.43492063492063493,0.1807081807081807,0.12087912087912088,0.26422466422466423,0.2105006105006105,0.6207570207570208,0.7106227106227107,0.6344322344322344,0.32576312576312577,0.25616605616605614,0.8073260073260073,0.22197802197802197,0.12283272283272283,0.15555555555555556,0.11135531135531136,0.09401709401709402,0.6407814407814408,0.5301587301587302,0.2402930402930403,0.25006105006105006,0.4742368742368742,0.17167277167277167,0.3877899877899878,0.3023199023199023,0.5496947496947497,0.27936507936507937,0.30842490842490844,0.6945054945054945,0.389010989010989,0.2910866910866911,0.6293040293040293,0.30842490842490844,0.47374847374847373,0.11404151404151404,0.5794871794871795,0.10891330891330891,0.7931623931623931,0.29304029304029305,0.18437118437118438,0.3086691086691087,0.16532356532356532,0.5389499389499389,0.22246642246642245,0.14114774114774115,0.3665445665445665,0.4073260073260073,0.2459096459096459,0.04542124542124542,0.37655677655677655,0.36288156288156287,0.19829059829059828,0.17338217338217338,0.20586080586080585,0.2358974358974359,0.15506715506715507,0.30378510378510376,0.3819291819291819,0.21172161172161172,0.17435897435897435,0.48547008547008547,0.6908424908424908,0.20927960927960929,0.441025641025641,0.07106227106227106,0.5301587301587302,0.1115995115995116,0.07643467643467644,0.4568986568986569,0.13992673992673993,0.20976800976800977,0.5455433455433455,0.1916971916971917,0.12942612942612944,0.283028083028083,0.14481074481074482,0.4778998778998779,0.7506715506715507,0.5015873015873016,0.23174603174603176
0.4644688644688645,0.17435897435897435,0.11941391941391942,0.26202686202686204,0.2087912087912088,0.6288156288156288,0.702075702075702,0.6505494505494506,0.3145299145299145,0.29304029304029305,0.8249084249084249,0.23101343101343103,0.12869352869352868,0.18632478632478633,0.10915750915750916,0.09474969474969475,0.653968253968254,0.5294261294261294,0.2315018315018315,0.2847374847374847,0.515018315018315,0.1663003663003663,0.3775335775335775,0.2915750915750916,0.5645909645909646,0.2703296703296703,0.29987789987789987,0.6752136752136753,0.42637362637362636,0.3291819291819292,0.610989010989011,0.2962148962148962,0.4612942612942613,0.12551892551892552,0.5873015873015873,0.10622710622710622,0.7724053724053724,0.3235653235653236,0.1772893772893773,0.3367521367521368,0.16166056166056167,0.5218559218559219,0.21587301587301588,0.13846153846153847,0.36214896214896214,0.4122100122100122,0.2385836385836386,0.0442002442002442,0.3636141636141636,0.35115995115995113,0.19194139194139195,0.16678876678876678,0.2061050061050061,0.27765567765567767,0.1540903540903541,0.2932844932844933,0.3677655677655678,0.25225885225885225,0.17777777777777778,0.4818070818070818,0.6732600732600733,0.23394383394383395,0.42637362637362636,0.06935286935286936,0.5145299145299145,0.10964590964590964,0.07423687423687424,0.4424908424908425,0.14554334554334555,0.2043956043956044,0.5277167277167277,0.18754578754578755,0.1623931623931624,0.2725274725274725,0.136996336996337,0.4627594627594628,0.7606837606837606,0.4879120879120879,0.23882783882783884
0.49230769230769234,0.16776556776556775,0.11892551892551892,0.2617826617826618,0.20732600732600734,0.6341880341880342,0.6901098901098901,0.6647130647130647,0.3047619047619048,0.33308913308913307,0.8400488400488401,0.2437118437118437,0.13821733821733823,0.2231990231990232,0.10842490842490843,0.09597069597069598,0.6656898656898657,0.5262515262515263,0.22295482295482297,0.31746031746031744,0.5523809523809524,0.1623931623931624,0.36800976800976803,0.2805860805860806,0.5777777777777777,0.2617826617826618,0.2923076923076923,0.654945054945055,0.463003663003663,0.3682539682539683,0.5914529914529915,0.2844932844932845,0.45006105006105007,0.13992673992673993,0.5956043956043956,0.10354090354090355,0.7499389499389499,0.3528693528693529,0.17191697191697192,0.3663003663003663,0.1575091575091575,0.505006105006105,0.20927960927960929,0.13626373626373625,0.35555555555555557,0.42002442002442003,0.23076923076923078,0.04322344322344322,0.3509157509157509,0.3396825396825397,0.18608058608058609,0.1606837606837607,0.20732600732600734,0.3221001221001221,0.15384615384615385,0.28253968253968254,0.3553113553113553,0.29304029304029305,0.18583638583638584,0.4752136752136752,0.6547008547008547,0.25982905982905985,0.4126984126984127,0.06935286935286936,0.49914529914529915,0.10695970695970695,0.07203907203907203,0.4275946275946276,0.15677655677655677,0.19975579975579977,0.5106227106227106,0.18363858363858365,0.2021978021978022,0.2622710622710623,0.13113553113553114,0.4485958485958486,0.7667887667887668,0.473992673992674,0.24981684981684982
0.517948717948718,0.16214896214896216,0.12136752136752137,0.26373626373626374,0.20732600732600734,0.6361416361416361,0.6754578754578755,0.676923076923077,0.2937728937728938,0.3741147741147741,0.852014652014652,0.25982905982905985,0.15189255189255188,0.26544566544566545,0.1076923076923077,0.09645909645909646,0.6752136752136753,0.5201465201465202,0.21465201465201464,0.34163614163614164,0.5855921855921856,0.1592185592185592,0.3584859584859585,0.2698412698412698,0.5882783882783883,0.252991452991453,0.2857142857142857,0.6356532356532356,0.4981684981684982,0.4065934065934066,0.5714285714285714,0.27326007326007323,0.43956043956043955,0.15848595848595848,0.6026862026862027,0.10134310134310134,0.7267399267399267,0.3768009768009768,0.1675213675213675,0.39536019536019534,0.15335775335775337,0.48815628815628814,0.20293040293040293,0.13382173382173382,0.3482295482295482,0.4278388278388278,0.22246642246642245,0.042002442002442006,0.33821733821733824,0.3282051282051282,0.18046398046398046,0.1562881562881563,0.20927960927960929,0.36800976800976803,0.1536019536019536,0.27228327228327226,0.3440781440781441,0.3409035409035409,0.19877899877899877,0.46642246642246643,0.6351648351648351,0.2862026862026862,0.39951159951159954,0.07008547008547009,0.48205128205128206,0.10427350427350428,0.07032967032967033,0.4129426129426129,0.17216117216117216,0.1943833943833944,0.4945054945054945,0.18021978021978022,0.24713064713064714,0.252014652014652,0.1264957264957265,0.4368742368742369,0.771916971916972,0.46007326007326005,0.26495726495726496
0.5418803418803418,0.1575091575091575,0.1264957264957265,0.26886446886446885,0.21001221001221002,0.6349206349206349,0.6588522588522588,0.6866910866910867,0.28253968253968254,0.4148962148962149,0.8615384615384616,0.2788766788766789,0.16947496947496948,0.3047619047619048,0.10671550671550671,0.09694749694749695,0.6822954822954823,0.5118437118437118,0.20683760683760682,0.36923076923076925,0.610989010989011,0.15531135531135531,0.3492063492063492,0.25982905982905985,0.5968253968253968,0.2459096459096459,0.2778998778998779,0.6166056166056166,0.5308913308913309,0.4432234432234432,0.5516483516483517,0.2622710622710623,0.43003663003663006,0.1838827838827839,0.608058608058608,0.0989010989010989,0.7035409035409036,0.3973137973137973,0.16214896214896216,0.42295482295482295,0.14945054945054945,0.4713064713064713,0.19658119658119658,0.13137973137973138,0.3401709401709402,0.43736263736263736,0.21416361416361415,0.04078144078144078,0.32576312576312577,0.31697191697191696,0.17509157509157508,0.15262515262515264,0.21172161172161172,0.4126984126984127,0.1536019536019536,0.26373626373626374,0.33186813186813185,0.3916971916971917,0.21733821733821734,0.4554334554334554,0.6161172161172161,0.31184371184371185,0.38754578754578756,0.07008547008547009,0.46495726495726497,0.10183150183150183,0.06862026862026863,0.4,0.19365079365079366,0.18876678876678876,0.4793650793650794,0.17655677655677657,0.29523809523809524,0.24175824175824176,0.12307692307692308,0.42686202686202684,0.7755799755799756,0.4468864468864469,0.2835164835164835
0.5631257631257631,0.15506715506715507,0.13504273504273503,0.27692307692307694,0.21636141636141637,0.6305250305250305,0.6405372405372405,0.694017094017094,0.2713064713064713,0.4542124542124542,0.8683760683760684,0.29987789987789987,0.199023199023199,0.3423687423687424,0.10525030525030525,0.0971916971916972,0.6864468864468865,0.5010989010989011,0.199023199023199,0.3973137973137973,0.631013431013431,0.1514041514041514,0.33992673992673994,0.24981684981684982,0.6031746031746031,0.24004884004884006,0.2698412698412698,0.5985347985347985,0.5611721611721612,0.4771672771672772,0.5326007326007326,0.2515262515262515,0.4214896214896215,0.2153846153846154,0.610989010989011,0.0971916971916972,0.6803418803418804,0.41855921855921857,0.1562881562881563,0.44835164835164837,0.1452991452991453,0.45445665445665445,0.19096459096459095,0.13015873015873017,0.33015873015873015,0.44664224664224667,0.20586080586080585,0.0398046398046398,0.3133089133089133,0.30573870573870576,0.1711843711843712,0.14847374847374847,0.21416361416361415,0.45445665445665445,0.1536019536019536,0.25616605616605614,0.31916971916971915,0.442002442002442,0.24102564102564103,0.4427350427350427,0.5975579975579975,0.33601953601953605,0.37777777777777777,0.07008547008547009,0.44835164835164837,0.09987789987789988,0.06715506715506715,0.3882783882783883,0.22686202686202686,0.18339438339438338,0.4652014652014652,0.17338217338217338,0.34383394383394383,0.23223443223443224,0.12112332112332112,0.4166056166056166,0.7765567765567766,0.4341880341880342,0.3047619047619048
0.5794871794871795,0.15531135531135531,0.147985347985348,0.28815628815628813,0.22686202686202686,0.622954822954823,0.6217338217338217,0.6971916971916972,0.2608058608058608,0.4918192918192918,0.8715506715506716,0.3225885225885226,0.22832722832722832,0.38461538461538464,0.10427350427350428,0.0971916971916972,0.6871794871794872,0.4884004884004884,0.1916971916971917,0.42075702075702076,0.6517704517704518,0.14774114774114774,0.3311355311355311,0.2402930402930403,0.6061050061050061,0.2336996336996337,0.26202686202686204,0.5811965811965812,0.5885225885225885,0.5086691086691086,0.5142857142857142,0.24297924297924298,0.4122100122100122,0.2507936507936508,0.6112332112332113,0.09572649572649573,0.6581196581196581,0.4388278388278388,0.15042735042735042,0.4713064713064713,0.1413919413919414,0.43785103785103785,0.18534798534798536,0.12967032967032968,0.31916971916971915,0.45445665445665445,0.19755799755799755,0.03907203907203907,0.30158730158730157,0.29645909645909646,0.16874236874236875,0.14383394383394382,0.21587301587301588,0.4927960927960928,0.15335775335775337,0.24737484737484738,0.305982905982906,0.4905982905982906,0.26935286935286934,0.4288156288156288,0.5794871794871795,0.35824175824175825,0.36923076923076925,0.07155067155067155,0.432967032967033,0.09816849816849817,0.06666666666666667,0.37655677655677655,0.27057387057387056,0.17826617826617827,0.4517704517704518,0.1702075702075702,0.39096459096459096,0.22417582417582418,0.11819291819291819,0.4073260073260073,0.7746031746031746,0.421978021978022,0.3277167277167277
0.5921855921855922,0.15848595848595848,0.16532356532356532,0.3018315018315018,0.24151404151404152,0.6124542124542125,0.6024420024420024,0.6976800976800976,0.2507936507936508,0.5264957264957265,0.8715506715506716,0.3457875457875458,0.2468864468864469,0.4275946275946276,0.10427350427350428,0.09743589743589744,0.6852258852258852,0.47448107448107446,0.18461538461538463,0.4415140415140415,0.6713064713064713,0.14383394383394382,0.3225885225885226,0.23296703296703297,0.6063492063492063,0.2271062271062271,0.25396825396825395,0.5643467643467643,0.6126984126984127,0.536996336996337,0.49792429792429793,0.2354090354090354,0.40244200244200246,0.28913308913308916,0.6087912087912087,0.09426129426129426,0.6363858363858363,0.45738705738705737,0.14481074481074482,0.49206349206349204,0.13772893772893774,0.421978021978022,0.18192918192918192,0.1282051282051282,0.30842490842490844,0.4608058608058608,0.1894993894993895,0.03785103785103785,0.2903540903540904,0.28815628815628813,0.16507936507936508,0.1391941391941392,0.21611721611721613,0.5274725274725275,0.15384615384615385,0.2385836385836386,0.29304029304029305,0.536019536019536,0.3006105006105006,0.41367521367521365,0.5626373626373626,0.3755799755799756,0.3606837606837607,0.07521367521367521,0.4188034188034188,0.09694749694749695,0.06715506715506715,0.3653235653235653,0.3230769230769231,0.17338217338217338,0.43907203907203907,0.16727716727716727,0.43492063492063493,0.2170940170940171,0.11526251526251527,0.398046398046398,0.7702075702075702,0.41074481074481073,0.3516483516483517
0.6051282051282051,0.1663003663003663,0.1873015873015873,0.3177045177045177,0.2605616605616606,0.6,0.5848595848595849,0.6969474969474969,0.24126984126984127,0.558974358974359,0.8683760683760684,0.3658119658119658,0.2681318681318681,0.46935286935286935,0.10622710622710622,0.09743589743589744,0.6798534798534799,0.46007326007326005,0.178998778998779,0.463003663003663,0.6886446886446886,0.13968253968253969,0.31404151404151404,0.22686202686202686,0.6048840048840048,0.22026862026862026,0.2459096459096459,0.5474969474969476,0.6341880341880342,0.5619047619047619,0.4835164835164835,0.22686202686202686,0.39267399267399267,0.32844932844932845,0.6034188034188034,0.0927960927960928,0.6161172161172161,0.473992673992674,0.1391941391941392,0.5103785103785103,0.13382173382173382,0.40805860805860805,0.18021978021978022,0.126007326007326,0.2979242979242979,0.46495726495726497,0.18192918192918192,0.036874236874236875,0.28083028083028083,0.27912087912087913,0.16117216117216118,0.1343101343101343,0.2153846153846154,0.5540903540903541,0.15482295482295483,0.23003663003663002,0.28034188034188035,0.578021978021978,0.33406593406593404,0.39829059829059826,0.5389499389499389,0.3894993894993895,0.3516483516483517,0.08278388278388278,0.4056166056166056,0.09694749694749695,0.06666666666666667,0.35433455433455435,0.38266178266178263,0.16874236874236875,0.42686202686202684,0.1641025641025641,0.4700854700854701,0.20903540903540904,0.1115995115995116,0.3894993894993895,0.7626373626373626,0.40024420024420027,0.37484737484737485
0.6168498168498169,0.178998778998779,0.2126984126984127,0.3347985347985348,0.283028083028083,0.5865689865689866,0.5682539682539682,0.6945054945054945,0.23223443223443224,0.5892551892551893,0.8615384615384616,0.3838827838827839,0.30207570207570206,0.5081807081807082,0.11135531135531136,0.09743589743589744,0.6713064713064713,0.44542124542124545,0.1746031746031746,0.48376068376068376,0.7037851037851038,0.13577533577533576,0.30573870573870576,0.21978021978021978,0.600976800976801,0.2139194139194139,0.23833943833943835,0.5306471306471306,0.6525030525030525,0.580952380952381,0.4683760683760684,0.21782661782661783,0.3831501831501832,0.36678876678876676,0.5953601953601954,0.09133089133089133,0.598046398046398,0.48815628815628814,0.13406593406593406,0.5262515262515263,0.12967032967032968,0.39536019536019534,0.1794871794871795,0.12405372405372406,0.28815628815628813,0.4666666666666667,0.1746031746031746,0.03565323565323565,0.27228327228327226,0.2695970695970696,0.1575091575091575,0.13015873015873017,0.21294261294261294,0.575091575091575,0.15482295482295483,0.22173382173382172,0.2681318681318681,0.6163614163614164,0.36800976800976803,0.3833943833943834,0.5125763125763125,0.4031746031746032,0.34285714285714286,0.09572649572649573,0.3934065934065934,0.09865689865689865,0.06593406593406594,0.3440781440781441,0.44664224664224667,0.1641025641025641,0.4146520146520147,0.16214896214896216,0.4989010989010989,0.20073260073260074,0.10818070818070818,0.38168498168498166,0.7518925518925519,0.38974358974358975,0.39365079365079364
0.6271062271062271,0.1973137973137973,0.2402930402930403,0.35262515262515265,0.3076923076923077,0.5731379731379731,0.5511599511599512,0.6898656898656899,0.22295482295482297,0.6168498168498169,0.851037851037851,0.4031746031746032,0.3343101343101343,0.544078144078144,0.1203907203907204,0.09743589743589744,0.6598290598290598,0.43174603174603177,0.16923076923076924,0.5025641025641026,0.7162393162393162,0.13235653235653236,0.29743589743589743,0.2126984126984127,0.5948717948717949,0.20757020757020758,0.23101343101343103,0.5137973137973137,0.6673992673992674,0.5956043956043956,0.4537240537240537,0.2126984126984127,0.3733821733821734,0.40341880341880343,0.5848595848595849,0.08986568986568987,0.5814407814407815,0.5003663003663004,0.1291819291819292,0.5399267399267399,0.12551892551892552,0.38168498168498166,0.18168498168498168,0.12258852258852258,0.27936507936507937,0.46642246642246643,0.1675213675213675,0.034432234432234435,0.26275946275946277,0.2600732600732601,0.15384615384615385,0.1264957264957265,0.2105006105006105,0.5956043956043956,0.15433455433455434,0.2139194139194139,0.25665445665445663,0.6507936507936508,0.4014652014652015,0.37045177045177047,0.4927960927960928,0.41562881562881565,0.33406593406593404,0.11575091575091576,0.3819291819291819,0.10329670329670329,0.06471306471306472,0.3343101343101343,0.5108669108669108,0.15995115995115994,0.40293040293040294,0.16092796092796094,0.5272283272283272,0.19267399267399268,0.10476190476190476,0.37362637362637363,0.7387057387057387,0.37997557997557996,0.4095238095238095
0.6346764346764346,0.221001221001221,0.2695970695970696,0.36996336996337,0.3338217338217338,0.5601953601953602,0.5343101343101343,0.6825396825396826,0.2144078144078144,0.6383394383394383,0.8380952380952381,0.4222222222222222,0.3572649572649573,0.5765567765567765,0.1343101343101343,0.0971916971916972,0.6471306471306472,0.41904761904761906,0.16385836385836386,0.5194139194139195,0.726007326007326,0.12869352869352868,0.2893772893772894,0.20586080586080585,0.5863247863247864,0.20170940170940171,0.22344322344322345,0.49694749694749696,0.6774114774114774,0.6105006105006106,0.43956043956043955,0.20927960927960929,0.3636141636141636,0.43736263736263736,0.5716727716727716,0.08986568986568987,0.5643467643467643,0.5101343101343101,0.1242979242979243,0.5511599511599512,0.12307692307692308,0.3672771672771673,0.18803418803418803,0.12234432234432234,0.2713064713064713,0.4634920634920635,0.16092796092796094,0.03492063492063492,0.25347985347985347,0.2507936507936508,0.15067155067155066,0.12258852258852258,0.20732600732600734,0.6148962148962149,0.1540903540903541,0.20634920634920634,0.24566544566544565,0.6818070818070818,0.43272283272283274,0.3592185592185592,0.4766788766788767,0.42588522588522587,0.32283272283272285,0.14334554334554334,0.37094017094017095,0.11184371184371185,0.06324786324786325,0.3247863247863248,0.5736263736263736,0.1562881562881563,0.3924297924297924,0.1592185592185592,0.5533577533577534,0.18461538461538463,0.10158730158730159,0.36556776556776555,0.7223443223443223,0.3711843711843712,0.4253968253968254
0.6398046398046398,0.2490842490842491,0.30842490842490844,0.3865689865689866,0.3567765567765568,0.5462759462759462,0.517948717948718,0.6730158730158731,0.2061050061050061,0.6556776556776557,0.8227106227106227,0.4402930402930403,0.38217338217338215,0.6053724053724053,0.15335775335775337,0.0971916971916972,0.6329670329670329,0.4061050061050061,0.15848595848595848,0.5335775335775336,0.7326007326007326,0.12551892551892552,0.2818070818070818,0.19926739926739928,0.5758241758241758,0.19633699633699633,0.21636141636141637,0.4822954822954823,0.684004884004884,0.6234432234432234,0.42588522588522587,0.20341880341880342,0.35433455433455435,0.46813186813186813,0.5582417582417583,0.09035409035409035,0.5472527472527473,0.5177045177045178,0.11965811965811966,0.5584859584859585,0.12185592185592185,0.3528693528693529,0.20024420024420025,0.1242979242979243,0.26422466422466423,0.4581196581196581,0.15604395604395604,0.03565323565323565,0.2442002442002442,0.24151404151404152,0.14774114774114774,0.11892551892551892,0.20195360195360196,0.631013431013431,0.15433455433455434,0.19975579975579977,0.23516483516483516,0.7094017094017094,0.4581196581196581,0.3474969474969475,0.4622710622710623,0.4341880341880342,0.3128205128205128,0.17875457875457876,0.3606837606837607,0.12283272283272283,0.061782661782661785,0.3155067155067155,0.6322344322344322,0.1523809523809524,0.38266178266178263,0.1575091575091575,0.5765567765567765,0.1768009768009768,0.0989010989010989,0.35775335775335776,0.7040293040293041,0.36336996336996336,0.43956043956043955
0.6417582417582418,0.28034188034188035,0.35213675213675216,0.40195360195360197,0.3775335775335775,0.5326007326007326,0.5023199023199023,0.6612942612942613,0.2,0.6732600732600733,0.8053724053724054,0.45714285714285713,0.4122100122100122,0.6315018315018315,0.1772893772893773,0.09816849816849817,0.6163614163614164,0.3934065934065934,0.1536019536019536,0.5455433455433455,0.7365079365079366,0.12283272283272283,0.27521367521367524,0.19316239316239317,0.5638583638583639,0.19096459096459095,0.20976800976800977,0.46813186813186813,0.6893772893772894,0.6346764346764346,0.4126984126984127,0.19633699633699633,0.34505494505494505,0.4954822954822955,0.5443223443223443,0.09035409035409035,0.5301587301587302,0.5230769230769231,0.11526251526251527,0.5628815628815629,0.12014652014652015,0.33894993894993897,0.21855921855921856,0.13015873015873017,0.25811965811965815,0.4507936507936508,0.15213675213675212,0.03540903540903541,0.2354090354090354,0.23272283272283273,0.14481074481074482,0.11550671550671551,0.1956043956043956,0.6444444444444445,0.1562881562881563,0.19365079365079366,0.22466422466422467,0.7294261294261294,0.47912087912087914,0.3367521367521368,0.44884004884004886,0.4402930402930403,0.3052503052503053,0.221001221001221,0.3516483516483517,0.13675213675213677,0.06031746031746032,0.305982905982906,0.685958485958486,0.14896214896214896,0.3724053724053724,0.15604395604395604,0.5956043956043956,0.16923076923076924,0.09645909645909646,0.3496947496947497,0.6857142857142857,0.35482295482295484,0.45103785103785105
0.6407814407814408,0.31355311355311355,0.38925518925518926,0.4134310134310134,0.40024420024420027,0.5186813186813187,0.4874236874236874,0.6476190476190476,0.19462759462759463,0.6898656898656899,0.7860805860805861,0.4725274725274725,0.4388278388278388,0.6544566544566545,0.20537240537240536,0.09963369963369964,0.5985347985347985,0.3811965811965812,0.14847374847374847,0.5543345543345544,0.7365079365079366,0.12014652014652015,0.2691086691086691,0.18754578754578755,0.5504273504273505,0.18608058608058609,0.20293040293040293,0.452991452991453,0.6927960927960928,0.6434676434676435,0.3992673992673993,0.189010989010989,0.3355311355311355,0.5199023199023199,0.528937728937729,0.09010989010989011,0.5133089133089133,0.5262515262515263,0.11233211233211234,0.5665445665445665,0.1199023199023199,0.32551892551892553,0.24297924297924298,0.14188034188034188,0.25225885225885225,0.4427350427350427,0.14725274725274726,0.034432234432234435,0.22661782661782662,0.22393162393162394,0.14188034188034188,0.11233211233211234,0.18852258852258852,0.654945054945055,0.1606837606837607,0.189010989010989,0.2148962148962149,0.7445665445665446,0.5003663003663004,0.32673992673992674,0.43614163614163615,0.4444444444444444,0.2967032967032967,0.26886446886446885,0.34383394383394383,0.15604395604395604,0.05934065934065934,0.2967032967032967,0.7345543345543346,0.14676434676434677,0.3614163614163614,0.15531135531135531,0.610989010989011,0.1619047619047619,0.0945054945054945,0.3413919413919414,0.6671550671550671,0.3457875457875458,0.4598290598290598
0.6366300366300366,0.34798534798534797,0.4183150183150183,0.4222222222222222,0.4231990231990232,0.5054945054945055,0.4725274725274725,0.6327228327228327,0.18852258852258852,0.7042735042735043,0.7658119658119659,0.4862026862026862,0.4568986568986569,0.6744810744810745,0.23247863247863249,0.10134310134310134,0.5802197802197803,0.36971916971916974,0.14358974358974358,0.5604395604395604,0.7333333333333333,0.11892551892551892,0.2622710622710623,0.18192918192918192,0.536996336996337,0.18144078144078143,0.1978021978021978,0.4376068376068376,0.6937728937728938,0.6498168498168498,0.3860805860805861,0.18168498168498168,0.32625152625152626,0.5382173382173382,0.513064713064713,0.08937728937728938,0.49694749694749696,0.526984126984127,0.11013431013431013,0.568009768009768,0.12234432234432234,0.3120879120879121,0.27350427350427353,0.16043956043956045,0.24664224664224665,0.43443223443223444,0.14236874236874236,0.03296703296703297,0.2175824175824176,0.21562881562881564,0.1391941391941392,0.10964590964590964,0.18144078144078143,0.6627594627594627,0.168986568986569,0.18608058608058609,0.2070818070818071,0.7601953601953602,0.5201465201465202,0.31746031746031744,0.42344322344322344,0.44664224664224667,0.28815628815628813,0.31306471306471306,0.3347985347985348,0.18021978021978022,0.05958485958485959,0.28766788766788765,0.7714285714285715,0.14627594627594628,0.35067155067155065,0.15702075702075702,0.622954822954823,0.15433455433455434,0.09255189255189256,0.33406593406593404,0.6471306471306472,0.336996336996337,0.46593406593406594
0.6295482295482295,0.3824175824175824,0.4424908424908425,0.4302808302808303,0.44542124542124545,0.4932844932844933,0.4581196581196581,0.6168498168498169,0.18192918192918192,0.7162393162393162,0.7445665445665446,0.4981684981684982,0.47448107448107446,0.6891330891330891,0.2590964590964591,0.10451770451770452,0.5619047619047619,0.3584859584859585,0.1391941391941392,0.5638583638583639,0.7264957264957265,0.11843711843711843,0.25518925518925517,0.17655677655677657,0.5230769230769231,0.17655677655677657,0.1934065934065934,0.421978021978022,0.6915750915750916,0.652991452991453,0.37264957264957266,0.1746031746031746,0.31746031746031744,0.5523809523809524,0.49694749694749696,0.08888888888888889,0.48083028083028084,0.5247863247863248,0.1072039072039072,0.567032967032967,0.1291819291819292,0.2993894993894994,0.30842490842490844,0.18608058608058609,0.24224664224664225,0.4249084249084249,0.13724053724053725,0.03125763125763126,0.20927960927960929,0.20757020757020758,0.1365079365079365,0.10842490842490843,0.17435897435897435,0.6673992673992674,0.18217338217338216,0.18534798534798536,0.2,0.7743589743589744,0.5374847374847375,0.3086691086691087,0.41098901098901097,0.4468864468864469,0.27936507936507937,0.3553113553113553,0.32551892551892553,0.2083028083028083,0.06227106227106227,0.2788766788766789,0.8007326007326008,0.14627594627594628,0.33894993894993897,0.1623931623931624,0.6315018315018315,0.147008547008547,0.09010989010989011,0.3277167277167277,0.6263736263736264,0.3282051282051282,0.4691086691086691
0.62002442002442,0.41147741147741146,0.4666666666666667,0.4363858363858364,0.46642246642246643,0.48083028083028084,0.44346764346764345,0.6007326007326007,0.17533577533577532,0.7247863247863248,0.7233211233211233,0.5081807081807082,0.49474969474969477,0.6996336996336996,0.28962148962148965,0.11037851037851037,0.5445665445665445,0.34798534798534797,0.13504273504273503,0.5641025641025641,0.7164835164835165,0.11721611721611722,0.24810744810744811,0.1711843711843712,0.5094017094017094,0.17313797313797313,0.18803418803418803,0.40634920634920635,0.6864468864468865,0.6532356532356532,0.3597069597069597,0.1675213675213675,0.31013431013431014,0.566056166056166,0.4818070818070818,0.08791208791208792,0.46495726495726497,0.5201465201465202,0.10354090354090355,0.5638583638583639,0.14188034188034188,0.2874236874236874,0.3457875457875458,0.21343101343101342,0.23833943833943835,0.4146520146520147,0.13235653235653236,0.030525030525030524,0.20146520146520147,0.19975579975579977,0.13504273504273503,0.1076923076923077,0.16776556776556775,0.6695970695970695,0.20170940170940171,0.1873015873015873,0.19194139194139195,0.7860805860805861,0.5523809523809524,0.30036630036630035,0.3987789987789988,0.44517704517704515,0.27057387057387056,0.4021978021978022,0.3155067155067155,0.23882783882783884,0.06886446886446887,0.27106227106227104,0.8305250305250306,0.14847374847374847,0.3274725274725275,0.17216117216117216,0.6366300366300366,0.13992673992673993,0.08888888888888889,0.3203907203907204,0.6056166056166056,0.31965811965811963,0.4691086691086691
0.6078144078144078,0.4368742368742369,0.48937728937728936,0.4402930402930403,0.4862026862026862,0.4686202686202686,0.42905982905982903,0.5841269841269842,0.168986568986569,0.7296703296703296,0.702075702075702,0.5164835164835165,0.5118437118437118,0.7103785103785104,0.32161172161172163,0.1203907203907204,0.527960927960928,0.33724053724053726,0.13113553113553114,0.5616605616605617,0.7040293040293041,0.11575091575091576,0.24102564102564103,0.1663003663003663,0.4976800976800977,0.17045177045177046,0.1829059829059829,0.39096459096459096,0.6778998778998779,0.6505494505494506,0.347008547008547,0.16214896214896216,0.3032967032967033,0.5785103785103786,0.4669108669108669,0.08717948717948718,0.4490842490842491,0.5135531135531135,0.10012210012210013,0.5575091575091575,0.16117216117216118,0.27594627594627597,0.38412698412698415,0.2437118437118437,0.2336996336996337,0.4039072039072039,0.13626373626373625,0.031013431013431014,0.19365079365079366,0.1921855921855922,0.13406593406593406,0.10622710622710622,0.16166056166056167,0.6688644688644688,0.22808302808302808,0.19194139194139195,0.18363858363858365,0.7951159951159951,0.5641025641025641,0.2920634920634921,0.38632478632478634,0.4415140415140415,0.26324786324786326,0.4495726495726496,0.3052503052503053,0.27057387057387056,0.07814407814407814,0.26422466422466423,0.8586080586080586,0.15433455433455434,0.31575091575091574,0.1877899877899878,0.6388278388278388,0.13504273504273503,0.08791208791208792,0.31184371184371185,0.5855921855921856,0.31135531135531136,0.46642246642246643
0.5951159951159951,0.46422466422466424,0.5101343101343101,0.4415140415140415,0.5045177045177045,0.4568986568986569,0.4146520146520147,0.5687423687423687,0.16263736263736264,0.7308913308913308,0.6813186813186813,0.5230769230769231,0.5206349206349207,0.7196581196581197,0.35311355311355314,0.13528693528693528,0.512087912087912,0.32673992673992674,0.12796092796092795,0.5567765567765568,0.6886446886446886,0.11428571428571428,0.2341880341880342,0.16117216117216118,0.48644688644688644,0.16678876678876678,0.17753357753357754,0.3755799755799756,0.6659340659340659,0.6451770451770452,0.3347985347985348,0.157997557997558,0.295970695970696,0.589010989010989,0.45274725274725275,0.08644688644688645,0.43394383394383396,0.5052503052503052,0.09694749694749695,0.548962148962149,0.18803418803418803,0.2647130647130647,0.4175824175824176,0.28083028083028083,0.22832722832722832,0.39365079365079364,0.1443223443223443,0.03492063492063492,0.18632478632478633,0.18705738705738706,0.1326007326007326,0.10451770451770452,0.1562881562881563,0.6654456654456654,0.2554334554334554,0.2,0.17533577533577532,0.8007326007326008,0.5728937728937729,0.28376068376068375,0.3738705738705739,0.4363858363858364,0.2564102564102564,0.49474969474969477,0.294993894993895,0.30158730158730157,0.09255189255189256,0.2564102564102564,0.8832722832722832,0.16483516483516483,0.30427350427350425,0.21025641025641026,0.6373626373626373,0.1308913308913309,0.0862026862026862,0.3028083028083028,0.5667887667887668,0.30305250305250303,0.4608058608058608
0.5821733821733822,0.4913308913308913,0.5284493284493285,0.44004884004884004,0.5216117216117216,0.44517704517704515,0.4014652014652015,0.5543345543345544,0.15677655677655677,0.7282051282051282,0.6615384615384615,0.5272283272283272,0.527960927960928,0.726984126984127,0.3833943833943834,0.15531135531135531,0.49694749694749696,0.3308913308913309,0.12551892551892552,0.548962148962149,0.6713064713064713,0.11306471306471307,0.2275946275946276,0.15775335775335775,0.47496947496947495,0.16312576312576313,0.17216117216117216,0.3606837606837607,0.6517704517704518,0.6366300366300366,0.32454212454212455,0.15286935286935288,0.2879120879120879,0.5970695970695971,0.43907203907203907,0.0862026862026862,0.4188034188034188,0.49523809523809526,0.09401709401709402,0.5382173382173382,0.22148962148962148,0.2537240537240537,0.4481074481074481,0.3218559218559219,0.22271062271062272,0.38363858363858366,0.14676434676434677,0.04371184371184371,0.17924297924297924,0.1824175824175824,0.13064713064713065,0.1028083028083028,0.1514041514041514,0.6588522588522588,0.28498168498168497,0.21147741147741148,0.16678876678876678,0.802930402930403,0.5787545787545788,0.2754578754578755,0.36117216117216117,0.43003663003663006,0.2485958485958486,0.5362637362637362,0.2847374847374847,0.33137973137973137,0.1137973137973138,0.24786324786324787,0.9045177045177045,0.18046398046398046,0.29255189255189257,0.23882783882783884,0.6327228327228327,0.12551892551892552,0.0844932844932845,0.29352869352869354,0.5487179487179488,0.29474969474969476,0.45274725274725275
0.5675213675213675,0.5174603174603175,0.544078144078144,0.43614163614163615,0.536996336996337,0.4332112332112332,0.389010989010989,0.5399267399267399,0.15115995115995115,0.7218559218559218,0.642002442002442,0.5286935286935287,0.5374847374847375,0.7318681318681318,0.41098901098901097,0.1807081807081807,0.4827838827838828,0.3426129426129426,0.12527472527472527,0.5389499389499389,0.652014652014652,0.11282051282051282,0.22124542124542124,0.15482295482295483,0.4634920634920635,0.15897435897435896,0.16678876678876678,0.3457875457875458,0.6351648351648351,0.6263736263736264,0.315018315018315,0.147985347985348,0.2800976800976801,0.6026862026862027,0.4261294261294261,0.08644688644688645,0.4056166056166056,0.48424908424908425,0.09157509157509157,0.5252747252747253,0.25982905982905985,0.24517704517704517,0.4805860805860806,0.36434676434676433,0.21684981684981686,0.3741147741147741,0.1457875457875458,0.05958485958485959,0.17387057387057386,0.1768009768009768,0.12869352869352868,0.1010989010989011,0.14725274725274726,0.6503052503052503,0.3218559218559219,0.22686202686202686,0.15824175824175823,0.8021978021978022,0.5816849816849817,0.2669108669108669,0.35018315018315016,0.421978021978022,0.2402930402930403,0.5731379731379731,0.2744810744810745,0.35873015873015873,0.14236874236874236,0.23931623931623933,0.9223443223443224,0.20146520146520147,0.28156288156288156,0.27277167277167275,0.6251526251526252,0.12014652014652015,0.08302808302808302,0.2844932844932845,0.5313797313797314,0.28669108669108667,0.442002442002442
0.5526251526251527,0.5411477411477411,0.557020757020757,0.4302808302808303,0.5504273504273505,0.4222222222222222,0.37533577533577533,0.5257631257631258,0.1457875457875458,0.7118437118437119,0.6246642246642247,0.5277167277167277,0.5455433455433455,0.7338217338217338,0.4363858363858364,0.21123321123321123,0.4695970695970696,0.34456654456654456,0.12698412698412698,0.5264957264957265,0.6317460317460317,0.11404151404151404,0.2148962148962149,0.1509157509157509,0.4517704517704518,0.15506715506715507,0.1619047619047619,0.33137973137973137,0.6173382173382174,0.6144078144078144,0.3047619047619048,0.14285714285714285,0.27228327228327226,0.6056166056166056,0.4134310134310134,0.08864468864468865,0.39316239316239315,0.47277167277167276,0.08937728937728938,0.5111111111111111,0.30207570207570206,0.23785103785103784,0.5123321123321123,0.40634920634920635,0.2105006105006105,0.3653235653235653,0.14358974358974358,0.08376068376068375,0.16971916971916973,0.1706959706959707,0.12747252747252746,0.09963369963369964,0.14407814407814407,0.6398046398046398,0.36336996336996336,0.24517704517704517,0.1496947496947497,0.7978021978021979,0.5814407814407815,0.25982905982905985,0.33992673992673994,0.41318681318681316,0.23223443223443224,0.6051282051282051,0.263980463980464,0.3833943833943834,0.17777777777777778,0.23076923076923078,0.9367521367521368,0.22735042735042735,0.27057387057387056,0.30573870573870576,0.6153846153846154,0.11477411477411477,0.08205128205128205,0.2754578754578755,0.5145299145299145,0.2788766788766789,0.4312576312576313
0.5377289377289377,0.5626373626373626,0.5672771672771673,0.4227106227106227,0.5623931623931624,0.4122100122100122,0.3614163614163614,0.5115995115995116,0.1409035409035409,0.6981684981684981,0.608058608058608,0.5252747252747253,0.5501831501831502,0.733089133089133,0.4593406593406593,0.24566544566544565,0.45665445665445664,0.3418803418803419,0.13015873015873017,0.5123321123321123,0.610989010989011,0.11819291819291819,0.2087912087912088,0.14652014652014653,0.4405372405372405,0.1514041514041514,0.15702075702075702,0.31697191697191696,0.6,0.5997557997557997,0.29426129426129427,0.13821733821733823,0.2647130647130647,0.6061050061050061,0.400976800976801,0.09304029304029304,0.37948717948717947,0.4610500610500611,0.08766788766788766,0.49621489621489623,0.3404151404151404,0.22954822954822954,0.5428571428571428,0.44590964590964594,0.20415140415140415,0.3567765567765568,0.1413919413919414,0.1115995115995116,0.16483516483516483,0.1641025641025641,0.12796092796092795,0.09816849816849817,0.14236874236874236,0.6263736263736264,0.40634920634920635,0.2656898656898657,0.1413919413919414,0.78998778998779,0.578021978021978,0.252991452991453,0.32893772893772893,0.40341880341880343,0.22417582417582418,0.6322344322344322,0.2537240537240537,0.4048840048840049,0.21855921855921856,0.22197802197802197,0.9477411477411477,0.2571428571428571,0.2617826617826618,0.337973137973138,0.6031746031746031,0.10989010989010989,0.0822954822954823,0.2664224664224664,0.4981684981684982,0.272039072039072,0.4197802197802198
0.5235653235653236,0.5816849816849817,0.5746031746031746,0.41318681318681316,0.5721611721611721,0.4014652014652015,0.34725274725274724,0.49792429792429793,0.13626373626373625,0.683028083028083,0.5912087912087912,0.5216117216117216,0.5533577533577534,0.7291819291819291,0.4796092796092796,0.283028083028083,0.44468864468864466,0.33577533577533575,0.13675213675213677,0.49694749694749696,0.5907203907203907,0.12576312576312576,0.20293040293040293,0.14212454212454212,0.4293040293040293,0.14847374847374847,0.15262515262515264,0.30305250305250303,0.5836385836385837,0.5833943833943834,0.2835164835164835,0.13382173382173382,0.2571428571428571,0.6034188034188034,0.389010989010989,0.10061050061050061,0.3658119658119658,0.4490842490842491,0.08571428571428572,0.4805860805860806,0.3763125763125763,0.22124542124542124,0.5709401709401709,0.4827838827838828,0.1978021978021978,0.3487179487179487,0.14017094017094017,0.14407814407814407,0.15946275946275945,0.157997557997558,0.13064713064713065,0.09645909645909646,0.14114774114774115,0.6112332112332113,0.4490842490842491,0.2874236874236874,0.1330891330891331,0.7787545787545788,0.5724053724053724,0.2454212454212454,0.3181929181929182,0.3934065934065934,0.21611721611721613,0.654945054945055,0.2437118437118437,0.42124542124542125,0.26275946275946277,0.2139194139194139,0.9557997557997558,0.2893772893772894,0.2537240537240537,0.3750915750915751,0.5882783882783883,0.10525030525030525,0.08522588522588523,0.2578754578754579,0.4822954822954823,0.2656898656898657,0.40634920634920635
0.5096459096459096,0.5985347985347985,0.5792429792429793,0.40244200244200246,0.578021978021978,0.3904761904761905,0.3333333333333333,0.48473748473748474,0.13162393162393163,0.6666666666666666,0.5743589743589743,0.5157509157509158,0.5540903540903541,0.7218559218559218,0.49743589743589745,0.32112332112332115,0.43394383394383396,0.3277167277167277,0.14774114774114774,0.4810744810744811,0.5709401709401709,0.13797313797313798,0.19829059829059828,0.13724053724053725,0.4183150183150183,0.14676434676434677,0.14847374847374847,0.2915750915750916,0.5658119658119658,0.5655677655677656,0.27326007326007323,0.12967032967032968,0.25054945054945055,0.598046398046398,0.378021978021978,0.11306471306471307,0.3523809523809524,0.4376068376068376,0.08376068376068375,0.46593406593406594,0.41514041514041516,0.21318681318681318,0.5968253968253968,0.5167277167277168,0.19194139194139195,0.34114774114774116,0.1413919413919414,0.18632478632478633,0.15384615384615385,0.1514041514041514,0.1365079365079365,0.09499389499389499,0.13968253968253969,0.5943833943833944,0.48986568986568985,0.3086691086691087,0.12551892551892552,0.7645909645909645,0.5643467643467643,0.2371184371184371,0.306959706959707,0.3831501831501832,0.20854700854700856,0.6732600732600733,0.23394383394383395,0.43394383394383396,0.3086691086691087,0.2061050061050061,0.9606837606837607,0.32283272283272285,0.24493284493284492,0.4134310134310134,0.5711843711843712,0.10036630036630037,0.09181929181929183,0.24932844932844933,0.4666666666666667,0.25860805860805863,0.3921855921855922
0.49645909645909647,0.6126984126984127,0.5807081807081808,0.3924297924297924,0.5814407814407815,0.37948717948717947,0.3199023199023199,0.4713064713064713,0.12869352869352868,0.6473748473748474,0.5575091575091575,0.5076923076923077,0.5531135531135531,0.7113553113553114,0.513064713064713,0.35433455433455435,0.4222222222222222,0.31916971916971915,0.16385836385836386,0.46495726495726497,0.5518925518925519,0.15506715506715507,0.1943833943833944,0.13284493284493284,0.4073260073260073,0.147008547008547,0.14481074481074482,0.28156288156288156,0.5477411477411478,0.5470085470085471,0.2634920634920635,0.12576312576312576,0.24395604395604395,0.5904761904761905,0.36800976800976803,0.13113553113553114,0.33943833943833945,0.42637362637362636,0.08205128205128205,0.4525030525030525,0.4542124542124542,0.2056166056166056,0.6202686202686203,0.5474969474969476,0.18608058608058609,0.3333333333333333,0.14481074481074482,0.23565323565323565,0.14847374847374847,0.1452991452991453,0.14725274725274726,0.09352869352869353,0.13821733821733823,0.577045177045177,0.5277167277167277,0.3282051282051282,0.11794871794871795,0.748962148962149,0.5538461538461539,0.2288156288156288,0.2962148962148962,0.4061050061050061,0.20122100122100123,0.6879120879120879,0.22612942612942613,0.44590964590964594,0.3540903540903541,0.19877899877899877,0.9621489621489622,0.3516483516483517,0.23565323565323565,0.4507936507936508,0.5523809523809524,0.09597069597069598,0.10305250305250305,0.24126984126984127,0.45274725274725275,0.2515262515262515,0.37777777777777777
0.48376068376068376,0.6244200244200244,0.5787545787545788,0.38266178266178263,0.5838827838827839,0.3682539682539683,0.306959706959707,0.45836385836385835,0.12673992673992673,0.6263736263736264,0.5406593406593406,0.4976800976800977,0.5511599511599512,0.6984126984126984,0.5245421245421246,0.38461538461538464,0.41025641025641024,0.31062271062271063,0.18534798534798536,0.44884004884004886,0.5343101343101343,0.17387057387057386,0.18998778998778998,0.12844932844932844,0.39658119658119656,0.15067155067155066,0.14212454212454212,0.2703296703296703,0.5301587301587302,0.5286935286935287,0.25396825396825395,0.12185592185592185,0.23833943833943835,0.580952380952381,0.35702075702075703,0.15555555555555556,0.32625152625152626,0.41562881562881565,0.08180708180708181,0.4385836385836386,0.4918192918192918,0.19853479853479852,0.6412698412698413,0.5753357753357753,0.18046398046398046,0.326984126984127,0.15042735042735042,0.2893772893772894,0.14334554334554334,0.1391941391941392,0.1641025641025641,0.09206349206349207,0.13675213675213677,0.558974358974359,0.5623931623931624,0.34505494505494505,0.11233211233211234,0.7316239316239316,0.5406593406593406,0.2205128205128205,0.2857142857142857,0.4444444444444444,0.19291819291819293,0.6967032967032967,0.21978021978021978,0.4568986568986569,0.39755799755799753,0.19194139194139195,0.9604395604395605,0.3775335775335775,0.22686202686202686,0.4852258852258852,0.5321123321123321,0.09181929181929183,0.1199023199023199,0.2336996336996337,0.44004884004884004,0.24444444444444444,0.36385836385836384
0.4713064713064713,0.6329670329670329,0.5746031746031746,0.37264957264957266,0.5843711843711844,0.3572649572649573,0.2945054945054945,0.44542124542124545,0.12380952380952381,0.6048840048840048,0.5245421245421246,0.4862026862026862,0.5462759462759462,0.6827838827838828,0.5330891330891331,0.4166056166056166,0.3978021978021978,0.30207570207570206,0.21245421245421245,0.43394383394383396,0.5172161172161173,0.1960927960927961,0.18534798534798536,0.1242979242979243,0.3855921855921856,0.15824175824175823,0.14065934065934066,0.2590964590964591,0.5133089133089133,0.5106227106227106,0.24517704517704517,0.11843711843711843,0.23125763125763127,0.5699633699633699,0.3457875457875458,0.18656898656898657,0.3133089133089133,0.4061050061050061,0.08302808302808302,0.42466422466422465,0.526984126984127,0.1916971916971917,0.6595848595848596,0.6004884004884005,0.17606837606837608,0.32112332112332115,0.1597069597069597,0.3452991452991453,0.13821733821733823,0.1330891330891331,0.1873015873015873,0.09181929181929183,0.13504273504273503,0.5406593406593406,0.5934065934065934,0.3584859584859585,0.1076923076923077,0.7120879120879121,0.526007326007326,0.21245421245421245,0.2754578754578755,0.45616605616605616,0.18583638583638584,0.7013431013431013,0.21196581196581196,0.46593406593406594,0.43785103785103785,0.1851037851037851,0.9545787545787546,0.40463980463980465,0.21782661782661783,0.5164835164835165,0.5118437118437118,0.0884004884004884,0.1426129426129426,0.2275946275946276,0.4261294261294261,0.23785103785103784,0.35067155067155065
0.45885225885225883,0.6378510378510378,0.5684981684981685,0.3626373626373626,0.5826617826617827,0.3465201465201465,0.2822954822954823,0.43272283272283274,0.12112332112332112,0.582905982905983,0.5081807081807082,0.47374847374847373,0.5362637362637362,0.6666666666666666,0.5416361416361416,0.44835164835164837,0.38534798534798537,0.29352869352869354,0.2437118437118437,0.4192918192918193,0.5018315018315018,0.22417582417582418,0.18095238095238095,0.12161172161172161,0.37435897435897436,0.16874236874236875,0.1391941391941392,0.24835164835164836,0.4976800976800977,0.4932844932844933,0.23663003663003662,0.11526251526251527,0.22466422466422467,0.5572649572649573,0.33455433455433453,0.2231990231990232,0.3006105006105006,0.3968253968253968,0.08522588522588523,0.41147741147741146,0.5594627594627595,0.18485958485958487,0.6752136752136753,0.6231990231990232,0.1724053724053724,0.31477411477411477,0.17338217338217338,0.4004884004884005,0.1330891330891331,0.12747252747252746,0.21611721611721613,0.09206349206349207,0.1330891330891331,0.5230769230769231,0.6205128205128205,0.36800976800976803,0.10256410256410256,0.6910866910866911,0.5094017094017094,0.2043956043956044,0.2656898656898657,0.4551892551892552,0.1807081807081807,0.7047619047619048,0.20415140415140415,0.473015873015873,0.47448107448107446,0.18021978021978022,0.9452991452991453,0.4307692307692308,0.20976800976800977,0.5443223443223443,0.4918192918192918,0.08571428571428572,0.16654456654456654,0.22271062271062272,0.4122100122100122,0.23125763125763127,0.3384615384615385
0.44664224664224667,0.6388278388278388,0.55995115995116,0.3755799755799756,0.5787545787545788,0.33528693528693526,0.2708180708180708,0.42002442002442003,0.11965811965811966,0.5614163614163614,0.49230769230769234,0.46007326007326005,0.5257631257631258,0.6498168498168498,0.5492063492063493,0.47814407814407817,0.3728937728937729,0.2852258852258852,0.2778998778998779,0.40586080586080586,0.4874236874236874,0.25665445665445663,0.17655677655677657,0.12087912087912088,0.3636141636141636,0.18217338217338216,0.13821733821733823,0.23809523809523808,0.48253968253968255,0.47692307692307695,0.2288156288156288,0.11306471306471307,0.22026862026862026,0.5433455433455433,0.3235653235653236,0.263980463980464,0.2886446886446886,0.38754578754578756,0.09010989010989011,0.3987789987789988,0.5892551892551893,0.17875457875457876,0.6881562881562882,0.64004884004884,0.16800976800976802,0.30842490842490844,0.19194139194139195,0.45323565323565324,0.12844932844932844,0.12234432234432234,0.24517704517704517,0.09181929181929183,0.13137973137973138,0.5054945054945055,0.6446886446886447,0.3738705738705739,0.09645909645909646,0.6691086691086691,0.49206349206349204,0.19658119658119658,0.25665445665445663,0.44761904761904764,0.1768009768009768,0.7062271062271063,0.1960927960927961,0.4783882783882784,0.5074481074481074,0.17606837606837608,0.9343101343101343,0.4551892551892552,0.20170940170940171,0.5682539682539682,0.4725274725274725,0.08473748473748474,0.19291819291819293,0.21733821733821734,0.39829059829059826,0.22515262515262516,0.3274725274725275
0.43565323565323566,0.6363858363858363,0.54993894993895,0.4,0.5726495726495726,0.32405372405372407,0.2595848595848596,0.40854700854700854,0.12014652014652015,0.5404151404151404,0.4764346764346764,0.4461538461538462,0.517948717948718,0.6315018315018315,0.5555555555555556,0.505982905982906,0.3609279609279609,0.27692307692307694,0.31404151404151404,0.39438339438339437,0.47228327228327227,0.2910866910866911,0.17216117216117216,0.12307692307692308,0.3540903540903541,0.20146520146520147,0.13968253968253969,0.22832722832722832,0.46813186813186813,0.46153846153846156,0.22148962148962148,0.11330891330891331,0.21587301587301588,0.5286935286935287,0.31306471306471306,0.30744810744810747,0.27692307692307694,0.37777777777777777,0.0989010989010989,0.38632478632478634,0.6161172161172161,0.1724053724053724,0.6964590964590964,0.6532356532356532,0.16361416361416362,0.3018315018315018,0.21562881562881564,0.5025641025641026,0.1242979242979243,0.11868131868131868,0.2754578754578755,0.09084249084249084,0.12967032967032968,0.4891330891330891,0.6656898656898657,0.3768009768009768,0.0905982905982906,0.6473748473748474,0.4742368742368742,0.189010989010989,0.24786324786324787,0.4376068376068376,0.17362637362637362,0.7052503052503053,0.18852258852258852,0.4818070818070818,0.5321123321123321,0.1711843711843712,0.9211233211233211,0.4766788766788767,0.1943833943833944,0.589010989010989,0.4542124542124542,0.08644688644688645,0.22515262515262516,0.21172161172161172,0.38461538461538464,0.2188034188034188,0.3181929181929182
0.4253968253968254,0.6317460317460317,0.5387057387057387,0.4070818070818071,0.5645909645909646,0.3128205128205128,0.2485958485958486,0.3978021978021978,0.12454212454212454,0.5206349206349207,0.4608058608058608,0.43272283272283274,0.5086691086691086,0.6122100122100123,0.5594627594627595,0.5306471306471306,0.3492063492063492,0.26886446886446885,0.35018315018315016,0.3838827838827839,0.4568986568986569,0.32625152625152626,0.16800976800976802,0.12844932844932844,0.34554334554334554,0.2253968253968254,0.14407814407814407,0.21904761904761905,0.4542124542124542,0.44713064713064715,0.21562881562881564,0.115995115995116,0.21196581196581196,0.5142857142857142,0.3028083028083028,0.3516483516483517,0.2661782661782662,0.36800976800976803,0.11257631257631258,0.37435897435897436,0.6402930402930402,0.1663003663003663,0.7013431013431013,0.6669108669108669,0.15897435897435896,0.29523809523809524,0.2437118437118437,0.5477411477411478,0.1203907203907204,0.11648351648351649,0.31184371184371185,0.09010989010989011,0.12796092796092795,0.4735042735042735,0.6808302808302809,0.3768009768009768,0.08473748473748474,0.6258852258852259,0.45714285714285713,0.18192918192918192,0.23956043956043957,0.4278388278388278,0.16947496947496948,0.7018315018315018,0.18095238095238095,0.4827838827838828,0.5518925518925519,0.1663003663003663,0.9054945054945055,0.4954822954822955,0.18754578754578755,0.6063492063492063,0.43736263736263736,0.09157509157509157,0.2608058608058608,0.2061050061050061,0.37094017094017095,0.21318681318681318,0.3094017094017094
0.4146520146520147,0.6239316239316239,0.5264957264957265,0.4061050061050061,0.5548229548229549,0.3018315018315018,0.2398046398046398,0.38632478632478634,0.13357753357753357,0.5018315018315018,0.44542124542124545,0.4205128205128205,0.49401709401709404,0.5929181929181929,0.5609279609279609,0.5531135531135531,0.3374847374847375,0.2605616605616606,0.3811965811965812,0.37264957264957266,0.4415140415140415,0.36117216117216117,0.16385836385836386,0.13821733821733823,0.33601953601953605,0.252991452991453,0.15286935286935288,0.21025641025641026,0.441025641025641,0.4332112332112332,0.2105006105006105,0.12185592185592185,0.2083028083028083,0.5001221001221001,0.29304029304029305,0.39536019536019534,0.25616605616605614,0.35824175824175825,0.13162393162393163,0.36288156288156287,0.6617826617826618,0.16214896214896216,0.7052503052503053,0.6796092796092796,0.1540903540903541,0.28888888888888886,0.27521367521367524,0.589010989010989,0.11819291819291819,0.11306471306471307,0.35115995115995113,0.08888888888888889,0.12576312576312576,0.4598290598290598,0.6923076923076923,0.3738705738705739,0.07912087912087912,0.6051282051282051,0.4405372405372405,0.17484737484737484,0.23296703296703297,0.41855921855921857,0.16507936507936508,0.6954822954822955,0.17435897435897435,0.4818070818070818,0.5716727716727716,0.16166056166056167,0.8871794871794871,0.512087912087912,0.18144078144078143,0.6207570207570208,0.4231990231990232,0.10036630036630037,0.2979242979242979,0.2004884004884005,0.3572649572649573,0.20781440781440783,0.30158730158730157
0.4039072039072039,0.6134310134310135,0.5142857142857142,0.4014652014652015,0.5433455433455433,0.29304029304029305,0.23174603174603176,0.3741147741147741,0.14774114774114774,0.484004884004884,0.43003663003663006,0.40927960927960927,0.4771672771672772,0.5743589743589743,0.55995115995116,0.5728937728937729,0.326007326007326,0.25225885225885225,0.4087912087912088,0.36117216117216117,0.42588522588522587,0.39438339438339437,0.15995115995115994,0.1540903540903541,0.32673992673992674,0.28327228327228327,0.1663003663003663,0.20170940170940171,0.4275946275946276,0.42075702075702076,0.20463980463980463,0.13284493284493284,0.2043956043956044,0.4862026862026862,0.28327228327228327,0.43785103785103785,0.24786324786324787,0.34847374847374846,0.15677655677655677,0.3514041514041514,0.6803418803418804,0.1597069597069597,0.7064713064713065,0.6910866910866911,0.1496947496947497,0.2822954822954823,0.3089133089133089,0.6258852258852259,0.11672771672771673,0.10964590964590964,0.3912087912087912,0.08766788766788766,0.12380952380952381,0.4473748473748474,0.7040293040293041,0.3677655677655678,0.07374847374847375,0.5853479853479854,0.4249084249084249,0.16825396825396827,0.22735042735042735,0.4078144078144078,0.16092796092796094,0.6866910866910867,0.16800976800976802,0.4783882783882784,0.5897435897435898,0.15677655677655677,0.8664224664224665,0.526007326007326,0.17533577533577532,0.6305250305250305,0.41098901098901097,0.11477411477411477,0.33455433455433453,0.19462759462759463,0.3384615384615385,0.20293040293040293,0.29523809523809524
0.39316239316239315,0.6,0.5020757020757021,0.3951159951159951,0.5308913308913309,0.28498168498168497,0.2231990231990232,0.3623931623931624,0.16776556776556775,0.46715506715506716,0.4166056166056166,0.398046398046398,0.4656898656898657,0.5560439560439561,0.5560439560439561,0.58998778998779,0.31477411477411477,0.2454212454212454,0.43785103785103785,0.34945054945054943,0.41025641025641024,0.4253968253968254,0.1562881562881563,0.1768009768009768,0.3172161172161172,0.3145299145299145,0.18485958485958487,0.19365079365079366,0.4148962148962149,0.4095238095238095,0.19853479853479852,0.14993894993894993,0.2004884004884005,0.47277167277167276,0.273992673992674,0.4783882783882784,0.2407814407814408,0.3387057387057387,0.1873015873015873,0.3396825396825397,0.6962148962148962,0.15775335775335775,0.7047619047619048,0.7006105006105006,0.14554334554334555,0.27594627594627597,0.3435897435897436,0.6581196581196581,0.11452991452991453,0.10598290598290598,0.4307692307692308,0.08644688644688645,0.12283272283272283,0.4346764346764347,0.715018315018315,0.3584859584859585,0.06886446886446887,0.5665445665445665,0.41025641025641024,0.16361416361416362,0.221001221001221,0.3973137973137973,0.15702075702075702,0.6752136752136753,0.16214896214896216,0.47277167277167276,0.6056166056166056,0.15213675213675212,0.8437118437118437,0.5374847374847375,0.16971916971916973,0.6371184371184371,0.3987789987789988,0.13577533577533576,0.3694749694749695,0.189010989010989,0.31746031746031744,0.19829059829059828,0.28962148962148965
0.3819291819291819,0.5843711843711844,0.4905982905982906,0.38803418803418804,0.5181929181929182,0.27643467643467645,0.21416361416361415,0.35067155067155065,0.19365079365079366,0.4525030525030525,0.4043956043956044,0.3873015873015873,0.45714285714285713,0.5384615384615384,0.54993894993895,0.6046398046398046,0.30573870573870576,0.23956043956043957,0.4666666666666667,0.336996336996337,0.39487179487179486,0.4537240537240537,0.15286935286935288,0.2056166056166056,0.3076923076923077,0.346031746031746,0.2083028083028083,0.18632478632478633,0.4039072039072039,0.39755799755799753,0.19194139194139195,0.1746031746031746,0.19706959706959706,0.46007326007326005,0.26544566544566545,0.5115995115995116,0.23272283272283273,0.3286935286935287,0.22148962148962148,0.3277167277167277,0.7064713064713065,0.15775335775335775,0.6996336996336996,0.7076923076923077,0.14188034188034188,0.26935286935286934,0.3775335775335775,0.6803418803418804,0.11233211233211234,0.10256410256410256,0.4683760683760684,0.08522588522588523,0.12258852258852258,0.421978021978022,0.724053724053724,0.34676434676434675,0.06373626373626373,0.5482295482295483,0.3963369963369963,0.15995115995115994,0.2144078144078144,0.3868131868131868,0.15335775335775337,0.6612942612942613,0.15677655677655677,0.46544566544566546,0.6190476190476191,0.14725274725274726,0.8195360195360195,0.5462759462759462,0.16556776556776556,0.6434676434676435,0.3865689865689866,0.16361416361416362,0.4017094017094017,0.18363858363858365,0.3018315018315018,0.19462759462759463,0.28376068376068375
0.3706959706959707,0.567032967032967,0.4793650793650794,0.38046398046398044,0.5067155067155067,0.2673992673992674,0.20488400488400488,0.33943833943833945,0.22466422466422467,0.43907203907203907,0.39096459096459096,0.3768009768009768,0.4444444444444444,0.5216117216117216,0.5416361416361416,0.6168498168498169,0.2971916971916972,0.23272283272283273,0.49352869352869355,0.32454212454212455,0.37997557997557996,0.47912087912087914,0.1496947496947497,0.23956043956043957,0.2989010989010989,0.37704517704517704,0.23565323565323565,0.18095238095238095,0.3938949938949939,0.3851037851037851,0.18534798534798536,0.2061050061050061,0.1934065934065934,0.4481074481074481,0.2583638583638584,0.5399267399267399,0.22417582417582418,0.3189255189255189,0.25860805860805863,0.31746031746031744,0.7128205128205128,0.16166056166056167,0.6910866910866911,0.7118437118437119,0.13821733821733823,0.26275946275946277,0.4061050061050061,0.7001221001221001,0.10989010989010989,0.0989010989010989,0.503052503052503,0.08424908424908426,0.12136752136752137,0.4095238095238095,0.7316239316239316,0.33284493284493283,0.059096459096459095,0.5306471306471306,0.3848595848595849,0.15604395604395604,0.20781440781440783,0.3763125763125763,0.14993894993894993,0.6451770451770452,0.15213675213675212,0.4568986568986569,0.6295482295482295,0.14285714285714285,0.7946275946275946,0.5528693528693529,0.16263736263736264,0.6485958485958486,0.37484737484737485,0.1973137973137973,0.43052503052503055,0.1794871794871795,0.28913308913308916,0.19194139194139195,0.27765567765567767
0.3597069597069597,0.5482295482295483,0.4683760683760684,0.3724053724053724,0.495970695970696,0.25811965811965815,0.1960927960927961,0.3286935286935287,0.2549450549450549,0.4249084249084249,0.3775335775335775,0.367032967032967,0.43272283272283274,0.505006105006105,0.5313797313797314,0.6249084249084249,0.2879120879120879,0.2253968253968254,0.5223443223443224,0.3120879120879121,0.36556776556776555,0.5018315018315018,0.14774114774114774,0.2774114774114774,0.2905982905982906,0.40634920634920635,0.2656898656898657,0.17777777777777778,0.3824175824175824,0.37264957264957266,0.178998778998779,0.24395604395604395,0.19023199023199022,0.43614163614163615,0.25225885225885225,0.5702075702075702,0.2153846153846154,0.3089133089133089,0.2967032967032967,0.3076923076923077,0.7181929181929182,0.17045177045177046,0.6793650793650794,0.7128205128205128,0.13504273504273503,0.2564102564102564,0.4307692307692308,0.7189255189255189,0.1072039072039072,0.09572649572649573,0.5343101343101343,0.08302808302808302,0.1199023199023199,0.3973137973137973,0.7367521367521368,0.31746031746031744,0.054945054945054944,0.515018315018315,0.37484737484737485,0.15213675213675212,0.20195360195360196,0.3658119658119658,0.14676434676434677,0.6278388278388278,0.1492063492063492,0.44713064713064715,0.6376068376068376,0.1387057387057387,0.7697191697191698,0.5560439560439561,0.1592185592185592,0.6515262515262515,0.36288156288156287,0.23565323565323565,0.45616605616605616,0.17802197802197803,0.27936507936507937,0.18876678876678876,0.2713064713064713
0.3487179487179487,0.5284493284493285,0.4581196581196581,0.3653235653235653,0.48473748473748474,0.24932844932844933,0.18754578754578755,0.3189255189255189,0.2852258852258852,0.4105006105006105,0.3641025641025641,0.3572649572649573,0.4236874236874237,0.4888888888888889,0.5194139194139195,0.63003663003663,0.2783882783882784,0.21831501831501832,0.5511599511599512,0.29987789987789987,0.3514041514041514,0.5221001221001221,0.14652014652014653,0.3172161172161172,0.2822954822954823,0.43345543345543347,0.29743589743589743,0.17533577533577532,0.3706959706959707,0.35995115995115995,0.1724053724053724,0.28644688644688643,0.1873015873015873,0.4249084249084249,0.24517704517704517,0.6,0.2070818070818071,0.2989010989010989,0.33015873015873015,0.29645909645909646,0.7211233211233211,0.1851037851037851,0.6644688644688644,0.7111111111111111,0.13211233211233211,0.25103785103785103,0.4568986568986569,0.7311355311355311,0.10451770451770452,0.0927960927960928,0.5619047619047619,0.08180708180708181,0.11843711843711843,0.3848595848595849,0.7401709401709402,0.30158730158730157,0.05128205128205128,0.5006105006105006,0.3641025641025641,0.147985347985348,0.19633699633699633,0.35555555555555557,0.14358974358974358,0.6095238095238096,0.147008547008547,0.43565323565323566,0.6427350427350428,0.1347985347985348,0.7448107448107448,0.5567765567765568,0.15531135531135531,0.652014652014652,0.3514041514041514,0.27692307692307694,0.4783882783882784,0.18095238095238095,0.26886446886446885,0.18534798534798536,0.26495726495726496
0.337973137973138,0.5086691086691086,0.44884004884004886,0.3584859584859585,0.4735042735042735,0.2402930402930403,0.17924297924297924,0.31062271062271063,0.32063492063492066,0.3960927960927961,0.3514041514041514,0.34798534798534797,0.4141636141636142,0.47277167277167276,0.5074481074481074,0.6346764346764346,0.26935286935286934,0.21147741147741148,0.5741147741147741,0.28766788766788765,0.337973137973138,0.5372405372405372,0.14481074481074482,0.3572649572649573,0.2744810744810745,0.4586080586080586,0.3252747252747253,0.17484737484737484,0.3584859584859585,0.3474969474969475,0.1663003663003663,0.3316239316239316,0.18534798534798536,0.4148962148962149,0.23785103785103784,0.6285714285714286,0.199023199023199,0.28913308913308916,0.3601953601953602,0.28498168498168497,0.7211233211233211,0.2061050061050061,0.6471306471306472,0.7062271062271063,0.12942612942612944,0.24664224664224665,0.48205128205128206,0.7431013431013431,0.10207570207570207,0.09010989010989011,0.5865689865689866,0.08083028083028083,0.11721611721611722,0.37264957264957266,0.7409035409035409,0.28595848595848594,0.05054945054945055,0.48547008547008547,0.35311355311355314,0.14407814407814407,0.1907203907203907,0.34554334554334554,0.1409035409035409,0.5924297924297924,0.14407814407814407,0.4231990231990232,0.644932844932845,0.13113553113553114,0.7223443223443223,0.5565323565323566,0.15115995115995115,0.6500610500610501,0.33992673992673994,0.31916971916971915,0.49743589743589745,0.18852258852258852,0.25860805860805863,0.18217338217338216,0.2583638583638584
0.32722832722832723,0.4896214896214896,0.441025641025641,0.35067155067155065,0.46251526251526254,0.23174603174603176,0.1711843711843712,0.30427350427350425,0.35824175824175825,0.38168498168498166,0.33943833943833945,0.3384615384615385,0.4017094017094017,0.4586080586080586,0.4954822954822955,0.6383394383394383,0.2600732600732601,0.20463980463980463,0.5926739926739927,0.27594627594627597,0.32625152625152626,0.548962148962149,0.1426129426129426,0.39658119658119656,0.26666666666666666,0.47863247863247865,0.35067155067155065,0.1772893772893773,0.3465201465201465,0.3355311355311355,0.16043956043956045,0.37777777777777777,0.18534798534798536,0.40586080586080586,0.23028083028083027,0.6544566544566545,0.19145299145299147,0.28083028083028083,0.3921855921855922,0.27326007326007323,0.7181929181929182,0.23321123321123322,0.6275946275946276,0.6984126984126984,0.12796092796092795,0.24151404151404152,0.5047619047619047,0.7531135531135531,0.09987789987789988,0.08766788766788766,0.608058608058608,0.08131868131868132,0.115995115995116,0.3606837606837607,0.7394383394383395,0.2713064713064713,0.051770451770451774,0.47057387057387057,0.3423687423687424,0.14017094017094017,0.18534798534798536,0.33577533577533575,0.13846153846153847,0.5758241758241758,0.1409035409035409,0.4105006105006105,0.6446886446886447,0.12747252747252746,0.7013431013431013,0.5526251526251527,0.14725274725274726,0.6456654456654457,0.3286935286935287,0.3606837606837607,0.5133089133089133,0.20146520146520147,0.2515262515262515,0.17875457875457876,0.25225885225885225
0.31697191697191696,0.47277167277167276,0.43272283272283274,0.34163614163614164,0.4517704517704518,0.22393162393162394,0.16336996336996337,0.29987789987789987,0.3963369963369963,0.3672771672771673,0.3277167277167277,0.3291819291819292,0.38803418803418804,0.44542124542124545,0.4827838827838828,0.6393162393162393,0.2515262515262515,0.19829059829059828,0.608058608058608,0.2647130647130647,0.3155067155067155,0.5609279609279609,0.14065934065934066,0.43345543345543347,0.2595848595848596,0.4954822954822955,0.378021978021978,0.18363858363858365,0.3343101343101343,0.32332112332112334,0.15482295482295483,0.42295482295482295,0.18803418803418803,0.3963369963369963,0.22295482295482297,0.6783882783882784,0.1838827838827839,0.2737484737484738,0.4236874236874237,0.2612942612942613,0.7120879120879121,0.26544566544566545,0.6068376068376068,0.6884004884004884,0.12698412698412698,0.23614163614163614,0.525030525030525,0.7611721611721611,0.09768009768009768,0.08571428571428572,0.6236874236874237,0.08205128205128205,0.11477411477411477,0.34847374847374846,0.7352869352869353,0.2605616605616606,0.05445665445665446,0.45567765567765567,0.3316239316239316,0.13675213675213677,0.18046398046398046,0.32625152625152626,0.13724053724053725,0.5584859584859585,0.13724053724053725,0.3978021978021978,0.6415140415140416,0.12551892551892552,0.6798534798534799,0.5477411477411478,0.14383394383394382,0.6385836385836385,0.31746031746031744,0.4,0.5242979242979243,0.2231990231990232,0.24395604395604395,0.17533577533577532,0.2459096459096459
0.306959706959707,0.45787545787545786,0.4244200244200244,0.33186813186813185,0.4415140415140415,0.21611721611721613,0.15604395604395604,0.29816849816849816,0.4332112332112332,0.3536019536019536,0.31697191697191696,0.3203907203907204,0.3785103785103785,0.4312576312576313,0.46984126984126984,0.6385836385836385,0.24346764346764346,0.19194139194139195,0.6207570207570208,0.25347985347985347,0.3035409035409035,0.5714285714285714,0.13846153846153847,0.4673992673992674,0.25396825396825395,0.513064713064713,0.40512820512820513,0.19462759462759463,0.3225885225885226,0.31135531135531136,0.1492063492063492,0.4608058608058608,0.19413919413919414,0.3865689865689866,0.21587301587301588,0.6996336996336996,0.17655677655677657,0.2661782661782662,0.4537240537240537,0.24981684981684982,0.7023199023199023,0.30158730158730157,0.5858363858363859,0.6761904761904762,0.12527472527472527,0.23101343101343103,0.5431013431013431,0.7658119658119659,0.09572649572649573,0.08376068376068375,0.6358974358974359,0.08180708180708181,0.11404151404151404,0.3367521367521368,0.7286935286935287,0.2515262515262515,0.060805860805860805,0.44126984126984126,0.32112332112332115,0.1343101343101343,0.17582417582417584,0.31697191697191696,0.13577533577533576,0.5411477411477411,0.13382173382173382,0.38534798534798537,0.6351648351648351,0.12405372405372406,0.6586080586080586,0.5431013431013431,0.13992673992673993,0.6288156288156288,0.30622710622710625,0.43174603174603177,0.5318681318681319,0.25445665445665444,0.2358974358974359,0.17216117216117216,0.2398046398046398
0.29865689865689865,0.4424908424908425,0.4163614163614164,0.3221001221001221,0.4312576312576313,0.20854700854700856,0.1492063492063492,0.2989010989010989,0.4686202686202686,0.3396825396825397,0.3064713064713065,0.3115995115995116,0.3724053724053724,0.4163614163614164,0.4568986568986569,0.6351648351648351,0.23565323565323565,0.18608058608058609,0.6302808302808303,0.2442002442002442,0.29181929181929184,0.57997557997558,0.136996336996337,0.4981684981684982,0.24932844932844933,0.5294261294261294,0.4307692307692308,0.210989010989011,0.31062271062271063,0.2993894993894994,0.14358974358974358,0.4932844932844933,0.20415140415140415,0.3768009768009768,0.2087912087912088,0.717948717948718,0.16947496947496948,0.2583638583638584,0.4810744810744811,0.23833943833943835,0.6898656898656899,0.3396825396825397,0.567032967032967,0.6617826617826618,0.12307692307692308,0.22612942612942613,0.5587301587301587,0.7672771672771673,0.09352869352869353,0.08302808302808302,0.6478632478632479,0.08131868131868132,0.11306471306471307,0.3247863247863248,0.7194139194139194,0.24297924297924298,0.07252747252747253,0.42637362637362636,0.31062271062271063,0.13382173382173382,0.17094017094017094,0.3089133089133089,0.13382173382173382,0.5238095238095238,0.13064713064713065,0.3738705738705739,0.6266178266178266,0.12161172161172161,0.6383394383394383,0.535042735042735,0.13626373626373625,0.6166056166056166,0.294993894993895,0.45836385836385835,0.5389499389499389,0.29474969474969476,0.22808302808302808,0.168986568986569,0.2336996336996337
0.2910866910866911,0.4275946275946276,0.40854700854700854,0.3120879120879121,0.4214896214896215,0.20146520146520147,0.14407814407814407,0.3013431013431013,0.5023199023199023,0.32576312576312577,0.2967032967032967,0.30305250305250303,0.36288156288156287,0.4017094017094017,0.44395604395604393,0.6295482295482295,0.22857142857142856,0.18021978021978022,0.6371184371184371,0.23614163614163614,0.2796092796092796,0.5865689865689866,0.13626373626373625,0.5221001221001221,0.2437118437118437,0.5448107448107448,0.4547008547008547,0.23223443223443224,0.29914529914529914,0.2879120879120879,0.13968253968253969,0.5272283272283272,0.21953601953601953,0.367032967032967,0.20195360195360196,0.7335775335775335,0.16312576312576313,0.2507936507936508,0.505982905982906,0.22735042735042735,0.6747252747252748,0.3785103785103785,0.5496947496947497,0.6451770451770452,0.12112332112332112,0.22148962148962148,0.5714285714285714,0.7658119658119659,0.09157509157509157,0.08302808302808302,0.6586080586080586,0.08083028083028083,0.11233211233211234,0.31306471306471306,0.708913308913309,0.2354090354090354,0.09084249084249084,0.41196581196581195,0.3001221001221001,0.1365079365079365,0.1663003663003663,0.30158730158730157,0.13235653235653236,0.5076923076923077,0.12747252747252746,0.36288156288156287,0.6161172161172161,0.11892551892551892,0.6183150183150183,0.5247863247863248,0.13235653235653236,0.6024420024420024,0.2857142857142857,0.48424908424908425,0.5443223443223443,0.34163614163614164,0.22026862026862026,0.16605616605616605,0.22735042735042735
0.283028083028083,0.4134310134310134,0.4004884004884005,0.30207570207570206,0.41196581196581195,0.19462759462759463,0.13992673992673993,0.30622710622710625,0.5340659340659341,0.31184371184371185,0.2874236874236874,0.29572649572649573,0.35311355311355314,0.3865689865689866,0.4315018315018315,0.6217338217338217,0.22148962148962148,0.1746031746031746,0.64004884004884,0.22735042735042735,0.2678876678876679,0.5907203907203907,0.13675213675213677,0.5413919413919414,0.23809523809523808,0.5584859584859585,0.47619047619047616,0.2576312576312576,0.28815628815628813,0.2783882783882784,0.13724053724053725,0.5601953601953602,0.24004884004884006,0.35946275946275946,0.19511599511599512,0.746031746031746,0.15824175824175823,0.24346764346764346,0.527960927960928,0.21684981684981686,0.6576312576312576,0.41196581196581195,0.5316239316239316,0.6275946275946276,0.11892551892551892,0.2170940170940171,0.5814407814407815,0.7611721611721611,0.09084249084249084,0.0822954822954823,0.6671550671550671,0.08131868131868132,0.1115995115995116,0.3032967032967033,0.6964590964590964,0.2288156288156288,0.11648351648351649,0.3978021978021978,0.28913308913308916,0.14334554334554334,0.16312576312576313,0.2932844932844933,0.1308913308913309,0.4925518925518926,0.12454212454212454,0.35262515262515265,0.6031746031746031,0.115995115995116,0.5995115995115995,0.5123321123321123,0.12869352869352868,0.5868131868131868,0.2774114774114774,0.5081807081807082,0.5474969474969476,0.3934065934065934,0.2126984126984127,0.16312576312576313,0.22148962148962148
0.27472527472527475,0.3992673992673993,0.39267399267399267,0.29181929181929184,0.40244200244200246,0.1894993894993895,0.13504273504273503,0.3133089133089133,0.5631257631257631,0.29816849816849816,0.2796092796092796,0.28888888888888886,0.346031746031746,0.37191697191697193,0.4197802197802198,0.6117216117216118,0.21465201465201464,0.1706959706959707,0.64004884004884,0.21831501831501832,0.25665445665445663,0.5924297924297924,0.13943833943833944,0.5609279609279609,0.23272283272283273,0.5699633699633699,0.494993894993895,0.28595848595848594,0.2774114774114774,0.2703296703296703,0.1343101343101343,0.590964590964591,0.2656898656898657,0.3528693528693529,0.18876678876678876,0.755067155067155,0.15482295482295483,0.2358974358974359,0.5477411477411478,0.2061050061050061,0.6398046398046398,0.442002442002442,0.5142857142857142,0.6092796092796092,0.11672771672771673,0.2126984126984127,0.5882783882783883,0.7533577533577533,0.09084249084249084,0.08205128205128205,0.6737484737484738,0.08351648351648351,0.11184371184371185,0.2945054945054945,0.6818070818070818,0.2231990231990232,0.14822954822954823,0.38363858363858366,0.2783882783882784,0.15335775335775337,0.1606837606837607,0.2844932844932845,0.12869352869352868,0.47814407814407817,0.12161172161172161,0.3431013431013431,0.588034188034188,0.11282051282051282,0.5811965811965812,0.4981684981684982,0.126007326007326,0.5711843711843712,0.2678876678876679,0.528937728937729,0.5484737484737485,0.4473748473748474,0.2056166056166056,0.16092796092796094,0.21684981684981686
0.26666666666666666,0.3851037851037851,0.3851037851037851,0.2818070818070818,0.40512820512820513,0.18534798534798536,0.12991452991452992,0.32161172161172163,0.58998778998779,0.2852258852258852,0.27277167277167275,0.2810744810744811,0.337973137973138,0.3572649572649573,0.40805860805860805,0.5997557997557997,0.2083028083028083,0.1675213675213675,0.6385836385836385,0.20903540903540904,0.24566544566544565,0.5912087912087912,0.14505494505494507,0.5792429792429793,0.22735042735042735,0.5792429792429793,0.5115995115995116,0.3162393162393162,0.26837606837606837,0.26105006105006107,0.13235653235653236,0.6188034188034188,0.29572649572649573,0.34456654456654456,0.18217338217338216,0.7592185592185592,0.15067155067155066,0.22905982905982905,0.5653235653235653,0.1960927960927961,0.6224664224664225,0.473992673992674,0.4976800976800977,0.5907203907203907,0.11428571428571428,0.2087912087912088,0.5921855921855922,0.7433455433455434,0.09010989010989011,0.08351648351648351,0.6774114774114774,0.08986568986568987,0.11257631257631258,0.2844932844932845,0.6659340659340659,0.21855921855921856,0.18583638583638584,0.36971916971916974,0.26764346764346764,0.16727716727716727,0.157997557997558,0.2754578754578755,0.12698412698412698,0.4644688644688645,0.11892551892551892,0.3343101343101343,0.5716727716727716,0.10964590964590964,0.5631257631257631,0.4832722832722833,0.12576312576312576,0.5557997557997558,0.25811965811965815,0.546031746031746,0.5470085470085471,0.5008547008547009,0.19877899877899877,0.15995115995115994,0.2126984126984127
0.25860805860805863,0.3711843711843712,0.37777777777777777,0.2713064713064713,0.4134310134310134,0.18144078144078143,0.12503052503052503,0.3304029304029304,0.6144078144078144,0.2744810744810745,0.26544566544566545,0.27350427350427353,0.326984126984127,0.34285714285714286,0.3973137973137973,0.5865689865689866,0.20317460317460317,0.16385836385836386,0.6346764346764346,0.20024420024420025,0.2354090354090354,0.5873015873015873,0.1540903540903541,0.5953601953601954,0.22246642246642245,0.5855921855921856,0.5257631257631258,0.34725274725274724,0.2608058608058608,0.2512820512820513,0.1330891330891331,0.6437118437118438,0.3282051282051282,0.33577533577533575,0.17606837606837608,0.7597069597069597,0.14627594627594628,0.22271062271062272,0.5807081807081808,0.18656898656898657,0.6056166056166056,0.505006105006105,0.4818070818070818,0.5726495726495726,0.11233211233211234,0.20537240537240536,0.5929181929181929,0.7308913308913308,0.08888888888888889,0.08888888888888889,0.6786324786324787,0.10183150183150183,0.11257631257631258,0.2744810744810745,0.6485958485958486,0.21416361416361415,0.2271062271062271,0.3562881562881563,0.2583638583638584,0.1877899877899878,0.15604395604395604,0.2669108669108669,0.12576312576312576,0.45152625152625153,0.115995115995116,0.32673992673992674,0.5543345543345544,0.10671550671550671,0.5455433455433455,0.4678876678876679,0.12844932844932844,0.5389499389499389,0.24835164835164836,0.5594627594627595,0.5428571428571428,0.5516483516483517,0.1921855921855922,0.16117216117216118,0.20757020757020758
0.25103785103785103,0.3572649572649573,0.37045177045177047,0.2612942612942613,0.41318681318681316,0.17802197802197803,0.1203907203907204,0.33894993894993897,0.6327228327228327,0.26495726495726496,0.2578754578754579,0.2656898656898657,0.315018315018315,0.3286935286935287,0.38632478632478634,0.5736263736263736,0.199023199023199,0.15995115995115994,0.6285714285714286,0.1916971916971917,0.2253968253968254,0.580952380952381,0.16507936507936508,0.6095238095238096,0.2175824175824176,0.5894993894993895,0.5372405372405372,0.3738705738705739,0.252014652014652,0.24151404151404152,0.13797313797313798,0.6659340659340659,0.36166056166056165,0.32673992673992674,0.1711843711843712,0.7582417582417582,0.14212454212454212,0.21636141636141637,0.5936507936507937,0.178998778998779,0.5882783882783883,0.5345543345543345,0.4666666666666667,0.5553113553113553,0.11013431013431013,0.20195360195360196,0.590964590964591,0.7164835164835165,0.08742368742368742,0.09963369963369964,0.6766788766788767,0.12234432234432234,0.11233211233211234,0.263980463980464,0.6305250305250305,0.21001221001221002,0.2703296703296703,0.3426129426129426,0.25054945054945055,0.21465201465201464,0.15555555555555556,0.25860805860805863,0.1242979242979243,0.4388278388278388,0.11330891330891331,0.31916971916971915,0.5365079365079365,0.10329670329670329,0.5284493284493285,0.45225885225885226,0.1343101343101343,0.5216117216117216,0.23882783882783884,0.5694749694749695,0.536019536019536,0.5982905982905983,0.18632478632478633,0.16483516483516483,0.2021978021978022
0.24395604395604395,0.3431013431013431,0.3626373626373626,0.25347985347985347,0.4087912087912088,0.17655677655677657,0.11672771672771673,0.347008547008547,0.6471306471306472,0.2542124542124542,0.25054945054945055,0.25860805860805863,0.30500610500610503,0.31477411477411477,0.3755799755799756,0.5604395604395604,0.19365079365079366,0.1562881562881563,0.6195360195360196,0.18363858363858365,0.21562881562881564,0.5724053724053724,0.17826617826617827,0.6217338217338217,0.2126984126984127,0.5904761904761905,0.5462759462759462,0.3978021978021978,0.24273504273504273,0.23247863247863249,0.147985347985348,0.6854700854700855,0.39536019536019534,0.31746031746031744,0.1675213675213675,0.7543345543345543,0.13821733821733823,0.21025641025641026,0.6046398046398046,0.1724053724053724,0.5709401709401709,0.5623931623931624,0.45225885225885226,0.5387057387057387,0.10818070818070818,0.19975579975579977,0.5863247863247864,0.7001221001221001,0.08595848595848596,0.11746031746031746,0.6715506715506715,0.1523809523809524,0.11184371184371185,0.25396825396825395,0.611965811965812,0.2056166056166056,0.3133089133089133,0.3308913308913309,0.24126984126984127,0.2468864468864469,0.15775335775335775,0.2507936507936508,0.12258852258852258,0.42637362637362636,0.11184371184371185,0.31135531135531136,0.518925518925519,0.09987789987789988,0.5111111111111111,0.43833943833943834,0.14505494505494507,0.504029304029304,0.22979242979242978,0.576068376068376,0.526984126984127,0.64004884004884,0.18168498168498168,0.17582417582417584,0.19706959706959706
0.23736263736263735,0.3286935286935287,0.3550671550671551,0.24664224664224665,0.400976800976801,0.17826617826617827,0.11428571428571428,0.35384615384615387,0.6625152625152625,0.24346764346764346,0.24297924297924298,0.252991452991453,0.29816849816849816,0.30158730158730157,0.3663003663003663,0.5467643467643467,0.18803418803418803,0.15262515262515264,0.608058608058608,0.17606837606837608,0.20634920634920634,0.5623931623931624,0.19633699633699633,0.6315018315018315,0.20757020757020758,0.5885225885225885,0.5516483516483517,0.4231990231990232,0.2336996336996337,0.2231990231990232,0.16361416361416362,0.7023199023199023,0.4275946275946276,0.3098901098901099,0.16263736263736264,0.7472527472527473,0.1343101343101343,0.2043956043956044,0.6112332112332113,0.16532356532356532,0.5538461538461539,0.5877899877899878,0.43833943833943834,0.5230769230769231,0.10598290598290598,0.1978021978021978,0.5792429792429793,0.6827838827838828,0.0844932844932845,0.14358974358974358,0.6634920634920635,0.1921855921855922,0.1115995115995116,0.2442002442002442,0.5934065934065934,0.20122100122100123,0.35018315018315016,0.3201465201465201,0.2315018315018315,0.28253968253968254,0.16336996336996337,0.2424908424908425,0.12136752136752137,0.41514041514041516,0.11135531135531136,0.3032967032967033,0.5018315018315018,0.09645909645909646,0.49401709401709404,0.4256410256410256,0.16214896214896216,0.4874236874236874,0.221001221001221,0.5794871794871795,0.5157509157509158,0.6766788766788767,0.17777777777777778,0.19462759462759463,0.1916971916971917
0.23223443223443224,0.31404151404151404,0.3482295482295482,0.23882783882783884,0.39194139194139194,0.1838827838827839,0.1137973137973138,0.3592185592185592,0.6766788766788767,0.23272283272283273,0.2358974358974359,0.24957264957264957,0.29084249084249086,0.28888888888888886,0.35775335775335776,0.5328449328449328,0.1829059829059829,0.14896214896214896,0.5948717948717949,0.16727716727716727,0.19755799755799755,0.5514041514041514,0.21831501831501832,0.6388278388278388,0.2026862026862027,0.5836385836385837,0.5540903540903541,0.4481074481074481,0.22515262515262516,0.21465201465201464,0.18583638583638584,0.7162393162393162,0.45787545787545786,0.30305250305250303,0.15775335775335775,0.7372405372405373,0.13064713064713065,0.2,0.6148962148962149,0.15775335775335775,0.5372405372405372,0.6107448107448108,0.42466422466422465,0.5079365079365079,0.10525030525030525,0.1956043956043956,0.5699633699633699,0.6644688644688644,0.08571428571428572,0.17753357753357754,0.652991452991453,0.2336996336996337,0.11135531135531136,0.23467643467643468,0.5753357753357753,0.19633699633699633,0.3824175824175824,0.3086691086691087,0.22197802197802197,0.3199023199023199,0.17362637362637362,0.23443223443223443,0.1203907203907204,0.4048840048840049,0.10989010989010989,0.29523809523809524,0.4852258852258852,0.09352869352869353,0.47912087912087914,0.4129426129426129,0.18656898656898657,0.4713064713064713,0.2126984126984127,0.5797313797313798,0.5023199023199023,0.7040293040293041,0.17338217338217338,0.21831501831501832,0.18705738705738706
0.22857142857142856,0.29914529914529914,0.34163614163614164,0.23101343101343103,0.3819291819291819,0.19413919413919414,0.11648351648351649,0.3623931623931624,0.6884004884004884,0.22246642246642245,0.2288156288156288,0.2485958485958486,0.2818070818070818,0.2783882783882784,0.34847374847374846,0.5191697191697192,0.17753357753357754,0.1452991452991453,0.57997557997558,0.15946275946275945,0.19096459096459095,0.5387057387057387,0.24273504273504273,0.6434676434676435,0.19755799755799755,0.576068376068376,0.5553113553113553,0.47106227106227105,0.21636141636141637,0.20683760683760682,0.21416361416361415,0.7277167277167277,0.48205128205128206,0.29523809523809524,0.15262515262515264,0.7245421245421245,0.12698412698412698,0.1960927960927961,0.6175824175824176,0.15042735042735042,0.5213675213675214,0.631013431013431,0.41098901098901097,0.49352869352869355,0.10476190476190476,0.19291819291819293,0.5584859584859585,0.645909645909646,0.08791208791208792,0.21904761904761905,0.6398046398046398,0.2778998778998779,0.1111111111111111,0.2258852258852259,0.557997557997558,0.19291819291819293,0.41611721611721614,0.2967032967032967,0.21318681318681318,0.3572649572649573,0.18925518925518925,0.2271062271062271,0.11941391941391942,0.3934065934065934,0.1076923076923077,0.2869352869352869,0.4695970695970696,0.09255189255189256,0.4652014652014652,0.40024420024420027,0.21782661782661783,0.45616605616605616,0.20488400488400488,0.5768009768009768,0.4891330891330891,0.725030525030525,0.16825396825396827,0.24786324786324787,0.18217338217338216
0.2275946275946276,0.2862026862026862,0.33406593406593404,0.22295482295482297,0.37142857142857144,0.20903540903540904,0.12258852258852258,0.36336996336996336,0.6971916971916972,0.21245421245421245,0.22197802197802197,0.25103785103785103,0.2744810744810745,0.26935286935286934,0.33943833943833945,0.5054945054945055,0.17264957264957265,0.14236874236874236,0.5643467643467643,0.1540903540903541,0.18583638583638584,0.525030525030525,0.26837606837606837,0.6456654456654457,0.19267399267399268,0.567032967032967,0.5540903540903541,0.4918192918192918,0.2083028083028083,0.199023199023199,0.24713064713064714,0.7362637362637363,0.5023199023199023,0.2874236874236874,0.14774114774114774,0.7094017094017094,0.12405372405372406,0.1916971916971917,0.6183150183150183,0.14285714285714285,0.505982905982906,0.6488400488400489,0.39755799755799753,0.4805860805860806,0.10354090354090355,0.18998778998778998,0.5452991452991452,0.6275946275946276,0.0884004884004884,0.2664224664224664,0.6251526251526252,0.3326007326007326,0.1111111111111111,0.2175824175824176,0.5411477411477411,0.1894993894993895,0.4481074481074481,0.28498168498168497,0.20463980463980463,0.3934065934065934,0.21001221001221002,0.22002442002442002,0.11941391941391942,0.38168498168498166,0.10622710622710622,0.2788766788766789,0.4547008547008547,0.09304029304029304,0.45006105006105007,0.38803418803418804,0.2554334554334554,0.4424908424908425,0.19755799755799755,0.5706959706959707,0.47545787545787543,0.746031746031746,0.16361416361416362,0.28253968253968254,0.17777777777777778
0.22905982905982905,0.273992673992674,0.32576312576312577,0.2148962148962149,0.3609279609279609,0.22954822954822954,0.13357753357753357,0.3623931623931624,0.7032967032967034,0.2026862026862027,0.2153846153846154,0.2568986568986569,0.2678876678876679,0.25934065934065936,0.33015873015873015,0.4925518925518926,0.16825396825396827,0.13943833943833944,0.5482295482295483,0.15848595848595848,0.17997557997557997,0.5108669108669108,0.29474969474969476,0.6446886446886447,0.189010989010989,0.5555555555555556,0.5504273504273505,0.5101343101343101,0.2004884004884005,0.19194139194139195,0.2835164835164835,0.7404151404151404,0.5233211233211233,0.27936507936507937,0.1426129426129426,0.6925518925518925,0.12136752136752137,0.1873015873015873,0.6168498168498169,0.13577533577533576,0.4913308913308913,0.6634920634920635,0.3855921855921856,0.4686202686202686,0.10183150183150183,0.18705738705738706,0.5306471306471306,0.6097680097680098,0.08742368742368742,0.31062271062271063,0.6097680097680098,0.3924297924297924,0.11184371184371185,0.21001221001221002,0.5252747252747253,0.18461538461538463,0.4771672771672772,0.27326007326007323,0.1960927960927961,0.42735042735042733,0.2354090354090354,0.21294261294261294,0.11965811965811966,0.36971916971916974,0.10622710622710622,0.27057387057387056,0.44175824175824174,0.09426129426129426,0.4346764346764347,0.3763125763125763,0.29743589743589743,0.4288156288156288,0.1907203907203907,0.5623931623931624,0.46007326007326005,0.7648351648351648,0.15897435897435896,0.3213675213675214,0.17387057387057386
0.23321123321123322,0.2600732600732601,0.3172161172161172,0.20732600732600734,0.3499389499389499,0.25445665445665444,0.1496947496947497,0.3597069597069597,0.7062271062271063,0.1934065934065934,0.2087912087912088,0.2664224664224664,0.26105006105006107,0.2490842490842491,0.32112332112332115,0.4805860805860806,0.1641025641025641,0.13675213675213677,0.5321123321123321,0.16825396825396827,0.17362637362637362,0.49645909645909647,0.3203907203907204,0.6407814407814408,0.18632478632478633,0.5418803418803418,0.5443223443223443,0.5257631257631258,0.19316239316239317,0.1851037851037851,0.31648351648351647,0.7409035409035409,0.5433455433455433,0.2717948717948718,0.13797313797313798,0.6744810744810745,0.11965811965811966,0.1829059829059829,0.6122100122100123,0.1291819291819292,0.4776556776556777,0.6754578754578755,0.37484737484737485,0.45616605616605616,0.10012210012210013,0.1838827838827839,0.5157509157509158,0.5926739926739927,0.0862026862026862,0.3528693528693529,0.5926739926739927,0.45396825396825397,0.11452991452991453,0.20293040293040293,0.5115995115995116,0.178998778998779,0.503052503052503,0.2617826617826618,0.18803418803418803,0.45836385836385835,0.26495726495726496,0.20757020757020758,0.11892551892551892,0.35775335775335776,0.10915750915750916,0.26202686202686204,0.43003663003663006,0.09816849816849817,0.4192918192918193,0.36507936507936506,0.3418803418803419,0.41611721611721614,0.18583638583638584,0.5518925518925519,0.44395604395604393,0.7814407814407814,0.15433455433455434,0.3623931623931624,0.1702075702075702
0.24102564102564103,0.2454212454212454,0.3086691086691087,0.2,0.3384615384615385,0.28327228327228327,0.16776556776556775,0.3553113553113553,0.7054945054945055,0.18461538461538463,0.2026862026862027,0.27692307692307694,0.2542124542124542,0.2385836385836386,0.31184371184371185,0.4686202686202686,0.16043956043956045,0.1347985347985348,0.5177045177045178,0.17264957264957265,0.16727716727716727,0.48205128205128206,0.34505494505494505,0.6344322344322344,0.18315018315018314,0.5272283272283272,0.536019536019536,0.5389499389499389,0.18608058608058609,0.178998778998779,0.34725274725274724,0.7401709401709402,0.5623931623931624,0.26422466422466423,0.13357753357753357,0.6561660561660562,0.11965811965811966,0.17826617826617827,0.6048840048840048,0.12283272283272283,0.46422466422466424,0.6827838827838828,0.3626373626373626,0.44395604395604393,0.09865689865689865,0.18095238095238095,0.5006105006105006,0.5768009768009768,0.08595848595848596,0.4004884004884005,0.5743589743589743,0.5137973137973137,0.1203907203907204,0.19755799755799755,0.4984126984126984,0.17264957264957265,0.5252747252747253,0.2507936507936508,0.18046398046398046,0.4862026862026862,0.2923076923076923,0.20317460317460317,0.11819291819291819,0.3452991452991453,0.11672771672771673,0.2537240537240537,0.41782661782661784,0.10622710622710622,0.4039072039072039,0.35433455433455435,0.3873015873015873,0.4039072039072039,0.18168498168498168,0.5387057387057387,0.4278388278388278,0.7951159951159951,0.14993894993894993,0.40366300366300367,0.1663003663003663
0.25225885225885225,0.23003663003663002,0.3001221001221001,0.19316239316239317,0.32722832722832723,0.31013431013431014,0.18803418803418803,0.3492063492063492,0.7018315018315018,0.17606837606837608,0.19633699633699633,0.28888888888888886,0.24737484737484738,0.22857142857142856,0.30305250305250303,0.45738705738705737,0.15702075702075702,0.1326007326007326,0.5045177045177045,0.17606837606837608,0.1606837606837607,0.46813186813186813,0.3677655677655678,0.6256410256410256,0.18021978021978022,0.5115995115995116,0.5252747252747253,0.5492063492063493,0.1794871794871795,0.1746031746031746,0.3811965811965812,0.7365079365079366,0.5794871794871795,0.2571428571428571,0.12942612942612944,0.6376068376068376,0.12185592185592185,0.17387057387057386,0.5948717948717949,0.11697191697191697,0.45103785103785105,0.6864468864468865,0.3499389499389499,0.4315018315018315,0.09743589743589744,0.17802197802197803,0.4857142857142857,0.5614163614163614,0.08644688644688645,0.4490842490842491,0.5557997557997558,0.5702075702075702,0.13113553113553114,0.19316239316239317,0.48547008547008547,0.1663003663003663,0.5443223443223443,0.24004884004884006,0.17313797313797313,0.5106227106227106,0.3189255189255189,0.1978021978021978,0.11697191697191697,0.33308913308913307,0.12991452991452992,0.2459096459096459,0.4056166056166056,0.1199023199023199,0.3894993894993895,0.3443223443223443,0.4312576312576313,0.39365079365079364,0.17655677655677657,0.5233211233211233,0.4122100122100122,0.8056166056166056,0.1457875457875458,0.4442002442002442,0.16361416361416362
0.26666666666666666,0.2148962148962149,0.29181929181929184,0.18656898656898657,0.31648351648351647,0.33650793650793653,0.2139194139194139,0.3413919413919414,0.6945054945054945,0.16800976800976802,0.19194139194139195,0.30378510378510376,0.24102564102564103,0.2188034188034188,0.2945054945054945,0.4461538461538462,0.15384615384615385,0.13162393162393163,0.49108669108669106,0.18144078144078143,0.1540903540903541,0.4547008547008547,0.38803418803418804,0.613919413919414,0.17875457875457876,0.4954822954822955,0.513064713064713,0.557020757020757,0.17362637362637362,0.17094017094017094,0.41514041514041516,0.7301587301587301,0.5943833943833944,0.2507936507936508,0.12527472527472527,0.6205128205128205,0.12698412698412698,0.16947496947496948,0.5821733821733822,0.11135531135531136,0.43833943833943834,0.6884004884004884,0.33724053724053726,0.4192918192918193,0.09645909645909646,0.17533577533577532,0.47155067155067154,0.5467643467643467,0.08742368742368742,0.49645909645909647,0.5374847374847375,0.621978021978022,0.14505494505494507,0.18803418803418803,0.47277167277167276,0.15946275946275945,0.55995115995116,0.22979242979242978,0.16605616605616605,0.528937728937729,0.3492063492063492,0.19194139194139195,0.11575091575091576,0.3213675213675214,0.15067155067155066,0.23833943833943835,0.3934065934065934,0.13992673992673993,0.3755799755799756,0.33406593406593404,0.47277167277167276,0.38412698412698415,0.1711843711843712,0.505982905982906,0.39755799755799753,0.8134310134310134,0.14212454212454212,0.4822954822954823,0.1619047619047619
0.2835164835164835,0.20024420024420025,0.284004884004884,0.1807081807081807,0.3072039072039072,0.3663003663003663,0.24273504273504273,0.33235653235653234,0.684004884004884,0.16214896214896216,0.18852258852258852,0.32112332112332115,0.23443223443223443,0.20976800976800977,0.28595848595848594,0.4354090354090354,0.15213675213675212,0.13137973137973138,0.47814407814407817,0.19706959706959706,0.14774114774114774,0.44175824175824174,0.40634920634920635,0.6,0.1794871794871795,0.47985347985347987,0.49914529914529915,0.5616605616605617,0.16923076923076924,0.16678876678876678,0.44761904761904764,0.7203907203907204,0.6075702075702075,0.24444444444444444,0.12112332112332112,0.6041514041514041,0.13528693528693528,0.16532356532356532,0.5675213675213675,0.10573870573870574,0.4271062271062271,0.6881562881562882,0.3247863247863248,0.4070818070818071,0.09645909645909646,0.17264957264957265,0.4581196581196581,0.5333333333333333,0.09010989010989011,0.5404151404151404,0.5199023199023199,0.6686202686202686,0.16336996336996337,0.1824175824175824,0.4603174603174603,0.15262515262515264,0.5726495726495726,0.22026862026862026,0.15897435897435896,0.5428571428571428,0.3797313797313797,0.18632478632478633,0.11452991452991453,0.305982905982906,0.178998778998779,0.23223443223443224,0.3811965811965812,0.16654456654456654,0.36214896214896214,0.32405372405372407,0.5062271062271062,0.3741147741147741,0.16556776556776556,0.48766788766788766,0.3838827838827839,0.818070818070818,0.13846153846153847,0.5125763125763125,0.1592185592185592
0.3023199023199023,0.18632478632478633,0.2766788766788767,0.17533577533577532,0.30036630036630035,0.39755799755799753,0.273992673992674,0.3225885225885226,0.6703296703296703,0.1575091575091575,0.18485958485958487,0.3387057387057387,0.22832722832722832,0.20122100122100123,0.27692307692307694,0.4244200244200244,0.1514041514041514,0.13015873015873017,0.4652014652014652,0.2148962148962149,0.14114774114774115,0.4293040293040293,0.4227106227106227,0.5838827838827839,0.1838827838827839,0.46495726495726497,0.48424908424908425,0.5636141636141636,0.16605616605616605,0.1623931623931624,0.4778998778998779,0.707936507936508,0.6183150183150183,0.2385836385836386,0.11868131868131868,0.588034188034188,0.147985347985348,0.16166056166056167,0.5518925518925519,0.10183150183150183,0.4166056166056166,0.684981684981685,0.31306471306471306,0.39487179487179486,0.09914529914529914,0.16971916971916973,0.4461538461538462,0.5208791208791209,0.09597069597069598,0.5807081807081808,0.503052503052503,0.7103785103785104,0.19023199023199022,0.1768009768009768,0.4481074481074481,0.14627594627594628,0.5821733821733822,0.21123321123321123,0.15384615384615385,0.5565323565323566,0.4095238095238095,0.18095238095238095,0.11330891330891331,0.28962148962148965,0.2148962148962149,0.22686202686202686,0.3694749694749695,0.19975579975579977,0.3492063492063492,0.31404151404151404,0.5343101343101343,0.3636141636141636,0.16043956043956045,0.4686202686202686,0.3711843711843712,0.8195360195360195,0.13504273504273503,0.5377289377289377,0.1562881562881563
0.3221001221001221,0.17338217338217338,0.2695970695970696,0.17045177045177046,0.2967032967032967,0.42857142857142855,0.305982905982906,0.3120879120879121,0.6556776556776557,0.15189255189255188,0.1824175824175824,0.3562881562881563,0.22197802197802197,0.19291819291819293,0.26837606837606837,0.4148962148962149,0.1514041514041514,0.12869352869352868,0.4525030525030525,0.2315018315018315,0.13504273504273503,0.41733821733821735,0.4346764346764347,0.566056166056166,0.19267399267399268,0.4507936507936508,0.4695970695970696,0.5619047619047619,0.1619047619047619,0.157997557997558,0.505006105006105,0.6927960927960928,0.6273504273504273,0.2336996336996337,0.11965811965811966,0.5721611721611721,0.16532356532356532,0.15775335775335775,0.5357753357753358,0.09865689865689865,0.40512820512820513,0.6781440781440782,0.30158730158730157,0.3824175824175824,0.10573870573870574,0.16678876678876678,0.4358974358974359,0.5081807081807082,0.10671550671550671,0.6166056166056166,0.4869352869352869,0.747008547008547,0.22466422466422467,0.17167277167277167,0.43614163614163615,0.13968253968253969,0.5882783882783883,0.20415140415140415,0.1496947496947497,0.5684981684981685,0.4376068376068376,0.17582417582417584,0.11257631257631258,0.2774114774114774,0.2512820512820513,0.221001221001221,0.35775335775335776,0.23785103785103784,0.3367521367521368,0.3052503052503053,0.5626373626373626,0.3528693528693529,0.15531135531135531,0.4503052503052503,0.35946275946275946,0.8178266178266178,0.1326007326007326,0.5631257631257631,0.15335775335775337
0.3418803418803419,0.16117216117216118,0.2625152625152625,0.16678876678876678,0.2962148962148962,0.45836385836385835,0.337973137973138,0.3018315018315018,0.6398046398046398,0.1457875457875458,0.1824175824175824,0.3724053724053724,0.21587301587301588,0.18485958485958487,0.2600732600732601,0.40586080586080586,0.15286935286935288,0.12698412698412698,0.43956043956043955,0.25616605616605614,0.12869352869352868,0.40586080586080586,0.4442002442002442,0.5474969474969476,0.20634920634920634,0.4371184371184371,0.4547008547008547,0.5584859584859585,0.15702075702075702,0.1536019536019536,0.5291819291819292,0.6752136752136753,0.6336996336996337,0.22979242979242978,0.12161172161172161,0.5565323565323566,0.1877899877899878,0.15384615384615385,0.5203907203907204,0.0945054945054945,0.39267399267399267,0.6681318681318681,0.2905982905982906,0.37045177045177047,0.11721611721611722,0.16507936507936508,0.4253968253968254,0.4954822954822955,0.12307692307692308,0.6485958485958486,0.472039072039072,0.7787545787545788,0.2656898656898657,0.1663003663003663,0.42466422466422465,0.13382173382173382,0.590964590964591,0.1978021978021978,0.14505494505494507,0.5782661782661783,0.46373626373626375,0.1706959706959707,0.1115995115995116,0.2673992673992674,0.28888888888888886,0.2148962148962149,0.346031746031746,0.27912087912087913,0.3247863247863248,0.29743589743589743,0.5892551892551893,0.3426129426129426,0.15042735042735042,0.43272283272283274,0.34847374847374846,0.8126984126984127,0.1308913308913309,0.5870573870573871,0.15067155067155066
0.36166056166056165,0.15042735042735042,0.2568986568986569,0.1645909645909646,0.29987789987789987,0.49523809523809526,0.36923076923076925,0.2920634920634921,0.6214896214896215,0.13968253968253969,0.1851037851037851,0.3868131868131868,0.20976800976800977,0.17753357753357754,0.25347985347985347,0.3960927960927961,0.15702075702075702,0.12503052503052503,0.42686202686202684,0.28644688644688643,0.12283272283272283,0.39536019536019534,0.45396825396825397,0.5286935286935287,0.2258852258852259,0.42417582417582417,0.44175824175824174,0.5526251526251527,0.15213675213675212,0.14945054945054945,0.5504273504273505,0.6556776556776557,0.6376068376068376,0.22832722832722832,0.12356532356532357,0.5411477411477411,0.2144078144078144,0.15042735042735042,0.505982905982906,0.09010989010989011,0.37997557997557996,0.654945054945055,0.28034188034188035,0.35824175824175825,0.1343101343101343,0.16385836385836386,0.41440781440781443,0.4827838827838828,0.14652014652014653,0.6766788766788767,0.45787545787545786,0.8065934065934066,0.3115995115995116,0.16117216117216118,0.41318681318681316,0.12869352869352868,0.58998778998779,0.19047619047619047,0.13992673992673993,0.5853479853479854,0.4869352869352869,0.1663003663003663,0.11037851037851037,0.25982905982905985,0.3333333333333333,0.20903540903540904,0.3347985347985348,0.3218559218559219,0.315018315018315,0.28888888888888886,0.6131868131868132,0.3326007326007326,0.1452991452991453,0.4158730158730159,0.33821733821733824,0.8043956043956044,0.1291819291819292,0.6083028083028083,0.14822954822954823
0.3807081807081807,0.13992673992673993,0.25225885225885225,0.16092796092796094,0.30793650793650795,0.5362637362637362,0.3992673992673993,0.28253968253968254,0.6021978021978022,0.13382173382173382,0.19194139194139195,0.39951159951159954,0.20366300366300366,0.17216117216117216,0.24713064713064714,0.3860805860805861,0.16532356532356532,0.12307692307692308,0.41367521367521365,0.3213675213675214,0.11843711843711843,0.3860805860805861,0.4627594627594628,0.5103785103785103,0.25054945054945055,0.4129426129426129,0.4302808302808303,0.544078144078144,0.14725274725274726,0.14554334554334555,0.5692307692307692,0.6349206349206349,0.6383394383394383,0.2288156288156288,0.12722832722832722,0.526007326007326,0.2442002442002442,0.14774114774114774,0.4908424908424908,0.08571428571428572,0.3672771672771673,0.6398046398046398,0.2698412698412698,0.3465201465201465,0.15384615384615385,0.1619047619047619,0.40341880341880343,0.4700854700854701,0.1768009768009768,0.701098901098901,0.4442002442002442,0.8263736263736263,0.35995115995115995,0.1562881562881563,0.40195360195360197,0.12551892551892552,0.5858363858363859,0.18315018315018314,0.13504273504273503,0.5897435897435898,0.5076923076923077,0.1619047619047619,0.11037851037851037,0.2537240537240537,0.3807081807081807,0.20317460317460317,0.3235653235653236,0.36434676434676433,0.3064713064713065,0.2796092796092796,0.6344322344322344,0.32283272283272285,0.14065934065934066,0.40024420024420027,0.32844932844932845,0.7931623931623931,0.1282051282051282,0.6263736263736264,0.1457875457875458
0.3987789987789988,0.13211233211233211,0.24664224664224665,0.15702075702075702,0.3213675213675214,0.5709401709401709,0.4278388278388278,0.273992673992674,0.5826617826617827,0.12747252747252746,0.20293040293040293,0.41025641025641024,0.19829059829059828,0.16776556776556775,0.2402930402930403,0.37606837606837606,0.17826617826617827,0.12136752136752137,0.400976800976801,0.3584859584859585,0.11477411477411477,0.3755799755799756,0.47057387057387057,0.4925518925518926,0.27912087912087913,0.40293040293040294,0.41855921855921857,0.5330891330891331,0.1426129426129426,0.14212454212454212,0.5851037851037851,0.6134310134310135,0.6358974358974359,0.2315018315018315,0.13504273504273503,0.5111111111111111,0.27643467643467645,0.1457875457875458,0.4757020757020757,0.08156288156288156,0.35482295482295484,0.621978021978022,0.2600732600732601,0.3367521367521368,0.1768009768009768,0.15946275946275945,0.39267399267399267,0.45787545787545786,0.21343101343101342,0.7223443223443223,0.43174603174603177,0.8407814407814408,0.4087912087912088,0.15115995115995115,0.39096459096459096,0.12307692307692308,0.5794871794871795,0.17582417582417584,0.12991452991452992,0.5912087912087912,0.5252747252747253,0.15775335775335775,0.1111111111111111,0.24713064713064714,0.4278388278388278,0.1973137973137973,0.31306471306471306,0.40024420024420027,0.29743589743589743,0.2708180708180708,0.6532356532356532,0.3128205128205128,0.13626373626373625,0.3855921855921856,0.3199023199023199,0.7797313797313797,0.12942612942612944,0.6417582417582418,0.14358974358974358
0.4148962148962149,0.12576312576312576,0.2407814407814408,0.15335775335775337,0.3396825396825397,0.600976800976801,0.4547008547008547,0.2661782661782662,0.5636141636141636,0.12185592185592185,0.21831501831501832,0.4188034188034188,0.19413919413919414,0.1623931623931624,0.23321123321123322,0.3658119658119658,0.19658119658119658,0.11965811965811966,0.3882783882783883,0.3963369963369963,0.11013431013431013,0.36507936507936506,0.4766788766788767,0.4757020757020757,0.30622710622710625,0.3921855921855922,0.4065934065934066,0.5201465201465202,0.13797313797313798,0.13821733821733823,0.5985347985347985,0.5934065934065934,0.6317460317460317,0.23785103785103784,0.147985347985348,0.4967032967032967,0.3094017094017094,0.14358974358974358,0.4610500610500611,0.07741147741147741,0.3418803418803419,0.6031746031746031,0.2507936507936508,0.3274725274725275,0.20683760683760682,0.1575091575091575,0.3824175824175824,0.44542124542124545,0.2549450549450549,0.7404151404151404,0.4205128205128205,0.8556776556776556,0.45567765567765567,0.14652014652014653,0.37997557997557996,0.11965811965811966,0.5699633699633699,0.16874236874236875,0.12527472527472527,0.5897435897435898,0.5406593406593406,0.15384615384615385,0.11135531135531136,0.2402930402930403,0.4725274725274725,0.1916971916971917,0.30427350427350425,0.4307692307692308,0.2879120879120879,0.2617826617826618,0.6691086691086691,0.30305250305250303,0.13211233211233211,0.3738705738705739,0.31184371184371185,0.7631257631257631,0.13382173382173382,0.6542124542124542,0.1413919413919414
0.4278388278388278,0.11868131868131868,0.23443223443223443,0.15067155067155066,0.3614163614163614,0.6273504273504273,0.4796092796092796,0.25982905982905985,0.5445665445665445,0.11648351648351649,0.23785103785103784,0.4249084249084249,0.19023199023199022,0.15677655677655677,0.22612942612942613,0.3562881562881563,0.22026862026862026,0.11794871794871795,0.37533577533577533,0.4288156288156288,0.10476190476190476,0.35433455433455435,0.4810744810744811,0.4603174603174603,0.33284493284493283,0.38168498168498166,0.39536019536019534,0.5054945054945055,0.1330891330891331,0.1343101343101343,0.6092796092796092,0.5746031746031746,0.6256410256410256,0.24786324786324787,0.16678876678876678,0.48253968253968255,0.3426129426129426,0.1413919413919414,0.4468864468864469,0.07423687423687424,0.3291819291819292,0.5833943833943834,0.24297924297924298,0.3177045177045177,0.24102564102564103,0.15555555555555556,0.37216117216117217,0.432967032967033,0.2989010989010989,0.7526251526251526,0.4087912087912088,0.8688644688644689,0.4993894993894994,0.14236874236874236,0.37045177045177047,0.11575091575091576,0.5575091575091575,0.1619047619047619,0.12087912087912088,0.5853479853479854,0.5531135531135531,0.1514041514041514,0.1115995115995116,0.23394383394383395,0.5133089133089133,0.18632478632478633,0.295970695970696,0.46251526251526254,0.2788766788766789,0.25274725274725274,0.6827838827838828,0.29352869352869354,0.12844932844932844,0.3636141636141636,0.3032967032967033,0.7438339438339439,0.1426129426129426,0.663980463980464,0.13015873015873017
0.4385836385836386,0.1111111111111111,0.2288156288156288,0.1496947496947497,0.3860805860805861,0.6503052503052503,0.4993894993894994,0.2549450549450549,0.526984126984127,0.1111111111111111,0.2608058608058608,0.4288156288156288,0.18583638583638584,0.15115995115995115,0.21904761904761905,0.34676434676434675,0.2485958485958486,0.11648351648351649,0.3641025641025641,0.45787545787545786,0.09963369963369964,0.34383394383394383,0.48376068376068376,0.44713064713064715,0.36288156288156287,0.37094017094017095,0.38461538461538464,0.48986568986568985,0.1291819291819292,0.1308913308913309,0.6158730158730159,0.5555555555555556,0.6166056166056166,0.2625152625152625,0.1916971916971917,0.4683760683760684,0.37484737484737485,0.14017094017094017,0.4332112332112332,0.07203907203907203,0.3172161172161172,0.5631257631257631,0.23663003663003662,0.3076923076923077,0.27765567765567767,0.15482295482295483,0.36214896214896214,0.42075702075702076,0.3440781440781441,0.7606837606837606,0.39658119658119656,0.8800976800976801,0.5387057387057387,0.13846153846153847,0.36166056166056165,0.11184371184371185,0.5431013431013431,0.15555555555555556,0.11672771672771673,0.5777777777777777,0.5631257631257631,0.15042735042735042,0.11184371184371185,0.2275946275946276,0.5496947496947497,0.18095238095238095,0.28669108669108667,0.49230769230769234,0.2703296703296703,0.24395604395604395,0.6937728937728938,0.2844932844932845,0.1264957264957265,0.35262515262515265,0.2945054945054945,0.7225885225885226,0.15677655677655677,0.6713064713064713,0.11428571428571428
0.4490842490842491,0.10329670329670329,0.22344322344322345,0.15189255189255188,0.41196581196581195,0.67008547008547,0.5157509157509158,0.24957264957264957,0.5103785103785103,0.10622710622710622,0.2862026862026862,0.4302808302808303,0.18095238095238095,0.14554334554334555,0.21245421245421245,0.3374847374847375,0.2805860805860806,0.11526251526251527,0.3540903540903541,0.4888888888888889,0.09426129426129426,0.33308913308913307,0.48473748473748474,0.43565323565323566,0.39438339438339437,0.3601953601953602,0.3738705738705739,0.473992673992674,0.12527472527472527,0.12869352869352868,0.6192918192918193,0.5365079365079365,0.6056166056166056,0.28205128205128205,0.22173382173382172,0.4542124542124542,0.40195360195360197,0.1409035409035409,0.42002442002442003,0.07179487179487179,0.30500610500610503,0.5452991452991452,0.2288156288156288,0.2976800976800977,0.31477411477411477,0.15555555555555556,0.35213675213675216,0.4087912087912088,0.3831501831501832,0.7499389499389499,0.38461538461538464,0.8888888888888888,0.5731379731379731,0.13626373626373625,0.3523809523809524,0.10866910866910867,0.5272283272283272,0.14945054945054945,0.11282051282051282,0.5675213675213675,0.5692307692307692,0.14847374847374847,0.11257631257631258,0.22173382173382172,0.5814407814407815,0.17606837606837608,0.27765567765567767,0.518925518925519,0.26202686202686204,0.23516483516483516,0.702075702075702,0.2754578754578755,0.12503052503052503,0.3418803418803419,0.2857142857142857,0.6998778998778998,0.17655677655677657,0.6757020757020757,0.10573870573870574
0.4586080586080586,0.09572649572649573,0.21831501831501832,0.15897435897435896,0.4385836385836386,0.6837606837606838,0.5326007326007326,0.2442002442002442,0.49474969474969477,0.10183150183150183,0.3098901098901099,0.4293040293040293,0.17655677655677657,0.13992673992673993,0.2061050061050061,0.3286935286935287,0.31477411477411477,0.11477411477411477,0.34285714285714286,0.5191697191697192,0.08913308913308914,0.32283272283272285,0.4835164835164835,0.42417582417582417,0.4249084249084249,0.3496947496947497,0.3636141636141636,0.4581196581196581,0.12185592185592185,0.12747252747252746,0.6214896214896215,0.5181929181929182,0.5924297924297924,0.3052503052503053,0.2554334554334554,0.4405372405372405,0.4256410256410256,0.1443223443223443,0.4073260073260073,0.07448107448107448,0.29352869352869354,0.5284493284493285,0.2205128205128205,0.28766788766788765,0.3514041514041514,0.15946275946275945,0.3418803418803419,0.39658119658119656,0.4175824175824176,0.726984126984127,0.3724053724053724,0.8945054945054945,0.599023199023199,0.1343101343101343,0.34285714285714286,0.10573870573870574,0.5101343101343101,0.14358974358974358,0.10891330891330891,0.5560439560439561,0.5721611721611721,0.14774114774114774,0.11282051282051282,0.21587301587301588,0.6095238095238096,0.1711843711843712,0.2681318681318681,0.5418803418803418,0.25396825396825395,0.22686202686202686,0.7076923076923077,0.2681318681318681,0.12283272283272283,0.3316239316239316,0.27643467643467645,0.6761904761904762,0.20146520146520147,0.6778998778998779,0.10158730158730159
0.4666666666666667,0.08791208791208792,0.21318681318681318,0.17167277167277167,0.46495726495726497,0.693040293040293,0.5482295482295483,0.23882783882783884,0.47985347985347987,0.09743589743589744,0.33235653235653234,0.42686202686202684,0.17216117216117216,0.1343101343101343,0.20024420024420025,0.3201465201465201,0.3499389499389499,0.11526251526251527,0.3311355311355311,0.5477411477411478,0.08766788766788766,0.3125763125763126,0.4800976800976801,0.4126984126984127,0.45445665445665445,0.33894993894993897,0.35311355311355314,0.4427350427350427,0.12014652014652015,0.12527472527472527,0.6214896214896215,0.5006105006105006,0.5777777777777777,0.33137973137973137,0.2910866910866911,0.4283272283272283,0.45006105006105007,0.1514041514041514,0.3946275946275946,0.08131868131868132,0.28376068376068375,0.5108669108669108,0.21245421245421245,0.2778998778998779,0.38632478632478634,0.16678876678876678,0.33186813186813185,0.38632478632478634,0.45396825396825397,0.7162393162393162,0.3601953601953602,0.8971916971916972,0.6188034188034188,0.13211233211233211,0.3338217338217338,0.1028083028083028,0.4925518925518926,0.13797313797313798,0.1054945054945055,0.5433455433455433,0.5743589743589743,0.14896214896214896,0.11330891330891331,0.21025641025641026,0.6332112332112332,0.16654456654456654,0.2590964590964591,0.5614163614163614,0.2463980463980464,0.21855921855921856,0.7091575091575092,0.2617826617826618,0.1203907203907204,0.32161172161172163,0.26764346764346764,0.6527472527472528,0.23101343101343103,0.6761904761904762,0.10012210012210013
0.4725274725274725,0.08058608058608059,0.2087912087912088,0.1907203907203907,0.4896214896214896,0.702075702075702,0.5623931623931624,0.2336996336996337,0.46544566544566546,0.09499389499389499,0.35702075702075703,0.421978021978022,0.16776556776556775,0.1291819291819292,0.1943833943833944,0.3115995115995116,0.37997557997557996,0.11452991452991453,0.31965811965811963,0.5738705738705738,0.08791208791208792,0.3023199023199023,0.47448107448107446,0.400976800976801,0.4818070818070818,0.32844932844932845,0.3431013431013431,0.4283272283272283,0.11892551892551892,0.12258852258852258,0.6188034188034188,0.4832722832722833,0.5616605616605617,0.35946275946275946,0.3274725274725275,0.4170940170940171,0.47374847374847373,0.16312576312576313,0.38217338217338215,0.0927960927960928,0.27521367521367524,0.49401709401709404,0.20415140415140415,0.26886446886446885,0.41855921855921857,0.178998778998779,0.3221001221001221,0.37655677655677655,0.4888888888888889,0.7094017094017094,0.3482295482295482,0.896947496947497,0.6378510378510378,0.1291819291819292,0.32551892551892553,0.10036630036630037,0.47545787545787543,0.13235653235653236,0.10354090354090355,0.5286935286935287,0.5746031746031746,0.15335775335775337,0.11404151404151404,0.20488400488400488,0.652991452991453,0.16263736263736264,0.25006105006105006,0.5777777777777777,0.2385836385836386,0.2105006105006105,0.7074481074481075,0.25445665445665444,0.11819291819291819,0.3115995115995116,0.25860805860805863,0.6293040293040293,0.2634920634920635,0.6722832722832723,0.09865689865689865
0.47619047619047616,0.07423687423687424,0.20463980463980463,0.21636141636141637,0.5096459096459096,0.7084249084249085,0.5743589743589743,0.22832722832722832,0.45274725274725275,0.09352869352869353,0.38217338217338215,0.41514041514041516,0.16361416361416362,0.12380952380952381,0.18852258852258852,0.30427350427350425,0.4070818070818071,0.1137973137973138,0.30915750915750917,0.5975579975579975,0.08644688644688645,0.29255189255189257,0.4678876678876679,0.3894993894993895,0.5067155067155067,0.3181929181929182,0.33284493284493283,0.41562881562881565,0.11648351648351649,0.1199023199023199,0.6131868131868132,0.46642246642246643,0.5452991452991452,0.3877899877899878,0.35873015873015873,0.40512820512820513,0.4954822954822955,0.1794871794871795,0.36996336996337,0.10671550671550671,0.2656898656898657,0.4778998778998779,0.1960927960927961,0.25982905982905985,0.44835164835164837,0.19633699633699633,0.31404151404151404,0.3663003663003663,0.5208791208791209,0.7028083028083028,0.33650793650793653,0.8932844932844933,0.6547008547008547,0.12576312576312576,0.3181929181929182,0.09816849816849817,0.45885225885225883,0.12698412698412698,0.10256410256410256,0.5123321123321123,0.5728937728937729,0.1623931623931624,0.11477411477411477,0.2,0.6688644688644688,0.1597069597069597,0.24126984126984127,0.5907203907203907,0.2315018315018315,0.20317460317460317,0.7042735042735043,0.24713064713064714,0.115995115995116,0.30158730158730157,0.25006105006105006,0.6068376068376068,0.29743589743589743,0.6666666666666666,0.09694749694749695
0.4776556776556777,0.06862026862026863,0.2004884004884005,0.24346764346764346,0.526984126984127,0.7113553113553114,0.5841269841269842,0.22295482295482297,0.441025641025641,0.09157509157509157,0.4065934065934066,0.4065934065934066,0.1597069597069597,0.11868131868131868,0.1829059829059829,0.2976800976800977,0.43565323565323566,0.11282051282051282,0.30036630036630035,0.6183150183150183,0.08424908424908426,0.28327228327228327,0.4598290598290598,0.37826617826617825,0.5294261294261294,0.30793650793650795,0.32283272283272285,0.40463980463980465,0.11330891330891331,0.11721611721611722,0.6048840048840048,0.44981684981684983,0.528937728937729,0.41562881562881565,0.3873015873015873,0.39316239316239315,0.5152625152625152,0.2004884004884005,0.35946275946275946,0.12380952380952381,0.25616605616605614,0.4622710622710623,0.18803418803418803,0.2512820512820513,0.4752136752136752,0.2153846153846154,0.30622710622710625,0.3553113553113553,0.54993894993895,0.6952380952380952,0.32454212454212455,0.8862026862026862,0.6686202686202686,0.12258852258852258,0.3125763125763126,0.09572649572649573,0.4432234432234432,0.12283272283272283,0.10061050061050061,0.4954822954822955,0.5687423687423687,0.1772893772893773,0.11672771672771673,0.19511599511599512,0.6788766788766789,0.1562881562881563,0.23272283272283273,0.600976800976801,0.22442002442002443,0.1973137973137973,0.6986568986568986,0.24004884004884006,0.11404151404151404,0.29181929181929184,0.24175824175824176,0.5853479853479854,0.32722832722832723,0.6586080586080586,0.09499389499389499
0.4766788766788767,0.06471306471306472,0.19658119658119658,0.27277167277167275,0.5445665445665445,0.7108669108669109,0.5907203907203907,0.21733821733821734,0.4278388278388278,0.08913308913308914,0.43003663003663006,0.3963369963369963,0.15653235653235653,0.11452991452991453,0.17875457875457876,0.2905982905982906,0.46373626373626375,0.11184371184371185,0.2937728937728938,0.6393162393162393,0.08156288156288156,0.2754578754578755,0.4503052503052503,0.367032967032967,0.5501831501831502,0.2979242979242979,0.3142857142857143,0.39316239316239315,0.1111111111111111,0.11550671550671551,0.5938949938949939,0.43394383394383396,0.513064713064713,0.4385836385836386,0.4170940170940171,0.38095238095238093,0.5328449328449328,0.2253968253968254,0.3496947496947497,0.14627594627594628,0.2463980463980464,0.44713064713064715,0.1807081807081807,0.24297924297924298,0.4993894993894994,0.23663003663003662,0.2976800976800977,0.3443223443223443,0.575091575091575,0.6852258852258852,0.3133089133089133,0.8757020757020757,0.6796092796092796,0.11892551892551892,0.30915750915750917,0.09352869352869353,0.43003663003663006,0.1199023199023199,0.09841269841269841,0.4783882783882784,0.5623931623931624,0.19853479853479852,0.12014652014652015,0.1916971916971917,0.6854700854700855,0.1523809523809524,0.22417582417582418,0.6083028083028083,0.2175824175824176,0.1921855921855922,0.6901098901098901,0.23321123321123322,0.11233211233211234,0.2822954822954823,0.23394383394383395,0.5665445665445665,0.3540903540903541,0.6485958485958486,0.09426129426129426
0.473015873015873,0.06446886446886448,0.1943833943833944,0.30915750915750917,0.5614163614163614,0.7064713064713065,0.5941391941391941,0.21172161172161172,0.4141636141636142,0.08644688644688645,0.4512820512820513,0.3851037851037851,0.15433455433455434,0.11184371184371185,0.17533577533577532,0.2835164835164835,0.48986568986568985,0.11233211233211234,0.29084249084249086,0.6564102564102564,0.07887667887667887,0.26886446886446885,0.4398046398046398,0.3557997557997558,0.5684981684981685,0.2879120879120879,0.30622710622710625,0.38168498168498166,0.10989010989010989,0.11550671550671551,0.5807081807081808,0.41782661782661784,0.4976800976800977,0.45836385836385835,0.44590964590964594,0.368986568986569,0.5472527472527473,0.24932844932844933,0.33943833943833945,0.17313797313797313,0.23663003663003662,0.4324786324786325,0.17338217338217338,0.2354090354090354,0.517948717948718,0.26324786324786326,0.28888888888888886,0.3338217338217338,0.5968253968253968,0.6727716727716728,0.3028083028083028,0.8620268620268621,0.6871794871794872,0.11575091575091576,0.30842490842490844,0.09181929181929183,0.4183150183150183,0.115995115995116,0.09572649572649573,0.4617826617826618,0.5533577533577534,0.22686202686202686,0.12698412698412698,0.189010989010989,0.6908424908424908,0.14847374847374847,0.21611721611721613,0.6131868131868132,0.21245421245421245,0.18656898656898657,0.6786324786324787,0.22686202686202686,0.1111111111111111,0.27277167277167275,0.22612942612942613,0.548962148962149,0.38266178266178263,0.6358974358974359,0.09426129426129426
0.46715506715506716,0.06764346764346764,0.1921855921855922,0.34945054945054943,0.5768009768009768,0.6981684981684981,0.5943833943833944,0.20634920634920634,0.4,0.08424908424908426,0.47057387057387057,0.37362637362637363,0.1540903540903541,0.1115995115995116,0.1711843711843712,0.27643467643467645,0.5142857142857142,0.11477411477411477,0.2920634920634921,0.6671550671550671,0.07741147741147741,0.2612942612942613,0.4278388278388278,0.3443223443223443,0.5843711843711844,0.2796092796092796,0.2971916971916972,0.36996336996337,0.1115995115995116,0.11819291819291819,0.5650793650793651,0.4021978021978022,0.484004884004884,0.47863247863247865,0.47277167277167276,0.3572649572649573,0.5587301587301587,0.27350427350427353,0.32893772893772893,0.2026862026862027,0.22686202686202686,0.41782661782661784,0.16605616605616605,0.22808302808302808,0.5326007326007326,0.29304029304029305,0.2800976800976801,0.3235653235653236,0.6158730158730159,0.6581196581196581,0.2923076923076923,0.8461538461538461,0.692063492063492,0.11282051282051282,0.31062271062271063,0.09157509157509157,0.40634920634920635,0.11184371184371185,0.0927960927960928,0.4461538461538462,0.5426129426129426,0.2612942612942613,0.136996336996337,0.18608058608058609,0.683028083028083,0.14505494505494507,0.20854700854700856,0.6144078144078144,0.20781440781440783,0.18095238095238095,0.6647130647130647,0.22026862026862026,0.11135531135531136,0.26324786324786326,0.22002442002442002,0.5313797313797314,0.4105006105006105,0.6207570207570208,0.09694749694749695
0.45958485958485956,0.07496947496947497,0.18925518925518925,0.3907203907203907,0.58998778998779,0.685958485958486,0.5914529914529915,0.20122100122100123,0.38534798534798537,0.08205128205128205,0.48766788766788766,0.36214896214896214,0.15604395604395604,0.11404151404151404,0.16678876678876678,0.2695970695970696,0.5362637362637362,0.12087912087912088,0.2976800976800977,0.675946275946276,0.07716727716727717,0.2537240537240537,0.4158730158730159,0.33284493284493283,0.598046398046398,0.27228327228327226,0.2874236874236874,0.3584859584859585,0.11794871794871795,0.12527472527472527,0.5474969474969476,0.3865689865689866,0.472039072039072,0.4984126984126984,0.4976800976800977,0.346031746031746,0.5675213675213675,0.3013431013431013,0.31868131868131866,0.2336996336996337,0.21733821733821734,0.40341880341880343,0.1592185592185592,0.22246642246642245,0.5472527472527473,0.3247863247863248,0.2717948717948718,0.31404151404151404,0.631013431013431,0.6407814407814408,0.284004884004884,0.8275946275946275,0.694017094017094,0.11013431013431013,0.315995115995116,0.09157509157509157,0.39438339438339437,0.10744810744810745,0.09010989010989011,0.4315018315018315,0.5294261294261294,0.3013431013431013,0.15189255189255188,0.18315018315018314,0.6671550671550671,0.14188034188034188,0.20122100122100123,0.6126984126984127,0.20317460317460317,0.17533577533577532,0.6483516483516484,0.21416361416361415,0.11404151404151404,0.2537240537240537,0.2144078144078144,0.5137973137973137,0.43614163614163615,0.6036630036630036,0.10402930402930403
0.4512820512820513,0.08717948717948718,0.18608058608058609,0.4315018315018315,0.600976800976801,0.671062271062271,0.5853479853479854,0.19706959706959706,0.3711843711843712,0.08034188034188035,0.5020757020757021,0.35115995115995113,0.16043956043956045,0.11965811965811966,0.16263736263736264,0.2634920634920635,0.5565323565323566,0.13137973137973138,0.3076923076923077,0.6810744810744811,0.07594627594627594,0.2463980463980464,0.4039072039072039,0.3213675213675214,0.6075702075702075,0.263980463980464,0.27765567765567767,0.347008547008547,0.12991452991452992,0.13797313797313798,0.5291819291819292,0.3733821733821734,0.45958485958485956,0.5164835164835165,0.5203907203907204,0.3308913308913309,0.5731379731379731,0.3304029304029304,0.3086691086691087,0.26495726495726496,0.2083028083028083,0.38925518925518926,0.1540903540903541,0.21733821733821734,0.5611721611721612,0.3572649572649573,0.26373626373626374,0.3047619047619048,0.6434676434676435,0.6236874236874237,0.2766788766788767,0.8065934065934066,0.6927960927960928,0.1076923076923077,0.3242979242979243,0.0905982905982906,0.3824175824175824,0.10329670329670329,0.08742368742368742,0.4175824175824176,0.515018315018315,0.3443223443223443,0.1746031746031746,0.18021978021978022,0.6568986568986569,0.13846153846153847,0.1956043956043956,0.6092796092796092,0.19853479853479852,0.17045177045177046,0.6295482295482295,0.2083028083028083,0.1203907203907204,0.2459096459096459,0.2083028083028083,0.4967032967032967,0.4593406593406593,0.5851037851037851,0.11697191697191697
0.4424908424908425,0.10476190476190476,0.1829059829059829,0.4708180708180708,0.609035409035409,0.6534798534798535,0.5758241758241758,0.19365079365079366,0.35702075702075703,0.07863247863247863,0.5142857142857142,0.3409035409035409,0.16800976800976802,0.12991452991452992,0.15848595848595848,0.2578754578754579,0.5743589743589743,0.14774114774114774,0.3218559218559219,0.683028083028083,0.07448107448107448,0.23882783882783884,0.3924297924297924,0.3115995115995116,0.613919413919414,0.2554334554334554,0.2681318681318681,0.3355311355311355,0.1492063492063492,0.15677655677655677,0.5123321123321123,0.3609279609279609,0.4473748473748474,0.5326007326007326,0.5404151404151404,0.3133089133089133,0.5758241758241758,0.35995115995115995,0.2989010989010989,0.294993894993895,0.19926739926739928,0.37533577533577533,0.15042735042735042,0.21147741147741148,0.5731379731379731,0.389010989010989,0.25616605616605614,0.2962148962148962,0.6532356532356532,0.6065934065934065,0.26837606837606837,0.7841269841269841,0.6891330891330891,0.10573870573870574,0.33308913308913307,0.08913308913308914,0.3706959706959707,0.09963369963369964,0.08498168498168499,0.40463980463980465,0.4993894993894994,0.3833943833943834,0.20634920634920634,0.1768009768009768,0.6476190476190476,0.13553113553113552,0.19047619047619047,0.6034188034188034,0.1943833943833944,0.16532356532356532,0.6097680097680098,0.2021978021978022,0.12991452991452992,0.23931623931623933,0.20170940170940171,0.4800976800976801,0.47912087912087914,0.5655677655677656,0.136996336996337
0.43174603174603177,0.12844932844932844,0.1794871794871795,0.5074481074481074,0.613919413919414,0.6344322344322344,0.5636141636141636,0.18998778998778998,0.3435897435897436,0.07716727716727717,0.5238095238095238,0.3326007326007326,0.17997557997557997,0.14627594627594628,0.15433455433455434,0.25225885225885225,0.58998778998779,0.17045177045177046,0.33650793650793653,0.684004884004884,0.07252747252747253,0.23174603174603176,0.38168498168498166,0.3028083028083028,0.62002442002442,0.2468864468864469,0.2590964590964591,0.32405372405372407,0.17606837606837608,0.1824175824175824,0.49645909645909647,0.34725274725274724,0.43565323565323566,0.5462759462759462,0.557997557997558,0.30036630036630035,0.5758241758241758,0.3887667887667888,0.28962148962148965,0.32405372405372407,0.1907203907203907,0.36336996336996336,0.14652014652014653,0.20488400488400488,0.5833943833943834,0.41904761904761906,0.2485958485958486,0.2879120879120879,0.6586080586080586,0.5873015873015873,0.2600732600732601,0.7604395604395604,0.6818070818070818,0.10476190476190476,0.3426129426129426,0.08766788766788766,0.35873015873015873,0.09597069597069598,0.08351648351648351,0.3921855921855922,0.484981684981685,0.4192918192918193,0.2468864468864469,0.17362637362637362,0.6376068376068376,0.1326007326007326,0.18437118437118438,0.5948717948717949,0.19194139194139195,0.16043956043956045,0.5892551892551893,0.19706959706959706,0.14383394383394382,0.23125763125763127,0.19487179487179487,0.46373626373626375,0.495970695970696,0.5455433455433455,0.16532356532356532
0.4202686202686203,0.15653235653235653,0.17655677655677657,0.5406593406593406,0.6163614163614164,0.6161172161172161,0.5496947496947497,0.18583638583638584,0.33015873015873015,0.07521367521367521,0.5308913308913309,0.32551892551892553,0.19584859584859585,0.16874236874236875,0.15042735042735042,0.24713064713064714,0.6034188034188034,0.19926739926739928,0.35213675213675216,0.6822954822954823,0.07081807081807082,0.22515262515262516,0.37094017094017095,0.29255189255189257,0.6239316239316239,0.2385836385836386,0.25006105006105006,0.3125763125763126,0.2105006105006105,0.21001221001221002,0.4796092796092796,0.3333333333333333,0.4236874236874237,0.5582417582417583,0.5728937728937729,0.28913308913308916,0.5728937728937729,0.41611721611721614,0.28083028083028083,0.35067155067155065,0.1829059829059829,0.3523809523809524,0.14407814407814407,0.19853479853479852,0.590964590964591,0.44713064713064715,0.24151404151404152,0.2796092796092796,0.661050061050061,0.568009768009768,0.252014652014652,0.7362637362637363,0.6722832722832723,0.10476190476190476,0.35433455433455435,0.08595848595848596,0.347008547008547,0.0927960927960928,0.08424908424908426,0.37997557997557996,0.4708180708180708,0.45885225885225883,0.29474969474969476,0.17045177045177046,0.6258852258852259,0.12991452991452992,0.17777777777777778,0.5838827838827839,0.1916971916971917,0.15555555555555556,0.5684981684981685,0.19316239316239317,0.16507936507936508,0.22271062271062272,0.18852258852258852,0.44761904761904764,0.5096459096459096,0.526007326007326,0.1960927960927961
0.4087912087912088,0.18803418803418803,0.17509157509157508,0.5711843711843712,0.6158730158730159,0.598046398046398,0.535042735042735,0.18192918192918192,0.3172161172161172,0.07326007326007326,0.5345543345543345,0.3184371184371184,0.21562881562881564,0.19706959706959706,0.14652014652014653,0.24224664224664225,0.6146520146520147,0.2288156288156288,0.37094017094017095,0.6742368742368743,0.06935286935286936,0.21855921855921856,0.3609279609279609,0.2822954822954823,0.6258852258852259,0.23076923076923078,0.24151404151404152,0.3006105006105006,0.24566544566544565,0.2398046398046398,0.4634920634920635,0.3199023199023199,0.4122100122100122,0.5675213675213675,0.5855921855921856,0.28034188034188035,0.5675213675213675,0.44175824175824174,0.27228327228327226,0.37484737484737485,0.17509157509157508,0.33992673992673994,0.1452991452991453,0.19194139194139195,0.5963369963369963,0.473015873015873,0.23516483516483516,0.2713064713064713,0.662026862026862,0.5484737484737485,0.24395604395604395,0.7123321123321124,0.6605616605616605,0.10402930402930403,0.3672771672771673,0.08376068376068375,0.33528693528693526,0.08986568986568987,0.08791208791208792,0.3694749694749695,0.45567765567765567,0.49792429792429793,0.34798534798534797,0.1675213675213675,0.6122100122100123,0.12722832722832722,0.17094017094017094,0.5706959706959707,0.1943833943833944,0.1509157509157509,0.5482295482295483,0.18998778998778998,0.1934065934065934,0.2144078144078144,0.18192918192918192,0.431990231990232,0.5206349206349207,0.5074481074481074,0.23003663003663002
0.39755799755799753,0.22173382173382172,0.17606837606837608,0.599023199023199,0.6122100122100123,0.5787545787545788,0.5201465201465202,0.17777777777777778,0.3045177045177045,0.07252747252747253,0.5355311355311355,0.3115995115995116,0.2385836385836386,0.23028083028083027,0.14285714285714285,0.2371184371184371,0.6217338217338217,0.2595848595848596,0.3912087912087912,0.6647130647130647,0.06788766788766788,0.21245421245421245,0.3514041514041514,0.272039072039072,0.6249084249084249,0.22271062271062272,0.2336996336996337,0.28913308913308916,0.28253968253968254,0.2766788766788767,0.44761904761904764,0.3064713064713065,0.4014652014652015,0.5746031746031746,0.5963369963369963,0.2725274725274725,0.5597069597069597,0.4652014652014652,0.26495726495726496,0.3963369963369963,0.16947496947496948,0.326984126984127,0.15115995115995115,0.18534798534798536,0.599023199023199,0.4967032967032967,0.2288156288156288,0.2647130647130647,0.6612942612942613,0.5299145299145299,0.2358974358974359,0.6886446886446886,0.6476190476190476,0.10305250305250305,0.3807081807081807,0.08180708180708181,0.32332112332112334,0.08693528693528693,0.09572649572649573,0.3597069597069597,0.4405372405372405,0.5347985347985348,0.4043956043956044,0.16483516483516483,0.5968253968253968,0.12551892551892552,0.1641025641025641,0.5548229548229549,0.20146520146520147,0.14676434676434677,0.5301587301587302,0.18608058608058609,0.22808302808302808,0.2061050061050061,0.17582417582417584,0.4163614163614164,0.5286935286935287,0.49108669108669106,0.27277167277167275
0.3868131868131868,0.25665445665445663,0.18021978021978022,0.6234432234432234,0.6063492063492063,0.55995115995116,0.5047619047619047,0.17387057387057386,0.2920634920634921,0.07301587301587302,0.5345543345543345,0.3047619047619048,0.263980463980464,0.2673992673992674,0.13968253968253969,0.23272283272283273,0.6256410256410256,0.29645909645909646,0.4117216117216117,0.6561660561660562,0.06666666666666667,0.20634920634920634,0.3423687423687424,0.2612942612942613,0.6214896214896215,0.2148962148962149,0.2258852258852259,0.27936507936507937,0.326984126984127,0.31746031746031744,0.43272283272283274,0.29352869352869354,0.3904761904761905,0.5794871794871795,0.6031746031746031,0.26422466422466423,0.548962148962149,0.48644688644688644,0.2590964590964591,0.41318681318681316,0.16507936507936508,0.3142857142857143,0.16336996336996337,0.17924297924297924,0.599023199023199,0.517948717948718,0.22417582417582418,0.25860805860805863,0.6576312576312576,0.5118437118437118,0.22832722832722832,0.6656898656898657,0.6332112332112332,0.1028083028083028,0.39316239316239315,0.07985347985347985,0.3115995115995116,0.08376068376068375,0.10842490842490843,0.34945054945054943,0.42588522588522587,0.5684981684981685,0.4612942612942613,0.16263736263736264,0.5797313797313798,0.1242979242979243,0.157997557997558,0.5382173382173382,0.21294261294261294,0.1426129426129426,0.5135531135531135,0.18192918192918192,0.26764346764346764,0.19829059829059828,0.16971916971916973,0.40073260073260075,0.5340659340659341,0.47692307692307695,0.32063492063492066
0.3768009768009768,0.2910866910866911,0.18876678876678876,0.6446886446886447,0.598046398046398,0.5413919413919414,0.4891330891330891,0.1702075702075702,0.2818070818070818,0.07301587301587302,0.5313797313797314,0.2979242979242979,0.29084249084249086,0.305982905982906,0.1365079365079365,0.22954822954822954,0.6280830280830281,0.33601953601953605,0.4307692307692308,0.6434676434676435,0.06568986568986569,0.20073260073260074,0.3343101343101343,0.2507936507936508,0.6151404151404152,0.20757020757020758,0.21831501831501832,0.2708180708180708,0.37484737484737485,0.3597069597069597,0.4188034188034188,0.28083028083028083,0.37924297924297923,0.5814407814407815,0.6068376068376068,0.25616605616605614,0.5365079365079365,0.5054945054945055,0.2554334554334554,0.42686202686202684,0.1597069597069597,0.3018315018315018,0.1824175824175824,0.17338217338217338,0.5963369963369963,0.536996336996337,0.22026862026862026,0.25225885225885225,0.6517704517704518,0.49474969474969477,0.221001221001221,0.6437118437118438,0.6175824175824176,0.10427350427350428,0.4043956043956044,0.0778998778998779,0.2993894993894994,0.08205128205128205,0.12844932844932844,0.3387057387057387,0.41196581196581195,0.5985347985347985,0.5164835164835165,0.16166056166056167,0.5631257631257631,0.12283272283272283,0.1523809523809524,0.5206349206349207,0.22954822954822954,0.13968253968253969,0.4967032967032967,0.17753357753357754,0.3103785103785104,0.19023199023199022,0.16385836385836386,0.3848595848595849,0.5357753357753358,0.4627594627594628,0.3706959706959707
0.3672771672771673,0.3252747252747253,0.2026862026862027,0.6603174603174603,0.5868131868131868,0.5230769230769231,0.47374847374847373,0.16605616605616605,0.2725274725274725,0.0735042735042735,0.5257631257631258,0.29084249084249086,0.3181929181929182,0.34456654456654456,0.13357753357753357,0.2271062271062271,0.629059829059829,0.3763125763125763,0.4481074481074481,0.6231990231990232,0.06471306471306472,0.19658119658119658,0.326984126984127,0.2402930402930403,0.6065934065934065,0.20024420024420025,0.210989010989011,0.2612942612942613,0.42344322344322344,0.4017094017094017,0.40586080586080586,0.26886446886446885,0.3682539682539683,0.580952380952381,0.6097680097680098,0.24786324786324787,0.5223443223443224,0.5221001221001221,0.25396825396825395,0.44004884004884004,0.1540903540903541,0.28962148962148965,0.20903540903540904,0.16800976800976802,0.590964590964591,0.5511599511599512,0.21587301587301588,0.24664224664224665,0.6432234432234433,0.4783882783882784,0.21025641025641026,0.622954822954823,0.6012210012210012,0.10866910866910867,0.41367521367521365,0.07741147741147741,0.2874236874236874,0.08131868131868132,0.15653235653235653,0.3277167277167277,0.3987789987789988,0.6251526251526252,0.5682539682539682,0.1623931623931624,0.5467643467643467,0.12161172161172161,0.147008547008547,0.503052503052503,0.2507936507936508,0.13724053724053725,0.4800976800976801,0.17264957264957265,0.35433455433455435,0.1824175824175824,0.157997557997558,0.368986568986569,0.535042735042735,0.4495726495726496,0.42002442002442003
0.3584859584859585,0.357997557997558,0.2188034188034188,0.6717948717948717,0.5731379731379731,0.5052503052503052,0.45885225885225883,0.16214896214896216,0.2625152625152625,0.07643467643467644,0.5177045177045178,0.2835164835164835,0.34456654456654456,0.3824175824175824,0.13162393162393163,0.22466422466422467,0.6275946275946276,0.41514041514041516,0.46251526251526254,0.6031746031746031,0.06373626373626373,0.19316239316239317,0.3189255189255189,0.23076923076923078,0.5953601953601954,0.19316239316239317,0.20488400488400488,0.2512820512820513,0.4713064713064713,0.44175824175824174,0.3934065934065934,0.2568986568986569,0.35775335775335776,0.578021978021978,0.610989010989011,0.23956043956043957,0.5074481074481074,0.5362637362637362,0.25518925518925517,0.45225885225885226,0.14847374847374847,0.2778998778998779,0.2424908424908425,0.16312576312576313,0.582905982905983,0.5619047619047619,0.21123321123321123,0.2424908424908425,0.6322344322344322,0.4627594627594628,0.19853479853479852,0.6031746031746031,0.5851037851037851,0.11794871794871795,0.42075702075702076,0.07887667887667887,0.2766788766788767,0.07936507936507936,0.19291819291819293,0.31697191697191696,0.38632478632478634,0.6483516483516484,0.6153846153846154,0.16556776556776556,0.528937728937729,0.12136752136752137,0.14212454212454212,0.48547008547008547,0.2725274725274725,0.1343101343101343,0.463980463980464,0.16825396825396827,0.39755799755799753,0.17509157509157508,0.15213675213675212,0.3553113553113553,0.5330891330891331,0.4368742368742369,0.4666666666666667
0.3499389499389499,0.389010989010989,0.23833943833943835,0.683028083028083,0.5582417582417583,0.4879120879120879,0.44468864468864466,0.157997557997558,0.2525030525030525,0.08351648351648351,0.5076923076923077,0.27594627594627597,0.36971916971916974,0.4141636141636142,0.13064713064713065,0.22295482295482297,0.6234432234432234,0.45225885225885226,0.4742368742368742,0.588034188034188,0.06373626373626373,0.18876678876678876,0.3108669108669109,0.22124542124542124,0.5824175824175825,0.18754578754578755,0.20024420024420025,0.24126984126984127,0.5167277167277168,0.4793650793650794,0.38168498168498166,0.2454212454212454,0.34847374847374846,0.5726495726495726,0.6102564102564103,0.2315018315018315,0.49206349206349204,0.5462759462759462,0.25934065934065936,0.46251526251526254,0.14334554334554334,0.2669108669108669,0.28083028083028083,0.157997557997558,0.5731379731379731,0.5731379731379731,0.20634920634920634,0.2407814407814408,0.6195360195360196,0.44761904761904764,0.18998778998778998,0.5853479853479854,0.5687423687423687,0.13235653235653236,0.4256410256410256,0.08327228327228327,0.2669108669108669,0.07716727716727717,0.23614163614163614,0.30622710622710625,0.3741147741147741,0.6681318681318681,0.6525030525030525,0.1711843711843712,0.5106227106227106,0.12258852258852258,0.13724053724053725,0.4691086691086691,0.29523809523809524,0.13113553113553114,0.4485958485958486,0.1645909645909646,0.43833943833943834,0.16800976800976802,0.14627594627594628,0.3426129426129426,0.528937728937729,0.42417582417582417,0.5089133089133089
0.3413919413919414,0.41440781440781443,0.26422466422466423,0.6927960927960928,0.5418803418803418,0.47106227106227105,0.4312576312576313,0.1540903540903541,0.2424908424908425,0.09645909645909646,0.4954822954822955,0.2678876678876679,0.39316239316239315,0.4415140415140415,0.12869352869352868,0.2231990231990232,0.6166056166056166,0.4866910866910867,0.48253968253968255,0.5709401709401709,0.06446886446886448,0.18363858363858365,0.3028083028083028,0.21245421245421245,0.5675213675213675,0.1824175824175824,0.19487179487179487,0.23174603174603176,0.5587301587301587,0.5137973137973137,0.37045177045177047,0.23467643467643468,0.33992673992673994,0.5650793650793651,0.6063492063492063,0.22393162393162394,0.4771672771672772,0.5533577533577534,0.2669108669108669,0.4708180708180708,0.13821733821733823,0.25665445665445663,0.32283272283272285,0.15482295482295483,0.5619047619047619,0.5836385836385837,0.20195360195360196,0.2424908424908425,0.6051282051282051,0.43272283272283274,0.18437118437118438,0.5687423687423687,0.5533577533577534,0.15335775335775337,0.4278388278388278,0.09181929181929183,0.25616605616605614,0.07472527472527472,0.2847374847374847,0.29572649572649573,0.3626373626373626,0.6844932844932845,0.6818070818070818,0.18046398046398046,0.4925518925518926,0.126007326007326,0.1330891330891331,0.45445665445665445,0.32283272283272285,0.12747252747252746,0.43345543345543347,0.16166056166056167,0.47619047619047616,0.16117216117216118,0.14212454212454212,0.3286935286935287,0.5228327228327229,0.4117216117216117,0.5467643467643467
0.33284493284493283,0.43565323565323566,0.29523809523809524,0.7008547008547008,0.5252747252747253,0.45445665445665445,0.4183150183150183,0.15067155067155066,0.23272283272283273,0.115995115995116,0.4822954822954823,0.25982905982905985,0.41196581196581195,0.4700854700854701,0.12698412698412698,0.2258852258852259,0.6073260073260073,0.5181929181929182,0.4874236874236874,0.54993894993895,0.06398046398046398,0.17802197802197803,0.29474969474969476,0.20341880341880342,0.5531135531135531,0.1768009768009768,0.18925518925518925,0.22271062271062272,0.5970695970695971,0.5455433455433455,0.35946275946275946,0.22661782661782662,0.3308913308913309,0.5553113553113553,0.5997557997557997,0.21636141636141637,0.4627594627594628,0.5601953601953602,0.2774114774114774,0.4766788766788767,0.13357753357753357,0.24664224664224665,0.3658119658119658,0.15262515262515264,0.5492063492063493,0.5924297924297924,0.19829059829059828,0.24810744810744811,0.5894993894993895,0.4183150183150183,0.18046398046398046,0.5516483516483517,0.5387057387057387,0.1807081807081807,0.4278388278388278,0.10671550671550671,0.24493284493284492,0.07228327228327229,0.33577533577533575,0.2852258852258852,0.3514041514041514,0.6979242979242979,0.7047619047619048,0.19365079365079366,0.4757020757020757,0.1330891330891331,0.13113553113553114,0.4415140415140415,0.35213675213675216,0.12405372405372406,0.4188034188034188,0.15995115995115994,0.5101343101343101,0.15604395604395604,0.1387057387057387,0.31477411477411477,0.5142857142857142,0.39951159951159954,0.5794871794871795
0.32576312576312577,0.45714285714285713,0.32967032967032966,0.7062271062271063,0.5094017094017094,0.43833943833943834,0.40586080586080586,0.147985347985348,0.2231990231990232,0.14334554334554334,0.46813186813186813,0.252014652014652,0.4275946275946276,0.4976800976800977,0.12527472527472527,0.23174603174603176,0.5951159951159951,0.5467643467643467,0.4884004884004884,0.5318681318681319,0.06349206349206349,0.17216117216117216,0.28669108669108667,0.19487179487179487,0.5387057387057387,0.17094017094017094,0.18363858363858365,0.2139194139194139,0.6317460317460317,0.5738705738705738,0.3487179487179487,0.21953601953601953,0.32161172161172163,0.5433455433455433,0.5904761904761905,0.20903540903540904,0.4490842490842491,0.5658119658119658,0.2903540903540904,0.4800976800976801,0.12869352869352868,0.2371184371184371,0.4031746031746032,0.15067155067155066,0.5355311355311355,0.5992673992673992,0.19413919413919414,0.2578754578754579,0.5736263736263736,0.4056166056166056,0.17631257631257632,0.5343101343101343,0.5247863247863248,0.21416361416361415,0.4256410256410256,0.12869352869352868,0.23321123321123322,0.07057387057387057,0.3877899877899878,0.27521367521367524,0.3404151404151404,0.7062271062271063,0.7286935286935287,0.21147741147741148,0.4598290598290598,0.1443223443223443,0.1308913308913309,0.42857142857142855,0.3819291819291819,0.12087912087912088,0.40463980463980465,0.16117216117216118,0.5401709401709401,0.15189255189255188,0.1347985347985348,0.30085470085470084,0.5035409035409035,0.38754578754578756,0.6078144078144078
0.31916971916971915,0.4771672771672772,0.36556776556776555,0.7084249084249085,0.49401709401709404,0.4222222222222222,0.3951159951159951,0.1457875457875458,0.2139194139194139,0.17753357753357754,0.45323565323565324,0.24517704517704517,0.44346764346764345,0.5233211233211233,0.12356532356532357,0.24126984126984127,0.5811965811965812,0.5721611721611721,0.4869352869352869,0.5186813186813187,0.063003663003663,0.1663003663003663,0.2788766788766789,0.18852258852258852,0.5230769230769231,0.16532356532356532,0.17826617826617827,0.20488400488400488,0.6627594627594627,0.5992673992673992,0.33943833943833945,0.21172161172161172,0.3128205128205128,0.5299145299145299,0.5787545787545788,0.20195360195360196,0.4363858363858364,0.5697191697191697,0.3047619047619048,0.4810744810744811,0.12405372405372406,0.23003663003663002,0.4363858363858364,0.14993894993894993,0.5208791208791209,0.6036630036630036,0.18998778998778998,0.2717948717948718,0.5587301587301587,0.39365079365079364,0.17216117216117216,0.5167277167277168,0.5115995115995116,0.25225885225885225,0.4214896214896215,0.1592185592185592,0.22246642246642245,0.06935286935286936,0.43785103785103785,0.26544566544566545,0.33015873015873015,0.7108669108669109,0.7577533577533577,0.2336996336996337,0.44517704517704515,0.15995115995115994,0.13137973137973138,0.41562881562881565,0.4105006105006105,0.11794871794871795,0.3907203907203907,0.16654456654456654,0.5631257631257631,0.14676434676434677,0.13064713064713065,0.2874236874236874,0.4908424908424908,0.3755799755799756,0.6322344322344322
0.31184371184371185,0.49523809523809526,0.40293040293040294,0.707936507936508,0.4793650793650794,0.40634920634920635,0.38534798534798537,0.14334554334554334,0.20488400488400488,0.2175824175824176,0.4388278388278388,0.23882783882783884,0.45885225885225883,0.5470085470085471,0.12161172161172161,0.2549450549450549,0.5655677655677656,0.5948717948717949,0.4827838827838828,0.5037851037851038,0.06227106227106227,0.1606837606837607,0.2708180708180708,0.18315018315018314,0.5069597069597069,0.1597069597069597,0.17313797313797313,0.19658119658119658,0.6905982905982906,0.6183150183150183,0.3308913308913309,0.20366300366300366,0.30427350427350425,0.515018315018315,0.5653235653235653,0.1956043956043956,0.4256410256410256,0.5711843711843712,0.3199023199023199,0.47912087912087914,0.11965811965811966,0.22417582417582418,0.472039072039072,0.15213675213675212,0.5064713064713064,0.6053724053724053,0.18583638583638584,0.28913308913308916,0.5445665445665445,0.3807081807081807,0.16800976800976802,0.49914529914529915,0.4989010989010989,0.2879120879120879,0.4148962148962149,0.1978021978021978,0.21147741147741148,0.0695970695970696,0.48547008547008547,0.25567765567765566,0.3213675213675214,0.7147741147741148,0.7811965811965812,0.2590964590964591,0.4312576312576313,0.18046398046398046,0.1343101343101343,0.4031746031746032,0.43736263736263736,0.115995115995116,0.37704517704517704,0.1768009768009768,0.5811965811965812,0.1413919413919414,0.1264957264957265,0.273992673992674,0.4771672771672772,0.3641025641025641,0.6498168498168498
0.30378510378510376,0.5106227106227106,0.43956043956043955,0.7042735042735043,0.4656898656898657,0.3921855921855922,0.3750915750915751,0.13992673992673993,0.1960927960927961,0.26275946275946277,0.4261294261294261,0.23223443223443224,0.473015873015873,0.5682539682539682,0.1199023199023199,0.2717948717948718,0.548962148962149,0.6112332112332113,0.47545787545787543,0.4884004884004884,0.06202686202686203,0.15482295482295483,0.26324786324786326,0.1768009768009768,0.4918192918192918,0.15433455433455434,0.16776556776556775,0.18876678876678876,0.7152625152625153,0.6334554334554334,0.32112332112332115,0.1960927960927961,0.2971916971916972,0.49963369963369964,0.5501831501831502,0.189010989010989,0.41562881562881565,0.5702075702075702,0.33528693528693526,0.473992673992674,0.11550671550671551,0.2175824175824176,0.5064713064713064,0.15775335775335775,0.49230769230769234,0.6048840048840048,0.18168498168498168,0.30915750915750917,0.5301587301587302,0.3672771672771673,0.16385836385836386,0.4810744810744811,0.4874236874236874,0.3225885225885226,0.40634920634920635,0.24395604395604395,0.20122100122100123,0.07203907203907203,0.528937728937729,0.24786324786324787,0.3133089133089133,0.7164835164835165,0.7997557997557998,0.2862026862026862,0.4183150183150183,0.22002442002442002,0.1409035409035409,0.39096459096459096,0.4617826617826618,0.11648351648351649,0.36385836385836384,0.19023199023199022,0.599023199023199,0.13626373626373625,0.12258852258852258,0.2612942612942613,0.4627594627594628,0.35262515262515265,0.6627594627594627
0.29572649572649573,0.5235653235653236,0.47448107448107446,0.6979242979242979,0.4525030525030525,0.378998778998779,0.36434676434676433,0.13675213675213677,0.18754578754578755,0.3108669108669109,0.4146520146520147,0.22466422466422467,0.4862026862026862,0.5868131868131868,0.11843711843711843,0.2915750915750916,0.5321123321123321,0.6244200244200244,0.4652014652014652,0.473015873015873,0.06202686202686203,0.14896214896214896,0.2554334554334554,0.1706959706959707,0.47692307692307695,0.1496947496947497,0.16312576312576313,0.18144078144078143,0.7338217338217338,0.6485958485958486,0.3108669108669109,0.18852258852258852,0.2923076923076923,0.48424908424908425,0.5343101343101343,0.18437118437118438,0.40512820512820513,0.5667887667887668,0.34945054945054943,0.4666666666666667,0.11282051282051282,0.2105006105006105,0.5391941391941392,0.16776556776556775,0.4783882783882784,0.6012210012210012,0.17753357753357754,0.32844932844932845,0.5157509157509158,0.3540903540903541,0.15995115995115994,0.4634920634920635,0.4764346764346764,0.36117216117216117,0.3960927960927961,0.29474969474969476,0.19096459096459095,0.0778998778998779,0.5675213675213675,0.2402930402930403,0.3047619047619048,0.715995115995116,0.8148962148962149,0.3145299145299145,0.40586080586080586,0.27350427350427353,0.1514041514041514,0.37948717948717947,0.48376068376068376,0.12014652014652015,0.3523809523809524,0.20757020757020758,0.6151404151404152,0.1308913308913309,0.11892551892551892,0.24932844932844933,0.44761904761904764,0.3426129426129426,0.6754578754578755
0.28766788766788765,0.5335775335775336,0.5079365079365079,0.6886446886446886,0.4405372405372405,0.36434676434676433,0.3536019536019536,0.13357753357753357,0.1794871794871795,0.3540903540903541,0.40293040293040294,0.21733821733821734,0.49743589743589745,0.6034188034188034,0.11746031746031746,0.3133089133089133,0.5167277167277168,0.6376068376068376,0.45274725274725275,0.4581196581196581,0.06202686202686203,0.14285714285714285,0.24786324786324787,0.1641025641025641,0.4627594627594628,0.14505494505494507,0.15824175824175823,0.17435897435897435,0.747985347985348,0.6625152625152625,0.3006105006105006,0.18095238095238095,0.29084249084249086,0.46935286935286935,0.517948717948718,0.18021978021978022,0.3877899877899878,0.5604395604395604,0.36166056166056165,0.45714285714285713,0.11135531135531136,0.20341880341880342,0.5694749694749695,0.18315018315018314,0.4652014652014652,0.5953601953601954,0.17338217338217338,0.34725274725274724,0.5015873015873016,0.34114774114774116,0.1562881562881563,0.4456654456654457,0.4652014652014652,0.4004884004884005,0.38412698412698415,0.3474969474969475,0.18192918192918192,0.08864468864468865,0.5970695970695971,0.23223443223443224,0.295970695970696,0.7125763125763126,0.8263736263736263,0.34285714285714286,0.39365079365079364,0.3172161172161172,0.16678876678876678,0.3682539682539683,0.503052503052503,0.12869352869352868,0.3418803418803419,0.23174603174603176,0.6288156288156288,0.12576312576312576,0.11550671550671551,0.23736263736263735,0.432967032967033,0.33308913308913307,0.6869352869352869
0.2796092796092796,0.5404151404151404,0.5389499389499389,0.6771672771672772,0.4297924297924298,0.3496947496947497,0.3426129426129426,0.13015873015873017,0.17338217338217338,0.3938949938949939,0.3912087912087912,0.21025641025641026,0.5069597069597069,0.6175824175824176,0.11794871794871795,0.3333333333333333,0.5025641025641026,0.6500610500610501,0.4385836385836386,0.44297924297924296,0.06202686202686203,0.13772893772893774,0.24126984126984127,0.157997557997558,0.44981684981684983,0.14065934065934066,0.15384615384615385,0.168986568986569,0.7626373626373626,0.673992673992674,0.2905982905982906,0.17387057387057386,0.29304029304029305,0.4551892551892552,0.5032967032967033,0.17509157509157508,0.3672771672771673,0.5518925518925519,0.37191697191697193,0.4468864468864469,0.10866910866910867,0.1960927960927961,0.5963369963369963,0.20317460317460317,0.45274725274725275,0.5870573870573871,0.17045177045177046,0.3684981684981685,0.48815628815628814,0.32844932844932845,0.15262515262515264,0.4283272283272283,0.4537240537240537,0.4376068376068376,0.37142857142857144,0.4004884004884005,0.17313797313797313,0.10451770451770452,0.6207570207570208,0.22393162393162394,0.2869352869352869,0.7067155067155068,0.8346764346764347,0.36971916971916974,0.38217338217338215,0.3557997557997558,0.1873015873015873,0.3572649572649573,0.5194139194139195,0.14285714285714285,0.3308913308913309,0.26202686202686204,0.64004884004884,0.12136752136752137,0.11184371184371185,0.2258852258852259,0.4188034188034188,0.32283272283272285,0.6964590964590964
0.2717948717948718,0.544078144078144,0.568009768009768,0.6644688644688644,0.41782661782661784,0.33455433455433453,0.3316239316239316,0.12161172161172161,0.16825396825396827,0.43736263736263736,0.38046398046398044,0.20341880341880342,0.515018315018315,0.6293040293040293,0.1199023199023199,0.3523809523809524,0.48815628815628814,0.661050061050061,0.4231990231990232,0.42466422466422465,0.06202686202686203,0.13357753357753357,0.2354090354090354,0.15189255189255188,0.43736263736263736,0.1365079365079365,0.1496947496947497,0.16483516483516483,0.7758241758241758,0.683028083028083,0.2805860805860806,0.16678876678876678,0.29987789987789987,0.44175824175824174,0.48937728937728936,0.1702075702075702,0.3536019536019536,0.5411477411477411,0.3785103785103785,0.43565323565323566,0.10573870573870574,0.189010989010989,0.6205128205128205,0.2275946275946276,0.4405372405372405,0.5772893772893772,0.16825396825396827,0.3907203907203907,0.47545787545787543,0.315995115995116,0.1492063492063492,0.41098901098901097,0.44175824175824174,0.47155067155067154,0.3584859584859585,0.4507936507936508,0.16483516483516483,0.12356532356532357,0.6444444444444445,0.21587301587301588,0.2778998778998779,0.6976800976800976,0.8402930402930403,0.39438339438339437,0.37216117216117217,0.3973137973137973,0.21147741147741148,0.34676434676434675,0.5328449328449328,0.1597069597069597,0.31916971916971915,0.29645909645909646,0.6478632478632479,0.11746031746031746,0.10866910866910867,0.2148962148962149,0.40634920634920635,0.3125763125763126,0.7035409035409036
0.263980463980464,0.5443223443223443,0.5948717948717949,0.6507936507936508,0.4061050061050061,0.31965811965811963,0.32112332112332115,0.11013431013431013,0.1623931623931624,0.48131868131868133,0.36996336996337,0.19658119658119658,0.5208791208791209,0.6383394383394383,0.1242979242979243,0.3733821733821734,0.473992673992674,0.6698412698412698,0.4073260073260073,0.40805860805860805,0.06202686202686203,0.13137973137973138,0.22905982905982905,0.1457875457875458,0.4256410256410256,0.1326007326007326,0.147008547008547,0.15946275946275945,0.787057387057387,0.6893772893772894,0.27106227106227104,0.15995115995115994,0.31135531135531136,0.43052503052503055,0.47545787545787543,0.16532356532356532,0.34285714285714286,0.527960927960928,0.38266178266178263,0.4227106227106227,0.10256410256410256,0.18217338217338216,0.6415140415140416,0.2554334554334554,0.42905982905982903,0.5665445665445665,0.16507936507936508,0.4122100122100122,0.4634920634920635,0.30378510378510376,0.14554334554334555,0.39438339438339437,0.4302808302808303,0.5015873015873016,0.34554334554334554,0.49694749694749696,0.15897435897435896,0.14554334554334555,0.6659340659340659,0.2083028083028083,0.2691086691086691,0.6857142857142857,0.8424908424908425,0.41367521367521365,0.36336996336996336,0.43785103785103785,0.2385836385836386,0.33650793650793653,0.5413919413919414,0.19047619047619047,0.3076923076923077,0.33308913308913307,0.652991452991453,0.11404151404151404,0.1054945054945055,0.20634920634920634,0.3951159951159951,0.3018315018315018,0.707936507936508
0.2564102564102564,0.5411477411477411,0.6158730158730159,0.6358974358974359,0.3938949938949939,0.3047619047619048,0.3103785103785104,0.1028083028083028,0.1562881562881563,0.5242979242979243,0.35995115995115995,0.19047619047619047,0.525030525030525,0.6442002442002442,0.13162393162393163,0.3946275946275946,0.46007326007326005,0.6761904761904762,0.3916971916971917,0.3960927960927961,0.06227106227106227,0.13162393162393163,0.22271062271062272,0.14017094017094017,0.4141636141636142,0.12869352869352868,0.1452991452991453,0.15384615384615385,0.7956043956043956,0.6923076923076923,0.26202686202686204,0.1536019536019536,0.32722832722832723,0.4205128205128205,0.4617826617826618,0.16092796092796094,0.33406593406593404,0.515018315018315,0.3848595848595849,0.4087912087912088,0.0989010989010989,0.17509157509157508,0.6598290598290598,0.28498168498168497,0.4188034188034188,0.5538461538461539,0.16166056166056167,0.4324786324786325,0.4512820512820513,0.2923076923076923,0.14236874236874236,0.3797313797313797,0.4188034188034188,0.5272283272283272,0.33308913308913307,0.5387057387057387,0.1540903540903541,0.17484737484737484,0.684981684981685,0.20073260073260074,0.2600732600732601,0.6717948717948717,0.842002442002442,0.4297924297924298,0.3536019536019536,0.4764346764346764,0.2678876678876679,0.32625152625152626,0.5467643467643467,0.22393162393162394,0.2962148962148962,0.3706959706959707,0.654945054945055,0.11037851037851037,0.10256410256410256,0.19926739926739928,0.3838827838827839,0.2915750915750916,0.7096459096459097
0.24835164835164836,0.535042735042735,0.6329670329670329,0.62002442002442,0.3819291819291819,0.29010989010989013,0.3001221001221001,0.09768009768009768,0.15042735042735042,0.5650793650793651,0.35067155067155065,0.18461538461538463,0.5272283272283272,0.645909645909646,0.14358974358974358,0.41514041514041516,0.44713064713064715,0.6800976800976801,0.37704517704517704,0.3831501831501832,0.06373626373626373,0.1343101343101343,0.21636141636141637,0.13528693528693528,0.40293040293040294,0.1264957264957265,0.1426129426129426,0.14822954822954823,0.800976800976801,0.692063492063492,0.25347985347985347,0.14774114774114774,0.3435897435897436,0.41025641025641024,0.44884004884004886,0.157997557997558,0.32576312576312577,0.5020757020757021,0.38461538461538464,0.3946275946275946,0.09572649572649573,0.16825396825396827,0.6754578754578755,0.3145299145299145,0.409035409035409,0.5401709401709401,0.157997557997558,0.4507936507936508,0.43956043956043955,0.2810744810744811,0.13943833943833944,0.36678876678876676,0.40757020757020757,0.5487179487179488,0.32161172161172163,0.5706959706959707,0.14847374847374847,0.20976800976800977,0.7008547008547008,0.19365079365079366,0.2512820512820513,0.6561660561660562,0.8378510378510379,0.44542124542124545,0.3431013431013431,0.5118437118437118,0.2976800976800977,0.31746031746031744,0.5511599511599512,0.2507936507936508,0.2852258852258852,0.4070818070818071,0.6534798534798535,0.1072039072039072,0.10036630036630037,0.19145299145299147,0.3733821733821734,0.28156288156288156,0.708913308913309
0.2407814407814408,0.526984126984127,0.6507936507936508,0.6039072039072039,0.36971916971916974,0.27594627594627597,0.29010989010989013,0.09401709401709402,0.14554334554334555,0.6031746031746031,0.34114774114774116,0.178998778998779,0.5264957264957265,0.6446886446886447,0.15995115995115994,0.4346764346764347,0.4346764346764347,0.6815628815628816,0.36385836385836384,0.3677655677655678,0.06568986568986569,0.14065934065934066,0.21025641025641026,0.13064713064713065,0.39316239316239315,0.12503052503052503,0.13968253968253969,0.1426129426129426,0.802930402930403,0.6884004884004884,0.2454212454212454,0.14383394383394382,0.3606837606837607,0.4,0.4363858363858364,0.15677655677655677,0.3181929181929182,0.4879120879120879,0.38168498168498166,0.38046398046398044,0.09255189255189256,0.1619047619047619,0.6884004884004884,0.3396825396825397,0.3987789987789988,0.526007326007326,0.15482295482295483,0.4666666666666667,0.4278388278388278,0.27057387057387056,0.13797313797313798,0.35262515262515265,0.3963369963369963,0.5665445665445665,0.3108669108669109,0.5956043956043956,0.14285714285714285,0.24835164835164836,0.7137973137973138,0.1873015873015873,0.24273504273504273,0.6388278388278388,0.8307692307692308,0.4593406593406593,0.33284493284493283,0.5433455433455433,0.326984126984127,0.3094017094017094,0.5531135531135531,0.28498168498168497,0.27472527472527475,0.441025641025641,0.6490842490842491,0.10427350427350428,0.09914529914529914,0.18315018315018314,0.36288156288156287,0.2717948717948718,0.7047619047619048
0.23443223443223443,0.5157509157509158,0.6676434676434676,0.5885225885225885,0.35775335775335776,0.26202686202686204,0.28034188034188035,0.09181929181929183,0.1426129426129426,0.6385836385836385,0.33186813186813185,0.17362637362637362,0.5238095238095238,0.6417582417582418,0.18168498168498168,0.4525030525030525,0.4227106227106227,0.6800976800976801,0.3516483516483517,0.35482295482295484,0.06617826617826618,0.15189255189255188,0.20415140415140415,0.126007326007326,0.3838827838827839,0.12283272283272283,0.1365079365079365,0.13772893772893774,0.8012210012210013,0.6815628815628816,0.23785103785103784,0.1413919413919414,0.38168498168498166,0.38974358974358975,0.42466422466422465,0.15848595848595848,0.3103785103785104,0.47374847374847373,0.37606837606837606,0.3665445665445665,0.08937728937728938,0.15531135531135531,0.6967032967032967,0.36166056166056165,0.3887667887667888,0.5115995115995116,0.1514041514041514,0.4800976800976801,0.4166056166056166,0.26202686202686204,0.136996336996337,0.3384615384615385,0.38534798534798537,0.5802197802197803,0.30158730158730157,0.6202686202686203,0.13772893772893774,0.28888888888888886,0.7235653235653235,0.18095238095238095,0.23443223443223443,0.6217338217338217,0.8219780219780219,0.47106227106227105,0.3221001221001221,0.5709401709401709,0.3514041514041514,0.3006105006105006,0.5531135531135531,0.32283272283272285,0.26422466422466423,0.472039072039072,0.6417582417582418,0.10305250305250305,0.0971916971916972,0.17509157509157508,0.3528693528693529,0.2622710622710623,0.6976800976800976
0.22905982905982905,0.5023199023199023,0.6827838827838828,0.5736263736263736,0.34554334554334554,0.2485958485958486,0.27057387057387056,0.09035409035409035,0.1426129426129426,0.6708180708180708,0.32283272283272285,0.168986568986569,0.5201465201465202,0.6361416361416361,0.20732600732600734,0.4686202686202686,0.4105006105006105,0.675946275946276,0.3409035409035409,0.34456654456654456,0.06642246642246642,0.16874236874236875,0.19853479853479852,0.12307692307692308,0.3741147741147741,0.12136752136752137,0.13357753357753357,0.1326007326007326,0.7953601953601953,0.6715506715506715,0.23174603174603176,0.13968253968253969,0.4039072039072039,0.3797313797313797,0.41318681318681316,0.16361416361416362,0.3028083028083028,0.45958485958485956,0.36800976800976803,0.3536019536019536,0.08644688644688645,0.14896214896214896,0.701098901098901,0.3848595848595849,0.37826617826617825,0.4976800976800977,0.14822954822954823,0.49108669108669106,0.40586080586080586,0.25445665445665444,0.13528693528693528,0.3128205128205128,0.37435897435897436,0.590964590964591,0.2937728937728938,0.642002442002442,0.13235653235653236,0.32893772893772893,0.7296703296703296,0.17484737484737484,0.22661782661782662,0.6046398046398046,0.810989010989011,0.48083028083028084,0.3115995115995116,0.5941391941391941,0.3724053724053724,0.2910866910866911,0.550915750915751,0.36117216117216117,0.25396825396825395,0.49963369963369964,0.6322344322344322,0.10329670329670329,0.09548229548229548,0.1675213675213675,0.3431013431013431,0.252991452991453,0.6879120879120879
0.22295482295482297,0.4869352869352869,0.6957264957264957,0.5594627594627595,0.3338217338217338,0.23614163614163614,0.26202686202686204,0.0884004884004884,0.14676434676434677,0.6996336996336996,0.31355311355311355,0.16532356532356532,0.5142857142857142,0.6278388278388278,0.23663003663003662,0.4835164835164835,0.3987789987789988,0.6695970695970695,0.33235653235653234,0.3326007326007326,0.06642246642246642,0.19145299145299147,0.19316239316239317,0.12112332112332112,0.3641025641025641,0.12112332112332112,0.1308913308913309,0.12796092796092795,0.7855921855921856,0.6586080586080586,0.22661782661782662,0.14065934065934066,0.4261294261294261,0.36971916971916974,0.40195360195360197,0.17264957264957265,0.29523809523809524,0.44590964590964594,0.35824175824175825,0.34114774114774116,0.08376068376068375,0.1443223443223443,0.7047619047619048,0.4070818070818071,0.3677655677655678,0.484004884004884,0.14505494505494507,0.49963369963369964,0.3960927960927961,0.2459096459096459,0.1330891330891331,0.283028083028083,0.36385836385836384,0.5970695970695971,0.2874236874236874,0.6605616605616605,0.12698412698412698,0.36800976800976803,0.7326007326007326,0.16923076923076924,0.22002442002442002,0.5863247863247864,0.7973137973137974,0.4879120879120879,0.3013431013431013,0.6136752136752137,0.39365079365079364,0.28156288156288156,0.5457875457875457,0.39829059829059826,0.24444444444444444,0.5238095238095238,0.6205128205128205,0.10451770451770452,0.09328449328449329,0.15995115995115994,0.33406593406593404,0.2442002442002442,0.6754578754578755
0.21636141636141637,0.47057387057387057,0.7064713064713065,0.5457875457875457,0.3221001221001221,0.22612942612942613,0.25445665445665444,0.08595848595848596,0.15555555555555556,0.726007326007326,0.3047619047619048,0.16263736263736264,0.5064713064713064,0.6163614163614164,0.26764346764346764,0.49645909645909647,0.3873015873015873,0.6603174603174603,0.32454212454212455,0.3162393162393162,0.06617826617826618,0.22002442002442002,0.1921855921855922,0.11843711843711843,0.35433455433455435,0.12307692307692308,0.1282051282051282,0.12356532356532357,0.7724053724053724,0.6444444444444445,0.22026862026862026,0.14554334554334555,0.44713064713064715,0.3597069597069597,0.39096459096459096,0.18583638583638584,0.28888888888888886,0.432967032967033,0.34725274725274724,0.3291819291819292,0.08156288156288156,0.1409035409035409,0.7057387057387058,0.42735042735042733,0.3572649572649573,0.4708180708180708,0.14188034188034188,0.505982905982906,0.3873015873015873,0.2371184371184371,0.13113553113553114,0.2634920634920635,0.35311355311355314,0.6004884004884005,0.2805860805860806,0.6754578754578755,0.12185592185592185,0.40463980463980465,0.7321123321123321,0.16361416361416362,0.2144078144078144,0.5675213675213675,0.7814407814407814,0.4925518925518926,0.2915750915750916,0.6295482295482295,0.41367521367521365,0.2717948717948718,0.5382173382173382,0.4332112332112332,0.23663003663003662,0.5418803418803418,0.6063492063492063,0.1076923076923077,0.09157509157509157,0.15262515262515264,0.3247863247863248,0.2358974358974359,0.6612942612942613
0.21025641025641026,0.452991452991453,0.7140415140415141,0.5326007326007326,0.3108669108669109,0.2175824175824176,0.24664224664224665,0.08351648351648351,0.17045177045177046,0.7492063492063492,0.29743589743589743,0.1597069597069597,0.49743589743589745,0.6024420024420024,0.2993894993894994,0.5079365079365079,0.3755799755799756,0.6498168498168498,0.31648351648351647,0.3018315018315018,0.06617826617826618,0.252991452991453,0.1934065934065934,0.11550671550671551,0.34456654456654456,0.12869352869352868,0.126007326007326,0.11892551892551892,0.757020757020757,0.629059829059829,0.2139194139194139,0.15604395604395604,0.46642246642246643,0.3499389499389499,0.37997557997557996,0.2004884004884005,0.28327228327228327,0.42075702075702076,0.33528693528693526,0.3184371184371184,0.07912087912087912,0.13626373626373625,0.7040293040293041,0.44590964590964594,0.34676434676434675,0.45836385836385835,0.13846153846153847,0.5096459096459096,0.37704517704517704,0.22832722832722832,0.12942612942612944,0.24932844932844933,0.3440781440781441,0.6021978021978022,0.273992673992674,0.6866910866910867,0.11721611721611722,0.43785103785103785,0.7279609279609279,0.15946275946275945,0.2083028083028083,0.5492063492063493,0.7633699633699633,0.49474969474969477,0.28205128205128205,0.642002442002442,0.4315018315018315,0.2622710622710623,0.5277167277167277,0.46495726495726497,0.23028083028083027,0.5557997557997558,0.5904761904761905,0.11526251526251527,0.08937728937728938,0.1457875457875458,0.31575091575091574,0.22808302808302808,0.6456654456654457
0.20415140415140415,0.43565323565323566,0.7191697191697192,0.5194139194139195,0.30036630036630035,0.20781440781440783,0.23809523809523808,0.08131868131868132,0.19047619047619047,0.7658119658119659,0.29084249084249086,0.15653235653235653,0.48644688644688644,0.5863247863247864,0.3311355311355311,0.5174603174603175,0.3653235653235653,0.6373626373626373,0.3086691086691087,0.2915750915750916,0.0673992673992674,0.2893772893772894,0.19047619047619047,0.11257631257631258,0.33455433455433453,0.1391941391941392,0.12503052503052503,0.11477411477411477,0.73992673992674,0.6117216117216118,0.2070818070818071,0.17216117216117216,0.4832722832722833,0.3401709401709402,0.3684981684981685,0.2170940170940171,0.2766788766788767,0.40927960927960927,0.3230769230769231,0.3076923076923077,0.07814407814407814,0.13113553113553114,0.6986568986568986,0.4622710622710623,0.33650793650793653,0.4468864468864469,0.13553113553113552,0.5108669108669108,0.36678876678876676,0.21953601953601953,0.12796092796092795,0.23785103785103784,0.33577533577533575,0.6021978021978022,0.2678876678876679,0.6942612942612942,0.1137973137973138,0.4678876678876679,0.7203907203907204,0.1562881562881563,0.20170940170940171,0.5316239316239316,0.7438339438339439,0.4945054945054945,0.27277167277167275,0.6498168498168498,0.45836385836385835,0.25347985347985347,0.5152625152625152,0.4927960927960928,0.2271062271062271,0.5692307692307692,0.5726495726495726,0.12796092796092795,0.08766788766788766,0.13968253968253969,0.3064713064713065,0.22148962148962148,0.6278388278388278
0.19829059829059828,0.4188034188034188,0.7211233211233211,0.5064713064713064,0.29181929181929184,0.19755799755799755,0.22979242979242978,0.07887667887667887,0.21587301587301588,0.778021978021978,0.28376068376068375,0.15384615384615385,0.4742368742368742,0.5684981684981685,0.3614163614163614,0.5252747252747253,0.35555555555555557,0.6231990231990232,0.30036630036630035,0.2800976800976801,0.07106227106227106,0.32722832722832723,0.18608058608058609,0.10989010989010989,0.32454212454212455,0.15433455433455434,0.126007326007326,0.11233211233211234,0.7199023199023199,0.5926739926739927,0.20024420024420025,0.19462759462759463,0.49743589743589745,0.3304029304029304,0.3584859584859585,0.23785103785103784,0.2703296703296703,0.39829059829059826,0.3115995115995116,0.2989010989010989,0.07863247863247863,0.12576312576312576,0.6898656898656899,0.4764346764346764,0.32625152625152626,0.43565323565323566,0.13382173382173382,0.5096459096459096,0.3562881562881563,0.210989010989011,0.1264957264957265,0.22808302808302808,0.326984126984127,0.5995115995115995,0.2617826617826618,0.6991452991452991,0.1115995115995116,0.49401709401709404,0.7098901098901099,0.15189255189255188,0.1956043956043956,0.5147741147741147,0.7235653235653235,0.4913308913308913,0.263980463980464,0.653968253968254,0.4884004884004884,0.24493284493284492,0.5010989010989011,0.5174603174603175,0.2271062271062271,0.580952380952381,0.5540903540903541,0.14676434676434677,0.08595848595848596,0.13504273504273503,0.2971916971916972,0.21587301587301588,0.609035409035409
0.19267399267399268,0.40244200244200246,0.7203907203907204,0.49401709401709404,0.284004884004884,0.1873015873015873,0.22173382173382172,0.07643467643467644,0.24126984126984127,0.78998778998779,0.2761904761904762,0.15262515262515264,0.46153846153846156,0.5496947496947497,0.38974358974358975,0.5304029304029304,0.3452991452991453,0.6073260073260073,0.2920634920634921,0.26837606837606837,0.07887667887667887,0.3653235653235653,0.1824175824175824,0.10744810744810745,0.31477411477411477,0.17509157509157508,0.13064713064713065,0.11037851037851037,0.6981684981684981,0.5731379731379731,0.1934065934065934,0.2231990231990232,0.5089133089133089,0.32063492063492066,0.3492063492063492,0.2612942612942613,0.263980463980464,0.39902319902319905,0.3006105006105006,0.29084249084249086,0.0778998778998779,0.1203907203907204,0.6781440781440782,0.4884004884004884,0.3162393162393162,0.4249084249084249,0.13284493284493284,0.5064713064713064,0.3452991452991453,0.2026862026862027,0.12503052503052503,0.21953601953601953,0.31746031746031744,0.5941391941391941,0.25567765567765566,0.7006105006105006,0.11233211233211234,0.5135531135531135,0.6969474969474969,0.14676434676434677,0.18925518925518925,0.49914529914529915,0.7023199023199023,0.48644688644688644,0.2568986568986569,0.6568986568986569,0.5074481074481074,0.23663003663003662,0.4857142857142857,0.5357753357753358,0.23028083028083027,0.590964590964591,0.5347985347985348,0.17216117216117216,0.0844932844932845,0.1326007326007326,0.28913308913308916,0.20927960927960929,0.5894993894993895
0.18705738705738706,0.3868131868131868,0.7162393162393162,0.4827838827838828,0.2754578754578755,0.1772893772893773,0.21416361416361415,0.07448107448107448,0.26764346764346764,0.8,0.2681318681318681,0.1536019536019536,0.4485958485958486,0.5304029304029304,0.4126984126984127,0.5333333333333333,0.3343101343101343,0.5904761904761905,0.28376068376068375,0.25445665445665444,0.09255189255189256,0.398046398046398,0.17924297924297924,0.10525030525030525,0.3052503052503053,0.20073260073260074,0.1391941391941392,0.1076923076923077,0.6754578754578755,0.5538461538461539,0.18656898656898657,0.25665445665445663,0.5174603174603175,0.31135531135531136,0.3387057387057387,0.2862026862026862,0.2578754578754579,0.4056166056166056,0.29181929181929184,0.28205128205128205,0.07741147741147741,0.11550671550671551,0.663003663003663,0.4989010989010989,0.30622710622710625,0.4158730158730159,0.13137973137973138,0.5010989010989011,0.3343101343101343,0.19462759462759463,0.12356532356532357,0.21172161172161172,0.30842490842490844,0.5863247863247864,0.25006105006105006,0.6984126984126984,0.11672771672771673,0.5284493284493285,0.6810744810744811,0.14212454212454212,0.18339438339438338,0.48424908424908425,0.6810744810744811,0.47912087912087914,0.2507936507936508,0.6573870573870574,0.5194139194139195,0.22832722832722832,0.4695970695970696,0.54993894993895,0.23809523809523808,0.599023199023199,0.515995115995116,0.20415140415140415,0.08327228327228327,0.13382173382173382,0.2818070818070818,0.20293040293040293,0.5697191697191697
0.18168498168498168,0.37264957264957266,0.7094017094017094,0.4725274725274725,0.26666666666666666,0.1675213675213675,0.20683760683760682,0.07301587301587302,0.2937728937728938,0.8068376068376069,0.2600732600732601,0.1575091575091575,0.43565323565323566,0.5111111111111111,0.43174603174603177,0.5357753357753358,0.32332112332112334,0.5731379731379731,0.2754578754578755,0.2424908424908425,0.11330891330891331,0.4271062271062271,0.17484737484737484,0.10256410256410256,0.29572649572649573,0.23076923076923078,0.1509157509157509,0.10476190476190476,0.6527472527472528,0.5345543345543345,0.18021978021978022,0.29352869352869354,0.5233211233211233,0.30305250305250303,0.3277167277167277,0.31135531135531136,0.252014652014652,0.40293040293040294,0.2844932844932845,0.27277167277167275,0.07814407814407814,0.11037851037851037,0.6456654456654457,0.5067155067155067,0.2962148962148962,0.4073260073260073,0.1308913308913309,0.49352869352869355,0.3235653235653236,0.18705738705738706,0.12234432234432234,0.20586080586080585,0.29987789987789987,0.5753357753357753,0.24444444444444444,0.6935286935286935,0.12405372405372406,0.5428571428571428,0.6627594627594627,0.13724053724053725,0.17777777777777778,0.47057387057387057,0.6600732600732601,0.4708180708180708,0.2437118437118437,0.6556776556776557,0.526984126984127,0.22026862026862026,0.4551892551892552,0.5643467643467643,0.2507936507936508,0.6046398046398046,0.4976800976800977,0.24102564102564103,0.08205128205128205,0.13846153846153847,0.27326007326007323,0.19633699633699633,0.5501831501831502
0.17655677655677657,0.3597069597069597,0.7001221001221001,0.4612942612942613,0.2578754578754579,0.15824175824175823,0.2,0.07155067155067155,0.3201465201465201,0.81001221001221,0.2525030525030525,0.1645909645909646,0.42295482295482295,0.4945054945054945,0.45152625152625153,0.5365079365079365,0.3128205128205128,0.5565323565323566,0.26764346764346764,0.2341880341880342,0.13772893772893774,0.45738705738705737,0.17045177045177046,0.09987789987789988,0.28595848595848594,0.2590964590964591,0.1663003663003663,0.10158730158730159,0.63003663003663,0.5162393162393163,0.17387057387057386,0.33186813186813185,0.5257631257631258,0.29572649572649573,0.31648351648351647,0.33601953601953605,0.2459096459096459,0.3968253968253968,0.27692307692307694,0.2634920634920635,0.08205128205128205,0.1054945054945055,0.6266178266178266,0.5123321123321123,0.2879120879120879,0.398046398046398,0.13235653235653236,0.4835164835164835,0.31306471306471306,0.17997557997557997,0.12087912087912088,0.20122100122100123,0.2915750915750916,0.5626373626373626,0.23882783882783884,0.6857142857142857,0.13504273504273503,0.5553113553113553,0.6427350427350428,0.1326007326007326,0.1724053724053724,0.4568986568986569,0.6407814407814408,0.46153846153846156,0.23614163614163614,0.6507936507936508,0.5306471306471306,0.21294261294261294,0.44175824175824174,0.5772893772893772,0.2681318681318681,0.608058608058608,0.4805860805860806,0.28156288156288156,0.08083028083028083,0.14774114774114774,0.2647130647130647,0.18998778998778998,0.5313797313797314
0.17191697191697192,0.3487179487179487,0.6891330891330891,0.4495726495726496,0.2490842490842491,0.14945054945054945,0.19316239316239317,0.07057387057387057,0.35067155067155065,0.8095238095238095,0.24493284493284492,0.17509157509157508,0.41098901098901097,0.47912087912087914,0.47057387057387057,0.536019536019536,0.3023199023199023,0.5396825396825397,0.2595848595848596,0.2231990231990232,0.1663003663003663,0.4869352869352869,0.16605616605616605,0.0971916971916972,0.27643467643467645,0.28669108669108667,0.1877899877899878,0.09865689865689865,0.608058608058608,0.4984126984126984,0.16776556776556775,0.37045177045177047,0.5252747252747253,0.2874236874236874,0.30500610500610503,0.3597069597069597,0.2402930402930403,0.3894993894993895,0.2703296703296703,0.2542124542124542,0.09035409035409035,0.1010989010989011,0.6065934065934065,0.5147741147741147,0.28034188034188035,0.3887667887667888,0.13724053724053725,0.47155067155067154,0.30305250305250303,0.17313797313797313,0.1203907203907204,0.1956043956043956,0.2835164835164835,0.5482295482295483,0.2336996336996337,0.6757020757020757,0.15115995115995115,0.5653235653235653,0.6217338217338217,0.1282051282051282,0.16776556776556775,0.44346764346764345,0.6231990231990232,0.4507936507936508,0.2288156288156288,0.6432234432234433,0.5313797313797314,0.2070818070818071,0.4278388278388278,0.5882783882783883,0.28962148962148965,0.609035409035409,0.4644688644688645,0.3235653235653236,0.08058608058608059,0.16336996336996337,0.25567765567765566,0.18363858363858365,0.513064713064713
0.16776556776556775,0.3387057387057387,0.6757020757020757,0.43736263736263736,0.2402930402930403,0.14065934065934066,0.18705738705738706,0.0695970695970696,0.3819291819291819,0.8051282051282052,0.23736263736263735,0.18998778998778998,0.40073260073260075,0.4634920634920635,0.4884004884004884,0.5333333333333333,0.2923076923076923,0.5233211233211233,0.2515262515262515,0.2139194139194139,0.2043956043956044,0.5145299145299145,0.16166056166056167,0.09474969474969475,0.26886446886446885,0.3181929181929182,0.21465201465201464,0.09597069597069598,0.5870573870573871,0.48131868131868133,0.16214896214896216,0.4031746031746032,0.5230769230769231,0.2788766788766789,0.29352869352869354,0.38168498168498166,0.23516483516483516,0.37997557997557996,0.263980463980464,0.24517704517704517,0.10451770451770452,0.0971916971916972,0.5858363858363859,0.5147741147741147,0.27228327228327226,0.37924297924297923,0.14725274725274726,0.4586080586080586,0.29352869352869354,0.1663003663003663,0.1203907203907204,0.18998778998778998,0.27594627594627597,0.5326007326007326,0.22832722832722832,0.6627594627594627,0.17264957264957265,0.5726495726495726,0.5997557997557997,0.12356532356532357,0.16312576312576313,0.43052503052503055,0.6051282051282051,0.4388278388278388,0.22148962148962148,0.6329670329670329,0.5294261294261294,0.20170940170940171,0.4141636141636142,0.5970695970695971,0.3142857142857143,0.6073260073260073,0.44981684981684983,0.3606837606837607,0.08083028083028083,0.18583638583638584,0.2468864468864469,0.17753357753357754,0.49523809523809526
0.16532356532356532,0.32844932844932845,0.6612942612942613,0.4253968253968254,0.23174603174603176,0.13235653235653236,0.1807081807081807,0.07008547008547009,0.4126984126984127,0.7968253968253968,0.23003663003663002,0.2083028083028083,0.3912087912087912,0.4481074481074481,0.505006105006105,0.5286935286935287,0.28253968253968254,0.5079365079365079,0.2437118437118437,0.2087912087912088,0.24957264957264957,0.5396825396825397,0.15702075702075702,0.09255189255189256,0.2622710622710623,0.35067155067155065,0.2459096459096459,0.09352869352869353,0.5672771672771673,0.46544566544566546,0.15677655677655677,0.431990231990232,0.517948717948718,0.2703296703296703,0.2822954822954823,0.40195360195360197,0.23028083028083027,0.3694749694749695,0.25860805860805863,0.23614163614163614,0.12527472527472527,0.09474969474969475,0.5672771672771673,0.513064713064713,0.263980463980464,0.3694749694749695,0.16336996336996337,0.44468864468864466,0.2844932844932845,0.16117216117216118,0.1203907203907204,0.18437118437118438,0.26837606837606837,0.5162393162393163,0.22393162393162394,0.6476190476190476,0.19926739926739928,0.577045177045177,0.578021978021978,0.11892551892551892,0.15848595848595848,0.4188034188034188,0.5873015873015873,0.4261294261294261,0.21465201465201464,0.6195360195360196,0.5252747252747253,0.19511599511599512,0.40073260073260075,0.6036630036630036,0.3404151404151404,0.6031746031746031,0.43614163614163615,0.39365079365079364,0.08034188034188035,0.2148962148962149,0.23809523809523808,0.17094017094017094,0.4783882783882784
0.16361416361416362,0.3177045177045177,0.6461538461538462,0.41318681318681316,0.22393162393162394,0.12454212454212454,0.17631257631257632,0.07057387057387057,0.44175824175824174,0.7846153846153846,0.22295482295482297,0.22612942612942613,0.3819291819291819,0.4332112332112332,0.5201465201465202,0.5218559218559219,0.27326007326007323,0.49352869352869355,0.2371184371184371,0.20366300366300366,0.2993894993894994,0.5619047619047619,0.1523809523809524,0.09157509157509157,0.2549450549450549,0.38266178266178263,0.28034188034188035,0.09157509157509157,0.5484737484737485,0.45006105006105007,0.15286935286935288,0.46251526251526254,0.5101343101343101,0.26202686202686204,0.27106227106227104,0.4202686202686203,0.22564102564102564,0.3584859584859585,0.25396825396825395,0.2271062271062271,0.15262515262515264,0.09548229548229548,0.54993894993895,0.5094017094017094,0.25616605616605614,0.35946275946275946,0.18608058608058609,0.4307692307692308,0.2766788766788767,0.15702075702075702,0.12112332112332112,0.1794871794871795,0.2612942612942613,0.49963369963369964,0.22002442002442002,0.6305250305250305,0.22954822954822954,0.5785103785103786,0.5565323565323566,0.11477411477411477,0.1540903540903541,0.4078144078144078,0.5702075702075702,0.4134310134310134,0.20781440781440783,0.6039072039072039,0.518925518925519,0.18876678876678876,0.3882783882783883,0.608058608058608,0.3672771672771673,0.5965811965811966,0.4244200244200244,0.42857142857142855,0.07912087912087912,0.25006105006105006,0.22905982905982905,0.16483516483516483,0.4622710622710623
0.16092796092796094,0.306959706959707,0.6307692307692307,0.400976800976801,0.21587301587301588,0.11721611721611722,0.1724053724053724,0.07057387057387057,0.46935286935286935,0.7692307692307693,0.21587301587301588,0.24493284493284492,0.3724053724053724,0.41904761904761906,0.5333333333333333,0.5133089133089133,0.26422466422466423,0.47985347985347987,0.2315018315018315,0.1956043956043956,0.35115995115995113,0.5816849816849817,0.14774114774114774,0.09157509157509157,0.24713064713064714,0.4134310134310134,0.31575091575091574,0.08937728937728938,0.5304029304029304,0.4368742368742369,0.14993894993894993,0.4918192918192918,0.49963369963369964,0.25396825396825395,0.2605616605616606,0.4368742368742369,0.22197802197802197,0.34725274725274724,0.24932844932844933,0.21831501831501832,0.18705738705738706,0.0989010989010989,0.5321123321123321,0.5037851037851038,0.24810744810744811,0.34945054945054943,0.21587301587301588,0.41733821733821735,0.2698412698412698,0.1523809523809524,0.12356532356532357,0.17606837606837608,0.24664224664224665,0.484981684981685,0.2153846153846154,0.6122100122100123,0.26202686202686204,0.577045177045177,0.5357753357753358,0.11135531135531136,0.15115995115995115,0.39584859584859583,0.5538461538461539,0.40073260073260075,0.20195360195360196,0.5868131868131868,0.5101343101343101,0.18192918192918192,0.3768009768009768,0.6097680097680098,0.39365079365079364,0.5882783882783883,0.4134310134310134,0.4617826617826618,0.07765567765567766,0.2893772893772894,0.2205128205128205,0.15897435897435896,0.4481074481074481
0.157997557997558,0.29572649572649573,0.6158730158730159,0.389010989010989,0.20757020757020758,0.1115995115995116,0.16776556776556775,0.07032967032967033,0.49401709401709404,0.7506715506715507,0.2105006105006105,0.26666666666666666,0.36336996336996336,0.4056166056166056,0.5452991452991452,0.503052503052503,0.25616605616605614,0.4673992673992674,0.22515262515262516,0.18754578754578755,0.40244200244200246,0.599023199023199,0.14334554334554334,0.09035409035409035,0.23956043956043957,0.442002442002442,0.35115995115995113,0.08742368742368742,0.513064713064713,0.4249084249084249,0.14652014652014653,0.5191697191697192,0.4869352869352869,0.2463980463980464,0.24981684981684982,0.4512820512820513,0.21904761904761905,0.33650793650793653,0.24444444444444444,0.21001221001221002,0.22661782661782662,0.10671550671550671,0.5147741147741147,0.495970695970696,0.2407814407814408,0.3396825396825397,0.25225885225885225,0.4043956043956044,0.2625152625152625,0.14725274725274726,0.1291819291819292,0.17387057387057386,0.22905982905982905,0.4713064713064713,0.21025641025641026,0.5936507936507937,0.29523809523809524,0.5726495726495726,0.515995115995116,0.10964590964590964,0.1492063492063492,0.3831501831501832,0.5377289377289377,0.3887667887667888,0.1973137973137973,0.5687423687423687,0.49914529914529915,0.17509157509157508,0.3658119658119658,0.6092796092796092,0.4183150183150183,0.5782661782661783,0.40195360195360197,0.49230769230769234,0.0761904761904762,0.33137973137973137,0.2126984126984127,0.15286935286935288,0.4354090354090354
0.15482295482295483,0.284004884004884,0.6007326007326007,0.3768009768009768,0.2,0.1072039072039072,0.16263736263736264,0.0695970695970696,0.5164835164835165,0.7296703296703296,0.20586080586080585,0.2893772893772894,0.35433455433455435,0.3924297924297924,0.5548229548229549,0.4913308913308913,0.24786324786324787,0.45616605616605616,0.21831501831501832,0.18192918192918192,0.4517704517704518,0.6134310134310135,0.1387057387057387,0.08986568986568987,0.23174603174603176,0.4686202686202686,0.38534798534798537,0.08522588522588523,0.4976800976800977,0.4126984126984127,0.14285714285714285,0.544078144078144,0.47277167277167276,0.23882783882783884,0.2398046398046398,0.4622710622710623,0.21562881562881564,0.32551892551892553,0.2398046398046398,0.20170940170940171,0.263980463980464,0.1203907203907204,0.49792429792429793,0.4862026862026862,0.23394383394383395,0.33015873015873015,0.29352869352869354,0.39365079365079364,0.2549450549450549,0.14236874236874236,0.1387057387057387,0.17484737484737484,0.2188034188034188,0.45738705738705737,0.20537240537240536,0.5746031746031746,0.32844932844932845,0.5653235653235653,0.49743589743589745,0.11013431013431013,0.14676434676434677,0.36996336996337,0.5223443223443224,0.3775335775335775,0.1943833943833944,0.5501831501831502,0.48644688644688644,0.16874236874236875,0.3557997557997558,0.6061050061050061,0.43736263736263736,0.566056166056166,0.39023199023199023,0.518925518925519,0.07496947496947497,0.37362637362637363,0.20488400488400488,0.14847374847374847,0.42173382173382173
0.1514041514041514,0.27228327228327226,0.5865689865689866,0.3648351648351648,0.1943833943833944,0.10158730158730159,0.15775335775335775,0.06910866910866911,0.536019536019536,0.7091575091575092,0.20024420024420025,0.3125763125763126,0.34554334554334554,0.3797313797313797,0.5628815628815629,0.47912087912087914,0.24151404151404152,0.4444444444444444,0.21147741147741148,0.17582417582417584,0.49792429792429793,0.6251526251526252,0.1347985347985348,0.08937728937728938,0.22442002442002443,0.4927960927960928,0.4183150183150183,0.0844932844932845,0.4835164835164835,0.39951159951159954,0.13992673992673993,0.566056166056166,0.4581196581196581,0.23223443223443224,0.23223443223443224,0.4708180708180708,0.21172161172161172,0.3145299145299145,0.23516483516483516,0.19365079365079366,0.30085470085470084,0.1413919413919414,0.48205128205128206,0.47496947496947495,0.2275946275946276,0.32112332112332115,0.33821733821733824,0.38461538461538464,0.24713064713064714,0.13724053724053725,0.1536019536019536,0.17875457875457876,0.21123321123321123,0.44395604395604393,0.20024420024420025,0.5565323565323566,0.35995115995115995,0.5545787545787546,0.48131868131868133,0.11330891330891331,0.1452991452991453,0.35702075702075703,0.5074481074481074,0.367032967032967,0.19365079365079366,0.5333333333333333,0.4725274725274725,0.1623931623931624,0.346031746031746,0.6004884004884005,0.45274725274725275,0.5518925518925519,0.378021978021978,0.5418803418803418,0.07374847374847375,0.4146520146520147,0.19755799755799755,0.14505494505494507,0.4078144078144078
0.14822954822954823,0.2605616605616606,0.5728937728937729,0.35262515262515265,0.18925518925518925,0.09572649572649573,0.15262515262515264,0.06862026862026863,0.5504273504273505,0.6884004884004884,0.1943833943833944,0.3347985347985348,0.3367521367521368,0.36678876678876676,0.5684981684981685,0.46715506715506716,0.2358974358974359,0.43272283272283274,0.20488400488400488,0.16776556776556775,0.5401709401709401,0.6341880341880342,0.13211233211233211,0.08864468864468865,0.21733821733821734,0.5147741147741147,0.4485958485958486,0.08522588522588523,0.4683760683760684,0.3865689865689866,0.13846153846153847,0.5855921855921856,0.4427350427350427,0.22564102564102564,0.2253968253968254,0.47912087912087914,0.20757020757020758,0.30378510378510376,0.23028083028083027,0.18754578754578755,0.3426129426129426,0.1702075702075702,0.4669108669108669,0.46251526251526254,0.22295482295482297,0.3120879120879121,0.37826617826617825,0.3750915750915751,0.2398046398046398,0.1326007326007326,0.17362637362637362,0.18632478632478633,0.20537240537240536,0.4307692307692308,0.19511599511599512,0.5389499389499389,0.38925518925518926,0.5416361416361416,0.4669108669108669,0.12087912087912088,0.1457875457875458,0.34383394383394383,0.4925518925518926,0.35775335775335776,0.19658119658119658,0.517948717948718,0.45836385836385835,0.15653235653235653,0.33650793650793653,0.591941391941392,0.4673992673992674,0.5362637362637362,0.3658119658119658,0.5611721611721612,0.07252747252747253,0.452991452991453,0.1907203907203907,0.14065934065934066,0.39438339438339437
0.14505494505494507,0.2485958485958486,0.55995115995116,0.3423687423687424,0.18315018315018314,0.08937728937728938,0.14774114774114774,0.06788766788766788,0.5614163614163614,0.6666666666666666,0.18852258852258852,0.3562881562881563,0.3277167277167277,0.35384615384615387,0.5716727716727716,0.45567765567765567,0.22979242979242978,0.4205128205128205,0.19853479853479852,0.1606837606837607,0.5782661782661783,0.64004884004884,0.12991452991452992,0.0884004884004884,0.2105006105006105,0.5345543345543345,0.4766788766788767,0.08888888888888889,0.45323565323565324,0.37362637362637363,0.13943833943833944,0.6026862026862027,0.4275946275946276,0.21904761904761905,0.2175824175824176,0.4862026862026862,0.20341880341880342,0.2932844932844933,0.22661782661782662,0.18217338217338216,0.3851037851037851,0.2061050061050061,0.45225885225885226,0.4495726495726496,0.22002442002442002,0.3045177045177045,0.41562881562881565,0.3663003663003663,0.23272283272283273,0.1282051282051282,0.19877899877899877,0.19829059829059828,0.20024420024420025,0.4188034188034188,0.19047619047619047,0.5228327228327229,0.41562881562881565,0.5284493284493285,0.4517704517704518,0.13406593406593406,0.14945054945054945,0.3308913308913309,0.4778998778998779,0.3487179487179487,0.20195360195360196,0.5023199023199023,0.4442002442002442,0.1509157509157509,0.326984126984127,0.5816849816849817,0.4805860805860806,0.5199023199023199,0.3540903540903541,0.577045177045177,0.07179487179487179,0.48815628815628814,0.18534798534798536,0.13577533577533576,0.3807081807081807
0.1413919413919414,0.23687423687423687,0.5472527472527473,0.33284493284493283,0.17631257631257632,0.08302808302808302,0.14285714285714285,0.06715506715506715,0.5721611721611721,0.6444444444444445,0.1829059829059829,0.37533577533577533,0.31868131868131866,0.3409035409035409,0.5716727716727716,0.44395604395604393,0.22295482295482297,0.40854700854700854,0.19194139194139195,0.15604395604395604,0.6124542124542125,0.642002442002442,0.12698412698412698,0.09010989010989011,0.20366300366300366,0.5518925518925519,0.4989010989010989,0.09548229548229548,0.43785103785103785,0.3606837606837607,0.14407814407814407,0.6173382173382174,0.4134310134310134,0.21416361416361415,0.21001221001221002,0.4913308913308913,0.19926739926739928,0.283028083028083,0.22295482295482297,0.17606837606837608,0.42686202686202684,0.24810744810744811,0.4376068376068376,0.4363858363858364,0.21978021978021978,0.29743589743589743,0.45665445665445664,0.357997557997558,0.22564102564102564,0.1242979242979243,0.22857142857142856,0.2139194139194139,0.1956043956043956,0.4073260073260073,0.18583638583638584,0.5076923076923077,0.43614163614163615,0.5145299145299145,0.4371184371184371,0.15384615384615385,0.1575091575091575,0.3177045177045177,0.4634920634920635,0.34163614163614164,0.21025641025641026,0.4874236874236874,0.43052503052503055,0.1452991452991453,0.3189255189255189,0.5699633699633699,0.49108669108669106,0.5023199023199023,0.3423687423687424,0.58998778998779,0.07106227106227106,0.5152625152625152,0.1807081807081807,0.13137973137973138,0.367032967032967
0.13846153846153847,0.2253968253968254,0.5357753357753358,0.3225885225885226,0.16947496947496948,0.07667887667887668,0.13821733821733823,0.06642246642246642,0.580952380952381,0.622954822954823,0.17753357753357754,0.39267399267399267,0.3094017094017094,0.3277167277167277,0.5692307692307692,0.43174603174603177,0.21636141636141637,0.3963369963369963,0.18583638583638584,0.15067155067155066,0.642979242979243,0.6407814407814408,0.12380952380952381,0.09572649572649573,0.19755799755799755,0.567032967032967,0.5172161172161173,0.10695970695970695,0.42295482295482295,0.34798534798534797,0.15384615384615385,0.629059829059829,0.40024420024420027,0.21001221001221002,0.20317460317460317,0.494993894993895,0.1956043956043956,0.2744810744810745,0.21831501831501832,0.16971916971916973,0.46593406593406594,0.2945054945054945,0.42344322344322344,0.42344322344322344,0.22173382173382172,0.2893772893772894,0.49792429792429793,0.3499389499389499,0.21904761904761905,0.1203907203907204,0.2617826617826618,0.23003663003663002,0.19096459096459095,0.39658119658119656,0.18095238095238095,0.4937728937728938,0.45274725274725275,0.49914529914529915,0.4222222222222222,0.18046398046398046,0.17094017094017094,0.30500610500610503,0.44884004884004886,0.3355311355311355,0.2231990231990232,0.473015873015873,0.41782661782661784,0.14017094017094017,0.3115995115995116,0.5560439560439561,0.49914529914529915,0.48473748473748474,0.3308913308913309,0.6,0.07057387057387057,0.536996336996337,0.17533577533577532,0.12722832722832722,0.3536019536019536
0.13577533577533576,0.21611721611721613,0.5245421245421246,0.3115995115995116,0.16263736263736264,0.07106227106227106,0.13382173382173382,0.06593406593406594,0.5873015873015873,0.6019536019536019,0.17216117216117216,0.40854700854700854,0.30036630036630035,0.31648351648351647,0.5653235653235653,0.42002442002442003,0.21001221001221002,0.38412698412698415,0.17997557997557997,0.14407814407814407,0.6656898656898657,0.6376068376068376,0.1199023199023199,0.10695970695970695,0.1916971916971917,0.5777777777777777,0.536019536019536,0.12503052503052503,0.40805860805860805,0.33528693528693526,0.16947496947496948,0.6378510378510378,0.389010989010989,0.20537240537240536,0.1978021978021978,0.495970695970696,0.19194139194139195,0.26666666666666666,0.21318681318681318,0.16336996336996337,0.5025641025641026,0.3435897435897436,0.41001221001221,0.41074481074481073,0.22661782661782662,0.28156288156288156,0.5377289377289377,0.3426129426129426,0.21294261294261294,0.11697191697191697,0.29645909645909646,0.2576312576312576,0.18656898656898657,0.3860805860805861,0.1768009768009768,0.48205128205128206,0.4686202686202686,0.4827838827838828,0.40757020757020757,0.21294261294261294,0.18998778998778998,0.29255189255189257,0.4358974358974359,0.32893772893772893,0.24004884004884006,0.46007326007326005,0.4061050061050061,0.13675213675213677,0.30305250305250303,0.5404151404151404,0.504029304029304,0.4673992673992674,0.31965811965811963,0.6075702075702075,0.07106227106227106,0.557997557997558,0.16971916971916973,0.12307692307692308,0.3401709401709402
0.13357753357753357,0.2083028083028083,0.5125763125763125,0.30085470085470084,0.15653235653235653,0.06666666666666667,0.12942612942612944,0.06568986568986569,0.5912087912087912,0.5816849816849817,0.16678876678876678,0.4222222222222222,0.2923076923076923,0.3064713064713065,0.5597069597069597,0.40854700854700854,0.20341880341880342,0.3724053724053724,0.17387057387057386,0.13821733821733823,0.6835164835164835,0.631990231990232,0.115995115995116,0.12551892551892552,0.1873015873015873,0.5853479853479854,0.5543345543345544,0.1509157509157509,0.39365079365079364,0.32283272283272285,0.19145299145299147,0.6422466422466423,0.37948717948717947,0.2004884004884005,0.19511599511599512,0.49401709401709404,0.189010989010989,0.25811965811965815,0.20781440781440783,0.15677655677655677,0.536019536019536,0.3924297924297924,0.3963369963369963,0.4,0.23467643467643468,0.27326007326007323,0.5753357753357753,0.33528693528693526,0.20683760683760682,0.11428571428571428,0.32722832722832723,0.27912087912087913,0.18217338217338216,0.3755799755799756,0.17313797313797313,0.4713064713064713,0.4832722832722833,0.4666666666666667,0.39316239316239315,0.25054945054945055,0.2144078144078144,0.28083028083028083,0.4236874236874237,0.3225885225885226,0.2605616605616606,0.4481074481074481,0.3951159951159951,0.13406593406593406,0.2937728937728938,0.5235653235653236,0.5062271062271062,0.4512820512820513,0.3086691086691087,0.611965811965812,0.07203907203907203,0.576068376068376,0.1645909645909646,0.11892551892551892,0.3274725274725275
0.13284493284493284,0.199023199023199,0.5006105006105006,0.2903540903540904,0.15042735042735042,0.06446886446886448,0.12454212454212454,0.06593406593406594,0.5921855921855922,0.5626373626373626,0.1619047619047619,0.4341880341880342,0.28498168498168497,0.294993894993895,0.5518925518925519,0.39755799755799753,0.1973137973137973,0.3609279609279609,0.16825396825396827,0.13553113553113552,0.7018315018315018,0.6236874236874237,0.11233211233211234,0.1523809523809524,0.18363858363858365,0.5924297924297924,0.5711843711843712,0.18485958485958487,0.37948717948717947,0.3103785103785104,0.21978021978021978,0.6434676434676435,0.36996336996337,0.1960927960927961,0.19584859584859585,0.4896214896214896,0.18754578754578755,0.24957264957264957,0.2083028083028083,0.1509157509157509,0.566056166056166,0.44004884004884004,0.38412698412698415,0.39023199023199023,0.2463980463980464,0.26495726495726496,0.6097680097680098,0.3274725274725275,0.20073260073260074,0.1137973137973138,0.3553113553113553,0.30158730158730157,0.17777777777777778,0.3653235653235653,0.17045177045177046,0.4603174603174603,0.49523809523809526,0.45103785103785105,0.37924297924297923,0.2910866910866911,0.2437118437118437,0.27106227106227104,0.4105006105006105,0.315995115995116,0.28327228327228327,0.4363858363858364,0.38632478632478634,0.1308913308913309,0.2844932844932845,0.5062271062271062,0.5052503052503052,0.4358974358974359,0.2979242979242979,0.6126984126984127,0.07203907203907203,0.5914529914529915,0.157997557997558,0.11526251526251527,0.315018315018315
0.1343101343101343,0.1894993894993895,0.48815628815628814,0.28034188034188035,0.14407814407814407,0.06495726495726496,0.12014652014652015,0.06666666666666667,0.5897435897435898,0.5443223443223443,0.15677655677655677,0.44346764346764345,0.2766788766788767,0.28327228327228327,0.5426129426129426,0.3868131868131868,0.19145299145299147,0.34945054945054943,0.16263736263736264,0.1330891330891331,0.7191697191697192,0.6131868131868132,0.10842490842490843,0.1824175824175824,0.17924297924297924,0.598046398046398,0.5858363858363859,0.2258852258852259,0.3658119658119658,0.29865689865689865,0.24835164835164836,0.6432234432234433,0.3609279609279609,0.1916971916971917,0.20122100122100123,0.4827838827838828,0.1877899877899878,0.24126984126984127,0.21123321123321123,0.14505494505494507,0.5929181929181929,0.4852258852258852,0.3728937728937729,0.37997557997557996,0.26105006105006107,0.2568986568986569,0.6415140415140416,0.3199023199023199,0.19511599511599512,0.11477411477411477,0.38534798534798537,0.33528693528693526,0.17338217338217338,0.3553113553113553,0.16825396825396827,0.4490842490842491,0.5045177045177045,0.43614163614163615,0.36556776556776555,0.33308913308913307,0.27643467643467645,0.26275946275946277,0.3973137973137973,0.3094017094017094,0.30744810744810747,0.4256410256410256,0.378998778998779,0.12747252747252746,0.27521367521367524,0.4888888888888889,0.5018315018315018,0.421978021978022,0.28913308913308916,0.6107448107448108,0.07155067155067155,0.6036630036630036,0.15213675213675212,0.1115995115995116,0.30305250305250303
0.13724053724053725,0.18021978021978022,0.4757020757020757,0.27057387057387056,0.13797313797313798,0.07008547008547009,0.11721611721611722,0.06715506715506715,0.5843711843711844,0.5118437118437118,0.15213675213675212,0.44981684981684983,0.2681318681318681,0.2713064713064713,0.5308913308913309,0.3768009768009768,0.18583638583638584,0.3384615384615385,0.15848595848595848,0.12869352869352868,0.7347985347985349,0.5997557997557997,0.10476190476190476,0.21684981684981686,0.1746031746031746,0.6012210012210012,0.5985347985347985,0.27228327228327226,0.35262515262515265,0.2869352869352869,0.27814407814407816,0.64004884004884,0.35213675213675216,0.18754578754578755,0.21123321123321123,0.473992673992674,0.19145299145299147,0.23321123321123322,0.20976800976800977,0.13943833943833944,0.6168498168498169,0.5223443223443224,0.3606837606837607,0.37045177045177047,0.2778998778998779,0.24957264957264957,0.67008547008547,0.3120879120879121,0.1907203907203907,0.11794871794871795,0.41514041514041516,0.3557997557997558,0.168986568986569,0.3465201465201465,0.16556776556776556,0.43785103785103785,0.5108669108669108,0.4222222222222222,0.35262515262515265,0.37435897435897436,0.306959706959707,0.2537240537240537,0.3838827838827839,0.30305250305250303,0.33186813186813185,0.4146520146520147,0.3711843711843712,0.12454212454212454,0.2661782661782662,0.472039072039072,0.49523809523809526,0.40927960927960927,0.2810744810744811,0.6065934065934065,0.07057387057387057,0.6124542124542125,0.147985347985348,0.10964590964590964,0.2915750915750916
0.14358974358974358,0.1711843711843712,0.46373626373626375,0.26105006105006107,0.13235653235653236,0.07912087912087912,0.11526251526251527,0.06666666666666667,0.5758241758241758,0.4735042735042735,0.14725274725274726,0.45323565323565324,0.25934065934065936,0.25982905982905985,0.517948717948718,0.36678876678876676,0.18021978021978022,0.32893772893772893,0.15531135531135531,0.12454212454212454,0.747985347985348,0.5841269841269842,0.10158730158730159,0.2605616605616606,0.16947496947496948,0.6021978021978022,0.6092796092796092,0.3218559218559219,0.3396825396825397,0.2774114774114774,0.31404151404151404,0.6336996336996337,0.34383394383394383,0.1838827838827839,0.22612942612942613,0.46373626373626375,0.19706959706959706,0.22564102564102564,0.2061050061050061,0.13382173382173382,0.6376068376068376,0.5540903540903541,0.34725274725274724,0.3609279609279609,0.295970695970696,0.2424908424908425,0.6957264957264957,0.3045177045177045,0.1873015873015873,0.12380952380952381,0.44346764346764345,0.37484737484737485,0.16483516483516483,0.3384615384615385,0.16312576312576313,0.42686202686202684,0.5145299145299145,0.40927960927960927,0.3396825396825397,0.41367521367521365,0.3355311355311355,0.2442002442002442,0.37094017094017095,0.2967032967032967,0.3557997557997558,0.4039072039072039,0.36385836385836384,0.12185592185592185,0.2571428571428571,0.45567765567765567,0.4862026862026862,0.39829059829059826,0.2725274725274725,0.6,0.0695970695970696,0.6175824175824176,0.14383394383394382,0.10989010989010989,0.2818070818070818
0.15384615384615385,0.16312576312576313,0.4517704517704518,0.252014652014652,0.12722832722832722,0.09328449328449329,0.11184371184371185,0.06617826617826618,0.5645909645909646,0.44713064713064715,0.1443223443223443,0.45567765567765567,0.2507936507936508,0.2485958485958486,0.504029304029304,0.35702075702075703,0.1746031746031746,0.3201465201465201,0.15115995115995115,0.12136752136752137,0.7587301587301587,0.5672771672771673,0.09914529914529914,0.3103785103785104,0.16483516483516483,0.6,0.6173382173382174,0.37264957264957266,0.32844932844932845,0.2691086691086691,0.35213675213675216,0.6244200244200244,0.3355311355311355,0.1807081807081807,0.2463980463980464,0.4537240537240537,0.20537240537240536,0.21831501831501832,0.20146520146520147,0.12844932844932844,0.6554334554334554,0.5868131868131868,0.3338217338217338,0.3516483516483517,0.3142857142857143,0.23565323565323565,0.7184371184371184,0.29645909645909646,0.1829059829059829,0.13382173382173382,0.4695970695970696,0.39194139194139194,0.1619047619047619,0.32967032967032966,0.16043956043956045,0.41562881562881565,0.5147741147741147,0.3973137973137973,0.32673992673992674,0.44542124542124545,0.3677655677655678,0.23516483516483516,0.35824175824175825,0.2905982905982906,0.378021978021978,0.3934065934065934,0.35653235653235654,0.11965811965811966,0.2485958485958486,0.4402930402930403,0.4742368742368742,0.389010989010989,0.26373626373626374,0.5912087912087912,0.06910866910866911,0.6190476190476191,0.13943833943833944,0.11330891330891331,0.27326007326007323
0.16923076923076924,0.15531135531135531,0.4405372405372405,0.24273504273504273,0.12405372405372406,0.11452991452991453,0.10818070818070818,0.06593406593406594,0.5511599511599512,0.4288156288156288,0.14212454212454212,0.4559218559218559,0.24224664224664225,0.23785103785103784,0.4896214896214896,0.3474969474969475,0.1706959706959707,0.3103785103785104,0.14676434676434677,0.11819291819291819,0.7667887667887668,0.5492063492063493,0.09816849816849817,0.36336996336996336,0.16043956043956045,0.5951159951159951,0.6224664224664225,0.4231990231990232,0.31868131868131866,0.2595848595848596,0.3904761904761905,0.611965811965812,0.32673992673992674,0.17777777777777778,0.2703296703296703,0.4432234432234432,0.2175824175824176,0.21123321123321123,0.19633699633699633,0.12380952380952381,0.6673992673992674,0.6183150183150183,0.3199023199023199,0.34285714285714286,0.33235653235653234,0.22905982905982905,0.7382173382173383,0.28962148962148965,0.17826617826617827,0.14822954822954823,0.4927960927960928,0.4065934065934066,0.1597069597069597,0.3201465201465201,0.15775335775335775,0.4043956043956044,0.5115995115995116,0.3860805860805861,0.3155067155067155,0.47155067155067154,0.40024420024420027,0.22661782661782662,0.346031746031746,0.2847374847374847,0.3978021978021978,0.3838827838827839,0.3487179487179487,0.11721611721611722,0.2402930402930403,0.4256410256410256,0.4622710622710623,0.37924297924297923,0.25445665445665444,0.5794871794871795,0.06935286935286936,0.6173382173382174,0.13528693528693528,0.1203907203907204,0.26373626373626374
0.1894993894993895,0.147985347985348,0.43003663003663006,0.23394383394383395,0.12405372405372406,0.14334554334554334,0.10427350427350428,0.0652014652014652,0.536019536019536,0.4141636141636142,0.1387057387057387,0.4542124542124542,0.23394383394383395,0.22735042735042735,0.47496947496947495,0.33821733821733824,0.1675213675213675,0.30036630036630035,0.14212454212454212,0.1137973137973138,0.771916971916972,0.5306471306471306,0.09914529914529914,0.4163614163614164,0.1562881562881563,0.5877899877899878,0.6251526251526252,0.4652014652014652,0.3076923076923077,0.24981684981684982,0.42735042735042733,0.5968253968253968,0.3177045177045177,0.17484737484737484,0.29304029304029305,0.43174603174603177,0.23394383394383395,0.20415140415140415,0.19096459096459095,0.12014652014652015,0.6757020757020757,0.6478632478632479,0.30622710622710625,0.3343101343101343,0.34945054945054943,0.22295482295482297,0.7526251526251526,0.2835164835164835,0.17435897435897435,0.16800976800976802,0.5135531135531135,0.41904761904761906,0.157997557997558,0.31062271062271063,0.15531135531135531,0.39267399267399267,0.5052503052503052,0.37533577533577533,0.3052503052503053,0.49792429792429793,0.4312576312576313,0.21855921855921856,0.33455433455433453,0.2788766788766789,0.4146520146520147,0.37533577533577533,0.3413919413919414,0.11477411477411477,0.23223443223443224,0.41196581196581195,0.4495726495726496,0.3694749694749695,0.24566544566544565,0.5653235653235653,0.07106227106227106,0.611965811965812,0.13113553113553114,0.13235653235653236,0.25396825396825395
0.2148962148962149,0.14065934065934066,0.4197802197802198,0.2253968253968254,0.12796092796092795,0.17802197802197803,0.10061050061050061,0.06471306471306472,0.5208791208791209,0.4,0.13528693528693528,0.45006105006105007,0.2258852258852259,0.21733821733821734,0.4603174603174603,0.33015873015873015,0.16336996336996337,0.2903540903540904,0.13772893772893774,0.10964590964590964,0.7743589743589744,0.5125763125763125,0.10354090354090355,0.4678876678876679,0.1523809523809524,0.5777777777777777,0.6249084249084249,0.5015873015873016,0.29645909645909646,0.2402930402930403,0.4622710622710623,0.5794871794871795,0.30842490842490844,0.17191697191697192,0.3155067155067155,0.42002442002442003,0.2537240537240537,0.19755799755799755,0.18608058608058609,0.11746031746031746,0.6827838827838828,0.6747252747252748,0.29304029304029305,0.32576312576312577,0.3648351648351648,0.21684981684981686,0.7626373626373626,0.27643467643467645,0.1702075702075702,0.1921855921855922,0.5316239316239316,0.4293040293040293,0.157997557997558,0.3013431013431013,0.15286935286935288,0.3811965811965812,0.49621489621489623,0.3658119658119658,0.29426129426129427,0.5228327228327229,0.4598290598290598,0.2105006105006105,0.3235653235653236,0.27326007326007323,0.4271062271062271,0.3653235653235653,0.33406593406593404,0.11257631257631258,0.22417582417582418,0.4,0.4346764346764347,0.3597069597069597,0.2371184371184371,0.548962148962149,0.07594627594627594,0.6031746031746031,0.12844932844932844,0.1509157509157509,0.2442002442002442
0.24395604395604395,0.1330891330891331,0.41001221001221,0.2188034188034188,0.13577533577533576,0.21831501831501832,0.0971916971916972,0.06398046398046398,0.5062271062271062,0.38632478632478634,0.13162393162393163,0.44395604395604393,0.21831501831501832,0.20757020757020758,0.4473748473748474,0.3230769230769231,0.15897435897435896,0.2805860805860806,0.1330891330891331,0.10671550671550671,0.7738705738705739,0.4967032967032967,0.11233211233211234,0.515995115995116,0.14896214896214896,0.5653235653235653,0.6214896214896215,0.5396825396825397,0.2857142857142857,0.23101343101343103,0.4937728937728938,0.5601953601953602,0.29865689865689865,0.168986568986569,0.34114774114774116,0.40854700854700854,0.27643467643467645,0.1916971916971917,0.1824175824175824,0.11404151404151404,0.6874236874236874,0.6991452991452991,0.2800976800976801,0.3172161172161172,0.37826617826617825,0.21196581196581196,0.7726495726495727,0.26886446886446885,0.16654456654456654,0.22002442002442002,0.5470085470085471,0.4368742368742369,0.16092796092796094,0.2923076923076923,0.1509157509157509,0.37045177045177047,0.48424908424908425,0.3572649572649573,0.2822954822954823,0.5448107448107448,0.48547008547008547,0.20317460317460317,0.31306471306471306,0.2678876678876679,0.4358974358974359,0.35482295482295484,0.32673992673992674,0.11013431013431013,0.21684981684981686,0.389010989010989,0.4188034188034188,0.3499389499389499,0.2288156288156288,0.5308913308913309,0.08473748473748474,0.590964590964591,0.12673992673992673,0.1772893772893773,0.23467643467643468
0.27521367521367524,0.126007326007326,0.4014652014652015,0.21343101343101342,0.1492063492063492,0.26202686202686204,0.09352869352869353,0.06349206349206349,0.4896214896214896,0.3733821733821734,0.12844932844932844,0.4358974358974359,0.210989010989011,0.19829059829059828,0.43565323565323566,0.3155067155067155,0.15384615384615385,0.27106227106227104,0.12869352869352868,0.10329670329670329,0.7702075702075702,0.4822954822954823,0.12673992673992673,0.55995115995116,0.1452991452991453,0.5511599511599512,0.6153846153846154,0.5765567765567765,0.274969474969475,0.22173382173382172,0.5218559218559219,0.5399267399267399,0.28888888888888886,0.16727716727716727,0.3677655677655678,0.3973137973137973,0.3006105006105006,0.1873015873015873,0.17997557997557997,0.11013431013431013,0.6896214896214896,0.7206349206349206,0.26764346764346764,0.30842490842490844,0.3887667887667888,0.20781440781440783,0.780952380952381,0.2608058608058608,0.16312576312576313,0.25054945054945055,0.55995115995116,0.4415140415140415,0.16800976800976802,0.28376068376068375,0.14896214896214896,0.3597069597069597,0.47228327228327227,0.34798534798534797,0.27057387057387056,0.5638583638583639,0.5081807081807082,0.1960927960927961,0.30305250305250303,0.2634920634920635,0.4432234432234432,0.34383394383394383,0.3189255189255189,0.10818070818070818,0.21123321123321123,0.3775335775335775,0.4021978021978022,0.3401709401709402,0.2205128205128205,0.5123321123321123,0.09914529914529914,0.5772893772893772,0.1242979242979243,0.2105006105006105,0.2253968253968254
0.30842490842490844,0.11941391941391942,0.39365079365079364,0.2070818070818071,0.16923076923076924,0.3076923076923077,0.0905982905982906,0.063003663003663,0.47277167277167276,0.3601953601953602,0.1264957264957265,0.42637362637362636,0.20366300366300366,0.19096459096459095,0.42344322344322344,0.30744810744810747,0.14847374847374847,0.2622710622710623,0.1242979242979243,0.10036630036630037,0.7631257631257631,0.4673992673992674,0.147985347985348,0.6,0.14383394383394382,0.5372405372405372,0.6073260073260073,0.6112332112332113,0.2647130647130647,0.21318681318681318,0.5467643467643467,0.5191697191697192,0.28083028083028083,0.16605616605616605,0.3938949938949939,0.3868131868131868,0.32576312576312577,0.18363858363858365,0.17631257631257632,0.10598290598290598,0.6886446886446886,0.7391941391941392,0.25567765567765566,0.2993894993894994,0.39658119658119656,0.20317460317460317,0.7865689865689866,0.25274725274725274,0.1597069597069597,0.2822954822954823,0.5706959706959707,0.4456654456654457,0.1807081807081807,0.274969474969475,0.147008547008547,0.35067155067155065,0.45958485958485956,0.33821733821733824,0.2590964590964591,0.5797313797313798,0.5277167277167277,0.1894993894993895,0.29474969474969476,0.2595848595848596,0.44835164835164837,0.33284493284493283,0.31135531135531136,0.10622710622710622,0.20634920634920634,0.3658119658119658,0.3860805860805861,0.3308913308913309,0.21294261294261294,0.49401709401709404,0.11648351648351649,0.5626373626373626,0.12161172161172161,0.25006105006105006,0.21611721611721613
0.3413919413919414,0.11452991452991453,0.38534798534798537,0.2,0.1956043956043956,0.35384615384615387,0.08791208791208792,0.063003663003663,0.4559218559218559,0.34798534798534797,0.12576312576312576,0.4163614163614164,0.1973137973137973,0.1851037851037851,0.41147741147741146,0.2989010989010989,0.14358974358974358,0.2537240537240537,0.1199023199023199,0.09865689865689865,0.7533577533577533,0.452991452991453,0.1768009768009768,0.6361416361416361,0.14358974358974358,0.5233211233211233,0.5965811965811966,0.6432234432234433,0.25445665445665444,0.20463980463980463,0.5684981684981685,0.4984126984126984,0.2737484737484738,0.16483516483516483,0.4188034188034188,0.3768009768009768,0.3509157509157509,0.17924297924297924,0.1724053724053724,0.10183150183150183,0.6842490842490843,0.7543345543345543,0.2442002442002442,0.2915750915750916,0.4043956043956044,0.19853479853479852,0.789010989010989,0.24493284493284492,0.15653235653235653,0.3142857142857143,0.5772893772893772,0.44835164835164837,0.19975579975579977,0.2661782661782662,0.14627594627594628,0.3418803418803419,0.44517704517704515,0.3286935286935287,0.24810744810744811,0.5926739926739927,0.5443223443223443,0.18363858363858365,0.28766788766788765,0.25518925518925517,0.4507936507936508,0.3218559218559219,0.3035409035409035,0.10622710622710622,0.2004884004884005,0.3540903540903541,0.3706959706959707,0.32112332112332115,0.20586080586080585,0.47619047619047616,0.13772893772893774,0.5452991452991452,0.11868131868131868,0.2937728937728938,0.20757020757020758
0.36996336996337,0.11135531135531136,0.3768009768009768,0.19291819291819293,0.22735042735042735,0.39951159951159954,0.08595848595848596,0.06398046398046398,0.4398046398046398,0.33601953601953605,0.1282051282051282,0.4056166056166056,0.1921855921855922,0.17826617826617827,0.4,0.2905982905982906,0.1387057387057387,0.2454212454212454,0.11575091575091576,0.09865689865689865,0.7416361416361417,0.4388278388278388,0.21343101343101342,0.6683760683760683,0.14334554334554334,0.5079365079365079,0.5836385836385837,0.6715506715506715,0.24493284493284492,0.1960927960927961,0.5873015873015873,0.4805860805860806,0.26544566544566545,0.16483516483516483,0.4415140415140415,0.3672771672771673,0.3750915750915751,0.1746031746031746,0.16874236874236875,0.09816849816849817,0.676923076923077,0.7658119658119659,0.23321123321123322,0.2844932844932845,0.4105006105006105,0.19365079365079366,0.7885225885225885,0.2371184371184371,0.1536019536019536,0.34505494505494505,0.5811965811965812,0.4490842490842491,0.22417582417582418,0.2571428571428571,0.14652014652014653,0.33308913308913307,0.4293040293040293,0.31916971916971915,0.23736263736263735,0.6026862026862027,0.5582417582417583,0.17802197802197803,0.2796092796092796,0.25054945054945055,0.4503052503052503,0.3108669108669109,0.2967032967032967,0.1076923076923077,0.19462759462759463,0.3426129426129426,0.35653235653235654,0.31135531135531136,0.19877899877899877,0.4603174603174603,0.16654456654456654,0.5257631257631258,0.11575091575091576,0.33943833943833945,0.19926739926739928
0.39584859584859583,0.10891330891330891,0.3682539682539683,0.18632478632478633,0.26373626373626374,0.4444444444444444,0.08522588522588523,0.06715506715506715,0.42417582417582417,0.3242979242979243,0.1343101343101343,0.3946275946275946,0.1877899877899878,0.1711843711843712,0.3882783882783883,0.2822954822954823,0.1347985347985348,0.23736263736263735,0.11184371184371185,0.10158730158730159,0.7277167277167277,0.4253968253968254,0.25616605616605614,0.6969474969474969,0.14285714285714285,0.4925518925518926,0.5687423687423687,0.6969474969474969,0.23565323565323565,0.1877899877899878,0.6034188034188034,0.46422466422466424,0.2568986568986569,0.1675213675213675,0.4622710622710623,0.35824175824175825,0.398046398046398,0.1702075702075702,0.16532356532356532,0.09426129426129426,0.6666666666666666,0.7733821733821734,0.22466422466422467,0.27643467643467645,0.41514041514041516,0.18925518925518925,0.7843711843711844,0.22979242979242978,0.1509157509157509,0.3706959706959707,0.5841269841269842,0.44835164835164837,0.25396825396825395,0.2490842490842491,0.1492063492063492,0.32405372405372407,0.41367521367521365,0.3098901098901099,0.2271062271062271,0.6097680097680098,0.5694749694749695,0.17435897435897435,0.2717948717948718,0.24566544566544565,0.4473748473748474,0.3006105006105006,0.29084249084249086,0.11086691086691086,0.18852258852258852,0.33137973137973137,0.3435897435897436,0.30158730158730157,0.1916971916971917,0.44664224664224667,0.20195360195360196,0.5052503052503052,0.11282051282051282,0.3848595848595849,0.1916971916971917
0.42344322344322344,0.10891330891330891,0.35995115995115995,0.18021978021978022,0.3023199023199023,0.4879120879120879,0.08742368742368742,0.07228327228327229,0.40927960927960927,0.31306471306471306,0.14505494505494507,0.3848595848595849,0.1829059829059829,0.1641025641025641,0.3768009768009768,0.273992673992674,0.13137973137973138,0.23003663003663002,0.10989010989010989,0.10891330891330891,0.7113553113553114,0.41196581196581195,0.3028083028083028,0.7184371184371184,0.1413919413919414,0.4771672771672772,0.5526251526251527,0.7189255189255189,0.22686202686202686,0.1794871794871795,0.6146520146520147,0.4473748473748474,0.24835164835164836,0.1746031746031746,0.48083028083028084,0.34945054945054943,0.4197802197802198,0.16556776556776556,0.16214896214896216,0.0905982905982906,0.6534798534798535,0.7760683760683761,0.21733821733821734,0.2678876678876679,0.4183150183150183,0.18485958485958487,0.7770451770451771,0.22271062271062272,0.14945054945054945,0.3924297924297924,0.5855921855921856,0.44542124542124545,0.28766788766788765,0.2407814407814408,0.1540903540903541,0.31477411477411477,0.3987789987789988,0.30036630036630035,0.2170940170940171,0.613919413919414,0.5777777777777777,0.1711843711843712,0.263980463980464,0.24102564102564103,0.44175824175824174,0.2905982905982906,0.28376068376068375,0.11672771672771673,0.18217338217338216,0.3201465201465201,0.3316239316239316,0.29181929181929184,0.18656898656898657,0.4324786324786325,0.2424908424908425,0.48424908424908425,0.11013431013431013,0.4288156288156288,0.18437118437118438
0.45152625152625153,0.11257631257631258,0.3516483516483517,0.1746031746031746,0.3423687423687424,0.5291819291819292,0.09181929181929183,0.08131868131868132,0.39536019536019534,0.30207570207570206,0.16092796092796094,0.37606837606837606,0.17777777777777778,0.15702075702075702,0.3658119658119658,0.2661782661782662,0.12967032967032968,0.2231990231990232,0.10891330891330891,0.12185592185592185,0.6935286935286935,0.3992673992673993,0.3514041514041514,0.7352869352869353,0.13943833943833944,0.46251526251526254,0.5355311355311355,0.7374847374847375,0.21855921855921856,0.17338217338217338,0.6224664224664225,0.4307692307692308,0.24004884004884006,0.18656898656898657,0.49694749694749696,0.3409035409035409,0.4371184371184371,0.1619047619047619,0.15897435897435896,0.08742368742368742,0.6383394383394383,0.7748473748473749,0.20854700854700856,0.25934065934065936,0.41904761904761906,0.1807081807081807,0.7667887667887668,0.21587301587301588,0.14847374847374847,0.4146520146520147,0.5851037851037851,0.4402930402930403,0.3235653235653236,0.2341880341880342,0.1623931623931624,0.30573870573870576,0.38461538461538464,0.2905982905982906,0.20732600732600734,0.6153846153846154,0.5824175824175825,0.1675213675213675,0.2564102564102564,0.23614163614163614,0.43345543345543347,0.28083028083028083,0.2761904761904762,0.12673992673992673,0.17606837606837608,0.30915750915750917,0.32063492063492066,0.28376068376068375,0.18217338217338216,0.4188034188034188,0.2857142857142857,0.463980463980464,0.10744810744810745,0.4695970695970696,0.17826617826617827
0.47863247863247865,0.12112332112332112,0.34383394383394383,0.16947496947496948,0.38168498168498166,0.5628815628815629,0.10012210012210013,0.09499389499389499,0.38217338217338215,0.2910866910866911,0.17924297924297924,0.36678876678876676,0.17264957264957265,0.15067155067155066,0.3550671550671551,0.2583638583638584,0.13064713064713065,0.2175824175824176,0.10695970695970695,0.14188034188034188,0.6742368742368743,0.3865689865689866,0.40024420024420027,0.7528693528693529,0.13724053724053725,0.44835164835164837,0.517948717948718,0.7528693528693529,0.2105006105006105,0.16800976800976802,0.63003663003663,0.4148962148962149,0.23174603174603176,0.20463980463980463,0.5111111111111111,0.33186813186813185,0.45152625152625153,0.157997557997558,0.15555555555555556,0.0844932844932845,0.6214896214896215,0.7716727716727717,0.19926739926739928,0.25103785103785103,0.41782661782661784,0.1768009768009768,0.7533577533577533,0.20927960927960929,0.14676434676434677,0.43565323565323566,0.5821733821733822,0.432967032967033,0.3553113553113553,0.22857142857142856,0.17533577533577532,0.29645909645909646,0.3711843711843712,0.28083028083028083,0.19755799755799755,0.6134310134310135,0.5841269841269842,0.16336996336996337,0.2490842490842491,0.23174603174603176,0.4231990231990232,0.2717948717948718,0.26837606837606837,0.14114774114774115,0.157997557997558,0.29816849816849816,0.31062271062271063,0.27643467643467645,0.1768009768009768,0.4061050061050061,0.32967032967032966,0.4442002442002442,0.10451770451770452,0.5067155067155067,0.17338217338217338
0.5047619047619047,0.1347985347985348,0.33577533577533575,0.16483516483516483,0.42002442002442003,0.5914529914529915,0.11282051282051282,0.11452991452991453,0.36923076923076925,0.28083028083028083,0.2004884004884005,0.357997557997558,0.16800976800976802,0.14481074481074482,0.3443223443223443,0.25103785103785103,0.13553113553113552,0.21294261294261294,0.10451770451770452,0.16947496947496948,0.6544566544566545,0.3741147741147741,0.4473748473748474,0.7692307692307693,0.13553113553113552,0.4346764346764347,0.5006105006105006,0.7653235653235653,0.20463980463980463,0.16166056166056167,0.6358974358974359,0.4,0.22417582417582418,0.22857142857142856,0.5233211233211233,0.3242979242979243,0.4666666666666667,0.1540903540903541,0.15262515262515264,0.08156288156288156,0.6051282051282051,0.7655677655677655,0.19023199023199022,0.24273504273504273,0.41440781440781443,0.17338217338217338,0.7374847374847375,0.20463980463980463,0.14505494505494507,0.45396825396825397,0.5768009768009768,0.4236874236874237,0.38412698412698415,0.22246642246642245,0.19365079365079366,0.28766788766788765,0.35873015873015873,0.27106227106227104,0.18803418803418803,0.6083028083028083,0.5843711843711844,0.15946275946275945,0.24151404151404152,0.22735042735042735,0.41098901098901097,0.26324786324786326,0.2605616605616606,0.1606837606837607,0.1347985347985348,0.2869352869352869,0.30207570207570206,0.2681318681318681,0.1711843711843712,0.3938949938949939,0.3724053724053724,0.42588522588522587,0.10158730158730159,0.5357753357753358,0.1675213675213675
0.5286935286935287,0.1536019536019536,0.3282051282051282,0.1597069597069597,0.45225885225885226,0.6217338217338217,0.13113553113553114,0.13992673992673993,0.3567765567765568,0.27228327228327226,0.22808302808302808,0.34945054945054943,0.16336996336996337,0.1391941391941392,0.33406593406593404,0.24395604395604395,0.14383394383394382,0.20757020757020758,0.10183150183150183,0.2175824175824176,0.6344322344322344,0.36214896214896214,0.4918192918192918,0.7838827838827839,0.13504273504273503,0.42173382173382173,0.48376068376068376,0.771916971916972,0.19926739926739928,0.15433455433455434,0.6393162393162393,0.38534798534798537,0.2170940170940171,0.2578754578754579,0.5316239316239316,0.3172161172161172,0.4810744810744811,0.15067155067155066,0.14993894993894993,0.08473748473748474,0.5892551892551893,0.7557997557997558,0.18144078144078143,0.23516483516483516,0.40805860805860805,0.16971916971916973,0.7196581196581197,0.20073260073260074,0.14334554334554334,0.46984126984126984,0.5694749694749695,0.41318681318681316,0.41514041514041516,0.21611721611721613,0.2170940170940171,0.27912087912087913,0.3474969474969475,0.2617826617826618,0.18095238095238095,0.6012210012210012,0.582905982905983,0.15677655677655677,0.23443223443223443,0.22295482295482297,0.3973137973137973,0.25665445665445663,0.2525030525030525,0.1851037851037851,0.12087912087912088,0.27594627594627597,0.2945054945054945,0.2595848595848596,0.16532356532356532,0.38217338217338215,0.4129426129426129,0.409035409035409,0.0989010989010989,0.5587301587301587,0.16117216117216118
0.550915750915751,0.1772893772893773,0.3203907203907204,0.15506715506715507,0.4800976800976801,0.6507936507936508,0.15482295482295483,0.1706959706959707,0.346031746031746,0.26422466422466423,0.25982905982905985,0.3413919413919414,0.1592185592185592,0.13357753357753357,0.32405372405372407,0.23833943833943835,0.15653235653235653,0.20195360195360196,0.09963369963369964,0.2661782661782662,0.6148962148962149,0.3499389499389499,0.5274725274725275,0.7958485958485958,0.13675213675213677,0.409035409035409,0.4673992673992674,0.7748473748473749,0.19291819291819293,0.14725274725274726,0.6402930402930402,0.37191697191697193,0.21025641025641026,0.2915750915750916,0.536996336996337,0.3094017094017094,0.49474969474969477,0.14725274725274726,0.147008547008547,0.09255189255189256,0.5721611721611721,0.7428571428571429,0.1724053724053724,0.22735042735042735,0.4,0.16654456654456654,0.7018315018315018,0.19584859584859585,0.14188034188034188,0.4827838827838828,0.5597069597069597,0.4017094017094017,0.44542124542124545,0.21001221001221002,0.24517704517704517,0.2708180708180708,0.336996336996337,0.2537240537240537,0.17484737484737484,0.591941391941392,0.5787545787545788,0.15653235653235653,0.22735042735042735,0.21904761904761905,0.38461538461538464,0.2507936507936508,0.24493284493284492,0.21343101343101342,0.11184371184371185,0.2647130647130647,0.2857142857142857,0.2507936507936508,0.1597069597069597,0.37094017094017095,0.44981684981684983,0.3934065934065934,0.09645909645909646,0.5821733821733822,0.15482295482295483
0.5709401709401709,0.20463980463980463,0.31306471306471306,0.15189255189255188,0.5096459096459096,0.6781440781440782,0.18363858363858365,0.20586080586080585,0.33650793650793653,0.2554334554334554,0.27814407814407816,0.3333333333333333,0.15531135531135531,0.1282051282051282,0.3142857142857143,0.2336996336996337,0.17606837606837608,0.19633699633699633,0.09768009768009768,0.3032967032967033,0.5956043956043956,0.33821733821733824,0.5575091575091575,0.8053724053724054,0.14188034188034188,0.39658119658119656,0.45225885225885226,0.7770451770451771,0.18608058608058609,0.14065934065934066,0.6378510378510378,0.3584859584859585,0.20366300366300366,0.3282051282051282,0.5413919413919414,0.3013431013431013,0.5067155067155067,0.14407814407814407,0.14554334554334555,0.09621489621489622,0.5553113553113553,0.7264957264957265,0.16385836385836386,0.22026862026862026,0.38974358974358975,0.1645909645909646,0.6837606837606838,0.19047619047619047,0.14017094017094017,0.4927960927960928,0.5482295482295483,0.38925518925518926,0.4735042735042735,0.20366300366300366,0.2766788766788767,0.2625152625152625,0.32673992673992674,0.2468864468864469,0.16727716727716727,0.5797313797313798,0.5724053724053724,0.1597069597069597,0.22026862026862026,0.21562881562881564,0.3724053724053724,0.24395604395604395,0.2371184371184371,0.24444444444444444,0.10573870573870574,0.25518925518925517,0.27643467643467645,0.24224664224664225,0.1540903540903541,0.35995115995115995,0.48253968253968255,0.3785103785103785,0.09548229548229548,0.6034188034188034,0.14822954822954823
0.5885225885225885,0.2354090354090354,0.30573870573870576,0.14896214896214896,0.5389499389499389,0.7023199023199023,0.21636141636141637,0.24395604395604395,0.32551892551892553,0.2463980463980464,0.2874236874236874,0.32576312576312577,0.15189255189255188,0.12356532356532357,0.30573870573870576,0.22832722832722832,0.20170940170940171,0.19096459096459095,0.09597069597069598,0.3606837606837607,0.5772893772893772,0.3277167277167277,0.5885225885225885,0.8114774114774115,0.15115995115995115,0.38412698412698415,0.4388278388278388,0.7768009768009768,0.1794871794871795,0.13406593406593406,0.6322344322344322,0.3457875457875458,0.19755799755799755,0.36117216117216117,0.544078144078144,0.2923076923076923,0.5172161172161173,0.1413919413919414,0.14505494505494507,0.0971916971916972,0.5387057387057387,0.707936507936508,0.15555555555555556,0.21318681318681318,0.3785103785103785,0.16336996336996337,0.6642246642246642,0.1851037851037851,0.1391941391941392,0.5001221001221001,0.5347985347985348,0.37777777777777777,0.4989010989010989,0.1978021978021978,0.31013431013431014,0.25445665445665444,0.3181929181929182,0.23931623931623933,0.1592185592185592,0.5655677655677656,0.5636141636141636,0.1675213675213675,0.21318681318681318,0.21318681318681318,0.35946275946275946,0.2371184371184371,0.23003663003663002,0.2766788766788767,0.10183150183150183,0.2468864468864469,0.2669108669108669,0.23394383394383395,0.14847374847374847,0.3492063492063492,0.5111111111111111,0.3663003663003663,0.09474969474969475,0.621978021978022,0.14188034188034188
0.6041514041514041,0.2681318681318681,0.29987789987789987,0.14505494505494507,0.5665445665445665,0.7235653235653235,0.25225885225885225,0.2835164835164835,0.3145299145299145,0.2371184371184371,0.30573870573870576,0.3181929181929182,0.14822954822954823,0.11892551892551892,0.2979242979242979,0.2231990231990232,0.23272283272283273,0.18608058608058609,0.09426129426129426,0.4261294261294261,0.5609279609279609,0.3184371184371184,0.6180708180708181,0.8148962148962149,0.16605616605616605,0.37191697191697193,0.4271062271062271,0.7731379731379732,0.17313797313797313,0.1282051282051282,0.6236874236874237,0.3333333333333333,0.1916971916971917,0.40073260073260075,0.5443223443223443,0.2835164835164835,0.5257631257631258,0.14017094017094017,0.14383394383394382,0.09816849816849817,0.5228327228327229,0.6871794871794872,0.14725274725274726,0.20683760683760682,0.36800976800976803,0.16166056166056167,0.6446886446886447,0.18021978021978022,0.1391941391941392,0.5045177045177045,0.5203907203907204,0.36678876678876676,0.5216117216117216,0.19194139194139195,0.3440781440781441,0.2468864468864469,0.3103785103785104,0.23125763125763127,0.15115995115995115,0.5496947496947497,0.5518925518925519,0.18095238095238095,0.20683760683760682,0.21123321123321123,0.3465201465201465,0.23028083028083027,0.2231990231990232,0.3086691086691087,0.09914529914529914,0.23785103785103784,0.2571428571428571,0.2258852258852259,0.14334554334554334,0.33821733821733824,0.5357753357753358,0.3553113553113553,0.09304029304029304,0.6373626373626373,0.13553113553113552
0.6173382173382174,0.29743589743589743,0.29474969474969476,0.14114774114774115,0.591941391941392,0.7416361416361417,0.2893772893772894,0.3230769230769231,0.3032967032967033,0.22832722832722832,0.3282051282051282,0.3103785103785104,0.14481074481074482,0.11648351648351649,0.28962148962148965,0.21831501831501832,0.26837606837606837,0.18144078144078143,0.0927960927960928,0.47057387057387057,0.5455433455433455,0.3076923076923077,0.6456654456654457,0.8144078144078144,0.18656898656898657,0.3609279609279609,0.4146520146520147,0.7663003663003664,0.16654456654456654,0.12307692307692308,0.6122100122100123,0.3213675213675214,0.18754578754578755,0.4388278388278388,0.5418803418803418,0.27472527472527475,0.5321123321123321,0.1409035409035409,0.14236874236874236,0.10036630036630037,0.5076923076923077,0.6654456654456654,0.13968253968253969,0.2004884004884005,0.357997557997558,0.15995115995115994,0.6256410256410256,0.17533577533577532,0.14065934065934066,0.505982905982906,0.505006105006105,0.3553113553113553,0.5411477411477411,0.18656898656898657,0.37704517704517704,0.24102564102564103,0.3018315018315018,0.22393162393162394,0.14358974358974358,0.5326007326007326,0.5387057387057387,0.20073260073260074,0.20195360195360196,0.20854700854700856,0.33406593406593404,0.22393162393162394,0.2170940170940171,0.33577533577533575,0.09597069597069598,0.22832722832722832,0.24786324786324787,0.21831501831501832,0.13821733821733823,0.3274725274725275,0.5533577533577534,0.34383394383394383,0.09084249084249084,0.6498168498168498,0.12967032967032968
0.6278388278388278,0.32454212454212455,0.28913308913308916,0.13821733821733823,0.6151404151404152,0.7555555555555555,0.32722832722832723,0.3614163614163614,0.29181929181929184,0.21953601953601953,0.3514041514041514,0.30305250305250303,0.14236874236874236,0.11428571428571428,0.2810744810744811,0.21343101343101342,0.306959706959707,0.17655677655677657,0.09133089133089133,0.503052503052503,0.5299145299145299,0.29645909645909646,0.6703296703296703,0.8107448107448108,0.20927960927960929,0.3509157509157509,0.4021978021978022,0.756043956043956,0.1606837606837607,0.11941391941391942,0.5982905982905983,0.3108669108669109,0.18437118437118438,0.46593406593406594,0.5365079365079365,0.2656898656898657,0.5362637362637362,0.14285714285714285,0.14114774114774115,0.10671550671550671,0.49352869352869355,0.6432234432234433,0.1326007326007326,0.19584859584859585,0.347008547008547,0.16043956043956045,0.6068376068376068,0.1711843711843712,0.14481074481074482,0.5045177045177045,0.4908424908424908,0.3435897435897436,0.557997557997558,0.18192918192918192,0.40854700854700854,0.23565323565323565,0.2923076923076923,0.21636141636141637,0.13626373626373625,0.5145299145299145,0.5235653235653236,0.22686202686202686,0.19853479853479852,0.20586080586080585,0.32283272283272285,0.2175824175824176,0.21147741147741148,0.3597069597069597,0.0927960927960928,0.21904761904761905,0.23833943833943835,0.210989010989011,0.13357753357753357,0.3172161172161172,0.5665445665445665,0.33186813186813185,0.08888888888888889,0.6595848595848596,0.12405372405372406
0.6344322344322344,0.35433455433455435,0.28327228327228327,0.13772893772893774,0.6356532356532356,0.7648351648351648,0.36434676434676433,0.3934065934065934,0.28034188034188035,0.210989010989011,0.3738705738705739,0.29523809523809524,0.14065934065934066,0.1115995115995116,0.2725274725274725,0.2087912087912088,0.3465201465201465,0.17216117216117216,0.09010989010989011,0.5335775335775336,0.5142857142857142,0.28498168498168497,0.6927960927960928,0.8034188034188035,0.23467643467643468,0.3396825396825397,0.38974358974358975,0.7423687423687424,0.15531135531135531,0.11697191697191697,0.5826617826617827,0.30158730158730157,0.17997557997557997,0.49523809523809526,0.5284493284493285,0.2571428571428571,0.5382173382173382,0.14822954822954823,0.13992673992673993,0.11794871794871795,0.4796092796092796,0.621001221001221,0.12747252747252746,0.19194139194139195,0.33601953601953605,0.16312576312576313,0.5892551892551893,0.1675213675213675,0.15262515262515264,0.5008547008547009,0.4771672771672772,0.33186813186813185,0.5716727716727716,0.1772893772893773,0.43394383394383396,0.22979242979242978,0.28253968253968254,0.20976800976800977,0.12942612942612944,0.49645909645909647,0.5074481074481074,0.2537240537240537,0.19487179487179487,0.20317460317460317,0.3128205128205128,0.21147741147741148,0.20732600732600734,0.3838827838827839,0.08937728937728938,0.21001221001221002,0.22857142857142856,0.20415140415140415,0.12869352869352868,0.3086691086691087,0.5787545787545788,0.3201465201465201,0.08644688644688645,0.6666666666666666,0.11868131868131868
0.6378510378510378,0.38461538461538464,0.2778998778998779,0.14114774114774115,0.6527472527472528,0.76996336996337,0.4004884004884005,0.42075702075702076,0.26886446886446885,0.2021978021978022,0.39487179487179486,0.2874236874236874,0.13797313797313798,0.10866910866910867,0.263980463980464,0.2043956043956044,0.3855921855921856,0.16800976800976802,0.08913308913308914,0.5699633699633699,0.4989010989010989,0.273992673992674,0.7123321123321124,0.7931623931623931,0.26666666666666666,0.3277167277167277,0.37777777777777777,0.7262515262515262,0.15115995115995115,0.11721611721611722,0.567032967032967,0.29084249084249086,0.17533577533577532,0.5242979242979243,0.5174603174603175,0.2485958485958486,0.5377289377289377,0.15824175824175823,0.13846153846153847,0.13528693528693528,0.46642246642246643,0.5997557997557997,0.12380952380952381,0.1873015873015873,0.32551892551892553,0.16923076923076924,0.5721611721611721,0.16385836385836386,0.16507936507936508,0.49523809523809526,0.4627594627594628,0.32112332112332115,0.582905982905983,0.17264957264957265,0.44297924297924296,0.2231990231990232,0.27277167277167275,0.20293040293040293,0.12283272283272283,0.4783882783882784,0.4905982905982906,0.28253968253968254,0.19267399267399268,0.20073260073260074,0.30378510378510376,0.20537240537240536,0.20415140415140415,0.4070818070818071,0.0862026862026862,0.20146520146520147,0.2188034188034188,0.1978021978021978,0.12551892551892552,0.3013431013431013,0.5897435897435898,0.30842490842490844,0.08424908424908426,0.671062271062271,0.11330891330891331
0.6405372405372405,0.4134310134310134,0.27350427350427353,0.15042735042735042,0.6669108669108669,0.7702075702075702,0.43052503052503055,0.4495726495726496,0.2571428571428571,0.1943833943833944,0.41440781440781443,0.2805860805860806,0.13528693528693528,0.1054945054945055,0.2554334554334554,0.20024420024420025,0.42344322344322344,0.16385836385836386,0.08937728937728938,0.6048840048840048,0.48376068376068376,0.26373626373626374,0.7289377289377289,0.7804639804639805,0.3028083028083028,0.31575091575091574,0.36556776556776555,0.7076923076923077,0.14896214896214896,0.12112332112332112,0.5511599511599512,0.2796092796092796,0.17094017094017094,0.5516483516483517,0.504029304029304,0.24004884004884006,0.5347985347985348,0.17338217338217338,0.13724053724053725,0.15946275946275945,0.45323565323565324,0.5811965811965812,0.11892551892551892,0.18217338217338216,0.31575091575091574,0.1794871794871795,0.5555555555555556,0.1606837606837607,0.1794871794871795,0.4874236874236874,0.4485958485958486,0.3108669108669109,0.591941391941392,0.16971916971916973,0.44590964590964594,0.21684981684981686,0.26275946275946277,0.19633699633699633,0.11672771672771673,0.4612942612942613,0.47545787545787543,0.3177045177045177,0.19267399267399268,0.19877899877899877,0.2962148962148962,0.19926739926739928,0.2,0.4275946275946276,0.08327228327228327,0.19291819291819293,0.20927960927960929,0.1921855921855922,0.12356532356532357,0.2932844932844933,0.5985347985347985,0.2962148962148962,0.08205128205128205,0.6727716727716728,0.10842490842490843
0.6407814407814408,0.4405372405372405,0.2698412698412698,0.16605616605616605,0.6781440781440782,0.7658119658119659,0.4568986568986569,0.4776556776556777,0.2459096459096459,0.18632478632478633,0.4297924297924298,0.2744810744810745,0.13235653235653236,0.10256410256410256,0.24713064713064714,0.1973137973137973,0.4593406593406593,0.16117216117216118,0.09035409035409035,0.629059829059829,0.4686202686202686,0.25445665445665444,0.7423687423687424,0.7645909645909645,0.3409035409035409,0.30744810744810747,0.35384615384615387,0.6874236874236874,0.14896214896214896,0.12796092796092795,0.5335775335775336,0.2681318681318681,0.16654456654456654,0.5768009768009768,0.48937728937728936,0.2315018315018315,0.5301587301587302,0.19413919413919414,0.13626373626373625,0.18998778998778998,0.4405372405372405,0.5643467643467643,0.11404151404151404,0.1772893772893773,0.3064713064713065,0.19462759462759463,0.5399267399267399,0.15775335775335775,0.19755799755799755,0.4771672771672772,0.4346764346764347,0.30158730158730157,0.5982905982905983,0.16776556776556775,0.45665445665445664,0.21025641025641026,0.25274725274725274,0.19023199023199022,0.1111111111111111,0.44517704517704515,0.4612942612942613,0.3562881562881563,0.1960927960927961,0.19755799755799755,0.28913308913308916,0.19365079365079366,0.1956043956043956,0.44542124542124545,0.08058608058608059,0.18461538461538463,0.20024420024420025,0.18803418803418803,0.12087912087912088,0.2847374847374847,0.6051282051282051,0.28376068376068375,0.0800976800976801,0.6717948717948717,0.10476190476190476
0.6383394383394383,0.4652014652014652,0.2673992673992674,0.18876678876678876,0.6854700854700855,0.7572649572649572,0.484981684981685,0.5037851037851038,0.23516483516483516,0.17875457875457876,0.44175824175824174,0.2669108669108669,0.12967032967032968,0.09914529914529914,0.23931623931623933,0.1960927960927961,0.49230769230769234,0.1592185592185592,0.09035409035409035,0.6598290598290598,0.45396825396825397,0.24737484737484738,0.7528693528693529,0.746031746031746,0.37924297924297923,0.30036630036630035,0.3423687423687424,0.6666666666666666,0.15189255189255188,0.13846153846153847,0.5157509157509158,0.25665445665445663,0.1623931623931624,0.5995115995115995,0.473015873015873,0.22466422466422467,0.5235653235653236,0.22026862026862026,0.13626373626373625,0.22612942612942613,0.4297924297924298,0.5474969474969476,0.10891330891330891,0.17216117216117216,0.29816849816849816,0.2144078144078144,0.5245421245421246,0.1562881562881563,0.22148962148962148,0.46544566544566546,0.42173382173382173,0.2923076923076923,0.6017094017094017,0.16507936507936508,0.4695970695970696,0.20415140415140415,0.24297924297924298,0.1838827838827839,0.10573870573870574,0.4312576312576313,0.4468864468864469,0.3960927960927961,0.20415140415140415,0.19829059829059828,0.283028083028083,0.18803418803418803,0.19096459096459095,0.4603174603174603,0.0778998778998779,0.1768009768009768,0.19145299145299147,0.18461538461538463,0.11941391941391942,0.27643467643467645,0.6092796092796092,0.2713064713064713,0.0778998778998779,0.6676434676434676,0.10207570207570207
0.6327228327228327,0.4866910866910867,0.2647130647130647,0.21831501831501832,0.6891330891330891,0.7452991452991453,0.513064713064713,0.5277167277167277,0.22442002442002443,0.17264957264957265,0.45445665445665445,0.2595848595848596,0.12698412698412698,0.09597069597069598,0.2315018315018315,0.19706959706959706,0.5186813186813187,0.15653235653235653,0.08986568986568987,0.6864468864468865,0.43907203907203907,0.24346764346764346,0.7601953601953602,0.725030525030525,0.4163614163614164,0.2893772893772894,0.3308913308913309,0.6446886446886447,0.15824175824175823,0.15482295482295483,0.49792429792429793,0.2454212454212454,0.15848595848595848,0.6202686202686203,0.45665445665445664,0.21855921855921856,0.515018315018315,0.25103785103785103,0.13821733821733823,0.2664224664224664,0.41904761904761906,0.5306471306471306,0.10427350427350428,0.16727716727716727,0.2905982905982906,0.23785103785103784,0.5096459096459096,0.15555555555555556,0.25054945054945055,0.4525030525030525,0.409035409035409,0.28376068376068375,0.6019536019536019,0.16312576312576313,0.48253968253968255,0.19829059829059828,0.2336996336996337,0.17802197802197803,0.10207570207570207,0.4188034188034188,0.43272283272283274,0.43492063492063493,0.2170940170940171,0.20170940170940171,0.2774114774114774,0.18437118437118438,0.18705738705738706,0.4725274725274725,0.0757020757020757,0.16971916971916973,0.18437118437118438,0.18046398046398046,0.1203907203907204,0.2678876678876679,0.610989010989011,0.2590964590964591,0.0761904761904762,0.6612942612942613,0.09865689865689865
