Segment 1,Segment 2,Segment 3,Segment 4,Segment 5,Segment 6,Segment 7,Segment 8,Segment 9,Segment 10,Segment 11,Segment 12,Segment 13,Segment 14,Segment 15,Segment 16,Segment 17,Segment 18,Segment 19,Segment 20,Segment 21,Segment 22,Segment 23,Segment 24,Segment 25,Segment 26,Segment 27,Segment 28,Segment 29,Segment 30,Segment 31,Segment 32,Segment 33,Segment 34,Segment 35,Segment 36,Segment 37,Segment 38,Segment 39,Segment 40,Segment 41,Segment 42,Segment 43,Segment 44,Segment 45,Segment 46,Segment 47,Segment 48,Segment 49,Segment 50,Segment 51,Segment 52,Segment 53,Segment 54,Segment 55,Segment 56,Segment 57,Segment 58,Segment 59,Segment 60,Segment 61,Segment 62,Segment 63,Segment 64,Segment 65,Segment 66,Segment 67,Segment 68,Segment 69,Segment 70,Segment 71,Segment 72,Segment 73,Segment 74,Segment 75,Segment 76,Segment 77,Segment 78,Segment 79,Segment 80,Segment 81,Segment 82,Segment 83,Segment 84,Segment 85,Segment 86,Segment 87,Segment 88,Segment 89,Segment 90,Segment 91,Segment 92,Segment 93,Segment 94,Segment 95,Segment 96,Segment 97,Segment 98,Segment 99
1.0,1.0,1.0,1.0,0.0,1.0,1.0,1.0,2.0,2.0,2.0,2.0,2.0,1.0,2.0,2.0,2.0,2.0,2.0,2.0,2.0,1.0,1.0,1.0,1.0,1.0,1.0,2.0,1.0,1.0,1.0,0.0,1.0,2.0,2.0,2.0,1.0,1.0,0.0,0.0,0.0,0.0,1.0,1.0,0.0,0.0,1.0,0.0,1.0,1.0,1.0,1.0,0.0,0.0,0.0,0.0,1.0,0.0,0.0,0.0,1.0,1.0,1.0,1.0,1.0,1.0,0.0,0.0,0.0,1.0,2.0,1.0,1.0,1.0,1.0,1.0,1.0,1.0,0.0,1.0,0.0,0.0,0.0,1.0,1.0,2.0,1.0,1.0,1.0,1.0,1.0,2.0,1.0,1.0,2.0,1.0,1.0,0.0,1.0
0.3517880191879252,0.3457826153958469,0.3384764532298243,0.3371492186423571,0.3602363200198721,0.3548463072933038,0.3458178809856765,0.3722136386854526,0.3059057681438535,0.2682609426921428,0.3840916399199365,0.3330682907881941,0.2441868885122055,0.3424261779885396,0.3627747817311378,0.3614113416398014,0.2971345650107585,0.2866811833840884,0.3383311270653565,0.3233439129683825,0.3067557563983635,0.3740856256277825,0.3745429656559865,0.3376466889906932,0.3263596169500455,0.3821897307378084,0.3483018937173112,0.4171451434357188,0.329389491576459,0.3491106982801748,0.2814329454963546,0.3261228600815296,0.3763316547130243,0.3648474234425165,0.2926610722587787,0.2810377724906742,0.2111033548482476,0.3530880821850979,0.3089665203629652,0.3361919004988151,0.3415577474784889,0.3555731574687548,0.3539602624467595,0.3486030560486169,0.3011867754114353,0.3492890726882732,0.3382845898381846,0.3186269301362476,0.3085872064726027,0.2918577046133734,0.3723733470028152,0.3480214478374784,0.3366260639120274,0.3249166573878094,0.3462535454359265,0.3343690491895237,0.3239523458045443,0.3509504579715423,0.3624216477441021,0.3520522629637602,0.3180717356854407,0.2942199811423928,0.3307069555367498,0.3236271231112003,0.3148938188585793,0.3382274755856677,0.2978331814207842,0.3585456356540034,0.3627370682331913,0.3143522191257144,0.2715547230670165,0.3158968603865224,0.3266713651447133,0.3408532416370515,0.3593089419980431,0.3600544443264166,0.3665896640417593,0.3599286770131055,0.3750856174371121,0.3551604168137995,0.2889024248991707,0.2990849018579252,0.3414190191845478,0.3523617957306357,0.3118967026950616,0.3601471334438284,0.3536604504761869,0.3722745669169173,0.3078688315074003,0.3624063146545697,0.3629962691333504,0.3297596154569798,0.3641266106201614,0.3554891152896137,0.2737994644333681,0.2842915180077914,0.3578343692025895,0.390740941407532,0.3558504490957318
0.3538800068582037,0.3449063676106597,0.337294311208205,0.3364536122525319,0.3600758221790555,0.3568601515161048,0.3435899031671391,0.370434676314643,0.3039588013242486,0.2609631391726975,0.3859983240459715,0.3319397374694179,0.2431132622079165,0.3422512149775504,0.3622162781072935,0.3610273060150477,0.2946549274193679,0.2848558634118874,0.3383371757937192,0.3190031916117418,0.3046412782671749,0.3740935323966919,0.3787947420000933,0.336985328817652,0.3232999006082676,0.3839348590648603,0.3484713228768684,0.4015198403416699,0.3341068636615814,0.3489639510092974,0.2817862193138979,0.3312345458882224,0.3770039686384227,0.3654483497769007,0.2909904753484527,0.2795174212566716,0.208496009198349,0.3534717430504664,0.3142276443604258,0.3356050056357185,0.3452769998966572,0.3547835659264808,0.3551458612048948,0.3475196856221453,0.3042221499933188,0.349548003119945,0.3375087164186249,0.3176367145519717,0.3073595716202477,0.292964900762004,0.3729548049560229,0.3491966548967371,0.334753668521104,0.3278916070055552,0.3463952840665739,0.3336737217671651,0.3226563283634109,0.3544797527315849,0.3622239345625707,0.3511787836875438,0.3167518062576341,0.2958070112028178,0.3310493396255516,0.3250036735945336,0.314665739700035,0.3355647937309376,0.2957424824487845,0.3577295600348819,0.3623728025953138,0.3131823802921422,0.2687842804413339,0.3155007939502004,0.3322160392534337,0.3404052874984531,0.3598179779752904,0.361393382528814,0.3656001029553491,0.359861320851945,0.3754370736988187,0.3557280072770742,0.2905281631468855,0.2971536645907412,0.3461526282072665,0.3509454877131374,0.3089491882679498,0.360241629245079,0.3521757912922769,0.3766460334552439,0.306807082338341,0.3629994704102266,0.3633850193997696,0.3286085428448835,0.3606913093898224,0.3538315139480127,0.2762050991956942,0.2854365722311858,0.3611090701438739,0.3855375792387188,0.355374599189525
0.3557513873402028,0.3441992912038784,0.336135977077627,0.3357466355978751,0.3599014128488447,0.358683017056575,0.3411676148671578,0.3685497325840232,0.3019607569735364,0.2538761570981689,0.3877678816963727,0.3308025265416292,0.2431233992150572,0.341884106125657,0.3616921808199725,0.3606990891320382,0.2925233562321629,0.2828360057028596,0.3373263472665972,0.3136382611877782,0.3026146611289616,0.3740135764375935,0.3827907459212668,0.336134028995973,0.320556054760882,0.3853953983507469,0.348774803373415,0.3863514760342015,0.3389249895358407,0.3487218804071093,0.2827878013974662,0.3358274492219736,0.377765486420185,0.3659031337917235,0.2892095507745453,0.2780615434588649,0.2077219013045613,0.3538881105670867,0.3196262946610065,0.3349758872856239,0.3485980182305148,0.3539700183385307,0.3562477010177057,0.3465270661661571,0.3077033246273616,0.3497989491388557,0.3367463446232208,0.3166960544630254,0.3060196991913358,0.2947010441467844,0.3734734459819671,0.350268395686302,0.3331226213212526,0.3304034110666816,0.3466607249781203,0.3330517833753623,0.3212771002573785,0.3574974397994612,0.3618301330553496,0.3502696047250561,0.3153612835178989,0.2981481809205005,0.3312965057544071,0.3261913524664424,0.3148368370547753,0.3331123148148251,0.293841345787498,0.3568628812871687,0.3618731130013283,0.3121221137720217,0.266830315308128,0.3153746458839064,0.3374281333951146,0.3399477385454642,0.3601883876257684,0.3624666413397391,0.3644697857327768,0.3599413899228662,0.3753987280693708,0.356283739434312,0.2923732099086534,0.2950103074568797,0.3502489081042237,0.3495251458413071,0.3063006986315206,0.3601909547731163,0.3502171021506348,0.38069790961211,0.305734514488659,0.3632609185181854,0.3637513232546589,0.3275723952775085,0.3567089038159813,0.352027576489486,0.2785447943822964,0.2868222403686878,0.3641286447652845,0.380255763649769,0.3549284108328482
0.3574341621131908,0.3436584126258028,0.3349543527334815,0.3350191866738395,0.3596781011230002,0.3603046672246667,0.3386052518847081,0.3666358198570082,0.2998755146301302,0.2470694440258379,0.389426816488672,0.3296350932022009,0.2436871615139886,0.341110825673441,0.3612151858658519,0.3603643320273431,0.2908192170136627,0.2806827915799078,0.3352060785194348,0.3073208996527383,0.3008498802476014,0.3738022188325773,0.3865661564574258,0.3351330626926739,0.3181787383260562,0.3865656313959089,0.349195308633824,0.3721505176303729,0.3436518222116497,0.3483986349376269,0.28449898425247,0.3398709594924267,0.3786173745696463,0.3661636643658218,0.2873201460417172,0.2766322849447384,0.2086658965894917,0.3543262302431512,0.3249956528021787,0.3343002031366066,0.3515234826368948,0.3531559395846765,0.3572627921742532,0.3456383419951515,0.3115037510793109,0.3500478203182819,0.3360112603320349,0.3158235462305985,0.3045852267639822,0.2970615934599956,0.3739281633339965,0.3512235350074717,0.3319372064442086,0.3324570874039621,0.3470183475793835,0.3324877770055615,0.3198357563808426,0.3599461247840356,0.3612612026650922,0.3493352919948285,0.3138732664233153,0.3011974107929721,0.3314594360324506,0.3272362504820911,0.3153521824559581,0.3309708612976311,0.2921244811972087,0.3559930105658882,0.3612599736022307,0.3111496612173113,0.2657053358354254,0.315467265017603,0.342233032242299,0.339474049971277,0.3604242937601863,0.3633028813391019,0.3632747557296156,0.3601675365224726,0.3749653091198069,0.3567622505738646,0.2943864890679352,0.2926627878999289,0.3537473042969649,0.3481417820511355,0.3039569433177496,0.359971475892794,0.3477934720638561,0.3844745005037046,0.3046124858840176,0.3631988450228626,0.3640687398739868,0.3266274452439118,0.3522362754363844,0.3500798476691966,0.2808308884705703,0.2883066412643971,0.3669031293121257,0.3750479124786893,0.3544924678234338
0.3589438367392081,0.3432741200500692,0.3336785150559912,0.3342681894678382,0.3593669902150208,0.3617161152928594,0.335970178725343,0.3647653849774732,0.2976675552585269,0.2405704708453772,0.3909817236806731,0.3284233594090704,0.2443404870970668,0.339746133895867,0.360789751596016,0.359949492804514,0.2896138752904995,0.2784828321399453,0.3319675518918555,0.3001944480192493,0.2995263018435846,0.3734178912075203,0.3901274378912637,0.33403797843582,0.3162170250113187,0.3874509304860002,0.3497055792572781,0.3592939984759949,0.3481186289562821,0.3480258173941205,0.2869350911429807,0.3433790258409542,0.3795554461705043,0.3661955803958321,0.2853392312537147,0.2752046109639591,0.2111439975480533,0.3547685209941067,0.3301801816056112,0.3335748156281202,0.3540614308635104,0.3523651079563209,0.3581855537822868,0.3448500867820452,0.3154860969874357,0.35030116047805,0.3353135163679671,0.3150411804086566,0.3030883155090073,0.3000064130022442,0.3743190937321837,0.3520533299791599,0.3314111943805391,0.3340792388993054,0.3474354368569598,0.3319579930120392,0.3183588696663817,0.361816527482795,0.3605487067450595,0.3483888160546308,0.3122688820235401,0.3048744588217368,0.3315552998492467,0.3281795724143438,0.3161486282804876,0.3292271211914911,0.2905863197699553,0.3551537660713674,0.3605578639224651,0.310228764041981,0.265428696102464,0.3158073046529467,0.3465681125724191,0.3389772750491526,0.3605222283049902,0.3639222570158896,0.3620968831497688,0.3605283361242836,0.3741567525628919,0.3571043290755059,0.2965209655202452,0.2901467316953397,0.356717840000521,0.3468242350102274,0.3019290752634211,0.3595681399196794,0.3449550846368089,0.3880129576025629,0.3034028103275772,0.3628340378927639,0.364295396147444,0.3257361520511936,0.3473592735860684,0.3479867740261743,0.2831229988354016,0.2897667023818535,0.3694297701703203,0.3700434914141307,0.3540349741939438
0.3602783841396222,0.3430372705491422,0.3322223298349688,0.3334876856245342,0.3589423700243096,0.362911888619795,0.3333294462422513,0.3630079958218772,0.2952999073662608,0.2343669253762773,0.3924087425217102,0.3271573778879565,0.2446615757937987,0.3376755005999555,0.3604173791917804,0.3593764823838306,0.2889568770935142,0.2763494233840524,0.3276975249103367,0.2924725578236374,0.2988210598780243,0.3728243818180397,0.3934560679188525,0.3329173619360267,0.3147139787997772,0.3880627009800036,0.3502712673571068,0.3480265521806103,0.3521914670021267,0.3476444063788725,0.2900668127042927,0.3463893562162298,0.380571727273055,0.3659851050139984,0.2832958382173218,0.2737788311118762,0.2149290357770995,0.3551855220940507,0.3350524411282192,0.3328064256991276,0.3562261770353986,0.3516091442037219,0.3590050073954273,0.3441421773011422,0.319517438290342,0.350562079900034,0.3346543621096166,0.3143659203290241,0.301580163492594,0.3034563623961813,0.3746427949578549,0.3527520489560422,0.3316248115069497,0.3353018300698837,0.3478839905834539,0.3314368510222966,0.3168774873762757,0.3631453924468587,0.3597265434741681,0.3474397823726856,0.3105331603717154,0.3090728635851972,0.3316012195404512,0.329052945420758,0.3171536836966395,0.3279383502529632,0.2892172334509079,0.3543719835611091,0.3597862180335073,0.3093153836345732,0.2660238895647366,0.3164843811907985,0.3503911107074624,0.3384520319074836,0.3604816101599555,0.3643246379341222,0.36100656187511,0.3609984904681828,0.3730134660932243,0.3572614939580388,0.2987299159264355,0.2875318040691486,0.359241849578935,0.3455788326487626,0.3002316181251392,0.3589725608684712,0.3417868552397768,0.3913287813880473,0.3020732704333806,0.3621944941751003,0.3643779944619262,0.3248473827980852,0.342195827413869,0.3457467007583205,0.2855216116378646,0.2911006907524839,0.3716937237970666,0.3653435690578565,0.3535141023882854
0.361424391820399,0.3429411345456795,0.3304932866153522,0.3326706642515598,0.3584006089278889,0.3638941398686102,0.330733929500099,0.3614208767230756,0.2927308626516536,0.228420612750848,0.3936577194205381,0.3258329661845492,0.2442236432957968,0.3348829739903745,0.360094563596837,0.3585708040986222,0.2888714531495163,0.2744258617738963,0.3225754443448196,0.2844227244456986,0.2988965103426513,0.3719992543545324,0.3965188077273308,0.3318441116721389,0.3137002272228433,0.3884187665201962,0.3508547244522284,0.3384699742410382,0.3557785421426445,0.3472884323844815,0.2938292886586199,0.3489498607148767,0.3816553304318776,0.3655392103993105,0.2812321357139877,0.2723785250755213,0.2197769196315021,0.3555444446439801,0.339520628435457,0.3320071267951097,0.3580324134258653,0.3508838503239294,0.3596990732102182,0.3434864880375382,0.3234783397017258,0.3508266017076744,0.3340288880998823,0.3137957041715655,0.3001336550808642,0.3073012832979811,0.3748961016039782,0.3533191558892512,0.3325225734522554,0.3361591008702826,0.3483400438119182,0.3309003273743324,0.3154278912719486,0.3640024972803726,0.3588327436868347,0.346489891124887,0.3086605424279731,0.3136598186295076,0.3316164554223624,0.3298799995671465,0.3182922563080937,0.3271277258693099,0.2879971902570377,0.3536726347870058,0.3589576035551909,0.3083616698038768,0.2675122339406285,0.3176172419958548,0.3536853466607143,0.3378969087384441,0.3602971054397693,0.3644961111357113,0.360052513566704,0.3615461435330294,0.3715934127805106,0.3571987133332508,0.3009640357755667,0.2849179372329739,0.3613932828061318,0.3443919203027903,0.2988903108657872,0.3581826782391289,0.3383905874393229,0.3944133009392419,0.3005966952104537,0.3613164661881734,0.3642668276812138,0.3239090042564298,0.3368924633911965,0.3433590897952837,0.2881580198872361,0.2922400251041285,0.3736716766746643,0.3610279742959733,0.3528826863456537
0.3623668238803526,0.3429753832922329,0.3283991454052645,0.331820332681275,0.3577517016804939,0.3646734240671533,0.3282157321023808,0.3600335791559519,0.2899233160272643,0.2226829223274114,0.3946726674080261,0.324455287069988,0.2426540206625641,0.3314549189775014,0.3598073950513296,0.3574681993112085,0.2893663275428459,0.2728778261374515,0.316854974285408,0.2763339833639913,0.2998753621596954,0.3709372650345878,0.3992793395995588,0.3308847289000918,0.313187735937986,0.3885486527364531,0.3514162164201569,0.3306234750770551,0.3588342061082223,0.3469874697918942,0.2981237601933907,0.3511195964793946,0.3827861136129983,0.3648789701174806,0.2792137425098862,0.2710384706685483,0.2254480244652028,0.3558202558568792,0.3435287185774676,0.3311888760219236,0.3594886625189379,0.3501781153486276,0.3602430751322821,0.3428532600820894,0.3272685222876514,0.3510831145982656,0.3334309631823882,0.3133106623230683,0.2988388748303071,0.3114137517850191,0.3750859748473412,0.3537634528166572,0.3340214836986935,0.3366961984948559,0.3487815767614121,0.3303280250426901,0.3140455230231037,0.36447456840881,0.3579112828518679,0.3455373453135292,0.3066690252565177,0.3184831240371982,0.3316247397564489,0.3306767719282007,0.3194934243881336,0.3267877599470122,0.2868975499742537,0.3530721803812646,0.3580814051079867,0.3073198445041068,0.2699020994232428,0.319315956007062,0.3564575298150189,0.337312949551258,0.3599555101922155,0.3644286255463966,0.3592659504909163,0.3621376540904911,0.3699737159420051,0.3568985761287744,0.3031748441667456,0.2824290407137451,0.3632313507771038,0.3432403275094599,0.2979403017505478,0.3572056174663844,0.3348743584146532,0.3972468885456288,0.2989467620096756,0.3602507729506236,0.3639244871131609,0.3228816016821045,0.331610826939691,0.3408269876545317,0.2911733790887469,0.293166223765442,0.3753415026090907,0.3571561172774021,0.3520913220206964
0.3630952539850964,0.3431235234683667,0.3258554214937077,0.3309503545765907,0.3570081524974954,0.3652637156143057,0.3257936927800121,0.3588453815320691,0.2868594177985362,0.2171001072340811,0.3954040728014563,0.323036532856067,0.2397357078207652,0.3275799067473897,0.3595369960723096,0.3560209368905514,0.2904429204258424,0.271875624807082,0.3108422602840978,0.2684930222869398,0.3018230676842267,0.3696448912087942,0.4017075873143815,0.3300937823460675,0.3131689121643113,0.3884936029428304,0.3519153999160531,0.3243827766955192,0.3613566033803287,0.3467773832412085,0.3028160504283146,0.3529647247068018,0.3839264937744812,0.364035539821953,0.2773346747692959,0.2698017258478494,0.2317240314474712,0.3559925827792996,0.3470564331312981,0.3303683792321215,0.3605987870489836,0.3494802667662899,0.3606226416485035,0.3422088067605222,0.3308137104052107,0.3513143685899093,0.332850502646004,0.3128859691278663,0.2977931425675168,0.3156567268505895,0.3752285708648232,0.3541052604592166,0.3360334201193314,0.3369677918000008,0.3491899437884015,0.3297054464208952,0.3127531058393442,0.3646535592009081,0.3570013042597745,0.3445802324597957,0.3046048068129242,0.3233886467677486,0.3316468177813473,0.331447863732202,0.3206914404816204,0.3268783692061039,0.2858913720619467,0.3525732307616273,0.3571652452381008,0.3061476576593134,0.2731790741323773,0.3216575947369095,0.3587303704502271,0.3366999319954603,0.3594528051623076,0.364126012780701,0.358662030382302,0.3627316999757992,0.3682442638471876,0.3563633557644071,0.305316762898341,0.280210108085247,0.3647997977567068,0.3420961117473134,0.2974070589045289,0.3560591134396862,0.3313492754579699,0.3998066621767873,0.2970996294162583,0.3590624221775289,0.3633228574343152,0.3217382482345917,0.3265145692330981,0.3381592775488179,0.2946916156605383,0.2939158265969369,0.3766899443437322,0.3537580810518525,0.3510926636695384
0.3636059165056258,0.3433665994279227,0.3227935682070074,0.3300731093871586,0.3561859601204899,0.3656775553091617,0.3234713516910065,0.3578356421175395,0.2835471822435755,0.211613879628897,0.3958067867948427,0.3215915191394524,0.2354384914469459,0.323549238943737,0.3592724789315228,0.3542034768764109,0.2920873377968805,0.271580051036795,0.304873852889044,0.2611744916654274,0.3047506179916034,0.3681382776404353,0.403785921779544,0.3295148752165099,0.3136210069851723,0.3883004033949393,0.3523168894831314,0.3195854338702108,0.3633815169891896,0.3466939013370604,0.3077480807042363,0.3545426613960254,0.3850196324028932,0.3630522888273195,0.2757088074217651,0.2687236167001625,0.2384217428429967,0.3560379718944573,0.3501199250532346,0.3295697540181567,0.3613671576487219,0.3487751020427572,0.3608324622271787,0.3415149683048306,0.3340691657098842,0.3514997158151886,0.3322676979880857,0.3124958627693509,0.2970926236728853,0.3198900714032515,0.3753364391907862,0.3543736817187992,0.3384090437913581,0.3370276160109828,0.3495529235826485,0.329025677372226,0.3115559458437142,0.3646266354526027,0.356125477468785,0.3436113185466037,0.3025372210985753,0.3282339793556301,0.3316914830169208,0.3321858030309826,0.32182746211175,0.327321070523438,0.2849628802349917,0.3521727460327449,0.3562130088758264,0.3048127071204969,0.277303671677254,0.3246821057469629,0.3605395891733319,0.3360587409454979,0.3588062738922964,0.3635947593738118,0.3582319800788267,0.3632759104661813,0.3664929219813634,0.3556125530548879,0.307343906124934,0.2784213729582721,0.3661245301490796,0.3409278657269827,0.2972907254974272,0.3547669615261156,0.3279187690020668,0.4020594777535545,0.2950415866982139,0.3578210767129575,0.3624443714043545,0.3204606879041791,0.3217600971235561,0.3353701997301685,0.2988010457747437,0.2945725410505734,0.3777131249135069,0.3508329927969285,0.3498515791437501
0.3639045724385494,0.3436835819886165,0.3191678689489852,0.3291975160136327,0.3553100708682788,0.3659268316773304,0.3212298268254568,0.3569693729619005,0.280021809661846,0.2061703111760642,0.395845477788358,0.3201375237282172,0.2298759980406989,0.3197341628969649,0.3590133375648626,0.3520141170016702,0.2942668998967682,0.2721347228885981,0.2992881492617705,0.2546271690972407,0.3086216115483078,0.3664497017447607,0.4055115333188304,0.3291825771184269,0.3145076281311673,0.3880170782894323,0.3525962316250611,0.3160476266529548,0.3649766648425194,0.346755739623546,0.3127597155891079,0.355894112220805,0.3859946175458035,0.3619834524166913,0.2744592952958026,0.2678639956996466,0.2454006363866021,0.3559362850214764,0.3527679618913736,0.3288151391277147,0.3618008447100149,0.3480421997690354,0.3608681532383389,0.3407384343143966,0.3370151780012144,0.3516169794877966,0.3316563992548336,0.3121082039285535,0.2968280805192131,0.3239856292426637,0.3754133177036101,0.3546008253977357,0.340965325739879,0.3369292548643509,0.3498652812232863,0.3282896586748268,0.3104480667121577,0.36446500898139,0.3552945672853852,0.3426149388366908,0.3005593919789385,0.3328925326726367,0.3317568111630334,0.3328789012556289,0.3228557404186416,0.3280046862424228,0.2841081398737047,0.3518718186680833,0.3552261810303918,0.3032951217051638,0.2822136354799209,0.3283939286581001,0.3619361900485243,0.3353979661701329,0.3580411083939012,0.3628426531974978,0.3579439285581087,0.3637156567520178,0.3647975387254818,0.3546790561969509,0.3092105716924723,0.2772243739095862,0.3672118901369594,0.3397086724753981,0.2975673253973823,0.3533536164351485,0.3246606122321954,0.4039603450476393,0.2927732714563211,0.3565924142690085,0.3612940292903443,0.3190474808929248,0.3174849218579786,0.3324799875581718,0.3035479513660917,0.2952578712392129,0.378416684565145,0.3483619442541594,0.3483556388150396
0.3640103995475043,0.3440469405277783,0.3149612594246256,0.3283393378187005,0.3544089172535372,0.3660256164943644,0.3190315062200443,0.3561928229541644,0.2763504591785961,0.2007331015643228,0.3955139724229572,0.3186926951606542,0.2232486177846415,0.316537296440131,0.3587609479590969,0.3494741106757087,0.2969444881110193,0.2736534661100658,0.2943937429428047,0.2490510474883159,0.3133489455590618,0.3646289304883342,0.4068943151106398,0.3291203845127481,0.3157752540983319,0.3876927469259884,0.3527408922552859,0.3135786433484012,0.3662319065118672,0.3469610406907858,0.3177027584961656,0.3570513005405066,0.3867734719994551,0.3608834586095221,0.2737139686814676,0.2672682454391892,0.2525602567340078,0.3556835435512981,0.3550703951292059,0.3281172257380367,0.3619118376601826,0.347261734337132,0.3607303955427393,0.3398602244049413,0.3396491650256468,0.3516442744407233,0.3309941714273521,0.3116871323292254,0.2970790703074542,0.3278423792000042,0.3754636209345591,0.3548191584885087,0.3435781298721081,0.3367360385180497,0.3501255420764876,0.3275045834453796,0.3094162814538985,0.3642167331868875,0.3545177505432168,0.3415753198093638,0.2987920918500962,0.3372587160238916,0.3318351187446958,0.333519643055619,0.3237470321572601,0.3288041154617233,0.2833309795765045,0.3516724763709126,0.3542094339283406,0.3015906702677752,0.2878219845895998,0.3327598110893772,0.3629819150228462,0.3347316956236721,0.3571767828473212,0.3618908011962302,0.3577602557355468,0.364003232928217,0.3632261726189249,0.3536065095753971,0.3108786071381175,0.2767652920774396,0.3680532397004681,0.3384256475190565,0.2981912212560738,0.3518453401099412,0.3216174561908506,0.4054690764322661,0.2903072002438498,0.3554361645564204,0.3599054770163577,0.3175226118132158,0.3137956752383054,0.3295184587819347,0.3089304564397409,0.2961202588023703,0.3788208259890126,0.3463197979537388,0.3466160118515534
0.3639548405497758,0.3444229010738833,0.3101894261683828,0.3275215197441439,0.3535021111568113,0.3659891385221356,0.316835251492772,0.3554334478530593,0.2726380069856904,0.1952859664763157,0.3948450944081023,0.317269229147612,0.2158245187689625,0.314349606652955,0.3585173318301612,0.3466290416132685,0.300091675801808,0.27620011495623,0.2904475196743732,0.2445807572010474,0.3187946761218578,0.362732745632414,0.4079519990441493,0.3293376081376011,0.3173553569451032,0.3873767067734331,0.3527487687054452,0.3119954411397629,0.3672406039476881,0.3472947782686647,0.3224447550978607,0.3580437806174785,0.3872760810456762,0.3597965828321874,0.2735979037561898,0.2669565461396829,0.2598309934182846,0.3552902013719993,0.3571022862970448,0.3274835234479663,0.3617220517606392,0.3464197529236383,0.360435732676432,0.3388743911983075,0.3419802606391319,0.3515618288975109,0.3302656411724033,0.311205417755845,0.2979023095192756,0.3313886387028148,0.3754984887943686,0.3550630375569231,0.3461824277268918,0.3365184789735705,0.3503308610780274,0.3266811602041765,0.3084353089342846,0.3639069932797303,0.3537974939483232,0.340485825460135,0.2973739013779509,0.341258328991362,0.3319106352782329,0.3341045308087052,0.3244862988918183,0.3295960631815233,0.2826466296288329,0.3515711068464348,0.3531724779844352,0.2997132352814972,0.2940115080970184,0.3377136536217526,0.363735411857493,0.3340686049126318,0.3562392452660009,0.3607799326887004,0.357651868184751,0.3640970987281203,0.3618308436988268,0.3524456820100506,0.3123204104597183,0.2771609502684725,0.3686349639139988,0.3370797649272116,0.2990860903024959,0.3502742892078297,0.3188006502084023,0.4065659063557419,0.2876676281348528,0.3544055191742781,0.358331387429964,0.3159265151335743,0.3107641980109275,0.3265246612499971,0.314889194350493,0.2973163000504712,0.3789632552307818,0.3446738168583019,0.3446617529681077
0.3637745279372483,0.344777618525957,0.3049005880740305,0.326759591227217,0.3525983908210197,0.3658308846508095,0.314607067541838,0.354611810251821,0.2690275369547834,0.189826041828582,0.3939002015308696,0.3158720253505647,0.2079684560422757,0.3135241166212512,0.358293378717098,0.343549051945606,0.3036824457373442,0.2797743899260719,0.287645631622637,0.241280976633737,0.3247885893443608,0.360817232753827,0.4087058526818429,0.3298322641759353,0.3191768534021027,0.3871147501363422,0.3526283354665606,0.3111397370452774,0.3680816253171042,0.3477284065577969,0.3268759473359843,0.3588922097116417,0.3874239718722691,0.3587559668317268,0.2742174408325674,0.2669266615515588,0.2671663734262192,0.3547692033860444,0.358931124857438,0.3269185589868691,0.3612655783125343,0.3455077930425032,0.3600132474887962,0.3377820945642611,0.344025253540285,0.3513547215393335,0.3294582238497234,0.3106499670161685,0.2993201215858126,0.3345778854086643,0.3755278483710781,0.3553663642493671,0.3486980712823874,0.3363401552124516,0.3504741461048445,0.3258322789148013,0.3074651195798916,0.363540857611382,0.3531163460468297,0.3393465912045574,0.2964405260815017,0.3448531730623248,0.331956443250898,0.3346306227351656,0.3250722237437911,0.3302654579802369,0.2820945712462001,0.35156340214001,0.3521250640004136,0.2976949747270801,0.300636550354427,0.3431760763598577,0.3642452518496305,0.333409657673694,0.3552752579700263,0.3595622126567789,0.3575964864931142,0.3639610352363688,0.3606362548491918,0.3512471461249321,0.3135132871882173,0.2784863657876797,0.3689494336544949,0.3356807302437685,0.3001398267746456,0.3486771100628106,0.3161959853252823,0.4072468166808101,0.2848995565390166,0.3535429416019356,0.3566323623401545,0.3143003828492178,0.3084293562427098,0.3235390079631608,0.3213075711355793,0.2989889031835788,0.3788929838881249,0.3433806572880712,0.3425393120249373
0.3635065499253788,0.3450800499105777,0.2991724001661072,0.3260557732652917,0.3517045568402049,0.3655634489523718,0.3123200031358442,0.3536538789137694,0.2656964289494731,0.1843667856251821,0.3927582382233438,0.3145066176831267,0.2001474991526637,0.3143425389177828,0.3581086606454081,0.3403202596880884,0.3076814767998888,0.2843122423202125,0.2861165846231654,0.2391448752612673,0.331153753538555,0.3589420698055015,0.4091777708730076,0.3305997966864604,0.3211759246261502,0.3869451322183424,0.352396485833698,0.3108769788749295,0.3688143852614697,0.3482145319387976,0.3309196071663469,0.359605800104833,0.387146750945036,0.3577855418892361,0.2756449290156467,0.2671559585032472,0.2745384782743282,0.3541357417121496,0.3606113248160653,0.3264155494812449,0.3605856195090613,0.3445231287538128,0.3594903272696577,0.3365921650961951,0.3458033995912055,0.3510168437237832,0.3285619118954629,0.310016937845027,0.3013175102950092,0.3373910139964234,0.3755553711428815,0.3557525549417863,0.3510326561687996,0.3362541499404738,0.3505461115248394,0.3249729755429001,0.3064589423562817,0.3631049847285385,0.3524401057090641,0.3381576848300234,0.2961120736773328,0.3480344171466961,0.3319415474251839,0.3350983651785672,0.3255198774321665,0.3307141378318556,0.2817437210188777,0.3516517019291558,0.3510729365772668,0.2955870260474875,0.3075348074722959,0.3490725881500251,0.3645569572004318,0.3327583130613772,0.3543367834428161,0.3582917876657792,0.3575756153164525,0.3635722952089866,0.3596425623754605,0.3500523851736005,0.3144378580102531,0.2807644163902018,0.3690027511064387,0.3342478477317311,0.3012198051009861,0.3470899925087955,0.3137648427313996,0.4075107199577344,0.2820797833127758,0.3528753460638602,0.3548749164828515,0.3126842491280239,0.3067972447446166,0.3205963545656483,0.3280282408622451,0.3012506631682246,0.3786608354103087,0.3423950659622541,0.3403160128180217
0.3631902787027111,0.3453006293056206,0.2931113669538125,0.3254103285958307,0.3508288065738829,0.3652023345064001,0.3099543923093401,0.3524941057594734,0.2628485924140182,0.1789541903540581,0.3915166874240337,0.3131799555134889,0.19285523159203,0.3169713970043064,0.3579790801429008,0.3370316756907771,0.3120467681476504,0.2896923232762273,0.2859105543155043,0.2380947599746362,0.3377201238636206,0.3571725111876487,0.409386251657693,0.3316382697966641,0.32329343152398,0.3868953006757387,0.3520702967784315,0.3110849191930769,0.3694817920330969,0.348693533909382,0.3345332838638662,0.3601912962591456,0.3863920629413193,0.3568967871438612,0.2779109040289437,0.2675965304461671,0.2819305525669209,0.3534181202373719,0.3621822405566496,0.3259527333324297,0.359732445548505,0.3434726474702771,0.3588903338922892,0.3353252391311543,0.3473309059047564,0.3505529410105828,0.3275754371370574,0.3093106058675082,0.303846300875308,0.3398392045030408,0.3755897094362472,0.3562264046257563,0.3531445577249743,0.3363114059139381,0.3505386173566677,0.324117031939403,0.3053727167784614,0.3625728787584008,0.3517350542300826,0.3369212638649653,0.2964877557076646,0.3508143858934828,0.3318401711041213,0.3355166249109202,0.3258568953871061,0.3308756348177807,0.2816793738693641,0.3518383792375877,0.3500203815475244,0.2934623101318407,0.3145376065905753,0.3553311190678991,0.3647168766778929,0.3321242461414527,0.3534549146354871,0.3570237829787244,0.3575821948553255,0.3629283374332026,0.3588416690724582,0.3488887432077413,0.3150869674991067,0.2839621169902913,0.3688154597910784,0.3328118228960944,0.3021979088870771,0.3455477617206579,0.3114472086053912,0.4073595327141092,0.2793189275566182,0.3524132344231945,0.3531276266850749,0.3111210924266246,0.305842924341162,0.3177271270897195,0.3348734811646735,0.304169319981714,0.3783161704951893,0.34168043822215,0.3380735409960266
0.3628676351978027,0.3454147127491778,0.2868543755586917,0.3248272280827849,0.3499742058334161,0.3647677370395167,0.307505204155767,0.3510762013706489,0.2606986335204586,0.1736791744486668,0.3902893537638334,0.3118874182702328,0.1865550204667336,0.321440820877902,0.3579094207373012,0.3337697074728457,0.3167379542813848,0.2957413238906434,0.286994372545257,0.2379913468251861,0.3443297624183324,0.355567596786201,0.4093405422443475,0.33294436196369,0.3254713315310522,0.3869797943759611,0.3516597783457603,0.3116552775320824,0.3701079094724183,0.349109399686432,0.3377025150774476,0.3606580058996885,0.3851344643399682,0.3560861672309539,0.2809986042996226,0.2681732650620119,0.2893250648031344,0.3526581209525213,0.3636640398374974,0.325502964786061,0.3587641297081741,0.3423734133088258,0.3582431657871485,0.3340113284666793,0.3486158482824847,0.3499759012845068,0.3265089699262304,0.3085494937897237,0.3068286394332261,0.3419551778330422,0.3756559814122926,0.3567753273665082,0.3550209189352813,0.3365597078704411,0.3504435646969006,0.3232694299656865,0.3041669823311032,0.3619156185613713,0.3509737165640506,0.3356495063768329,0.2976313719267829,0.35322356991599,0.3316299082789282,0.3358996840416992,0.3261120344353574,0.3307220820221044,0.2819881218787863,0.3521138688850561,0.3489733993591473,0.2914150720723987,0.3214712102589582,0.3618642320793886,0.3647617605742537,0.3315128873572538,0.3526419433751428,0.3558149489414344,0.357626188592925,0.3620423366484802,0.3582236079759401,0.3477702508564642,0.3154717333969949,0.2879935814249535,0.3684177281537966,0.3314070186570531,0.3029676034820063,0.3440844459732639,0.3091720816954972,0.4068076069336844,0.2767550529251645,0.3521536433524037,0.3514481622515851,0.3096479611751891,0.3055178922155941,0.314960917943986,0.3416580790328407,0.307751839717065,0.3779085677069537,0.3412051638336541,0.335890099703686
0.3625746589909426,0.3454105127745232,0.2805646077985642,0.3243025019234716,0.3491374640821202,0.3642836792095379,0.3049875611585682,0.3493596209426929,0.2594501113337168,0.1686781318961709,0.3891904175534549,0.3106068964409593,0.1817460216885435,0.3276581847346826,0.357896539373491,0.3306187061652942,0.3217115218535979,0.3022447639934086,0.2892604063969521,0.2386473865497822,0.3508470734344925,0.3541683522349693,0.4090378452353143,0.3345067937193476,0.3276604844627763,0.387201490283485,0.3511688362579512,0.312495973833901,0.3706929297703919,0.3494177642198357,0.3404392738746762,0.3610115711276357,0.3833788293923945,0.3553402642262602,0.2848400182614088,0.2687900277610371,0.2966946753593801,0.351897386065801,0.3650539512688565,0.325040767778205,0.3577422432212885,0.3412472443757473,0.357585450153678,0.332680995847472,0.3496555391123131,0.3493025138344255,0.3253803042326373,0.3077659798893571,0.3101600704071792,0.343778984468411,0.3757895792992318,0.3573717719383446,0.3565918646983645,0.3370297375274062,0.3502495359148816,0.3224223734218939,0.3028077546513066,0.3611107874396452,0.3501254949630558,0.3343656859739293,0.2995513021561236,0.3553066211769313,0.3312857570271258,0.336259407824635,0.3263091492162973,0.3302565937721698,0.2827591434335089,0.3524584731890334,0.3479364819173326,0.2895540277355805,0.3281571165538962,0.3685542543471855,0.3647113208644822,0.3309196789317775,0.3519121354097241,0.3547182493664538,0.3577266459507774,0.360937322728196,0.3577688548375863,0.3466998524701943,0.3156143080689552,0.2927258502345444,0.3678471376765584,0.3300602122811304,0.3034550653875253,0.342727141070076,0.3068711033039801,0.4058832827597586,0.274548027129178,0.3520839694775908,0.3498738850747971,0.3082824120714153,0.3057558585173736,0.3123256404627065,0.3482000743201354,0.3119364679455838,0.3774862496851389,0.3409316156568727,0.3338275911905225
0.3623318118142498,0.3452903680384785,0.274419641316015,0.3238166387806682,0.3483188491024199,0.3637771359011575,0.3024318898070771,0.3473266722486407,0.2592774492353635,0.1641336792998484,0.3883175952714258,0.3093114261635689,0.178991955727477,0.3354266481995052,0.3579296174814473,0.3276540728147142,0.3269079135990403,0.3089686097017818,0.2925391917698895,0.2398390322020912,0.3571712912880664,0.3530004215106709,0.4084686508337328,0.3363060448377142,0.3298295725699541,0.387555505374742,0.350597963375557,0.3135132883101545,0.3712180744252238,0.3495853340675833,0.3427813704215814,0.3612514366584844,0.381159294508781,0.3546415611187588,0.2893214790342327,0.2693380451427304,0.3040019370320058,0.3511695014050659,0.3663304753980112,0.3245380769925337,0.3567214488126152,0.3401170484670751,0.3569450551193184,0.3313591713325801,0.3504417793717013,0.3485524334992583,0.324211651787763,0.3069944540283889,0.3137188037511407,0.3453519354575242,0.3760236648605881,0.3579696542436509,0.357735580074963,0.3377285236852879,0.3499436142219631,0.3215592578996217,0.3012733319802829,0.360144993541692,0.3491553115114237,0.3330973656541515,0.3021965937853968,0.3571129528180732,0.330785838431217,0.3366041331549343,0.3264717585661152,0.3295049039939343,0.2840895765535,0.3528521725024421,0.3469070610830977,0.287995742687573,0.3344193238618174,0.3752446045783884,0.3645787537699115,0.3303394896487899,0.3512827628459379,0.3537736816457871,0.3579008773887399,0.3596489871280461,0.3574498405487827,0.3456685394833961,0.3155381088246314,0.2979885891564608,0.3671510845023828,0.3287871755639804,0.3036328617736193,0.341486667488044,0.3044883940283151,0.4046204646025734,0.2728760917806473,0.3521843436700128,0.3484240977252286,0.3070241563553603,0.306472981519286,0.3098453326826311,0.3543360200373502,0.3166002132017155,0.3770894384334557,0.3408162873774891,0.331931544107858
0.362144317693033,0.3450638168385808,0.2686011588142301,0.3233456587673667,0.3475278312230594,0.3632773464319806,0.299874397703271,0.3449835503674175,0.260312839066033,0.1602801779799596,0.3877448217655762,0.3079782541192136,0.1787335381699144,0.3444526383301492,0.3579834503326458,0.3249278857579583,0.3322489506898085,0.3156828735396982,0.2966009110890881,0.2413224118583572,0.3632398088870839,0.3520796838090063,0.4076271823344787,0.3383181540398273,0.3319594828563922,0.3880300231148212,0.3499397907162688,0.3145995666905878,0.3716587846531052,0.3495934147674412,0.3447799871357461,0.3613788103147702,0.3785359640096768,0.3539670991621244,0.2942976911905302,0.2697042622435026,0.3112030821185161,0.3505050590102821,0.3674645625833635,0.3239648124217346,0.3557444035063612,0.3390087498296952,0.3563329330401251,0.330065596820376,0.3509728500615497,0.347748232951749,0.3230288654169256,0.3062613802403769,0.3173795510615946,0.3467157848389021,0.3763893656746044,0.3585052675970838,0.3583716877242709,0.3386479989611444,0.3495174947605174,0.3206586610918921,0.2995604228633487,0.3590156803915499,0.348037678660047,0.3318704781990505,0.3054697336327712,0.3586885027115382,0.3301238395836142,0.336943543883999,0.3266261099408712,0.3285160755609616,0.2860707184128879,0.3532725681455599,0.3458761526144244,0.2868631407041068,0.3400930943611641,0.3817295206408476,0.3643822224853842,0.3297730540692984,0.3507557805891218,0.3530013546505429,0.3581608261677526,0.3582276099461384,0.3572477856913298,0.3446547179980813,0.315268738829897,0.3035906155924978,0.3663837534437224,0.3275924096841197,0.3035296327209712,0.3403563748915205,0.3019842479825833,0.4030513415292416,0.2719254566334801,0.3524279436276092,0.3471022311288236,0.3058644827704969,0.3075734137813964,0.3075406629478263,0.3599336436441304,0.3215731799971824,0.3767452072189593,0.3408190898311889,0.3302315278177837
0.3620099096812266,0.3447445115736109,0.2632933002037964,0.3228725486134087,0.346775453501067,0.3628148392878675,0.2973529478297627,0.3423591597039808,0.2626305202236697,0.157398286594988,0.3875175061862793,0.3065789713018521,0.1811346749186512,0.3543660907462904,0.3580174188914669,0.3224634089631253,0.3376465125776106,0.3221777101678172,0.3011523634453033,0.2428612920292246,0.3690230797338661,0.3514048857928173,0.4065186619969858,0.3405138669490694,0.3340304824781992,0.3886020299282082,0.3491739189173612,0.3156544367717571,0.3719926279931454,0.3494459344918648,0.3464829789880714,0.3614006069513494,0.3755884551500912,0.3532875499111473,0.2996029214235913,0.2697829806316938,0.3182486814108896,0.3499340550965929,0.3684276106600838,0.3233024343062861,0.3548464539856765,0.3379512892043599,0.3557532653663165,0.3288172657986461,0.3512591534830331,0.3469117774637983,0.3218580441769096,0.3055859287395226,0.3210228616644641,0.3479070350126545,0.3769218770657137,0.3589115387129364,0.3584937679257144,0.3397733721166019,0.3489691322214848,0.3196911110423283,0.2976834423328989,0.3577361179031283,0.3467661704687539,0.330707133535757,0.309235237366933,0.3600731704601395,0.3293093902364955,0.3372883674535997,0.3267947923198872,0.3273607202834121,0.2887629371252727,0.3536847855288764,0.3448346262620245,0.2862819882870944,0.3450289386890905,0.387746370949631,0.3641371057550832,0.3292180505659792,0.3503143792447978,0.3524012630219345,0.3585086807138911,0.3567287720216148,0.3571600065387753,0.3436299169374217,0.3148394985943119,0.3093388349830008,0.36559322592803,0.3264639528916027,0.3032258527833625,0.3393184884392735,0.2993352483197741,0.4012047174834404,0.2718684023453535,0.3527814179137014,0.3458911244047963,0.3047836834572203,0.308963725838748,0.3054286082130323,0.3648944402492738,0.3266506635453459,0.3764692969286931,0.3409037155698242,0.3287336721631463
0.3619226890793552,0.3443557178625701,0.2586815496707994,0.3223825179223252,0.346067297194745,0.3624217042170433,0.2949078452538139,0.3395063875218249,0.2662304630692702,0.1557897183156402,0.3876466306180447,0.3050729710841286,0.1863139324621311,0.3647660323279851,0.3579836075751272,0.3202638438612951,0.3430091034260742,0.3282759602369721,0.305851525837027,0.2442522986617538,0.3745195971132969,0.3509472004704801,0.4051611674433025,0.3428524327573107,0.3360204250441402,0.3892348276727844,0.3482726024205664,0.3166074487961121,0.3721994417137233,0.3491707561270938,0.3479323721682886,0.3613228856345872,0.3724068725433378,0.3525754751110679,0.3050596552387372,0.2694874433554335,0.3250825391215262,0.3494768378743523,0.3691927780605673,0.3225515574609466,0.3540586005718669,0.3369692142025401,0.3552126710359436,0.3276271980558065,0.3513160372234561,0.3460592457160153,0.3207207989464576,0.3049825976142342,0.3245397427586224,0.3489505482418328,0.3776548407114657,0.359132554957323,0.358115572720774,0.341082129109067,0.3482991899249043,0.3186157505848427,0.2956737025878049,0.3563369457426883,0.3453481866176289,0.3296235771146376,0.3133216782392806,0.3612989109782937,0.328355837623032,0.3376435762753106,0.3269902131693998,0.3261157151167834,0.2921868922805562,0.3540442425611116,0.3437770363929635,0.2863684344254806,0.3490973870759227,0.3929838942994933,0.3638425699047818,0.3286620939586118,0.3499403871621517,0.3519609480920783,0.3589272889642993,0.3552026472209981,0.3571868240865288,0.3425679097055634,0.3142878252264209,0.3150526944793317,0.3648116574123097,0.3253720162250665,0.3028407083727077,0.3383462518502309,0.2965350892119031,0.3991062243658699,0.2728395043495646,0.3532087107171965,0.3447538050283034,0.3037442014401292,0.3105608815033234,0.3035194534477797,0.3691523506247077,0.3316082453292684,0.376272296198436,0.3410274944523406,0.3274162415433965
0.3618715673482453,0.3439337687817276,0.254940273358115,0.3218560368584972,0.3454081882773543,0.3621318408912327,0.2925792122850452,0.336501109493479,0.2710341155816724,0.1557468735864366,0.3881092356947171,0.3034227496776944,0.1946765474755595,0.3752645664689959,0.3578334879025801,0.3183202825472439,0.3482434159207279,0.3338478174418709,0.3103425287980262,0.2453356976192357,0.3797522022025372,0.3506556698583093,0.4035876330949252,0.3452786873431365,0.3379120753075161,0.3898827774639683,0.3472126714691979,0.3174056257140188,0.3722635217728806,0.348812294105232,0.3491708647669086,0.3611478054247753,0.3690846493232829,0.3518146548130513,0.3104962427567845,0.2687553120864361,0.3316449509875874,0.349135537044266,0.3697378506399612,0.3217220157761803,0.353401364289507,0.3360742652569641,0.3547145031232555,0.3264993996721805,0.3511579654223884,0.3452001653069938,0.3196338392409369,0.30445755593077,0.3278400872795184,0.3498617216880822,0.3786066298594954,0.359125292137851,0.3572443201365145,0.342542470685939,0.3475114070075069,0.3173868108910812,0.2935842569945246,0.3548594212208286,0.3438004847190749,0.3286279763947382,0.3175369031456062,0.3623861835033974,0.3272739033294129,0.3380054620275017,0.3272169176968716,0.3248467720406889,0.29633176841514,0.3543110682803261,0.34270026818952,0.2872142335744107,0.3521993201862877,0.397106824325071,0.363486406400105,0.328092091902171,0.3496245450201277,0.3516644128983958,0.3593777537733116,0.3536941462932469,0.3573211646074781,0.3414486424906253,0.3136440003374942,0.3205754416057892,0.3640589785750601,0.3242807798093673,0.3025193556454491,0.3374000174153623,0.2935973022899095,0.39677896461697,0.2749214509057938,0.3536773261414425,0.3436464814739417,0.3027001510713524,0.3122879811989514,0.3018167603383939,0.3726754372033348,0.3362253699647526,0.3761627836620661,0.3411380516068011,0.3262381600795766
0.3618414988344676,0.3435217753981058,0.2522131914480771,0.321275479849147,0.3448067640383493,0.3619761835874266,0.290398482155481,0.33343438464152,0.2768939183108732,0.1575298392781303,0.3888555531877571,0.3016097131693403,0.2067283683875035,0.3855075834892619,0.3575214496172846,0.3166092658298015,0.3532590927969352,0.3388203923435129,0.3142878023466352,0.2460019736461114,0.3847624218357344,0.3504726615794792,0.4018502761132417,0.347728107294709,0.3396926374743332,0.3904980155843509,0.3459797850974965,0.3179975884958324,0.372180431304371,0.3484232331586768,0.3502372486907628,0.3608810726063075,0.3657134785554611,0.3509992456252175,0.315770446494157,0.2675532176016578,0.337880237826391,0.3488960412917843,0.3700540556125305,0.3208236696635689,0.3528794998061449,0.3352641104438244,0.3542530127368959,0.3254258033228149,0.3508067700089128,0.3443385612681199,0.3186096755444937,0.3040041346193474,0.3308632424142915,0.3506520459759382,0.3797739121702659,0.3588608736535513,0.3559077744899225,0.3441178447209564,0.3466183027342132,0.3159651897011094,0.2914934651325991,0.3533475070064468,0.3421549153378664,0.3277201684138314,0.3216975862904961,0.3633447013899011,0.3260780065355532,0.3383664991222998,0.3274769958608997,0.3236051587346942,0.3011563252789213,0.3544549077615417,0.3416028987650283,0.2888787964758719,0.3542737055667425,0.3997853468983435,0.3630601777242022,0.3275046154476235,0.3493600422934957,0.3514925937730105,0.3598092267076222,0.3522461464680775,0.3575552503991985,0.3402580127527634,0.312925189865805,0.3257861809136088,0.36334979503815,0.3231608766368908,0.3024175994474442,0.3364287641836232,0.2905558117525315,0.394244902626734,0.2781384195390982,0.3541616580365042,0.3425303217970477,0.3016147187274134,0.3140753919180451,0.300321678326835,0.3754649730806494,0.3403099200150069,0.3761451401346525,0.34118238499316,0.3251513589411509
0.3618197080758608,0.3431605582184868,0.2506032758424901,0.3206343883894468,0.3442677306328174,0.3619739828219839,0.2883814760997967,0.3304027573877452,0.2836042945853269,0.1613407093934095,0.3898147905803021,0.2996302369537713,0.2225052424759995,0.3951859413002552,0.3570129821145792,0.3150912421056616,0.3579777486672376,0.3431728464311263,0.3173848039201171,0.2462034290282506,0.3896034254534662,0.3503388619837484,0.4000217817079586,0.3501338355380131,0.3413440070389345,0.3910318116350745,0.3445654883698688,0.318353293780644,0.3719601875778462,0.3480580041992222,0.3511539508081834,0.3605378135378975,0.3623745555019662,0.3501289385058662,0.3207810866305734,0.2658893208493306,0.3437427043729861,0.3487343906153161,0.3701521897115006,0.3198728317590186,0.3524867840971431,0.3345265364829605,0.353821315048625,0.3243903980132974,0.3503014320245409,0.3434717071389614,0.3176518690868102,0.3036046364077164,0.3335780154490464,0.3513284866183024,0.3811320995165003,0.3583391580911674,0.3541567551287169,0.3457725788460721,0.3456416945907338,0.3143234936252327,0.2895008525600306,0.3518459224184672,0.340460870586062,0.3268920811829977,0.3256485379511311,0.364179391070476,0.3247916478443917,0.338720101467757,0.3277707032706788,0.3224340613870533,0.3065788294264189,0.3544481834777315,0.340489553826055,0.2913849193456553,0.3552964477842701,0.4007267690712704,0.3625597868810807,0.3269011284170247,0.349139231427229,0.3514187654632736,0.360166494532899,0.3508932872957579,0.3578850476623367,0.3389923996198324,0.3121396784403113,0.3306084049658208,0.3626905451900257,0.3219875830549439,0.3026779606881292,0.3353816955353939,0.2874605556999228,0.3915244219797391,0.2824479692674689,0.3546415840782716,0.3413728238196379,0.3004607891532663,0.3158745404752415,0.2990333283842518,0.3775467818481303,0.3437158343015457,0.3762189430751074,0.3411142021953158,0.3241053923210805
0.3618005015743993,0.3428855986532792,0.2501762002326761,0.319934586359089,0.3437827110929876,0.3621295461854477,0.2865300697728797,0.3275018315831931,0.2909110158798195,0.1672861453871137,0.3909020806438212,0.2974923475405538,0.2414302817394386,0.4040514490784256,0.3562935628730245,0.3137210015978062,0.3623387244915931,0.3469226771189198,0.3193842194913688,0.2459571997120423,0.3943326495505912,0.3501882233686598,0.398189243125656,0.3524288135482324,0.3428390601134897,0.3914331998096022,0.3429695964970723,0.3184865128041884,0.3716224109246159,0.3477653939371246,0.3519275586047702,0.3601399240832074,0.3591271160735845,0.3492115948237607,0.3254651322649153,0.2638281619039571,0.3491986764773845,0.3486202904359767,0.3700580284921946,0.3188991288747692,0.3522139172776946,0.3338422352972032,0.3534200795255113,0.3233764945270432,0.3496916952363613,0.3425900373396719,0.316750339313724,0.3032352679509943,0.3359717165577056,0.3518913851437476,0.3826338156598768,0.3576005733136617,0.3520378478333689,0.3474745051917975,0.3446046311184416,0.3124446180434219,0.2877203308237389,0.3503992456791225,0.338775164036814,0.3261271756904457,0.32926353744248,0.364893049487663,0.3234429227420058,0.3390594295906014,0.3280948507702338,0.3213691721897705,0.3124767692512046,0.3542676106252133,0.3393754304690752,0.2947117548047786,0.3552797412225437,0.3997160776888006,0.3619733473344407,0.326279505607513,0.3489612032014166,0.3514136428317776,0.3603887690105427,0.3496527073448828,0.3582978681388074,0.3376658699581216,0.311292678552557,0.3350085578073379,0.3620741892453216,0.3207351375349093,0.3034029429201075,0.3342198415149109,0.2843734871854071,0.3886333406013302,0.2877337108989047,0.3551012183292372,0.3401485151145151,0.2992095232763174,0.3176639971308533,0.2979417953155621,0.3789628123527374,0.3463550004024268,0.3763853927956332,0.340891867585646,0.32304966167134
0.3617857699780563,0.3427281868014196,0.2509619526434823,0.3191792251968345,0.3433345324865187,0.3624374165392789,0.2848389609203101,0.3248200987343899,0.2985308370222638,0.1753449455859115,0.3920337879311327,0.2952330602207635,0.2627686075405013,0.4119261176801656,0.3553679074443678,0.3124616639347304,0.366298800774377,0.3501159096618272,0.3201212742768204,0.2453292310731161,0.3990029793290828,0.3499518998332862,0.3964446043454157,0.3545461372256312,0.3441487858524171,0.3916520065841808,0.3412085557328026,0.3184386859911538,0.3711879310230603,0.3475814810576927,0.3525616252653367,0.3597129939783847,0.3560052243084033,0.3482679661408453,0.3297960316892964,0.2614940608293699,0.3542273115057079,0.3485201852653171,0.3698024736959672,0.3179366397158398,0.3520507684027751,0.3331846336636163,0.3530517786165889,0.322367312165573,0.3490239379309176,0.3416832598238608,0.3158861696150697,0.3028682085713559,0.3380446420639105,0.3523396291550239,0.3842094133600585,0.356714476318639,0.3496026247499127,0.3491962558517297,0.3435261655592514,0.3103232553004402,0.2862755568305868,0.3490457085048787,0.3371515014913364,0.3254012404704757,0.3324487780231613,0.365483699447459,0.3220593740058848,0.3393741278456728,0.3284433759302471,0.3204331125963033,0.3187017402096258,0.3539070929994922,0.3382834655930141,0.2987895818425368,0.3542800969087434,0.3966602662049017,0.3612791709456175,0.32563692073972,0.3488341020506213,0.3514606869246191,0.3604141876839604,0.3485251908233652,0.3587613211816907,0.3363076000169014,0.3103850929903402,0.3389877660058331,0.3614858632471717,0.3193849275532648,0.3046368382008068,0.332919527095144,0.2813711507572942,0.3855822540554953,0.2938111901208493,0.3555310001424498,0.3388457018679803,0.2978329078593991,0.319437435072399,0.2970225082296382,0.3797702259403301,0.3482027821313449,0.3766531139331095,0.3404773109365404,0.3219428146891258
0.3617845144821647,0.3427147912825745,0.2529437568258118,0.3183739880472769,0.3429079146141314,0.3628854567066812,0.2832983492370975,0.3224302443278916,0.3061842521940413,0.1853630702210388,0.3931421227027248,0.2929332926405313,0.2859169892605184,0.4186944965200289,0.354255719173525,0.3112891251495244,0.3698298614359464,0.3528220582377395,0.3195387455876025,0.2444153215412254,0.4036547394417638,0.3495744417512464,0.3948755761965632,0.3564254410447655,0.3452480021448832,0.3916452449996461,0.3393166209913433,0.3182561899730865,0.3706725913721501,0.3475254342534321,0.3530615423867986,0.3592863153322916,0.3530256112903858,0.3473262288322599,0.3337866074247292,0.2590631327810532,0.3588210118265534,0.3484019614810449,0.3694165771458629,0.3170110021940404,0.3519870609378986,0.3325209482364391,0.3527116863530239,0.3213400260679401,0.3483388742781861,0.3407467904144935,0.3150396961356934,0.3024720194332922,0.3398156935737273,0.3526779409138224,0.3857765991015565,0.3557581213316671,0.3469412292544071,0.3509155053958779,0.3424256378346772,0.307973010801052,0.2852929534754194,0.3478108011461186,0.3356395517173831,0.3246864303500662,0.3351579501929733,0.3659465184406462,0.3206714835442179,0.3396507524437804,0.3288080844951841,0.3196358562195558,0.3250923484256958,0.3533821069019072,0.3372350498628822,0.3035037844573458,0.3524045041827882,0.3916168353345523,0.3604568558307935,0.3249762504057483,0.3487660363518794,0.351561834038493,0.3601964949835552,0.3475035199105486,0.3592304268646417,0.3349502245360178,0.3094083777422472,0.3425736165335102,0.3609147992432395,0.3179394796532091,0.3063602114839013,0.3314722039209261,0.2785495998869405,0.3823813132224783,0.3004490768279993,0.3559288961272741,0.3374701366797731,0.2963202986636264,0.3211945821937279,0.2962382659454848,0.3800412319429866,0.3492922571822003,0.3770324273583079,0.3398431309182801,0.3207636970156712
0.3618120381252501,0.3428638418239393,0.2560469617093,0.3175295446023661,0.3424912695301063,0.3634486428169432,0.2818912265065508,0.3203817283576518,0.3136251421929625,0.1970723905205587,0.3941760228432597,0.2907054555020775,0.3101576111789216,0.4242913246011747,0.3529960543111501,0.3101898124876194,0.372916833523474,0.3551246861031876,0.3176802074797412,0.2433337817685193,0.4083115865766157,0.3490241647132435,0.3935558660032961,0.3580237179751085,0.3461128710513858,0.3913802495433649,0.3373362746783767,0.3180004218099707,0.3700861205117069,0.3475967438207785,0.3534292025297105,0.3588902373637077,0.3501933272718776,0.3464108321663262,0.3374815654015896,0.2567552960010656,0.3629826234746535,0.3482378083882745,0.3689322548053373,0.3161388711186576,0.3520163454749007,0.331817197647774,0.3523924440610195,0.3202653164170772,0.3476771315771662,0.3397803043085374,0.3141885990957373,0.3020143530677798,0.3413225781168763,0.3529167782438426,0.3872513755423131,0.354812221111435,0.3441726861341426,0.352613298000541,0.3413262221402915,0.3054333362233988,0.2848897054566364,0.3467079418956545,0.3342838627321443,0.3239561512948116,0.3373969731619348,0.3662834191540435,0.3193191998910381,0.339876731694291,0.3291782967429208,0.3189830402229449,0.331480020131635,0.3527193314641477,0.3362432143009101,0.3087047642638952,0.3498028954264235,0.3847948334047715,0.3594930052117897,0.3243044705514428,0.348758528608061,0.3517247349339071,0.3597167491378196,0.3465754206085493,0.3596581038439834,0.3336249513902357,0.3083458336902372,0.3458113170186104,0.360358893174811,0.3164214985076083,0.3084950253781117,0.3298864533669989,0.2760227512626655,0.3790463598289165,0.3073923318546774,0.3562965636257771,0.3360405344713351,0.2946838518115696,0.3229481655656385,0.2955429961061419,0.3798570471389693,0.3497023813618807,0.3775237765763187,0.3389794529488488,0.3195123994457846
0.3618862631190526,0.3431820715508614,0.2601461341816117,0.3166555126737107,0.3420717774276806,0.3640831783528132,0.2805936388019726,0.3186964910875298,0.3206550244850716,0.2101132930105834,0.3950974610482256,0.2886745880858956,0.3344837657516141,0.4286970615171805,0.3516515618052078,0.3091624207677285,0.3755550535258726,0.3571058701095658,0.3146696783650189,0.2422169808386988,0.4129754772795275,0.3482888880039109,0.3925348392423783,0.3593193949585346,0.346719084531766,0.3908342885150762,0.335310561012423,0.3177564551475195,0.3694353235667001,0.3477737935803058,0.3536633562966865,0.3585524711030866,0.3474973626128149,0.3455399015600975,0.3409372510057502,0.2548277511016646,0.3667185084435135,0.3480058397738791,0.3683822559689543,0.3153324138440717,0.3521370782257226,0.3310447158725484,0.3520934195745963,0.3191160820235835,0.3470749238930016,0.3387837592563465,0.3133003611444756,0.3014661131029661,0.3426062669014619,0.3530678308385235,0.3885519238583539,0.3539641310379465,0.341406104930046,0.354272566598266,0.3402487119190759,0.3027720376285583,0.2851623853916464,0.3457419967582498,0.3331133912884769,0.3231883539997415,0.3392052679135947,0.3665081480522578,0.3180526365213914,0.340043011487081,0.3295425253688933,0.3184812896359698,0.337699858605527,0.351949090311118,0.3353129347893723,0.314217402441349,0.3466557884316091,0.3765352449488967,0.3583764552684998,0.3236293628751757,0.3488084464924688,0.3519503595414862,0.3589792756398833,0.3457208752242559,0.3599922297584652,0.3323659377083043,0.30718248890682,0.3487513588595872,0.3598220425950452,0.3148602613977258,0.310917208590372,0.3281893305278855,0.2739150912468308,0.3756017242519684,0.3143795087206948,0.3566339713013677,0.3345843723490576,0.2929482361715994,0.3247258066529064,0.2948819690137889,0.3793032242667725,0.3495515197770089,0.3781162312182086,0.3378927037674964,0.3182035664993525
0.3620231733394909,0.3436616007969301,0.2650855094843648,0.3157535065382487,0.3416356939892431,0.3647322283372053,0.2793817764571247,0.3173644851529258,0.3271293974552763,0.2240580912180484,0.3958890298831105,0.286980599428814,0.3579087469012581,0.4319370484407249,0.3502968071006637,0.3082228380592907,0.3777467483999512,0.3588337814095078,0.3107034134814989,0.2411902576782582,0.4176151351779182,0.347370041370135,0.391831146273028,0.3603057123125902,0.3470484203211079,0.389996179991522,0.3332847722172066,0.3176035767872658,0.3687256241761109,0.3480178034407279,0.3537665843872362,0.358299333967694,0.3449083764935187,0.344730433506474,0.3442065345207243,0.2535605519239213,0.3700305279126873,0.347695675937226,0.3677959648658101,0.3145951975920345,0.3523469871821829,0.3301839808883475,0.3518160880508137,0.3178723989864667,0.3465532519507054,0.3377609416052071,0.3123353858417228,0.3008039535672888,0.3436955638605493,0.3531427212056188,0.3896037925381369,0.353291997954555,0.3387374418881276,0.355877721129915,0.3392041746810258,0.3000829820899479,0.2861792096854161,0.3449080542464262,0.3321310919934289,0.3223675462996476,0.3406355036080502,0.3666400298011352,0.3169289888016945,0.3401416315521924,0.3298913186274561,0.3181359144896792,0.343605882281822,0.3511085403357361,0.3344423563939763,0.3198526801906092,0.3431710269257231,0.3672808041612853,0.3570968826988899,0.3229613950063931,0.3489078271267712,0.3522370691716528,0.3580063835407625,0.3449130282259088,0.3601717931753269,0.3312068096159891,0.3059121819293545,0.3514380325961738,0.3593133334956637,0.3132849253298789,0.3134722110627053,0.326422978726566,0.2723565020219592,0.3720811480841964,0.3211628831556696,0.3569381244200885,0.3331367821496563,0.2911469702928907,0.3265519310709017,0.2941935717571177,0.3784725877377293,0.3489921020691285,0.3787948415582045,0.3366013446983855,0.3168623756262361
0.362235356054039,0.3442795042758416,0.2706917150373862,0.3148189738591124,0.3411735984697822,0.365337238396704,0.2782378685022504,0.316341158307118,0.3329662559024008,0.2384491938049318,0.3965631209910459,0.285784041199128,0.3797458054565535,0.4340781962313095,0.3490002295443777,0.3074027329859825,0.3794963086490303,0.3603601570727507,0.3060431735050791,0.2403545364218322,0.4221557105846465,0.3462858883029041,0.3914317161124938,0.3609845419235122,0.3470979148828804,0.388870241404063,0.3313080665260504,0.3175882849028032,0.3679563579051558,0.3482819197101597,0.3537455814178,0.3581557081580485,0.3423894929200609,0.34399775112428,0.3473361690343884,0.2532323404746378,0.3729097040537548,0.3473151166689943,0.3671934439852803,0.3139153029531735,0.3526397643009211,0.3292254581615305,0.3515505747969847,0.3165157723508318,0.3461190314747874,0.3367257132182357,0.311260385414182,0.3000114795730053,0.344608687523304,0.3531534069888735,0.3903533995657787,0.3528371221633045,0.33627309875505,0.3574131669088444,0.3381967827945755,0.2974794793858075,0.2879721396289058,0.3441886567171969,0.3313150652353054,0.3214854295300754,0.3417522687950293,0.366697999733741,0.3160116872833124,0.3401607943831712,0.3302161021500202,0.3179483761233741,0.3490773916654163,0.3502412942807718,0.3336179739650541,0.325424902194802,0.3395829476945716,0.3575365520483385,0.3556513067411034,0.3223130269218912,0.3490377773521537,0.3525873033343014,0.3568428138078813,0.3441237664545908,0.3601387212517234,0.3301649925345077,0.304532911228017,0.3539039005209176,0.3588485300660803,0.3117274944370464,0.3159913234394562,0.3246385450157855,0.2714787019323306,0.3685307747912054,0.3275366369989933,0.3572051222446451,0.3317343189932261,0.2893338034595962,0.3284312949396427,0.2934169751520779,0.3774665493991435,0.3481923346023781,0.3795386124824005,0.3351349981721951,0.3155237184896364
0.3625307165154887,0.3450010762807082,0.2767743032035042,0.3138455602883316,0.3406819737015347,0.3658417076344461,0.2771480834778775,0.3155544672357191,0.3381512828410443,0.252852740120843,0.3971530486419496,0.2852469312897431,0.3994416143591184,0.4352256096449328,0.3478205523046112,0.3067404242095438,0.3808038138564251,0.3617245782016245,0.3009849950280691,0.2397876334487159,0.4264810264142081,0.3450757852767242,0.3912924619343138,0.3613699481106098,0.3468827591734876,0.3874769091525111,0.329426156309389,0.3177393053000922,0.3671168047958764,0.3485188800424725,0.3536063206575454,0.3581362625481408,0.3399091575468868,0.3433464881829666,0.3503629656709469,0.2540944308603989,0.3753319000155121,0.3468877173304865,0.3665828960274601,0.313268083754429,0.3530095517560438,0.3281708835017755,0.3512738709081737,0.3150259844186609,0.345776346619737,0.3356987866009443,0.310054988634765,0.2990818236538424,0.3453625961472316,0.3531107181801524,0.3907774460049011,0.3525954957127719,0.3341282799381574,0.3588620821060855,0.3372307191598046,0.2950863921781144,0.2905295443511652,0.3435568988795275,0.3306260501462376,0.3205396239573653,0.3426342188457824,0.3667050817229583,0.3153696452753153,0.3400845309118025,0.3305057105454976,0.3179180427524644,0.3540199878361157,0.3493863596608486,0.3328080114156245,0.3307679170385234,0.3361390955272921,0.3478210688184354,0.3540468781883041,0.3216918192245578,0.3491660476526982,0.3529975801355433,0.355555877293057,0.3433273523139191,0.359853677333071,0.3292341460114247,0.3030397490109242,0.3561675650355239,0.3584489798082297,0.3102205936613689,0.3183123181585109,0.3228897701999678,0.2714058049308008,0.3650138436347476,0.3333586635650972,0.357430847397114,0.3304043866085932,0.2875907712713212,0.3303537079037824,0.2925003305843845,0.376386183068172,0.3473107162166055,0.3803068444579581,0.3335344028526366,0.3142270234276913
0.3629064650176699,0.3457837500094687,0.2831319096800891,0.3128235920428343,0.3401608482235924,0.3661891478597647,0.2760987721268069,0.3149189172773359,0.3427293632010439,0.2669064806951533,0.3976943441956426,0.285503081189261,0.416400065135905,0.4355205562299758,0.3468119537564532,0.3062723957164804,0.3816597275111718,0.36295866031874,0.2958144806280337,0.2395498152305094,0.4304435051188676,0.3437949283022845,0.3913408103002201,0.3614927797056939,0.3464333358867453,0.3858484679046309,0.3276720358582313,0.3180828990014684,0.3661936276990443,0.3486849009614358,0.3533561001920556,0.3582389824468994,0.337441092209268,0.3427643868613728,0.3533027323655199,0.2563474012188757,0.3772558087494017,0.3464410666545142,0.365965566164191,0.3126247128086279,0.3534529562839049,0.327035360584526,0.3509607554206641,0.313390974597934,0.3455287790791773,0.334698184230413,0.3087070765251308,0.2980220267795545,0.3459720610474524,0.3530243756983128,0.3908782644822386,0.3525293867803126,0.3324041346233141,0.3602085707897278,0.3363082356167384,0.2930352984790725,0.2937959539502206,0.3429827153430866,0.3300109542895464,0.3195325958953329,0.3433577857898881,0.3666936211275211,0.3150710708953029,0.3398977272222355,0.3307482168934737,0.3180424727932283,0.3583752067465572,0.3485697293806003,0.3319635464074741,0.335743710101797,0.3330790172184707,0.338614947049294,0.352295539313987,0.3210980191658759,0.3492522115503627,0.3534414173461247,0.354219513903405,0.3425005958961528,0.3592964875021608,0.3283946695104589,0.3014296975549934,0.3582315917987922,0.3581390012045848,0.3087865284193718,0.3203042123473511,0.321224531591448,0.2722397496508809,0.3616122959007671,0.3385515225680433,0.3576093599356356,0.329161808258288,0.2860207912789819,0.3323030469270051,0.2914047981178777,0.3753217641371135,0.3464847803123678,0.3810354548486673,0.3318479490997115,0.3130065254082528
0.3633432457758191,0.3465782702301507,0.2895728736275906,0.3117379825303009,0.3396124944097594,0.3663278004473259,0.2750796933694243,0.314344337272828,0.3467853421353077,0.2803450824011307,0.3982200396616098,0.2866477047659667,0.4301816691403898,0.4351375311913604,0.3460170395819213,0.3060298353221313,0.3820458295931533,0.3640864678058091,0.2907837059569109,0.2396785521717917,0.4338695770962015,0.3425038555534615,0.3914845740506965,0.3613934094762543,0.3457926690671692,0.3840245754779973,0.3260654612679994,0.3186196741179221,0.3651851823807041,0.3487444589254964,0.3530081214394083,0.3584525646092741,0.3349576603290234,0.3422253884722452,0.3561454374558254,0.2601186718771935,0.3786243934009813,0.3459986890373396,0.3653453521250141,0.3119551346244325,0.3539611332321892,0.3258453450252175,0.350589057646094,0.3116172231255045,0.3453716051059349,0.3337370783512722,0.3072111675848625,0.296856922408969,0.3464418685269846,0.3529057984177886,0.3906780083920424,0.3525716063710889,0.3311731506597576,0.3614394384938132,0.3354221418048745,0.2914603060056934,0.2976783878384919,0.3424346589010121,0.3294046474769214,0.3184723487080428,0.3439751283204227,0.3666989636151466,0.3151740974822023,0.339587110849362,0.3309373335568347,0.318311951570844,0.3621307830026711,0.3478064216194484,0.3310268879651842,0.3402481867211044,0.3306205511927761,0.3303156221326231,0.3504102760106678,0.3205296847899006,0.3492540837676594,0.3538685951401161,0.3528969560024811,0.3416235569915335,0.3584579523222583,0.3276231540799431,0.2997129818811092,0.3600841265520594,0.3579435861674956,0.3074301419308901,0.3218838552819169,0.3196750150631434,0.2740493558945059,0.3584216649717002,0.3430918179766617,0.3577320616426415,0.3280122330164433,0.2847356962632115,0.3342513503327806,0.2901087330002855,0.3743509992305013,0.3458351147134214,0.3816524939901761,0.3301260180571482,0.3118844720734069
0.363808147538899,0.3473301196983524,0.2959339470996255,0.3105721098710098,0.3390400769490625,0.3662232270786254,0.2740899175128446,0.3137382419531826,0.3504256637661444,0.2930085221459078,0.3987680560737643,0.2887391161252299,0.4406677794243089,0.4342801251276413,0.3454521667888439,0.306035796166669,0.3819426221950473,0.3651221163137085,0.2861108235969285,0.2401855566715585,0.4365653528495392,0.3412624811332986,0.3916254344632719,0.3611089271276048,0.3450164711622081,0.3820498803168508,0.3246183702885318,0.3193078397458058,0.3641070857734397,0.3486769149576041,0.3525771022655749,0.3587643287572997,0.3324315720019835,0.341696884972775,0.358863675247753,0.2654445198853664,0.3793699946689225,0.3455823220672946,0.3647335229002896,0.3112259212771424,0.3545129264791126,0.324630950969656,0.3501338615977863,0.3097270027244176,0.3452917052594513,0.332828758753576,0.3055768049757907,0.2956307883480009,0.3467681701966589,0.3527678597634363,0.3902231342333476,0.352618848939014,0.3304638616122335,0.3625412588280509,0.3345572289730006,0.2904870805254989,0.3020521669532482,0.3418783179676897,0.3287379525837346,0.3173715732205535,0.3445134309984596,0.3667491518829771,0.3157208208454099,0.3391340782994564,0.3310741701169876,0.3187041892564431,0.3653126228415668,0.3471022366551847,0.3299373336405051,0.3442192887609595,0.328952444974742,0.3232055701877864,0.3484074151992627,0.3199833398147053,0.3491330670908764,0.3542205324350601,0.3516382038356258,0.3406818729212453,0.3573418562250173,0.3268870216222834,0.297912699738277,0.3617057268674836,0.3578828168856769,0.3061413018484044,0.3230145132013999,0.3182524194398494,0.2768643600168003,0.3555416183287376,0.3470056292441404,0.3577894284025961,0.3269504324755111,0.2838508543535046,0.3361521332538053,0.2886158946298865,0.3735387157867206,0.3454641699599944,0.3820919612282318,0.3284155804018743,0.3108695250060635
0.3642633456996957,0.3479857386756387,0.3020816476558765,0.3093123084641399,0.3384438155423392,0.3658658777319796,0.2731366043820565,0.3130141683012627,0.3537646487905344,0.3048445929575297,0.3993792709416678,0.2917894132543412,0.4478260740713787,0.4331724340859169,0.3451075950236401,0.3062996625670277,0.381338256360575,0.3660690183044851,0.2819696624700782,0.2410693354823964,0.4383364200132123,0.3401286855477975,0.3916695562320519,0.3606718570923407,0.3441720068907672,0.3799709311434885,0.3233359507746576,0.3200921356566655,0.362986165789908,0.3484792688835044,0.3520734009209068,0.3591531240630384,0.3298431634938122,0.3411454156774565,0.3614225266554034,0.2722631014163727,0.3794225173028967,0.3452149241736367,0.3641443800706195,0.3104010097306773,0.3550797904484211,0.3234196734665643,0.3495655487696984,0.3077525777137332,0.3452787250363157,0.3319857295545663,0.3038357864416973,0.2944076197336522,0.3469491674464551,0.352621133265588,0.3895855238766526,0.3525390688989096,0.3302434281048924,0.3634994766085612,0.3337011184223766,0.2902163899901527,0.306767040577235,0.3412776563945837,0.3279502762954892,0.3162429190227311,0.3449909049459348,0.36686524615655,0.3167342811850869,0.338511353773009,0.3311627147274841,0.3191860859225454,0.3679670378179078,0.3464489675286631,0.3286312722445079,0.3476404122848831,0.3282211261666125,0.3174394630496956,0.3463070510291446,0.3194477521394251,0.3488607679232868,0.3544411889419863,0.3504825733715379,0.3396684850591759,0.3559747725278902,0.3261407700451007,0.2960538766587185,0.3630752212287495,0.3579631700197009,0.3048996240772985,0.323695576196487,0.3169484215684811,0.2806677049135924,0.3530684961596717,0.3503659659764503,0.3577740874020219,0.325954646337178,0.2834815860458101,0.3379510519723966,0.2869632958143375,0.3729275948140201,0.3454457472204199,0.3822903204568028,0.3267555629149837,0.3099556794215978
0.3646694422030681,0.3485000486425649,0.3079062372872667,0.3079474704862537,0.3378186522636284,0.3652669510498069,0.2722280994963653,0.3121076870663489,0.3569101289119553,0.3159003077609105,0.400085348402515,0.2957518144602556,0.4514857150338374,0.4320382835759745,0.3449608708186583,0.3068124722932012,0.3802356607184242,0.3669244466414965,0.2784619371117426,0.2423281246010704,0.4390164918272399,0.3391556305900433,0.3915350836134517,0.3601195319262238,0.3433320380808151,0.3778315696863942,0.3222125358592773,0.3209304167261377,0.3618551813057192,0.3481629861047123,0.3515077469692655,0.3595820325530069,0.3271804690269091,0.3405400615509377,0.3637825288038966,0.2804176266897203,0.3787207648222713,0.3449143713272191,0.3635912496719694,0.3094466815850266,0.3556333841907768,0.3222365399085757,0.3488593814566449,0.3057419254306155,0.3453311864928005,0.3312115787780317,0.3020399239625668,0.2932713991921079,0.3469911411972801,0.3524746989422992,0.3888469572865189,0.3521981098797325,0.3304331582998943,0.3643056530477985,0.3328486800154953,0.2907135400527832,0.3116607282254024,0.3405981455808812,0.3269986021564759,0.3150951252735915,0.3454211183046088,0.3670686949101703,0.3182128622883229,0.3376929182592613,0.3312076366649054,0.3197197509520513,0.3701570897644667,0.3458232384889895,0.327044778005876,0.3505317357168851,0.3285143226567732,0.3130518240098097,0.3441273077770245,0.3189037591361007,0.3484230976155676,0.3544766474682603,0.3494507221456964,0.3385836491104151,0.3544064681257103,0.3253388145398558,0.2941625309606219,0.364172037119241,0.3581733156071761,0.3036763521228835,0.3239572707836325,0.3157376365276198,0.2853870998957717,0.3510913507763281,0.3532750508120202,0.3576830369595035,0.3249901214991472,0.2837339695652757,0.3396014839473133,0.285224264536852,0.3725267954626753,0.3458234327412858,0.3821824006014368,0.3251737739206292,0.3091204057700645
0.3649840292576511,0.3488385902943222,0.313325720550631,0.3064683541378837,0.3371563219954727,0.3644512947267239,0.271370359803943,0.31098529500357,0.3599472538338916,0.3262909314812549,0.4009050185963556,0.3005252793778228,0.4514942531386202,0.4310716231049439,0.3449813966337011,0.3075464186434755,0.3786577416057355,0.3676862356264321,0.2756052905996535,0.243957563485704,0.4384860484174065,0.3383870865199285,0.3911620537147076,0.3594962211257527,0.34256553942058,0.3756701200400779,0.321230296639761,0.3217759687883537,0.3607537871932837,0.3477495881609201,0.3508963380232398,0.3600108640251571,0.3244340382731236,0.3398539099682084,0.3659034331689982,0.2896652358643619,0.3772261730383516,0.3446835999487225,0.3630915054042121,0.3083368362955205,0.3561435410922033,0.3211039226529911,0.3480044534113784,0.3037671569010477,0.3454508208473389,0.3304979732046175,0.3002562283390559,0.2923247348276546,0.3469057948276792,0.3523419163857016,0.3880811398357401,0.3514807969875303,0.330949772836583,0.3649620404197864,0.3319936702413056,0.2920081008335597,0.3165770365233952,0.3398066641972079,0.3258599734747111,0.3139340683441123,0.3458013300514305,0.3673810533330352,0.3201238135967362,0.3366646234924662,0.3312175638952696,0.3202652820234691,0.3719672866591204,0.3451947281486809,0.3251229213394038,0.352936166949508,0.3298544555862811,0.3099785338339123,0.3418792958232592,0.3183318036979963,0.3478177610449623,0.3542766742004666,0.3485337299170062,0.3374335063912469,0.3526988549470163,0.3244498004956966,0.2922795029247291,0.3649814940293621,0.3584865312280857,0.302436034944456,0.3238561379617722,0.3145771332086518,0.2908963552944068,0.3496846035889633,0.3558344817310778,0.3575176575491828,0.3240204014526591,0.2846920807841642,0.3410671685230448,0.2835085645508803,0.3723108274214475,0.3466220877350008,0.3817151439141353,0.3236853390807745,0.308326161597393
0.3651662256212849,0.3489765899856231,0.3182954739836469,0.3048697318130958,0.3364473128849146,0.3634566828154213,0.2705675697502313,0.3096405833583272,0.3629277263511614,0.3361541814134351,0.4018514212338792,0.3059697681827589,0.4478722183748494,0.4304145996849533,0.3451251096718325,0.3084562040435558,0.376650196394058,0.3683535123600647,0.2733585309144463,0.2459457277609562,0.4366798169286164,0.3378536917210619,0.3905208388320834,0.3588435745764674,0.3419305831517613,0.3735191001107186,0.3203629238792929,0.3225623510219311,0.3597279123665882,0.3472676136903423,0.3502533707356091,0.3604131297744488,0.3215981824672909,0.339065354188483,0.3677537258934056,0.2996942575339518,0.3749352071259081,0.3445099399569427,0.3626721559620054,0.3070567682713526,0.3565735648605167,0.3200340918043627,0.3470015728506074,0.3019196265724531,0.3456368267001003,0.3298300733605962,0.2985662524691717,0.2916821929767322,0.3467080529860767,0.3522411544254263,0.3873500525906842,0.350294884108985,0.3317106616689623,0.3654730973688614,0.3311220881157871,0.2940949714353134,0.3213778841377043,0.33887052334113,0.3245311935771391,0.3127640652496559,0.3461101209499171,0.36781560998618,0.3224046024505501,0.3354200427462933,0.331206711444581,0.320779387696654,0.3734910675146888,0.344534071195106,0.3228276808582728,0.3549098969181413,0.3322004085807225,0.3080828056019941,0.3395683533556439,0.3177137411792124,0.3470519532346277,0.3538057018983433,0.3476958705836936,0.3362284603522891,0.3509170461732541,0.3234550906461876,0.2904687732152721,0.3655043128690088,0.3588632552932732,0.3011394804188775,0.3234593923987885,0.313407945107769,0.2970293947677498,0.3488929934364133,0.3581257135716393,0.3572822374688439,0.3230117305477979,0.2864067825428639,0.3423205886532344,0.2819602902815719,0.3722260790403518,0.3478541877072554,0.3808660127596223,0.3222906588132429,0.3075264100581032
0.3651872198803614,0.348902239549247,0.3228059365988746,0.3031503222632479,0.3356802146555528,0.3623356558152742,0.2698209567237433,0.3080902587130292,0.3658690989010886,0.3456127034449846,0.402934703535387,0.3119151903156631,0.4405980920666417,0.4301483470750858,0.3453390497597521,0.3094806698934027,0.3742822834749377,0.3689197912892561,0.2716626134465298,0.2482793146019411,0.433597877804484,0.3375704862295023,0.3896094380434866,0.3581948344390335,0.3414711121541819,0.3714038324596808,0.3195783342115711,0.3232318322291928,0.3588232732855352,0.3467489803641893,0.3495848470609233,0.3607714517606221,0.3186767209238201,0.3381631397619452,0.3693179286197771,0.3101537405787841,0.3718860063375654,0.3443744781362708,0.3623625355260864,0.3056051580338059,0.3568856651770499,0.3190221629281682,0.3458578211712096,0.3002981318810771,0.345887083373698,0.3291902405398595,0.297064964368207,0.2914583398780849,0.3464186532084218,0.3521901328696845,0.3867040156857307,0.3485744663828694,0.3326007064532224,0.3658375340291644,0.3302194351617979,0.2969305698938482,0.3259485378982646,0.3377608200302038,0.3230288309070644,0.3115850092503962,0.3463248336870033,0.3683736853628817,0.3249734350220444,0.3339518973243822,0.3311911353052371,0.321215307286828,0.374805650657575,0.3438140609631668,0.3201367637895363,0.3565152161988724,0.3354471170407402,0.3071827540745412,0.337197827426648,0.3170288571099432,0.3461468905728061,0.3530538613214823,0.3468883078070345,0.3349835654130919,0.3491277783275515,0.3223425802191322,0.2888100731362316,0.3657599460919106,0.3592526973162187,0.299747190470831,0.3228239357988968,0.3121637190150231,0.303596897881115,0.3487174804928331,0.3602080881782857,0.3569833686240901,0.3219305927582629,0.2888879555815664,0.3433505825578636,0.2807491400424975,0.372196142090357,0.349515397350252,0.3796445408148623,0.3209744089733912,0.3066722056522681
0.3650342124171767,0.3486217086914021,0.3268676662389458,0.3013102542861556,0.334843635512471,0.3611505503567134,0.2691260454142751,0.3063753361001993,0.368758515101534,0.3547544791386916,0.4041551064268831,0.3181704937921062,0.4294006374912771,0.4302838597073527,0.345576857674899,0.3105487298741094,0.3716479477383876,0.3693676779890517,0.2704672711851846,0.2509474361804777,0.4293191384507583,0.337535645266279,0.3884441549044033,0.3575793403379669,0.3412131732086413,0.3693389915298484,0.31883839432033,0.3237610273011534,0.3580776342660619,0.3462247828250155,0.3488994650058657,0.3610632086282865,0.3156810776519533,0.3371537726489784,0.3705964465711107,0.3206879347351126,0.3681581506669645,0.3442600446425194,0.3621792340949238,0.3039944062197904,0.357051392467163,0.3180505586497687,0.3445888522910085,0.2990058098418641,0.3461994233073067,0.3285566341968094,0.2958542195644538,0.2917557774065876,0.346066013820468,0.3522042824099426,0.3861703334654293,0.3462925830851979,0.3334729170784382,0.366057278188079,0.3292814310046174,0.3004307910654674,0.3302039528133836,0.3364570578799958,0.3213887333515602,0.310390557229083,0.3464367576143903,0.3690490820486643,0.3277391925592941,0.3322589241880133,0.3311850787312864,0.3215267551492865,0.3759639036340104,0.3430111055125583,0.3170381125393649,0.357809745943857,0.3394273262851967,0.3070816624788255,0.3347701333229332,0.3162591685887002,0.345140880965548,0.3520392053522072,0.3460591013629036,0.3337198928567315,0.347397281937474,0.3211114422639413,0.2873921517490752,0.3657792284110261,0.3595987431407749,0.2982253924744658,0.3219860855455398,0.3107822904838996,0.310398395114512,0.3491136401818983,0.3621184802623808,0.3566304584235779,0.3207479286641137,0.2921010689276508,0.3441693699856389,0.2800542696482918,0.3721281182995884,0.3515852663739249,0.3780832918400082,0.3197107602540999,0.3057175790926493
0.3647046606670917,0.3481561875703994,0.3305004976922427,0.2993540337669669,0.3339330202240245,0.3599620387288453,0.2684731093287194,0.3045553253629723,0.3715544941113109,0.3636190982574223,0.4054962235600685,0.3245441052486578,0.4139635570514958,0.4307513429428227,0.3458051324037922,0.3115906339563973,0.3688655361671807,0.3696735732201839,0.2697407747793764,0.2539291623112936,0.4239989097447885,0.337732392547924,0.3870578454558013,0.357023781663978,0.3411582975715843,0.3673269538155776,0.3181009759821173,0.324143916982673,0.3575136687405233,0.3457226814827062,0.3482198848081956,0.3612657541213576,0.3126213635768421,0.3360623634593962,0.3716032907873375,0.3309640371605615,0.363867085678268,0.3441510717450188,0.3621204256334303,0.3022521248614823,0.3570536803155617,0.3170993081615988,0.3432249381337573,0.2981505070068717,0.3465685746320283,0.3279050848809327,0.2950340692068329,0.2926568977737463,0.3456837884736264,0.3523004176166779,0.3857414768645419,0.3434695807612467,0.3341945307023145,0.3661495802090186,0.3283118320371346,0.3044777756549977,0.3340949913948741,0.3349473834912398,0.3196622607010356,0.3091719158804873,0.3464465951528717,0.3698317237070959,0.3306051056470651,0.3303609810663239,0.331200945463708,0.3216728951325345,0.377005151141524,0.3421108798410134,0.3135292049320045,0.3588373024039887,0.3439275218568229,0.3075966019926709,0.3322856633295557,0.3154030292425114,0.344081011882935,0.3508042363021011,0.3451576558456238,0.3324615327247989,0.3457841241979842,0.3197776141947303,0.2863176535503874,0.3655977237061363,0.3598472069042285,0.2965553680600738,0.3209622772727528,0.309212377481288,0.3172343981529796,0.3499996179120148,0.3638645651320624,0.3562337628488586,0.3194490601827408,0.2959681914882976,0.3448061092846942,0.2800471256521544,0.3719245753722222,0.3540368266056463,0.3762365538625483,0.3184728044053024,0.3046259886790221
0.3642028620843026,0.3475315318520094,0.3337334222282819,0.2972984930137782,0.3329562808173377,0.3588207166144195,0.2678487359228304,0.3026916654263545,0.3741910661742725,0.3721828069889151,0.4069208997757484,0.3308633437836948,0.3942346764684801,0.4314056655967224,0.3459970678065331,0.3125459414743455,0.3660687894928733,0.3698180870287497,0.2694762838371554,0.2571801609840101,0.4178481798346589,0.3381327972741615,0.3855028295374292,0.3565428707529689,0.3412801864772813,0.3653596514272668,0.3173258173888888,0.3243776576775226,0.3571313652118598,0.3452646418441569,0.3475732044017643,0.3613735207792174,0.3095030729826946,0.3349236071362773,0.3723649017383823,0.3406926503338544,0.3591542528162665,0.3440314759672528,0.3621712297370888,0.3004255355657076,0.3568825899870453,0.3161477399932857,0.341809282737357,0.2978334458087911,0.3469833755215661,0.3272164111077782,0.2946949236180824,0.2942167605087916,0.3453066435144694,0.3524949173121842,0.3853784234993766,0.3401673491344893,0.3346653030336298,0.3661395329503666,0.3273120374344453,0.3089316584295042,0.3376058006349972,0.3332280005487522,0.3179076766893772,0.3079204662734036,0.3463546687910863,0.3707065040082121,0.333473415717575,0.3282985117205966,0.3312490736502886,0.3216209789566884,0.3779572934616486,0.3411113790896989,0.3096213356502203,0.3596277213638016,0.3487112996468808,0.3085765781778952,0.3297428230765026,0.3144793086362705,0.3430107650938542,0.3494117860408604,0.3441415140575826,0.3312280106676546,0.3443319121406181,0.3183655499210127,0.2857043797060677,0.3652583814588267,0.359947149677309,0.2947402482569567,0.319749657224715,0.3074149460525817,0.3239229026323174,0.3512614081318314,0.3654250695033362,0.3557982888548511,0.3180351972697694,0.3003719124037724,0.3452963464889381,0.280877305854586,0.371494606217663,0.3568379825830933,0.3741827065208334,0.317236557453713,0.3033773480347366
0.3635438187260661,0.3467720161822299,0.3366034182208432,0.2951744250414571,0.3319340009420459,0.3577658958853473,0.2672333187120267,0.3008361268688588,0.37659153159454,0.3803568005632591,0.408364714455412,0.3369792733086424,0.3704229125037225,0.4320523236240919,0.3461310773733396,0.3133621603456098,0.363388881057095,0.3697910849226398,0.2696973694784396,0.2606367534019378,0.411112921377256,0.3386979999736881,0.38384119599003,0.356132028603343,0.3415308428251674,0.3634206462319967,0.3164780295570849,0.3244884574043513,0.3569050617886318,0.3448630970213706,0.3469764834855782,0.3613958071265462,0.3063318030260782,0.333772710620153,0.3729170636935174,0.3496471561269955,0.354173876489652,0.3438883082888874,0.3623052829511481,0.2985843297093024,0.356536262409539,0.3151688167497539,0.3403880570040267,0.298131276563603,0.347426369467786,0.3264799826289876,0.2949086074881644,0.2964541178465149,0.3449660792016555,0.3527960444962926,0.3850190698963271,0.3364776204939574,0.3347924756990416,0.3660436370681589,0.3262803385690182,0.313640497136172,0.340743965023575,0.3313080913884466,0.3161792723644799,0.306623429810625,0.3461652872227872,0.3716525643386733,0.3362576374239102,0.3261177167959226,0.3313351363212493,0.3213464398528077,0.3788246443182803,0.3400206149876529,0.3053426458264538,0.3602004806344365,0.3535332164135153,0.3099062926585777,0.3271402668501353,0.3135213945458051,0.3419658713546362,0.3479384757667284,0.3429846830754782,0.3300308451008385,0.3430656775371206,0.3168967165977446,0.2856703376733179,0.3648145011281694,0.359852081424315,0.2928052439858855,0.3183285804135355,0.3053651485959372,0.3303144017198178,0.352754437939337,0.3667649469994794,0.3553191251973874,0.3165171755150476,0.3051631922508839,0.3456803639606401,0.2826587379910584,0.3707583304518058,0.3599402526321072,0.3720148941269905,0.3159792367398807,0.3019708659471917
0.3627531830701309,0.3459015811921013,0.339145411060075,0.2930213133148392,0.3308969906131718,0.3568247466175578,0.2665979194027831,0.2990316697467382,0.3786859941210348,0.3880115828800111,0.4097302177707272,0.3427686457095852,0.3428579511365137,0.4324743965690557,0.3461985571051858,0.3139932296355405,0.3609399477828474,0.3695885255753556,0.2704534480400398,0.2642263401687649,0.4040606336899879,0.3393753995924762,0.3821246757023954,0.3557705758781802,0.3418515985000785,0.3614856224912357,0.3155272674629799,0.3245515257905068,0.35678916178492,0.3445188699921498,0.3464426886588816,0.3613379789193325,0.3031154241575877,0.3326445751995366,0.3733008565278509,0.3576791712365518,0.3490793031368791,0.3437179640198171,0.3624782340968989,0.296817678311556,0.356026024852059,0.3141301909953753,0.3390026948077611,0.2990883792338504,0.3478732232147301,0.3256897595192634,0.2957193794574301,0.2993439539597201,0.3446858483615344,0.3532030116019017,0.3845767719355217,0.3325118117779369,0.3344932922916933,0.3658713316364302,0.3252219417165839,0.3184484609461779,0.3435336147386429,0.3292162828368708,0.3145194975932934,0.3052605709774283,0.3458971523547799,0.3726452393159867,0.3388951352551891,0.3238654386117679,0.3314589634490983,0.3208317532891574,0.3795857606360953,0.3388551207379432,0.3007380639867876,0.3605640320004163,0.3581470745091774,0.3114988772365719,0.3244797746240457,0.3125778504224351,0.3409746256163928,0.3464635831079628,0.3416805926526685,0.3288777220668351,0.3419899716721253,0.3153901362308174,0.2863163024935394,0.3643225964125791,0.3595309092739973,0.2907966936567466,0.3166773255611549,0.3030579638986515,0.3362980367324421,0.3543125119690076,0.3678515769452736,0.3547845984538887,0.3149147940485328,0.3101763005662403,0.3460040890278835,0.2854552153176215,0.369653126909555,0.3632730296335129,0.3698249955487985,0.3146835671424621,0.3004226014805497
0.3618574413222026,0.3449428778400896,0.3413828361981059,0.2908892869217949,0.3298828241294193,0.3560067566344137,0.2659072734802915,0.2973114195765887,0.3804191250474038,0.3950143556160193,0.4108882881851432,0.3481449188854557,0.3120171712673129,0.4324515713360172,0.3462047658057701,0.3144086098265142,0.358815921261836,0.3692095110886087,0.2718006888833912,0.2678655377156769,0.3969615994453139,0.3401019654885269,0.3803877339709198,0.355425020613568,0.3421804254729901,0.3595240588549649,0.314449770407108,0.3246660621515972,0.3567248904968909,0.3442246581865023,0.345994321361968,0.3611972141887506,0.2998596625539826,0.3315748783619476,0.3735613405870377,0.3647205855320514,0.3440119325426903,0.3435260269004242,0.3626266162839162,0.2952288499364467,0.3553756526639499,0.3130033019599112,0.3376903069499674,0.3007181632224392,0.3482933264416288,0.3248409642837605,0.2971404243028161,0.3028168986431469,0.3444784662801128,0.3537124281895396,0.3839392793082751,0.3283895809518452,0.3337375792829414,0.3656390683421959,0.3241526701548384,0.3232054535245726,0.3460121113446071,0.3270007640706533,0.3129559168795253,0.3038100146377363,0.3455803893006045,0.3736576914653546,0.3413491640970981,0.3215972233704432,0.3316165631600866,0.3200656386438543,0.3802083676103241,0.3376400414432093,0.2958698593875187,0.3607158703615647,0.3623265383073582,0.3132831293347143,0.3217671022832594,0.31171899319528,0.3400528191542472,0.3450573638956747,0.3402409513999981,0.3277741901693849,0.341087448193166,0.3138664170899417,0.2877203486059638,0.3638316028111018,0.3589792762630343,0.2887855465405847,0.3147929064135211,0.3005149548963622,0.3418006174976987,0.3557673647645383,0.368659506286862,0.3541843347889685,0.3132599563843194,0.3152473931358147,0.3463125572516123,0.2892698930948297,0.3681473409482153,0.3667512951560953,0.3676968189916546,0.3133492866300845,0.29876308787055
0.3608757921152297,0.3439097004064208,0.3433292786927198,0.2888511432553654,0.3289298126856126,0.3553007339781751,0.2651257189002626,0.2956876428430293,0.3817487952286015,0.4012572470948738,0.4116833246402236,0.3530651498147513,0.2785916134440837,0.4317856579140044,0.3461583250479341,0.3146043036296837,0.3570887271252115,0.3686613080637541,0.2737776488872719,0.2714531017248972,0.3900615944066872,0.3408166621701385,0.3786586728113993,0.3550456362998422,0.3424563659886731,0.3575035418167978,0.3132363551489862,0.3249233598813847,0.3566414995821967,0.3439706593666605,0.3456575322725765,0.3609754587129268,0.2965651309557023,0.3305938196746188,0.3737453342585393,0.3707718028348241,0.3390931231320311,0.3433204518568631,0.3626795538902896,0.2939313883245665,0.3546152101000669,0.3117671657596335,0.3364859585708025,0.3029996978018624,0.3486542856564007,0.3239330937671958,0.2991556251543679,0.3067653965224795,0.3443451110926793,0.3543180583271426,0.3829827753045351,0.3242262039804599,0.3325561335469164,0.365369749684286,0.3230900765433613,0.3277781058016189,0.3482223861507147,0.3247251886208308,0.3114998472182743,0.3022557458828329,0.3452432537356333,0.3746623436700372,0.3436026449266858,0.3193766655748384,0.3318013099869626,0.3190444074791153,0.3806602393037426,0.3364044115355652,0.2908210885379481,0.3606520472943821,0.3658934584682565,0.3151905768912373,0.3190095061178486,0.31103115475021,0.3391983178236523,0.3437740638023043,0.3386960081446769,0.3267165115674757,0.3403204664466678,0.3123414136238769,0.2899340067509188,0.3633801751149085,0.3582151036478412,0.2868708831122402,0.3127010358017859,0.2977881693193864,0.3467846319565545,0.3569683923888863,0.3691718780783973,0.3535134161506983,0.311590033134146,0.3202274871831693,0.3466414108926219,0.2940412560893689,0.3662489385610723,0.37028217197235,0.3657050683378342,0.311995785997588,0.2970375860977837
0.359822001048839,0.3428021224915857,0.3449960301508867,0.287006956784594,0.3280707449556477,0.3546821931047607,0.2642183575175549,0.2941450498894097,0.3826500576541039,0.4066740465719587,0.411939306086254,0.3575202978487219,0.2434093878414024,0.4303353213996994,0.3460641975393626,0.3145989371266564,0.3557974936773455,0.3679689819974666,0.2763902228750787,0.2748756504757932,0.3835624479985031,0.3414706410202449,0.37696405469398,0.3545680523490755,0.3426275808479589,0.3553939598983008,0.3118976563948831,0.3254014845039455,0.3564602012678844,0.3437462455181585,0.3454460727424421,0.3606816257097828,0.2932304716539965,0.3297164011173596,0.373893847252528,0.3758855560781652,0.3344189854637836,0.3431070719606617,0.3625729800846798,0.2930426251802195,0.3537777518771589,0.3104035523805896,0.3354184062264082,0.3058715185585988,0.3489266019984708,0.3229741637607085,0.3017201344728846,0.3110532455901476,0.3442781994716892,0.3550028264481162,0.3815901381722673,0.3201242658217347,0.3310007530407042,0.3650791798105422,0.3220460905714434,0.3320598330653383,0.350201588741599,0.3224667048348935,0.3101451987250746,0.3005879238851242,0.3449074568414029,0.3756335401512622,0.3456540402588828,0.3172601261763236,0.332001778643102,0.3177753148218027,0.3809080111627153,0.3351734769998177,0.2857000986116166,0.3603799021619951,0.3687290136969066,0.31714697962804,0.3162124667786485,0.3105999108746924,0.3383956243087398,0.3426490463711275,0.3370936174922113,0.3256866194479624,0.339636939500662,0.3108180940536442,0.2929674546244239,0.363000064955325,0.3572661403181081,0.2851760761409622,0.3104553519021019,0.294959450795458,0.3512458478930921,0.3577946112885588,0.3693885568535349,0.3527713537453334,0.30993512484195,0.3249887211305402,0.3470143838291267,0.2996435985171712,0.3639979798815244,0.3737625008098749,0.363905706730415,0.3106504387326932,0.2953031285029037
0.3587068395193172,0.3416107590499544,0.3463940560420543,0.285471737789587,0.3273299515229868,0.3541236603410179,0.2631500617174596,0.2926482735059266,0.3831267273268461,0.4112556704419599,0.411475274367753,0.3615223716434518,0.2073651935285115,0.4280378321339826,0.3459260294365173,0.3144192274219917,0.3549379826271097,0.3671789277670465,0.279608356597428,0.2780242800167232,0.3776197713729892,0.342026103979148,0.375315747503765,0.3539273617605096,0.3426612313435026,0.3531701619103615,0.310460342057302,0.326159074193294,0.3561077324860312,0.3435376795100667,0.3453621990550952,0.3603174036728109,0.2898564074156741,0.3289388668565851,0.374036352873971,0.3801516713823496,0.3300608973935275,0.3428916363393541,0.3622562935798776,0.292670713163554,0.3528983619570502,0.3088959579355502,0.334501147814379,0.3092358041724978,0.349084747733384,0.3219795413599336,0.3047592753039633,0.3155277561277579,0.3442644414594402,0.3557390988829815,0.3796575833522288,0.3161683040084506,0.3291303693838531,0.3647751353045289,0.3210307292760437,0.3359771998011678,0.3519747539551943,0.3203130623092732,0.3088702767381204,0.2988034833228907,0.3445945701815702,0.3765477822109788,0.3475168277447563,0.3152872886763485,0.3321997393144202,0.3162789335105564,0.3809205248946856,0.3339674760559558,0.2806429794618419,0.3599205165769473,0.3707635449103899,0.3190689794275468,0.313379611123746,0.3105028145887837,0.3376246154228425,0.3416958308216178,0.335491408815069,0.3246590034206731,0.3389775229531233,0.3092906376551906,0.2967756861881808,0.3627159360068286,0.3561690354030229,0.2838382777273326,0.3081403969283848,0.2921364500994801,0.3552066363754294,0.3581617607526592,0.3693328333339533,0.3519640426303416,0.3083160857992827,0.3294324438697792,0.3474432840450155,0.3058931703930282,0.3614545825702848,0.3770792666647762,0.3623227378289819,0.309340663049339,0.2936179884011083
0.3575330523184725,0.3403227710978382,0.3475301218234922,0.2843611226015794,0.3267203536666062,0.3535950909253909,0.2618904195214832,0.2911510473856938,0.3832144353615905,0.4150611650760628,0.4101345153346296,0.365102355466335,0.1714607602335263,0.4249070902608408,0.3457462707623306,0.3140953792448467,0.3544669251729677,0.3663513805900091,0.2833624898710702,0.2808077138887773,0.3723469220375477,0.3424525271388879,0.3737047870037202,0.3530716763449764,0.3425474458484147,0.3508156031632279,0.3089616751038224,0.3272149842294634,0.3555283495536663,0.3433260946788657,0.3454078331360886,0.3598714351018891,0.2864470406474376,0.3282412914716925,0.3741952518253031,0.3836809452369142,0.3260743084927074,0.3426818167612197,0.361694868768903,0.2929015756910673,0.3520092134708146,0.307237800239085,0.3337289607648353,0.3129717223246691,0.3491086119514975,0.3209655030575694,0.3081730541125849,0.3200343810984591,0.3442874637051893,0.3564999130258772,0.3770989887356762,0.3124169129566738,0.327039170385118,0.364469104097227,0.3200569913544329,0.3394900257537937,0.3535549851463491,0.3183530442015453,0.3076427384005228,0.2969163210243994,0.3443277242179701,0.3773798495177459,0.349215181260228,0.3134865687647356,0.3323723601991389,0.3145894730200748,0.3806817464062523,0.3328055143909695,0.2758120544355349,0.3593019348835501,0.3719683754487727,0.3208631793563897,0.31051558489724,0.3108122046513122,0.3368610284179442,0.3409023682949446,0.3339453533993798,0.3236095753537789,0.338281105753049,0.3077535450707957,0.3012621486297735,0.3625410259851555,0.3549742160881974,0.2829969627948339,0.3058780894422357,0.2894484406950454,0.3587047957789611,0.358028018669506,0.3690457321563838,0.3511127699385149,0.306751790659548,0.3335000976123645,0.3479270298964158,0.3125643785506314,0.3586980870245715,0.380119531834395,0.3609486904897541,0.3081002442663885,0.2920304947329445
0.3562922236604049,0.3389227328765486,0.3484063183036182,0.2837886677941528,0.3262372170508248,0.3530590485312814,0.2604228440724134,0.2895972484596249,0.3829687349078467,0.4182118914890403,0.4078141037462139,0.3683088744720605,0.1367853819707444,0.4210240817750572,0.345519755401677,0.3136680266344865,0.3543161809117294,0.3655493048231161,0.2875367018784366,0.2831592024921132,0.367816010702145,0.3427325410372326,0.3721184338032335,0.3519642348030875,0.3422976312238457,0.3483276545595132,0.3074497688841645,0.3285482204035264,0.3546840336202397,0.3430879250804741,0.3455800433600716,0.3593301157857024,0.2830119789128292,0.3275904070232617,0.3743931424307834,0.3865883835653796,0.322512287482751,0.3424834030811167,0.3608739840947907,0.2937927001078552,0.3511333796646962,0.3054395158929233,0.3330844261761014,0.3169456106056316,0.3489879982811,0.3199423672917275,0.311847860879574,0.32443019576811,0.3443296305590288,0.35726341730976,0.3738620853132404,0.3088958998219282,0.3248549061894111,0.3641765123883936,0.3191367754637801,0.342586911185272,0.3549448369868385,0.3166656267756297,0.3064231899280972,0.2949680172511397,0.3441231518843465,0.3781021509701455,0.3507740349813374,0.3118786151096293,0.332497468175264,0.3127566199615292,0.3801968917783062,0.3317032608236058,0.2713905233942694,0.3585562274050577,0.3723597617612724,0.3224279633715381,0.3076276639040563,0.3115878695549014,0.3360733530017319,0.3402310730870486,0.3325023574035674,0.3225144369481864,0.3374894301686899,0.3062020852809328,0.3062921341599474,0.362475074581066,0.3537364153216272,0.2827838426477989,0.303821470056752,0.2870427363466651,0.3617831515310757,0.3573958645074725,0.3685747127476824,0.3502626959072936,0.3052577274722433,0.3371753988720192,0.3484539445857174,0.3194135568452976,0.355830450351172,0.3827803981751164,0.3597567165987573,0.3069724329965412,0.2905764111540558
0.3549721695817002,0.3373940811969456,0.3490264745949412,0.2838640204523875,0.3258555572959788,0.3524770591464276,0.2587502505506459,0.2879242610033906,0.382454461288403,0.4208714668901944,0.404482496296823,0.3711966913547801,0.1043864714506133,0.4165286608701297,0.3452317739661437,0.3131861092420909,0.3544001928005054,0.3648339455967867,0.2919758400273242,0.2850428719106674,0.3640621547132838,0.3428714955136857,0.3705574635605432,0.3505841544968003,0.3419435631337507,0.3457207906032565,0.3059828481501334,0.3301210358213037,0.3535534168119811,0.3427980836175918,0.3458565115597502,0.3586850892484888,0.2795711385449003,0.3269428653246044,0.3746506450634622,0.3889804960985221,0.3194363074291229,0.3422952732648799,0.3598017243578283,0.2953697248714194,0.3502848507574561,0.3035276635240601,0.33254625194962,0.3210176985248211,0.3487240574075931,0.3189127756796546,0.3156672442589331,0.328593153852844,0.3443735896602688,0.3580044582700434,0.3699455789805216,0.3056000926078471,0.3226929549728468,0.3639045313379827,0.318273851134319,0.3452822821799202,0.3561385413576814,0.3153159063044819,0.3051666327380009,0.2930265315035024,0.3439846233655873,0.3786911793253635,0.35221045169123,0.3104684984172983,0.33255715692122,0.3108503199627696,0.3794867339069078,0.3306646189616833,0.2675747281720108,0.3577234435644369,0.3719965286411747,0.3236619004652151,0.3047249283249589,0.3128592183669205,0.3352301320563466,0.3396262475231442,0.3311969510621432,0.3213467092007404,0.3365536752948063,0.3046283835557693,0.3116998098024447,0.3625058804429339,0.3524976106059179,0.2833132204900967,0.3021326530988033,0.2850776617349,0.3644845236616953,0.3563079422144689,0.3679695322355338,0.3494819883065185,0.3038345070439598,0.3404729457286533,0.3490068643967695,0.3262006212748848,0.3529681016983477,0.3849741413768013,0.3587063640708119,0.3059954174169711,0.2892814773525642
0.3535651084439141,0.3357269730106459,0.349403078108252,0.2846776966576976,0.3255372404888516,0.3518258653943769,0.2568988339295212,0.2860758356861717,0.3817476265460073,0.4232257428754745,0.4001905010975054,0.3738149936579655,0.0752100399337351,0.4115995872667529,0.3448649368298443,0.3126902146788093,0.3546162560456533,0.3642662011509005,0.2965121007805793,0.2864587889323018,0.3610959115788035,0.3428951368861949,0.369029293057434,0.3489358238870204,0.3415358120112909,0.3430256882082237,0.30461959115565,0.3318827257100374,0.3521397245972866,0.3424350907743526,0.3461974533253761,0.3579287867876786,0.2761574563146653,0.3262518020982309,0.3749788450828419,0.3909490462103132,0.3169211204050673,0.3421102256316091,0.3585078157616579,0.2976200907808619,0.3494721572756727,0.301542890998677,0.3320898075730373,0.3250538186178219,0.348324722798684,0.3178770225858106,0.3195172094089565,0.3324290821911885,0.3444061148669612,0.3586905410309464,0.3654007592422028,0.3025017677947232,0.3206389040905559,0.3636503427583856,0.3174630235089998,0.3476157634270155,0.3571270876340834,0.3143527540690884,0.3038269990079903,0.2911800444554149,0.3439090458783513,0.3791310677470594,0.3535311522227023,0.3092411197817128,0.3325370253011283,0.3089624405354246,0.3785843686728864,0.3296803910746779,0.2645640181808993,0.35685199998771,0.370960067224124,0.3244776496589776,0.3018191704210409,0.3146192390598304,0.3343144728301536,0.3390260282473753,0.3300475973322412,0.3200839176306825,0.335442847248201,0.3030230967973342,0.3172937126853357,0.3626116075550242,0.3512862710426848,0.2846721491753879,0.3009614758341328,0.2837089536432188,0.3668508279367615,0.3548379047393388,0.3672828681353854,0.3488532305662379,0.3024638295026755,0.3434246342640925,0.3495640137897277,0.3327045323908903,0.3502260973342614,0.3866352504187982,0.3577411044947424,0.3051867906506761,0.2881583340254841
0.3520662900255147,0.3339258022120908,0.3495589595352812,0.2862815524183847,0.3252393173126813,0.3511028716727932,0.2549262691434706,0.2840123436545824,0.3809373630531765,0.4254651006368385,0.3950813216566872,0.3762052944392925,0.0501111426801477,0.4064195794754444,0.3444045866174907,0.3122024698525817,0.3548516924206772,0.3639036089574312,0.3009821991130644,0.287443201228827,0.3589161386977202,0.342836112489672,0.3675326133112918,0.3470564805227545,0.3411348046239352,0.3402873872933243,0.3034076742321414,0.3337549815498963,0.3504754160593922,0.3419839639901408,0.3465617345789553,0.3570527313033841,0.2728139955181376,0.3254731253618898,0.3753793886372463,0.3925696256381764,0.3150563503475249,0.3419200107803976,0.3570401275204991,0.300488682824946,0.3486974768817407,0.2995427356582663,0.331683262157573,0.32893886860484,0.3478020017531742,0.316838534208764,0.3232916875370767,0.3358782658002448,0.3444243956868431,0.3592914728461528,0.3603252079519027,0.2995596507800336,0.3187785986926651,0.3634109885179064,0.3166931458894683,0.3496457859183012,0.3579020106013121,0.3137998020961356,0.3023655553301278,0.2895387481965221,0.3438941757353175,0.3794072472458799,0.3547341253375166,0.30817033134961,0.3324238433900894,0.3072006557897493,0.3775380180318747,0.3287369020354981,0.2625459299020137,0.3559904151641426,0.3693338184606934,0.3248139743143444,0.2989305000132197,0.3168340309914011,0.3333284373279601,0.3383723400603666,0.3290535572537764,0.3187181226295413,0.3341498047161276,0.3013783764411538,0.3228751956664776,0.3627640032527083,0.3501279471892315,0.2869098826262024,0.3004345778647542,0.2830743618421942,0.3689214887285255,0.3530765622234189,0.3665653254226775,0.3484643508482553,0.3011173921009406,0.3460736613472331,0.3500972394396132,0.3387376296314935,0.3477097135649661,0.3877290838096722,0.3567931769409602,0.3045464038490678,0.2871983424720832
0.3504718397057062,0.3320085917983774,0.3495255435807575,0.2886827521819166,0.3249149891709507,0.3503144563527421,0.2529304924598983,0.2817113754788142,0.380116121827565,0.4277612168355892,0.3893891869735118,0.3784011579125924,0.0297668627246007,0.4011434710195604,0.3438378207692652,0.311733763379432,0.3550005186144809,0.3637897533472257,0.305216395245266,0.288065602253867,0.3575159187625054,0.3427253344864666,0.3660614543109557,0.3450099895034586,0.3407982386073215,0.3375643770487995,0.3023808368818443,0.335643493620047,0.3486111067453601,0.3414334377151353,0.3469123481374067,0.3560543874741304,0.2695890073171994,0.3245671583125196,0.3758523065782712,0.393903355125026,0.313945536588613,0.341717740993663,0.3554588003692444,0.3038827280798507,0.3479527225090522,0.2976047021804927,0.3312904858912385,0.3325821161710476,0.3471747341501955,0.3157999530430407,0.3269025601126031,0.3389179621038005,0.344438673255853,0.3597877111816222,0.3548619718310554,0.2967303154210506,0.3172084745713727,0.3631826994236513,0.315948375186217,0.3514340292896383,0.3584549774910539,0.3136465767990473,0.3007560931249401,0.2882368925885762,0.3439387155694681,0.3795020281891229,0.3558110230102658,0.3072303577804958,0.3322071214512427,0.3056808726306565,0.3764071752807085,0.3278219591979856,0.2616769792701611,0.3551783691286913,0.3671987498948181,0.3246423592186872,0.2960943874167281,0.319447633425532,0.3322840096303892,0.3376164228310799,0.3281960758360213,0.3172547399918217,0.3326916957124674,0.2996856888176406,0.3282650294665891,0.3629333136964403,0.349041302060359,0.2900276265966778,0.3006466532910928,0.2832835399383046,0.3707293629444532,0.351115031429253,0.3658562100429741,0.3484000700175116,0.2997650034857959,0.3484702999511824,0.3505766084859973,0.3441608205272635,0.3455134932454761,0.3882528575957217,0.3557990620525806,0.3040660176038851,0.2863704206644323
0.3487862969541224,0.3300032789755114,0.3493416532320658,0.2918485173128254,0.3245163014604119,0.349467162071053,0.2510501255175697,0.2791717863472498,0.3793687235016017,0.4302431889354256,0.3834170037249752,0.3804241078451054,0.0145693609277831,0.3958776714085241,0.3431543481679016,0.3112901793722141,0.354976583478833,0.3639456458874407,0.3090336874814137,0.2884233620944182,0.3568833038949974,0.3425935907859256,0.3646214450953249,0.3428746466831218,0.3405756399528098,0.3349248586951294,0.3015597777196582,0.3374690428742363,0.346601730555076,0.3407727245540178,0.3472096899719361,0.354939871945572,0.2665338012602614,0.3234996260096793,0.3764011099474496,0.3950004125305877,0.3136981870620271,0.3414963281571769,0.3538256984879401,0.3076829080993333,0.347220603902174,0.2958247043556239,0.3308813243305218,0.3359171562418391,0.3464678595288972,0.3147534462732508,0.3302885550912485,0.3415572823381889,0.3444666811015437,0.3601656331951168,0.3491959756532771,0.2939844900146421,0.3160039350539297,0.3629484342723505,0.3152083462747455,0.3530309636659497,0.3587795945682782,0.3138518998444153,0.2989842661859088,0.2874196917756302,0.3440388843382179,0.3794033245054455,0.356749330258153,0.306397659359317,0.3318846094110662,0.3045259028786636,0.3752515035950399,0.3269215721191166,0.262064835093746,0.3544444006491726,0.3646361916777444,0.3239717152823332,0.2933646128205672,0.3223773957083397,0.3311962002577042,0.3367228328097098,0.3274424037374699,0.315705719469621,0.3311063736962702,0.2979349183095406,0.3333206238542605,0.363091867091388,0.3480232153321281,0.29397373143669,0.301647933221872,0.2844114306274881,0.372297775814667,0.3490311578474293,0.3651800189207229,0.3487295659838405,0.2983740866869573,0.3506613942981233,0.3509794417681337,0.3488927479524749,0.3437169825251747,0.3882301845730857,0.3547107497372902,0.303726393436597,0.2856305948230353
0.3470300879808782,0.3279484592912216,0.3490527416423506,0.2957059730752797,0.3240086043379893,0.3485748717321678,0.2494581380691662,0.2764280936183122,0.3787719018846357,0.4329886361038471,0.3775018712245362,0.3822840206235064,0.0046672007923613,0.3906612631520824,0.3423530419036836,0.3108653846356249,0.3547169604838472,0.3643704297182629,0.3122778298609868,0.2886303511021044,0.3569981326392816,0.3424716466351102,0.3632302811413333,0.3407367700723762,0.3405086415026533,0.3324371668360284,0.3009477706088522,0.339170987914022,0.3445055345629279,0.3399958434859464,0.3474124703333626,0.3537188687249844,0.2637022747592222,0.322247300901731,0.3770319798723163,0.3959035327349469,0.3144129309283658,0.3412473359270762,0.3521933636239462,0.3117534161805008,0.3464809872859633,0.2943121753890886,0.330437486939151,0.3389055302497208,0.3457044922492291,0.3136802450326601,0.3334159030504611,0.3438276779075927,0.3445256480796088,0.3604109543456486,0.3435364878275351,0.291321771060254,0.3152015154592321,0.3626758522422245,0.3144480804545671,0.3544723434570238,0.3588790890446831,0.3143547712170496,0.2970482329274319,0.2872213460957905,0.3441900207810551,0.3791144263850337,0.3575341426597224,0.3056482127144542,0.3314643714959454,0.3038645689745195,0.3741269098838012,0.3260166069572413,0.26375693213063,0.3538075731799495,0.3617250381297959,0.3228515831586113,0.2908109316245589,0.3255184382415859,0.3300873677875689,0.3356737412812453,0.3267490477216689,0.3140905519204121,0.3294477545923002,0.2961197702081764,0.337941110773266,0.3632145670562084,0.347051374154022,0.2986486491085572,0.3034366019084015,0.2864882741323734,0.3736420777073683,0.3468824283403995,0.3645501258685517,0.3494918410387935,0.2969079698017924,0.3526785568472039,0.3512929160091313,0.3529077190098735,0.3423775007555013,0.3877096314718132,0.3534958728510207,0.3034910152553123,0.2849309973530494
0.3452337208659947,0.3258939358340098,0.34870874823829,0.3001376068214157,0.3233845680769837,0.3476665350949453,0.2483555144670509,0.2735595465657339,0.3783950344887328,0.4360314191821826,0.3719809171431701,0.3839854152672621,0.0,0.3854524337504605,0.3414457670460387,0.3104340914082577,0.3541841076491295,0.365045379504801,0.3148583781650662,0.2888009202122377,0.3578222016324882,0.3423820444601457,0.3619010026083231,0.3386851660853449,0.3406253037608612,0.3301584319985348,0.3005264080434967,0.3406937005443122,0.3423860005339593,0.3391100395579756,0.3474882576046019,0.352403273870949,0.2611468097824604,0.3208043309215917,0.3777512302937036,0.3966513855344338,0.3161584984908789,0.3409626337993817,0.3506013753809568,0.3159505135997298,0.3457163398131406,0.2931824737317249,0.3299490253215237,0.3415398174031973,0.3449018738046128,0.3125622030332289,0.3362726432528568,0.3457743034855081,0.3446299908246353,0.3605131141897633,0.3380965127630876,0.2887783608844473,0.3148139554032994,0.3623289874837079,0.3136360539723436,0.3557816108112964,0.3587709376158113,0.3150789900539587,0.2949645282288062,0.2877523480842984,0.3443927125893073,0.3786487903264997,0.3581504360155597,0.3049586392534587,0.3309598318250079,0.3038201640876589,0.3730894352087235,0.32508708379008,0.2667341723543361,0.3532783708452927,0.3585386713141664,0.3213680342600581,0.2885150566386612,0.3287621195345939,0.3289923588598896,0.33447150378646,0.3260655546746073,0.3124404743847207,0.3277798270860056,0.2942414514325522,0.3420712200133494,0.3632797756112521,0.3461035402253017,0.3039158455739608,0.3059638273192557,0.2894889249171012,0.3747731838838857,0.3446998650673482,0.3639726086167197,0.3506869579989085,0.295328896203388,0.354534563863714,0.3515104404246153,0.3562261925309901,0.3415274796584397,0.3867654902803408,0.3521369872506304,0.3033153301496829,0.2842204426468238
0.3434270686705308,0.3238933080447149,0.3483616175118033,0.3049878612985216,0.3226608222740746,0.3467781636575315,0.2479610155295119,0.2706830581257977,0.378291804515812,0.4393722601296396,0.3671568356527822,0.3855278933761301,0.0001843074709587,0.3801398494655045,0.3404532689833024,0.3099606741573098,0.3533726991526337,0.3659333151931344,0.316741537319478,0.2890368050982859,0.3592859626690881,0.3423317537969761,0.3606326413690855,0.3367981330396222,0.3409295888636254,0.3281280357553064,0.3002608752227797,0.3419994663096563,0.3403024550726857,0.3381368935567078,0.3474181645602358,0.3510114590527747,0.2589088322407181,0.319182532890262,0.3785619901168389,0.3972826527407611,0.3189609843054191,0.340636972247119,0.3490783966682236,0.3201323982622305,0.3449142464407949,0.292545248753554,0.3294113884745908,0.3438361643464895,0.3440764590948523,0.3113894349157685,0.3388633088225002,0.3474484526357614,0.3447922235303373,0.3604741801625196,0.333081478209985,0.2864323443280094,0.3148350802502152,0.3618733522575689,0.3127343671028048,0.3569682253339964,0.3584823084397809,0.3159334626964818,0.292772668986006,0.2890947330801383,0.3446562068524793,0.3780197387665915,0.3585873303205263,0.3043104683803329,0.3303857175285975,0.3044923309544124,0.3721917741671334,0.3241187535887755,0.2709074907638348,0.3528593445095723,0.3551500293011629,0.3196311480142798,0.2865679766677211,0.3320103257156412,0.3279521047033963,0.333138161903186,0.3253413328900489,0.3107933573913201,0.3261683677132675,0.2923067065863746,0.3457053770917712,0.3632724032008798,0.34516363843885,0.3096114805091872,0.3091449446688311,0.2933324769158689,0.3756981004788187,0.3424799523606851,0.3634475811214047,0.352275767786842,0.2936035246583438,0.3562272625425306,0.3516316178039252,0.3589033379190016,0.3411736034740084,0.3854891084207595,0.3506362479735954,0.3031626186802687,0.2834437473498073
0.3416387910369484,0.3219935556113896,0.3480640379994967,0.3100834391783729,0.3218654702542497,0.3459394199383572,0.2484893748559442,0.2679432992978055,0.3784930837964531,0.442986873220106,0.3632610998589397,0.3869006455986539,0.0045608907815389,0.3745780044042048,0.3393997890236361,0.3094101369388702,0.3523150633581278,0.3669776852348769,0.3179156379512796,0.2894189260351592,0.3612803282897127,0.3423139568910059,0.3594177192309832,0.3351298153986364,0.3414010647701547,0.326366572897054,0.3001082479788504,0.3430872546429703,0.3382992669489545,0.3371053613866573,0.3471942240543259,0.3495671741740298,0.2570094631840013,0.3174078076830848,0.3794602757054671,0.3978373016224901,0.3227974987505271,0.3402691057163663,0.3476406972526055,0.3241697531481998,0.3440684540218695,0.2924923506627292,0.3288303729399692,0.3458206714286633,0.3432460749627892,0.3101552785419618,0.3412058868678499,0.3488994253160553,0.3450195022365165,0.360310295495628,0.3286769196576347,0.2844084558299184,0.3152273952248756,0.3612700444831789,0.3117061196678822,0.3580230057359356,0.358045400573931,0.3168209242237985,0.2905344312727508,0.2912900874977438,0.3449949643800684,0.377244299679248,0.3588426227066419,0.3036940611480199,0.3297619661225217,0.3059472506106934,0.3714711546124821,0.3231047468181939,0.2761208560925261,0.3525469296530775,0.3516376516593524,0.3177613281192633,0.2850669568150358,0.335177477241931,0.3269995518162103,0.3317128962386559,0.3245328037929518,0.3091836609976176,0.3246731483512231,0.2903301228646718,0.3488823979230342,0.3631849239562482,0.3442111156160556,0.3155530257703834,0.3128674286339445,0.2978937902405493,0.3764178981999607,0.3401832302303499,0.3629713383211906,0.3541811068285891,0.2917095029953628,0.3577436055832413,0.3516657436548832,0.3610164361456649,0.3412915537653141,0.3839726863749494,0.349016975048059,0.3030053446803906,0.2825479973499628
0.3399001331172859,0.3202313614680271,0.3478672495562144,0.3152518239264227,0.3210357979818057,0.3451718434117142,0.250124406097746,0.2655115200958485,0.3790111943208163,0.4468391714886043,0.360424518605902,0.3880861517418245,0.0125887524829432,0.3686222601322337,0.3383122664052063,0.3087469134660963,0.3510793775770298,0.3681095206636067,0.3183961179216217,0.2899991514443756,0.3636551998414851,0.3423141627279613,0.3582505049522935,0.3337058984639904,0.3420071524720189,0.3248757359586928,0.3000177250190959,0.3439774902105433,0.3364075715598629,0.3360473069576312,0.3468200615530434,0.3480925626790622,0.2554472702459141,0.3155188496362108,0.3804344127461262,0.3983500772748811,0.3275910211349963,0.3398606145048142,0.3462873441581565,0.3279559566353152,0.3431778281554592,0.2930902549176455,0.3282260871895632,0.3475220280765146,0.3424225367018928,0.3088514118777604,0.3433280218775228,0.3501679824431351,0.3453074545294691,0.3600464196009674,0.3250249273303915,0.2828741093971372,0.315931229509075,0.3604765448222017,0.3105229654250617,0.3589183192899831,0.3574998646405393,0.3176532977119387,0.2883339107299373,0.2943229109891902,0.3454211093344891,0.3763538007058944,0.358923720366796,0.3031099577322937,0.3291176385116819,0.3082175435685616,0.370944779226699,0.3220435183885265,0.2821642495080438,0.3523330825949601,0.3480837074710288,0.3158785002607248,0.2841083562288087,0.3381927331566102,0.3261517178374171,0.3302466767661403,0.3236073375726664,0.3076395445028182,0.3233435682275461,0.2883444328505087,0.3516696085192354,0.3630139362093791,0.3432209809386111,0.3215521888463321,0.316997578103747,0.3030159250962078,0.3769282831783752,0.337746141107871,0.3625400052760779,0.3562870805319999,0.2896422991492691,0.3590616531225555,0.3516301857822201,0.3626517031652711,0.3418227702512676,0.3822993524887271,0.3473159641183411,0.3028175772676399,0.2814915409537302
0.3382386109868207,0.318633459938947,0.3478151326063321,0.3203294777535618,0.3202225336205073,0.3444940705459957,0.2530001133870371,0.2635818694651055,0.3798432954191592,0.4508996828353694,0.358665168211616,0.3890735855612097,0.0240778442639079,0.3621557523628744,0.3372199109499473,0.3079314986432498,0.3497639816641808,0.3692589072782594,0.3182521315112719,0.2907921678774443,0.3662202228642347,0.3423144678653507,0.357123891392511,0.3325250861458931,0.3427106582188972,0.3236367185269088,0.2999292250476412,0.3447004443345182,0.3346499839747286,0.3349981273137422,0.3463130541286825,0.3466063481522078,0.2542028297328934,0.3135674296850142,0.3814669943683877,0.3988402414766959,0.3332076571761819,0.3394130940070674,0.3450022582375128,0.3314166401042488,0.3422446419766485,0.2943741142490288,0.3276260184911792,0.3489701402013311,0.3416076244665468,0.3074737900223934,0.3452608685526903,0.3512839006510165,0.345638955207534,0.3597116032563121,0.3222039662533431,0.2820238380803491,0.3168908292488411,0.3594591552535428,0.3091628084098884,0.3596151729266973,0.3568928889016298,0.3183596678684703,0.286280835570241,0.2981176759896008,0.3459394690397243,0.3753890460287806,0.3588460107787474,0.3025637764219265,0.3284836447689929,0.3112987459978382,0.3706171120279596,0.3209370668433641,0.288792245211663,0.3522067497526199,0.3445691620879422,0.314089969695463,0.283776290076616,0.3410078092902714,0.3254130943492724,0.328792452195479,0.3225457378224702,0.3061840731946594,0.322215306423398,0.2864070160987711,0.3541469396589193,0.3627573237742159,0.342179020035103,0.3274314967101914,0.3213934309412933,0.3085181928125472,0.3772238806972315,0.3350972824692044,0.3621518026771017,0.3584452577696281,0.2874172179222982,0.3601541717305877,0.3515436599332954,0.363893709856342,0.3426816201384318,0.3805411362594312,0.3455743433743206,0.3025795112249333,0.2802484588831417
0.3366668575213702,0.3172119461285533,0.3479372969287644,0.3251688340479463,0.3194826720604786,0.3439203953283501,0.2571886061126507,0.2623537957522112,0.380961159994464,0.4551562579438588,0.3578923645962301,0.3898631530307003,0.0388625785065733,0.3551225253354009,0.3361490460361961,0.3069282290140602,0.3484927738503617,0.3703610862558726,0.3175817721796352,0.2917736979969235,0.368749688543327,0.3422985040240334,0.3560226564603634,0.3315597949526833,0.3434646021964956,0.3226101488161503,0.2997826970294776,0.3453284985552431,0.3330353379960991,0.3339933517652432,0.3457000012582652,0.3451275898562701,0.2532424375717997,0.3116164706500657,0.3825315694224714,0.3993084433261308,0.3394645560004454,0.3389262874792974,0.3437647461901518,0.3345137328500429,0.3412771920197176,0.2963391943758905,0.3270543300502275,0.3501918172850263,0.3408006594197815,0.3060292683890797,0.3470322266462372,0.352265664914502,0.3459878336515155,0.3593369676753711,0.3202275644755599,0.2820620419873545,0.3180555874697969,0.358202248959667,0.3076054182458838,0.3600740062252183,0.356269353183987,0.3188854416527066,0.2845073999386157,0.3025522460395242,0.3465487821330091,0.3743836845649407,0.3586333149855351,0.3020561254070225,0.3278807429729209,0.3151405101821518,0.3704847982700801,0.3197903133006199,0.29574209856043,0.3521575406502979,0.3411720433744817,0.3124754020588809,0.284131960291778,0.3435999797298097,0.3247813621849162,0.3273948710867798,0.3213453092753615,0.304831333821396,0.3213045997081183,0.2845970810456154,0.3563963792821644,0.3624160500564516,0.3410861592757315,0.333037801467618,0.3259226094688349,0.3142074636572077,0.3773014731296714,0.3321673333684111,0.3618070322721165,0.3604950742801999,0.2850664225765891,0.360995687045738,0.3514210530418168,0.3648175806172369,0.3437654699355496,0.3787538914874225,0.3438350552095195,0.3022907537786501,0.2788104267703186
0.3351819814727136,0.315957442055983,0.3482472101425469,0.3296510239316234,0.3188628733514677,0.3434550842639233,0.2626854404696185,0.2620099155670796,0.382299568647429,0.459609044381386,0.3579224085331877,0.3904566604831317,0.0564521797933447,0.3475644867589243,0.3351162896502334,0.3057161944967719,0.3474106291183615,0.3713572054937473,0.3164536251794617,0.2928860520523001,0.3709977781041632,0.3422588092622518,0.3549243362366751,0.3307598768177701,0.344210352403923,0.3217413076724452,0.2995314463149874,0.3459879821974914,0.3315535011414152,0.3330589404746422,0.3450117297072196,0.3436750999287083,0.2525168464478562,0.3097381064839618,0.3835843581355459,0.3997420964392049,0.3461506576624681,0.3383994443889832,0.342557263475984,0.3372390980729816,0.3402945733874611,0.2989361233662413,0.326530205890668,0.3512042916670156,0.340004397545923,0.3045330425432469,0.3486609533144263,0.3531197511417792,0.3463220534453132,0.3589550183239233,0.3190517704863713,0.2831880042215233,0.3193646515081855,0.3567083513139855,0.305840592464083,0.3602658502824567,0.3556633770837158,0.3191938394453709,0.2831530766245501,0.3074717987843724,0.347243682461006,0.3733597326621202,0.3583186760199929,0.3015791831250916,0.3273183907021054,0.3196476840535074,0.3705328346779457,0.3186121461521836,0.3027530140527475,0.3521802216664889,0.3379621089799577,0.3110757800617272,0.285207120151449,0.3459669814327872,0.3242451185608712,0.3260867477565953,0.3200198804971456,0.3035819558771442,0.3206031392048873,0.283013710630568,0.3584911956707625,0.361996173545896,0.3399467684241963,0.3382497831523102,0.3304744272780999,0.3198965347711132,0.3771601855490368,0.3288972070004663,0.3615072685153222,0.3622891620649163,0.2826412674401672,0.3615703409575165,0.3512691898767147,0.3654808562264661,0.344956727822619,0.376968129605024,0.3421422417336554,0.3019707599577985,0.2771905338322011
0.3337721683983042,0.3148408253218327,0.3487460663076859,0.3336959742137013,0.3183916018077184,0.3430923612115902,0.2693974016908631,0.2627009544798112,0.3837599914187219,0.4642548329898838,0.3585061842136914,0.3908528682641549,0.076242530271976,0.3396364250019532,0.3341257331306443,0.3042919360968658,0.3466750110328128,0.3721984642209515,0.3149085216279328,0.2940458581328689,0.3727216902820054,0.3422005528587172,0.3538068454821826,0.3300626641303027,0.3448916144678444,0.3209695381154347,0.2991444809610579,0.3467903879039223,0.3301828714043561,0.3322050197146245,0.3442837960198983,0.3422633485218599,0.25196081102998,0.3080146713903184,0.3845626123325911,0.4001182509193803,0.3530500469076423,0.3378340599812738,0.3413648248680504,0.3396038514452613,0.3393229933693779,0.3020781927580476,0.3260722316893482,0.3520143392699755,0.3392192820883052,0.3030071511050052,0.3501538213538501,0.3538411784271412,0.346607186057937,0.3585981557695386,0.3185781139530276,0.2855731389695589,0.3207561533959991,0.3549975759562412,0.3038816984308889,0.3601789770680512,0.3551020271997893,0.3192703112776101,0.2823485285291013,0.3126970905369945,0.3480094826337697,0.3723366458251427,0.3579390555528057,0.301124859795177,0.326802472752272,0.3246963219524649,0.3707323156577387,0.3174181103747847,0.3095896227831387,0.3522744632363254,0.3349876911908139,0.3098916051418469,0.2870006055177068,0.3481232980407427,0.3237769367956623,0.3248911828841677,0.3185941147709313,0.3024253209358631,0.3200790858530069,0.2817782124279592,0.3604819075735714,0.3615057469960437,0.3387649836700896,0.3429818590871184,0.3349600704172331,0.3254203695327777,0.3768034268438656,0.3252527915336875,0.3612546469518366,0.3637086831441425,0.2802234406459843,0.3618766192523965,0.3510805342138811,0.3659173444586093,0.3461236070971311,0.3751864043866639,0.3405343196844511,0.3016453576523759,0.27542693056528
0.3324164417606799,0.313822541438968,0.3494261453611275,0.3372616197579192,0.318082224959413,0.3428195571770053,0.2771469565121537,0.2645333098976684,0.3852222912561039,0.4690677604560199,0.3593655086321904,0.3910567190345776,0.097848676556876,0.3315892417415688,0.3331704041901346,0.3026701700365043,0.3464423000049037,0.3728550024399907,0.3130150151975738,0.2951522578437041,0.3737048309000674,0.3421388152152834,0.3526547064659776,0.3294022007095423,0.3454703810351706,0.3202368747140651,0.2986022900152262,0.3477637730313851,0.3289002069851637,0.3314264395387188,0.3435551611584638,0.340904305539812,0.2514995499910575,0.3065374758824276,0.3853926204200118,0.4003992094726879,0.3599574170562929,0.3372342541566535,0.3401743418360384,0.341633887203547,0.3383829415841618,0.3056544036357279,0.3256961310613082,0.3526224514258381,0.3384390047943941,0.3014895113768268,0.3515056897664292,0.3544178168912652,0.3468134634522403,0.3582930443761605,0.3186610792059453,0.2893283461923017,0.3221893832115808,0.3531079013074888,0.3017658630273838,0.3598177105495837,0.3546108772585309,0.3191194367230896,0.2822092420422514,0.3180367925092766,0.3488135786839609,0.3713310279796419,0.3575266963643646,0.3006905194718075,0.3263348825750189,0.3301482575411228,0.3710455149337473,0.3162304555006239,0.3160626533688888,0.3524390524811882,0.3322660437050117,0.3088873289170489,0.2894772541103092,0.3501001098064353,0.3233349307399163,0.323820020710178,0.3170975631714613,0.3013413693548195,0.3196832785002243,0.2810285653257734,0.3623864897060319,0.3609496162082874,0.3375536276047041,0.3471852596035026,0.3393076393735474,0.33064350553994,0.37624572648715,0.3212394784173191,0.3610514798861713,0.3646690658889677,0.2779304674881238,0.3619276900707145,0.3508301467662524,0.3661406053939355,0.3471321711116761,0.3733897906099323,0.3390332841662107,0.3013385953551983,0.273583505080942
0.3310808607202197,0.3128580842277543,0.3502691132251638,0.3403380312181399,0.3179337842385842,0.3426165611746613,0.2856917339821072,0.2675542819230539,0.386549252088053,0.4739789959366256,0.3602294513425212,0.391087705712219,0.1209297347144015,0.3237383792907378,0.3322349983534692,0.3008895732899357,0.346850790564343,0.3733205019531765,0.3108622409555356,0.2960976485496031,0.3737799682747294,0.342096513403171,0.3514593250265287,0.3287136034723853,0.345926539651441,0.3194932234478981,0.2979013507315974,0.3488793294848291,0.3276800064591997,0.330700726212215,0.342858237273133,0.3396127143145275,0.2510575506914766,0.3053977655938188,0.3859956482519987,0.4005310525351072,0.366687671484653,0.3366056913189165,0.3389798524577316,0.3433694749078909,0.3374825071033076,0.3095363618516363,0.3254061939204323,0.3530259176108373,0.3376582380799068,0.3000403778276784,0.352702514092078,0.3548372375508367,0.3469213488337547,0.3580524293455257,0.3191294443056134,0.2944778174751847,0.3236389267544324,0.3510902506344399,0.2995458584457604,0.3591994076931115,0.3542089438945237,0.3187546652939007,0.2828309263112133,0.3233068470907531,0.3496067486821395,0.3703424358894441,0.3571077889035621,0.3002713140083626,0.3259025826569623,0.3358536650121631,0.3714304884089556,0.315071798857284,0.3220366299413325,0.3526674850325332,0.3297863294991268,0.3079974740557075,0.2925713844900488,0.3519413489844837,0.322876184702897,0.322866414379068,0.315563937474665,0.300295463128788,0.3193554308330082,0.2809015460293612,0.3641924242369359,0.3603284214125424,0.3363332655317527,0.3508448309848515,0.3434619121137954,0.335464667810183,0.3755189601972555,0.3169041845311039,0.3608996598608193,0.3651273691339053,0.2759045386647028,0.361750083771694,0.3504798636604656,0.3661566741137639,0.3478638710984205,0.3715452834822043,0.3376398352865126,0.3010745543027524,0.2717505747091729
0.3297246551225622,0.3118975187015079,0.3512427286150874,0.3429442749905809,0.3179283413978848,0.3424556149985738,0.2947440663424002,0.2717426716305799,0.3875884725220536,0.4788589435490972,0.3608649963604907,0.3909762499026617,0.1449028918274862,0.3164274841370632,0.3312988618926247,0.2990157905991285,0.3480053666377118,0.3736072386492817,0.3084771847274822,0.2967802422640375,0.3728548027154985,0.3421067877049272,0.3502159234183905,0.3279398744628647,0.3462477666940128,0.3187002039035532,0.2970644672287889,0.3501089095993602,0.3264922867230694,0.329980003061686,0.3422115928656052,0.3384039766419066,0.2505613020308669,0.3046757977804979,0.3862874460210618,0.4004525836308717,0.3730876122492456,0.3359572565536024,0.3377865985797554,0.3448589890157564,0.3366245981605238,0.3135823705005484,0.3251926420763724,0.3532213202721492,0.3368791897725445,0.2987326569285751,0.3537247856184135,0.3550930505961123,0.3469195403324281,0.357873195970925,0.3198079638341369,0.3009503217426967,0.3250732875498485,0.3490016985333062,0.2972941571317601,0.358357475640373,0.3539019449398943,0.318192325886534,0.2842746791540325,0.3283472354322562,0.3503355159787767,0.3693476756795402,0.3567082590256483,0.2998524476859217,0.3254732559256322,0.3416549890650743,0.3718401069042902,0.3139572905647155,0.3274269681479915,0.3529494377520754,0.3275161709742367,0.3071337615558389,0.2961939280860098,0.353695713072137,0.3223686865656148,0.3220015708567423,0.3140307865830779,0.2992369384955984,0.3190294419635875,0.2815154560119344,0.365867102127602,0.3596412845346016,0.3351192106322877,0.3539727969672395,0.3473867380549729,0.33982317868849,0.3746712061092085,0.3123280148298719,0.3607979233935933,0.3650912641804787,0.2742961394764199,0.3613835935963318,0.349982629471553,0.3659741253637646,0.348223519173624,0.3696111008110999,0.3363370536627213,0.3008753648712173,0.2700466206238678
0.3283121394184654,0.3108882310053642,0.3523025633553766,0.3451241042592635,0.318035831431926,0.3423063367882541,0.3039885993844695,0.2770094831863316,0.3881840100237979,0.4835067662754393,0.3611001864777429,0.3907574238582123,0.1691817888541451,0.3099794877573644,0.3303397195991894,0.2971375521549386,0.3499683286322408,0.3737375418552609,0.3058147496688354,0.297116644330674,0.3709313400339012,0.342211874041227,0.3489230671259719,0.3270433226707472,0.3464282088591708,0.3178353751463966,0.2961417291693664,0.3514111106757989,0.3253089983227735,0.3291885552905747,0.3416235585451747,0.337286744141958,0.2499380104251685,0.3044378596643243,0.3861829528965174,0.4001066054747877,0.3790481538985535,0.3353044618610936,0.3366070195435337,0.3461487264935374,0.3358138893805064,0.3176508498591054,0.3250372338666202,0.3532098044096163,0.3361045198591711,0.2976389875852347,0.3545501002833798,0.3551883716822413,0.3468015004154174,0.3577424512612094,0.3205269995843683,0.308578853533493,0.3264564597257016,0.3469031015693428,0.2951140289430006,0.3573444452762809,0.3536872097813839,0.3174512683466323,0.2865488356121652,0.3330321728182825,0.3509498341830989,0.3683128129027398,0.3563540991956181,0.2994172439928077,0.3250049556404377,0.3474051329486952,0.372221021906737,0.312893434740298,0.3321975426860633,0.3532732388624426,0.3254018575443111,0.3061935799983974,0.3002379779266838,0.3554114416250038,0.3217909311467073,0.321182401289805,0.3125321440151077,0.2981096515064008,0.3186403303604048,0.2829607346015799,0.3673669534760456,0.3588866866621379,0.3339199221683406,0.3566018696007433,0.3510599846640134,0.3437001660661531,0.3737608078145363,0.3076218505846919,0.3607375611851134,0.3646182242189046,0.2732572820271474,0.3608803971401709,0.3492833068410181,0.3656043595275899,0.3481391902501912,0.3675440310530422,0.3350958504638528,0.3007521702537001,0.2686149309638207
0.3268158089898503,0.3097831349041011,0.3533995625191566,0.3469351294362613,0.3182254330688825,0.3421394920841136,0.3131091672269268,0.2832019642740889,0.3881936664181883,0.4876494848858993,0.3608349112910353,0.3904720154899006,0.1935317574682043,0.3046379117435044,0.3293374908565657,0.2953658744679083,0.3527545885747916,0.3737394793870751,0.3028879926686578,0.2970554981142996,0.3681082655303465,0.3424530026922124,0.3475860630950644,0.3260104706140966,0.3464755819243678,0.3168941524785401,0.2952032346395814,0.3526977633692777,0.3241096871440223,0.3282340706867285,0.3410951127630773,0.3362616367427454,0.2491197733359095,0.304738246400469,0.3856112739133108,0.3994446673594908,0.3845069394812404,0.3346684736815055,0.3354538330705626,0.3472790108259213,0.3350505321936652,0.3216201311716576,0.3249167916428949,0.3530019337244557,0.3353300772230275,0.2968340265745498,0.3551572748086421,0.3551346281552638,0.3465694352542777,0.3576399360433029,0.3211318838834582,0.3171009544398151,0.3277607461729889,0.3448548123077476,0.2931331720978123,0.3562235260941564,0.3535622677447633,0.316549247868945,0.2896043685032111,0.3372783842980613,0.3513990571208313,0.3672043709318215,0.3560635314891835,0.2989606721933736,0.3244556523485897,0.3529877263055016,0.3725169931130045,0.3118823121898916,0.3363599984789011,0.3536234000015267,0.3233699952276481,0.3050705720888513,0.3045828553443362,0.3571327650710396,0.3211271033860793,0.320362521538506,0.3110881891915873,0.2968617744631842,0.3181318053222403,0.2852899845873377,0.3686426170351886,0.3580605945719398,0.3327479401271465,0.3587771900941823,0.3544620190421789,0.3471100115467849,0.3728534632667522,0.3029246200850994,0.3607019806155501,0.3638034977281892,0.2729379709504665,0.3602998867364558,0.3483254214095361,0.3650599619550231,0.3475672675049723,0.3653083661684631,0.3338767471353615,0.3007008389316721,0.2676121560658237
0.3252138173234328,0.3085458819948316,0.3544872188439729,0.3484380373722178,0.3184719478983234,0.3419248800627931,0.3218226694912096,0.2901100956007699,0.387500946376255,0.4909536664627778,0.3600367254416362,0.3901698977416534,0.2178668796378923,0.3005200636827116,0.3282773302115753,0.2938365878413169,0.3563263332352044,0.373646294670863,0.2998826749916724,0.2965910690346429,0.364571401990463,0.342860175560027,0.3462180847631507,0.324845682076913,0.3464116125715449,0.3158872783942632,0.2943370052123824,0.3538753848515394,0.3228786971581682,0.3270228450289166,0.340614108674184,0.3353254077150019,0.2480541169353483,0.3056140639188948,0.384528649171325,0.398430760115875,0.3894387766046093,0.3340702868863671,0.3343375891418754,0.3482847708665115,0.3343210932553529,0.3253988922589449,0.3248016683471521,0.3526183640690637,0.3345519996917708,0.2964023560828792,0.355534173394964,0.3549470537316044,0.3462399826774848,0.3575324726308065,0.3215018217377239,0.3261693813995606,0.3289606065523145,0.3429040261748258,0.291482727478952,0.3550542748962081,0.3535228034145776,0.3154967779907101,0.2933452176860082,0.3410492469426188,0.3516311634993179,0.3659882848186204,0.3558439909680613,0.2984890661165525,0.323782174627858,0.3583208533931553,0.372673958350611,0.3109219585535037,0.3399649598996068,0.3539763014990892,0.3213404103178476,0.3036696172192805,0.309104155059262,0.3588931914688871,0.3203701754503067,0.3194968466313775,0.3097026745918017,0.2954436772390078,0.3174615124005583,0.2885040512110654,0.3696460991995602,0.3571566148990931,0.3316183580222021,0.3605470350540485,0.3575713385081298,0.3500900968643715,0.3720223146978235,0.298393076377197,0.3606719881412759,0.3627678616955599,0.2734718809843677,0.3597021996085986,0.3470672634805781,0.3643598757991544,0.3465024119685372,0.3628815501336446,0.332631258683412,0.3007055128176529,0.2671952854536625
0.3234954036684907,0.3071509255103047,0.3555228193840211,0.3496937361441302,0.3187564707959711,0.3416314876908781,0.3299019445230525,0.2974848449438885,0.386023822029719,0.4930547924376959,0.3587291474701062,0.3899080668224317,0.2418939895122679,0.2975956533620307,0.327152513998923,0.2927000099657664,0.3605899373496697,0.3734931802738159,0.2971021990247999,0.2957709942895862,0.3605837485112829,0.3434511795139038,0.3448352475299661,0.3235650495092366,0.3462635680503039,0.314837324910084,0.293650804435825,0.3549029767495165,0.3216052747639486,0.3254663012532554,0.3401538008702745,0.3344704400889908,0.2467119453762654,0.3070714560813111,0.3829212203036295,0.397051241332691,0.3938438366960476,0.3335274779113331,0.3332661776363335,0.3491914567424597,0.3336025004263954,0.3289236314649863,0.3246580013543938,0.3520897512017883,0.3337752727849288,0.2964298712917044,0.3556851416027651,0.3546431337292481,0.3458395762620114,0.3573756331153327,0.3215615872856921,0.3353801337781022,0.3300247281948055,0.3410740136742357,0.2902890215810336,0.3538882843585695,0.3535568004778489,0.3142975723985484,0.2976403785877213,0.344347578904441,0.3516059906713347,0.3646300284526106,0.3556989112790308,0.2980106711742249,0.3229378422387744,0.3633483031031029,0.3726441053046609,0.3099996228378423,0.3430826481849047,0.354301366086327,0.3192425154137862,0.3019238949393499,0.3136900230291331,0.3607103132323503,0.3195286975869779,0.3185420966774101,0.3083687213546112,0.2938065234854998,0.316604606805141,0.2925450507910008,0.3703426671859579,0.3561704231761059,0.3305337122045101,0.361956306770165,0.3603709346486843,0.3526951671973762,0.3713426612240647,0.294181157544635,0.3606290054205973,0.3616475380593913,0.2749553465389399,0.3591463997911929,0.3454931441351416,0.363535981080913,0.344979454446758,0.3602562743742444,0.331308632882922,0.3007406755901767,0.2675119716483743
0.3216694453674289,0.3055869086491687,0.3564652331209449,0.35076234085607,0.3190688249420617,0.3412345736584803,0.337181861888062,0.3050660956432154,0.3837263086497552,0.4936017919600317,0.3569792678790812,0.389745106361765,0.2653137305343109,0.2956856461896497,0.3259673058489366,0.2920974488159393,0.3654040236354383,0.3733085199927017,0.294823435180356,0.2946962158092814,0.3564701949647168,0.3442342657620952,0.3434522230570386,0.3221973363236317,0.3460587456117323,0.3137773104660936,0.2932658089402708,0.3557669391238822,0.3202924051174595,0.3234815868723726,0.3396839643495986,0.3336804912245292,0.2450896460347057,0.3090763820714812,0.3808053555826632,0.3953234748594298,0.3977417741563734,0.3330566586743009,0.3322409550552757,0.3500110460852915,0.3328734593993706,0.3321550193676889,0.3244556899601971,0.3514582456649724,0.3330069709379218,0.2969824963782173,0.3556309418809923,0.3542471068589128,0.3453927254708293,0.3571306393555863,0.3212707640763982,0.3443057626569261,0.3309310471714826,0.3393654765665841,0.2896781366889065,0.3527725370926159,0.3536501328774467,0.3129536432765092,0.3023323240811502,0.3472020975571391,0.3513076665218501,0.3631055422988349,0.3556314694983659,0.2975347833203157,0.3218788823723572,0.3680355010669951,0.3723884535764279,0.3090852170020415,0.3457842396862299,0.3545678082284128,0.3170238664709214,0.2998047199357552,0.3182510147079118,0.3625879034862768,0.3186250613046848,0.3174611509745441,0.3070729586184465,0.2919146135994107,0.3155570672656663,0.2973023210866638,0.3707204969941652,0.3551040260865779,0.3294822414588531,0.3630451499094019,0.3628508323381048,0.3549902848645372,0.3708787229468892,0.2904199850863006,0.3605509155808969,0.3605771175867699,0.2774345608523922,0.3586904117919567,0.3436108454336816,0.3626310214254025,0.3430641103532098,0.3574414139764244,0.329866340607211,0.3007696670930419,0.2686897322662326
0.319761143545649,0.3038653425961958,0.357276815654395,0.3516945571124054,0.3194092070062334,0.3407200574729094,0.3435617459146569,0.3126039195797386,0.3806271897670433,0.49230388397103,0.3548795881948911,0.38973668233184,0.2881705194433626,0.2944767895976516,0.3247371227225851,0.2921476192585749,0.3705980061498151,0.3731050121398595,0.2932379196092961,0.2935176800301446,0.3525839896876779,0.3452053516776594,0.3420847498211132,0.3207820097974481,0.3458251613787078,0.3127470911590917,0.2933045358071379,0.3564333806249235,0.3189594883230613,0.3209978191227544,0.3391802362722734,0.3329322052941857,0.2432124498189067,0.3115589683219101,0.378230752045079,0.3932919687453536,0.4011679482282931,0.3326743515990445,0.3312527939835036,0.350749053058936,0.3321174565141311,0.33507869349746,0.3241718390000729,0.3507751067034518,0.3322457599423933,0.298095941328455,0.3554018194257455,0.3537927514555825,0.3449174320365143,0.356777284339261,0.3206060904187785,0.3525220162562406,0.3316798793004519,0.3377609940202599,0.2897646959580901,0.3517444477223855,0.3537976094044148,0.3114654744366557,0.3072482894470137,0.3496600203626872,0.350740114302596,0.3614110223680018,0.3556385993433335,0.2970782235936057,0.3205737061650927,0.3723719672303962,0.3718764967207738,0.3081326992889701,0.3481329602153431,0.3547499653840935,0.3146560508200072,0.2973209847631947,0.3227168164046827,0.3645185881582781,0.3176866294281605,0.3162308465273655,0.30579365074688,0.2897594349544428,0.3143361097844769,0.3026236867030474,0.3707915756384451,0.3539649233560188,0.3284524929746029,0.3638485342875073,0.364999054261212,0.3570383779043589,0.3706717379877791,0.287207033253003,0.3604096680067225,0.3596673936365214,0.2809030936319668,0.3583842963416637,0.3414468165902616,0.3616901194219771,0.3408425435515624,0.3544608188983409,0.3282770464403206,0.300746825113452,0.2708204280925756
0.317802014928873,0.3020244931161558,0.3579309562208794,0.352521695577847,0.3197818545449614,0.3400810890730352,0.3490096814281572,0.3198690246354429,0.3767989569071913,0.488970409715102,0.3525211908760249,0.3899323312548436,0.310594027408874,0.2935560595148024,0.3234836122700074,0.292948660683722,0.3759890790612203,0.3728786437937809,0.2924850620862541,0.292431026570942,0.3492621066724443,0.346344549950617,0.3407528386801854,0.3193585776070267,0.345589904977001,0.3117831996034308,0.2938843277530348,0.3568807665243962,0.3176321104959591,0.3179704418798988,0.3386213305678922,0.3322008953091989,0.2411422594323876,0.3144246324488013,0.3752792208181115,0.3910169148806645,0.4041657245792639,0.3323906486343584,0.3302844572035161,0.35141456073031,0.3313179206252054,0.337703285470957,0.3237865313822249,0.3500920723123228,0.3314865480402892,0.2997811674173763,0.3550330770882954,0.3533161406154204,0.3444297827528017,0.3563067353388063,0.319557672291014,0.3596341953549829,0.3322810438839839,0.336222433528432,0.2906234856585081,0.3508217646788201,0.3540013949509109,0.3098306240095171,0.3122168074259887,0.35178403398557,0.3499167395411821,0.3595615671890372,0.3557080764484766,0.2966643895409068,0.3190066912305039,0.3763682652250464,0.3710835576339956,0.3070887231360552,0.3501806064491033,0.3548273823328243,0.312145861065306,0.2945188521875836,0.3270316530661517,0.3664797646653145,0.31674039098026,0.3148461317973721,0.3044994038478907,0.2873605321965558,0.3129757624850897,0.3083265572848005,0.370588088695923,0.3527620938054609,0.3274368177405812,0.3643931995111657,0.3667956674318295,0.3588908374033348,0.370737313040143,0.2846024339680603,0.36018007332381,0.3589944166063146,0.2853011234583555,0.358259749495683,0.3390481338747285,0.3607556667269431,0.3384150683975858,0.3513495566657734,0.3265297096469296,0.3006234886421023,0.2739455967935938
0.3158297145332146,0.3001243716048982,0.3584166863653478,0.3532576503589614,0.3201854982616415,0.3393171901696618,0.3535571285581662,0.3266654388791146,0.3723610340640774,0.4835434979580132,0.3499723867201089,0.3903714619110413,0.3323493266776752,0.292465386897878,0.3222277020225322,0.294571285821331,0.3813935348588637,0.372615375689415,0.2926611394550747,0.2916645861467196,0.346791895410409,0.3476214590403516,0.3394767391754219,0.3179585974069971,0.3453737459475591,0.3109084718575697,0.2951122278274722,0.357150828689058,0.3163357563248595,0.3143949036820253,0.3379869675602682,0.3314608959034421,0.2389822965042651,0.3175611231304177,0.3720563361986369,0.3885689491695382,0.4067786136616449,0.3322023364222009,0.3293169957956975,0.3520165609230253,0.3304582583903884,0.3400522648622335,0.3232821721752035,0.3494542931631876,0.3307309466692629,0.3020270371390123,0.3545674867061321,0.3528449807134334,0.3439460596024968,0.3557115555988067,0.3181313372487982,0.3653111975039428,0.3327434037858141,0.334690793118558,0.2922768026046968,0.3500067254550842,0.3542587055585764,0.3080516144295603,0.3170836734994136,0.3536411352351806,0.3488629028064288,0.3575866854498068,0.3558271837646167,0.2963149881623909,0.3171802390796068,0.3800448032387961,0.3699911494525192,0.3059017862654122,0.3519629479527348,0.3547829395570301,0.3095424090560306,0.2914886005477917,0.3311592280816949,0.3684304788247112,0.3158114519634117,0.3133184337382847,0.3031532980656349,0.2847628314831159,0.3115212955819589,0.3142120520389362,0.3701608339360223,0.3515051476081822,0.3264184840970252,0.3646958034854495,0.3682220708874917,0.360586749294331,0.3710668238573524,0.2826268111640317,0.3598502726958492,0.358603432276705,0.2905154162768689,0.3583287308712195,0.3364806095031242,0.3598664632940468,0.3358893216085609,0.3481507688271318,0.3246298263268167,0.3003516148071942,0.2780488180606064
0.3138926963093897,0.2982429945653991,0.3587336604510779,0.3539098715807036,0.3206092037122839,0.3384407792797383,0.3572795411280214,0.3328479393477348,0.367471426380427,0.476118866634136,0.3472766475613661,0.3910763866428581,0.3530722189756153,0.290768201172637,0.3209866114649078,0.297034925120144,0.386642435200289,0.3722963822072467,0.2937895041215621,0.2914606051841333,0.3453934697611058,0.3490037563574794,0.3382719116877852,0.3166077428719679,0.3451902224537244,0.3101307991369731,0.2970701337723225,0.3573096200129485,0.3151019500113507,0.3103120541753393,0.3372664686556007,0.3306825814832346,0.2368730077487985,0.320841783550625,0.3686831236730716,0.3860305552924886,0.4090496287497792,0.3320950590105648,0.3283325685869501,0.3525531705399344,0.3295281498698244,0.3421558361552353,0.3226517493751885,0.3488997022280674,0.3299832656160761,0.3047921679223157,0.3540561134590921,0.3523979227746649,0.3434776975139822,0.3549944981535846,0.3163392633073046,0.3693174270563382,0.3330885431671321,0.3330986994148192,0.2947059665813564,0.3493023980699492,0.3545577333360049,0.306147784813705,0.3217247737209024,0.355285151520165,0.3476235868939561,0.3555294308650574,0.355989959700226,0.2960464555959993,0.3151203913648097,0.3834217919336342,0.3685921173860599,0.3045267201587194,0.3534970710667477,0.3546033793109784,0.3069284890645653,0.2883671153557354,0.3350873592568887,0.3703190682140753,0.3149183179024029,0.3116729676139761,0.3017184663561217,0.282044436361716,0.3100254093222482,0.3200825470568202,0.3695758046731801,0.3502079048662713,0.3253689774840437,0.3647670622121989,0.3692722819803556,0.3621525737368664,0.3716241160080187,0.281258842647054,0.3594186971544416,0.3585108639897355,0.2963865870316949,0.3585921382922196,0.3338150130785557,0.3590542823471875,0.3333698784732649,0.3449133954927961,0.3226015174662687,0.29988599750795,0.2830543237438698
0.3120416635666724,0.2964800137665481,0.3588844982085664,0.3544834076470448,0.3210301432046542,0.337478769097721,0.3602771565543183,0.3383293785206444,0.3623131979966263,0.4669428688424681,0.34446146819029,0.392042239138032,0.3728843788783818,0.2881158565706764,0.3197747043551525,0.3002950929092655,0.3916042447896786,0.3718972812087139,0.295838329714194,0.2920556393955753,0.3452018543978994,0.3504567530214723,0.337152502399174,0.3153272448340598,0.345049680629507,0.3094479468477265,0.2997981297568254,0.3573823704787264,0.3139699442222444,0.3058068028695825,0.3364656214538654,0.329837190381951,0.2349846219422227,0.3241331507260589,0.365288289947922,0.3834916911219826,0.4110259615748059,0.3320520292955548,0.327313128386884,0.3530150450523724,0.328526331125788,0.3440458659311137,0.3219043383421726,0.3484582257136968,0.3292387145347412,0.3080000153471491,0.3535497817251436,0.3519919923059594,0.3430273431524595,0.3541817881159307,0.3141839111784822,0.3715281154097989,0.3333557934171365,0.3313847874429672,0.2978568924007281,0.3487175970645534,0.3548858084111906,0.3041552492011377,0.3260569748834055,0.3567490657495639,0.3462563570211338,0.3534423977115895,0.3561910267463701,0.2958713839485481,0.3128811022910934,0.3865142633593583,0.3668937108763628,0.3029260344210009,0.3547861580262809,0.3542825353440479,0.3044055142156018,0.2853247281201728,0.3388189016092468,0.3720954247458752,0.3140673771838068,0.3099483765354812,0.3001610587386558,0.2793255308056593,0.3085427873228754,0.325758201211496,0.3689025896727484,0.3488898661335401,0.3242628676154447,0.3646190818611546,0.3699498944913893,0.3635966846051567,0.3723408107724557,0.2804352703734368,0.3588834694420102,0.3586966067587916,0.3027242441870725,0.3590436982424965,0.3311130805318583,0.3583379184995929,0.3309472816797614,0.341688003602186,0.3204867621439002,0.2991900114834724,0.288830368503344
0.3103126332251,0.2949574463744918,0.3588757742520521,0.3549748206054963,0.3214076133207967,0.3364632778781508,0.3626652702951883,0.3430734872867646,0.357077159927653,0.4563861276711937,0.3415425912846734,0.3932293711490779,0.3924346831920252,0.2842986262387224,0.318601253040716,0.3042575626078873,0.3961988341479717,0.3713896109240214,0.298788278949706,0.2936613148287204,0.3462465458063118,0.3519380722733364,0.3361368151645927,0.314127163585371,0.3449592285693877,0.3088478736354317,0.3032922296475799,0.3573828100446223,0.3129746551678679,0.301006454877793,0.3356015694759109,0.328907731268798,0.2335109886185707,0.3273090295275747,0.3619938764710506,0.3810355900925588,0.4127605083099437,0.3320584200524504,0.3262414406940712,0.3534002668374097,0.3274576845405963,0.3457501123122379,0.3210588311580575,0.3481464746345035,0.3284847768137739,0.3115475426661304,0.3530881805275525,0.3516435054406809,0.3425915897741874,0.3533149215623976,0.311652199961738,0.3719293464010798,0.3335784611032242,0.3294970125537918,0.3016290243874427,0.348257678458225,0.3552340055135041,0.3021165535816123,0.3300419955027897,0.3580508458731509,0.344814154762173,0.3513776368936929,0.3564165733656151,0.2957965866104358,0.3105419968276179,0.3893278951680926,0.3649134097964508,0.301074578821085,0.3558282085952001,0.3538244992559743,0.3020879120258281,0.2825466707485786,0.3423574082001062,0.373716888550581,0.3132534823148013,0.3081962542048664,0.2984525866847021,0.2767633466377914,0.3071210831219422,0.331091484912988,0.3682012867905796,0.3475707782328181,0.3230859987740977,0.3642697259505359,0.370260002017015,0.3649078981551524,0.3731206714778435,0.2800574117749393,0.3582425982195902,0.3591023176378652,0.30932431503425,0.3596635193006262,0.3284231091092924,0.3577219651223559,0.3286897235481069,0.3385240342585982,0.3183380961900147,0.2982418360604757,0.2951991713142542
0.3087226500912196,0.2938078970706181,0.3587247410816146,0.3553696304962523,0.3216799020413703,0.3354248085627453,0.3645645366512074,0.3470869139626195,0.3519496400515039,0.4449097571577201,0.3385267639022252,0.3945644594417082,0.4124117480926765,0.279267272074574,0.3174632692282273,0.3087942178588598,0.4003929336453114,0.3707516542600562,0.3026553627271042,0.2964424908962254,0.3484486345142547,0.3534028994052012,0.3352430932815513,0.3130024001466647,0.3449177699620298,0.3083044738604843,0.3075115808020636,0.3573852293613442,0.3121373890484869,0.2960806728785027,0.3346962025565035,0.3278918081676245,0.2326583412049979,0.3302641745161245,0.3588987689569116,0.3787252450081224,0.4143083943635053,0.3320983645453082,0.325106397815424,0.3537166979653253,0.3263314698015912,0.3472866897151676,0.3201352727855447,0.3479651578509775,0.3277122250293644,0.3153191375521676,0.3526981653253345,0.3513601992362457,0.3421655590277572,0.3524302489030912,0.3087204340060224,0.3706129068449951,0.3337688579542775,0.3273928516498721,0.3058761406557432,0.3479246920782676,0.3555903926042234,0.3000769971398521,0.3336771322694828,0.3591985705946476,0.343339611787934,0.3493792186427307,0.3566470573146095,0.2958198935439079,0.3082042477477019,0.3918562342869266,0.3626728395923582,0.2989706152903081,0.3566211968640467,0.3532434205763775,0.3001018629097077,0.2802240244647688,0.3457049378564228,0.3751504777164367,0.3124622415281767,0.3064761600337913,0.2965735006432169,0.2745389948291108,0.3057940076591124,0.3359786951402729,0.3675193463928201,0.346263354604888,0.3218285261921593,0.3637430015139164,0.3702131809289464,0.3660647382775153,0.3738529706377829,0.2800040979019644,0.3575037684158441,0.3596458969320237,0.3159854663848915,0.3604154786496559,0.3257770499953683,0.3572014465460351,0.3266394747389988,0.3354743555211836,0.316209043552797,0.2970368450408328,0.3019520534759088
0.3072767529990316,0.2931581238392265,0.3584585460679468,0.3556503721312129,0.3217706893999787,0.3343954168212243,0.3660840448371303,0.3504153966026543,0.3471043364794305,0.4330302061171231,0.3354249515015145,0.395946521301295,0.4333001783112123,0.2731267498614361,0.3163420901122344,0.3137421264009843,0.4041907739688716,0.3699792884641429,0.3074421620509586,0.3004968478227234,0.3516436196519326,0.3548179835859008,0.3344814388697729,0.311939736007482,0.3449156235906365,0.3077781336295505,0.3123785674707903,0.3575098669698488,0.3114694749373757,0.2912372466929032,0.3337769844084666,0.3267936597893883,0.2326233341428714,0.3329214570969688,0.3560729860394315,0.3765993740264932,0.4157244703158909,0.3321522983035058,0.3239068408535712,0.3539687773487247,0.3251623828228385,0.3486649188518861,0.3191551027808437,0.3479039686221372,0.3269155990591413,0.3191952868136048,0.3523986029282779,0.3511387878260819,0.3417438457511579,0.3515544155050891,0.3053595962436329,0.3677674521266414,0.3339337891852383,0.3250483010569301,0.310431519849387,0.3477315438576456,0.35593310969814,0.2980901182411317,0.3369806213686902,0.3601878979820279,0.3418719000180514,0.3474804789679484,0.3568657571856682,0.295932887858742,0.3059891381245161,0.394085062499054,0.3601970279527248,0.2966472232144717,0.3571650017345124,0.3525586289537369,0.2985735618915847,0.2785474350647018,0.3488684656249869,0.3763798168817291,0.3116668877725046,0.3048459459463003,0.2945161307092064,0.2728475043034672,0.3045804935420818,0.3403618936475929,0.3668939751614546,0.3449719694299674,0.3204833496891117,0.3630683666106888,0.3698346373407001,0.3670455870509876,0.3744238195079312,0.2801449925796175,0.3566851554386684,0.3602366858323549,0.3225241251187018,0.361257707615867,0.3231845538551741,0.3567658089677165,0.3248153698665148,0.3326018806500284,0.3141476305524539,0.295591583943137,0.3088647201921174
0.3059656776755739,0.2931199619143667,0.3581048564302254,0.3558056463707764,0.3215980825399592,0.3334087526559878,0.3673081560788661,0.353132628149342,0.3426882546131902,0.4212714663092047,0.3322707667309765,0.3972490934501063,0.455462954544647,0.2661154411935001,0.3152097498413027,0.3189076522370498,0.4076342934602804,0.3690837683625891,0.3130918432460073,0.3058433316911075,0.3556092723245891,0.3561647664922842,0.3338551898797572,0.3109247220699065,0.3449402600250294,0.3072225862126911,0.3177751428595499,0.3578420936909501,0.3109743295671082,0.2867079823423503,0.3328766037410863,0.3256190967688621,0.2335688008262232,0.335233725304583,0.3535602632763635,0.3746745464265013,0.4170641484056601,0.3321998047705173,0.3226498890214067,0.3541517198108838,0.3239698104566384,0.3498912587716438,0.3181445835801306,0.3479462835390666,0.3260845113148678,0.3230577875126416,0.352200347082243,0.3509735988662573,0.3413189733009477,0.3507129969438258,0.3015403963688466,0.3636608135499566,0.3340823247480836,0.3224683354046062,0.3151300772410783,0.3477052513857375,0.3562330006097892,0.2962171037602409,0.3399858701706738,0.3610025614749098,0.3404464933391612,0.3456967718107963,0.3570593247739371,0.2961251698639686,0.3040341513961367,0.3960018879453938,0.3575172584797576,0.2941753351627669,0.3574659025616656,0.3517887248111438,0.2976125991365657,0.2776894478459884,0.3518571145224989,0.3774140718092525,0.3108269908839567,0.303353295870843,0.29228731625011,0.2718854224191439,0.3034845447595571,0.3442206799769052,0.3663470062804686,0.3436957311994276,0.3190562302115666,0.3622799853214982,0.3691609609976064,0.3678297938204487,0.3747206606308924,0.2803496540177546,0.3558047155364739,0.3607761942750757,0.3287859254468313,0.3621538710792504,0.3206362539245202,0.3563999796217927,0.3232176398348681,0.3299776080394198,0.3121915733323744,0.2939535841617346,0.3157124840004798
0.3047544409404947,0.2937851651927701,0.3576875546985068,0.3558316287692552,0.3210799668196369,0.3324891029466388,0.3682979592148288,0.3553209312214298,0.3388059333195863,0.4101062957135079,0.3291278167703686,0.3983210106188525,0.4790835534231896,0.2585715174325458,0.314037160958547,0.3240930660118795,0.4108026894873401,0.3680821997932985,0.3194840335828372,0.3124176716106575,0.3600814221962815,0.3574277525903183,0.3333666423930545,0.3099382049764527,0.344978041986098,0.3065906278746464,0.3235514322124608,0.3583942219216556,0.3106399319230595,0.28272885819772,0.3320256706317873,0.3243801645248831,0.2356091679791448,0.3371840718955106,0.3513752244195712,0.3729467150968772,0.4183826015700346,0.3322236402171949,0.3213473859087498,0.3542609637948155,0.3227746601784001,0.3509715680659747,0.3171305982625982,0.3480683825978696,0.325204928462006,0.3267970213210417,0.3521019153746975,0.3508633814811418,0.3408812986781163,0.3499277453750149,0.2972429408855833,0.3586139258145845,0.3342053773299906,0.3196861991086954,0.3198112686357785,0.3478706719881884,0.3564606488868052,0.2945150083915048,0.342741943196337,0.3616250337360722,0.3390835503705968,0.3440147956052325,0.3572123223337679,0.2963822726606472,0.302481257283323,0.3976010848222118,0.3546711122407066,0.2916583635673535,0.3575428147319126,0.3509509448227316,0.2973084111210105,0.2777831230419068,0.3546701814831582,0.3782904073704528,0.3098982914043811,0.3020346323893018,0.2899140938254745,0.2718292645031018,0.3024910792129096,0.3475650862831982,0.3658763295465229,0.3424281568601426,0.3175677428366261,0.3614152174558236,0.3682292177659886,0.3683963281354168,0.3746366520470657,0.2804950271819524,0.3548751577728039,0.3611544647925607,0.3346523261501636,0.3630726190965925,0.3181210372059549,0.3560865905026852,0.3218288148668889,0.3276734063219063,0.3103621749918104,0.2922080083770743,0.3222886231325634
0.3035829033407378,0.2952139833190028,0.3572320885798887,0.3557307394239759,0.3201421989691786,0.3316433851463484,0.3690994575268017,0.3570599608116686,0.335518175957796,0.3999135266217998,0.3260835829074119,0.3989960829598618,0.5040192696477547,0.2508767565734737,0.3127940166874838,0.3291220692775487,0.4137956245126739,0.3669971446525094,0.3264324591957798,0.3200701942861732,0.3647693177303698,0.3585899798755805,0.3330121157366652,0.3089519451627594,0.3450084397739809,0.3058373568885345,0.329544238653214,0.3591149566578461,0.3104365112998266,0.2795241916060134,0.3312474617900405,0.3230983024704072,0.2388031973978251,0.3387839648978046,0.3494980752232821,0.3713917123020267,0.41972901324182,0.3322105649216745,0.3200149391639399,0.3542980737880164,0.3215970404188875,0.3519080810194145,0.3161327988303846,0.3482410953455662,0.3242705249178343,0.3303203597543963,0.3520920604279577,0.350807414058936,0.3404222051629035,0.3492040768466889,0.2924677012698856,0.3529728566102891,0.3342668797301666,0.3167553159336215,0.3243238401325866,0.3482388506381619,0.3565902101595508,0.2930263643956376,0.3453039344204744,0.3620474082599883,0.3377824488914208,0.3423933008862989,0.3573068743695826,0.296682307327243,0.3014622252874189,0.3988826224034367,0.3516982921976759,0.2892257843439771,0.3574277511687323,0.3500657591408713,0.2977372452485733,0.2789146700119918,0.357294095763656,0.3790693855136752,0.3088437060537269,0.3009188737109449,0.2874507370165178,0.272815697452157,0.3015634474921144,0.3504335654015768,0.3654610318339191,0.3411536869809619,0.3160419078508912,0.3605125062846493,0.3670759603465349,0.3687294428793631,0.3740793795977841,0.2804741340209127,0.3539093037209637,0.361257069402758,0.3400440704170915,0.3639831556767262,0.3156413315562645,0.3558101601964104,0.3206129897964964,0.3257615575565979,0.3086599187088796,0.2904736837517812,0.3284221744628001
0.3023806997559156,0.2974211535500338,0.3567673650995584,0.355513382385256,0.3187323997746031,0.3308660296814456,0.3697455265893715,0.3584278970298717,0.3328535273413006,0.390968657913237,0.3232404526114225,0.3991107456355146,0.5299022788332113,0.2433865694669907,0.3114450854489862,0.3338425362746217,0.4167098703506802,0.3658642249809687,0.3336686929532236,0.3285721904933938,0.3693852342731311,0.3596470880212341,0.3327704174839984,0.3079339420380731,0.3449997662663472,0.3049256432136966,0.3355898614736648,0.3598922719673788,0.3103262744694618,0.2772957974488095,0.3305586079165318,0.3217962527567143,0.2431441563635948,0.3400663546907528,0.3478823064088602,0.3699680342293736,0.4211393656570632,0.3321519237554232,0.3186716891031808,0.3542638933850838,0.3204546373499232,0.3526990389950112,0.3151632055194333,0.3484392225570038,0.3232855275599492,0.3335582995114043,0.3521595174579318,0.3508005616276314,0.3399385174670614,0.3485321774232208,0.2872419848485261,0.3470838046332248,0.3342272354258458,0.313743973358876,0.3285451610915611,0.3488124735775005,0.356601230731487,0.2917774548309242,0.3477125753004954,0.3622718396210263,0.3365302601373913,0.3407778280656943,0.3573275804862167,0.2969995767252386,0.3010882408357279,0.3998529544826263,0.3486359462781527,0.287028461825856,0.3571590041014794,0.3491580008997937,0.2989596639934004,0.2811259167287144,0.3597131575555773,0.3798282049340972,0.3076312666145409,0.3000261855223376,0.2849804737837277,0.2749325403962505,0.3006490319914415,0.3528839051238278,0.3650788859439839,0.3398496610123042,0.314501397656325,0.3596088231146828,0.3657437079703819,0.3688266825005672,0.3729791654793727,0.2802018972542582,0.3529205936281473,0.3609763110840199,0.3449213726370118,0.3648592668392093,0.3132166550827727,0.3555595900292853,0.3195224304990202,0.3243181034812301,0.307065854116048,0.2888979127722343,0.3339878195601174
0.3010762463813606,0.3003720800677494,0.3563169379270692,0.3551991516047675,0.3168280446985925,0.3301444920872537,0.3702533363446155,0.3594994838036456,0.3308125678040141,0.3834507438737091,0.3207076791351111,0.3985186458922982,0.5563152865609798,0.2363760181091457,0.3099545414119136,0.3381265361107844,0.4196306028995977,0.3647300956274554,0.340854899781118,0.337638176481552,0.3736755482265809,0.3606186400707978,0.3326018631615483,0.3068557296971871,0.344912023167911,0.30383146241435,0.3415310458616414,0.3605693091881192,0.3102696800773698,0.2762082396083791,0.3299669736575796,0.3204869682311788,0.2485502996561293,0.3410750262923215,0.3464723986773638,0.3686231355767113,0.4226320013466105,0.3320463641432243,0.3173365928564968,0.3541539282440871,0.3193601841061472,0.3533442529086005,0.3142317763817535,0.3486487919921994,0.3222568817906333,0.3364677174526937,0.3522973504063637,0.3508370364733748,0.3394326692017169,0.3479003578033827,0.2816228197572057,0.3412722907496905,0.3340593842109283,0.3107319573954861,0.3323945131676102,0.3495881236992204,0.3564811894898567,0.2907781983934205,0.3499832821710372,0.3623051906730698,0.3353109846636626,0.3391130829937734,0.3572639218603991,0.2973097845345099,0.3014428884459897,0.4005326516071491,0.3455172134747477,0.2852307130194649,0.356775167412891,0.3482495912204448,0.301005551489681,0.2844088840962741,0.3619177952576201,0.3806534317378928,0.3062283224100739,0.2993587902988637,0.2826114424712795,0.2782103413375171,0.299688489460888,0.3549737038554056,0.3647147949030878,0.3384951244450267,0.3129746601246833,0.3587362877425496,0.3642786163495383,0.3687002955138564,0.3712931643926728,0.2796160414313175,0.3519141685921512,0.360213914315225,0.3492780558925468,0.365686227670128,0.3108870916239496,0.3553291597606822,0.3185102611149717,0.3234160003806382,0.3055461736502865,0.2876590136175995,0.3389091614080202
0.2995949870057175,0.3039897437618489,0.3558921979863154,0.3548132448092425,0.3144345442433107,0.3294556195855582,0.3706265276018095,0.3603347639329454,0.3293618890939229,0.3774452507741932,0.3185894107910345,0.3971001471072876,0.5827681544714535,0.2300163461446503,0.3082969126860531,0.3418883174376509,0.4226336377393566,0.3636371932841563,0.3476380944790029,0.3469548780946318,0.3774314957971077,0.3615367016202017,0.3324569702068999,0.3056917313078935,0.3447021089672034,0.3025439583767567,0.3472282117026395,0.3609993610940663,0.3102218198999428,0.2763680471680478,0.329465973781493,0.319172241651723,0.2548691097981831,0.3418554740349419,0.3452132904619466,0.3673019102350064,0.4242060634465055,0.331899566568472,0.3160225081944427,0.3539647140600047,0.3183199648597382,0.3538497521030057,0.3133473705761777,0.3488633626195622,0.3211923725958671,0.3390319067287765,0.3524985845054781,0.3509159965170774,0.3389065437095181,0.3472967575301501,0.2756975710341007,0.3358262077857108,0.3337361891630007,0.3078046507740642,0.3358275946169763,0.3505434848490469,0.3562262015921569,0.2900193441044248,0.3521140364054397,0.3621584031990141,0.3341064883923972,0.3373448449688283,0.3571095418703092,0.2975880869209911,0.302573842957615,0.4009627793086036,0.3423741946050821,0.2839960197363182,0.3563152762562401,0.3473520414468481,0.3038641440267175,0.2886951312038259,0.3639007632822339,0.3816324344506164,0.3046108571392092,0.2988946964224095,0.2804738239568558,0.2826078281735203,0.2986211270042957,0.3567481219592769,0.3643545893250897,0.337076309393055,0.3114955202566367,0.357919032192984,0.3627210430694524,0.3683737734243411,0.3690075610506793,0.2786803069637339,0.3508840280473884,0.3588810168368336,0.353130609431773,0.3664584274148236,0.3087231551444321,0.3551207640644771,0.3175368947670804,0.3231098111697554,0.3040550723484816,0.2869651603227136,0.3431608385668117
0.2978647444158421,0.3081609673311659,0.3554980965792723,0.3543819934573267,0.3115860571328199,0.3287641917890074,0.3708623904379082,0.3609735410190084,0.3284369662705517,0.3729510386354187,0.3169681737268568,0.394773355790099,0.6087097955157564,0.224369300364162,0.3064625480106362,0.3450984673270614,0.4257758906160374,0.3626127854102444,0.3536998314824096,0.3562032603855191,0.3804832534796206,0.3624288557549335,0.332278225804032,0.3044175479965099,0.3443285921955089,0.301066464639514,0.3525705141835282,0.3610833971065313,0.3101344357529817,0.2778089418493823,0.3290359406594842,0.317848539707683,0.2618971722403178,0.342449780066666,0.3440514675541267,0.3659548234220283,0.4258419500286662,0.3317179767564897,0.3147334674178601,0.353699320533354,0.3173344831230201,0.3542261053610713,0.3125125651451532,0.3490779800660002,0.3201071585471371,0.3412562638931488,0.3527545801307472,0.3510392935006806,0.3383567556968179,0.346699367924252,0.2695799666518471,0.3309821039708391,0.3332249670297841,0.3050470835522049,0.338829573068891,0.3516296573020545,0.355838828216862,0.2894723285471451,0.3540956464278471,0.3618512608179671,0.3328970216901273,0.3354235453443489,0.3568628252447111,0.2978050177427567,0.3044840542964543,0.4012002346925917,0.3392426564211763,0.2834705266546025,0.3558195695640179,0.3464683513939043,0.3074850189724013,0.2938592222258077,0.3656525539374932,0.3828431075399412,0.3027814165441711,0.2985941227900683,0.278719048534321,0.2880063326771354,0.2973879878984998,0.3582437737348035,0.363984192050679,0.3355835903705376,0.3100890832864382,0.3571721566427704,0.3611047484913705,0.3678793285471881,0.3661381500448804,0.2773936080381882,0.3498218175736772,0.3569076217283592,0.3565076892441991,0.3671711567822002,0.3068278941621699,0.3549442981017343,0.3165675806613053,0.3234273089877315,0.3025372321799232,0.2870354280635361,0.3467656002012514
0.2958335134899676,0.3127395896052075,0.3551402342289567,0.3539320457074246,0.30835291122836,0.328032685395651,0.3709576843984154,0.3614437968817599,0.3279598403614137,0.3699055122514042,0.3158886452407237,0.3915047232488283,0.6337364163497702,0.2193914125065153,0.3044549905418408,0.3477694442287486,0.4290714409141918,0.3616726048121723,0.3587770717951452,0.365077442833975,0.382697949557082,0.3633228938301254,0.3319941331022154,0.3030162429002055,0.3437591728974089,0.2994262498207687,0.3574762596303556,0.3607585943854097,0.3099691521233092,0.280492877429066,0.3286521125669979,0.3165084600993956,0.2694022930810019,0.342892782070295,0.3429436800445674,0.3645427474247062,0.4275041688416195,0.3315048742988177,0.313466518736147,0.3533648668008173,0.3163980585742073,0.35448417258643,0.3117204016367899,0.3492916343010665,0.3190228411013056,0.3431612736830869,0.3530607925359825,0.3512056436609575,0.3377794579391718,0.3460785015555421,0.2634035575208567,0.3269154924062245,0.3325066252244244,0.3025394222650548,0.3414162234160949,0.3527824296979855,0.3553277102825998,0.2890938578330274,0.3559105320386382,0.3614149156495719,0.331667751677108,0.3333175210952604,0.3565278957287962,0.2979295305978883,0.3071272274676991,0.4013041991582004,0.3361633052910664,0.2837691769422857,0.3553247733166247,0.3455993933311197,0.3117760743361109,0.2997384406396316,0.3671670466426419,0.3843412138639095,0.3007727698766757,0.2984113609928578,0.2775125279569098,0.2942244315690576,0.29593809582582,0.3594915476743756,0.3636032775620848,0.3340089655313454,0.3087624272033769,0.3565025119401425,0.3594639386429691,0.3672557316386228,0.3627261742315849,0.2757948967425394,0.3487214449707035,0.3542567415363943,0.3594428899572927,0.3678187117265814,0.3053231293320697,0.3548117195777723,0.315572641403299,0.3243686455762888,0.3009342964099761,0.2880722742746022,0.3497802008481407
0.2934828568274443,0.3175568380402417,0.3548193491859016,0.3534902559788652,0.3048391316056794,0.3272310711757962,0.3709114045684538,0.3617705785909236,0.3278534108937201,0.3682148095941477,0.3153455907337114,0.3873112953394269,0.6576491973494973,0.2149589297487447,0.3022899439697014,0.349932555555091,0.4324750856774421,0.3608282597775842,0.3626813067712778,0.3733107367398461,0.3839855556020529,0.3642628315265407,0.3315217812847837,0.3014860829921282,0.3429789355167694,0.2976829866589987,0.3618897185096895,0.360000917864961,0.3097053449970777,0.2843198339568213,0.3282874924657313,0.3151366927462196,0.277140279423465,0.343207374856326,0.3418712721640386,0.3630380738253905,0.429145483531174,0.3312661816300924,0.3122137857304434,0.3529714177916241,0.3154966008573314,0.3546341982470705,0.3109564873009556,0.3495116262853015,0.3179563476974831,0.3447765810495396,0.3534192819125019,0.3514096370996097,0.3371778796382706,0.3454128892874301,0.2573178026977678,0.3237371575950795,0.3315852963840067,0.3003497713313434,0.3436275216862672,0.3539347532697812,0.354710492162598,0.2888304222336741,0.3575309080203496,0.3608874656291054,0.330415002351665,0.3310250253714263,0.3561130138651693,0.2979356100465683,0.3104102258910462,0.401325292640992,0.3331789669609725,0.2849648581725761,0.354858161312149,0.3447429192866873,0.3165936101358793,0.306151526988468,0.3684505069535683,0.3861480319986008,0.2986375002438165,0.2982975242019003,0.2770166558276968,0.3010389989587474,0.2942363248252038,0.3605074989148917,0.3632332231990104,0.3323519419189774,0.3075088912721887,0.3559100717180831,0.3578329632674884,0.3665447523471022,0.3588325366100399,0.2739560718190286,0.3475722032059585,0.3509314009127071,0.3619689950936036,0.3683986113051854,0.3043332932717674,0.354730076091375,0.3145339214844047,0.3258998651878617,0.2991937345437209,0.2902439445990785,0.352277796162959
0.2908289506089579,0.3224421081013993,0.3545207712730659,0.3530800045794529,0.3011640709639695,0.326337600543355,0.3707263643215965,0.3619744417132441,0.3280422995731583,0.3677658835314449,0.3152796156618044,0.3822567032453193,0.6802702103643485,0.2109142452342657,0.3000006015542194,0.3516361086977727,0.4358830148319071,0.3600879346093092,0.3653286709151274,0.3807014431513533,0.3842988679499162,0.3653037275055704,0.3307807261661064,0.2998416524015912,0.3419931117118917,0.2959217687167314,0.3657857326777184,0.3588617773745924,0.3093354643420251,0.2891341035153975,0.3279115216928647,0.3137096675768613,0.284873277340225,0.3434015432050498,0.3408418243989393,0.3614256629385626,0.4307101701179148,0.3310170821638172,0.3109615839560011,0.3525362289802946,0.3146081588367669,0.3546882105190973,0.3102024089483489,0.3497479531266853,0.3169149333944707,0.346137122729128,0.3538322242868071,0.3516430048352172,0.3365594030500018,0.3446935907029799,0.251483467909321,0.3214944510887894,0.3304750021886107,0.2985255599018258,0.3455098178538421,0.3550161074990577,0.3540130745800694,0.2886215130096632,0.3589291233374505,0.3603052710845706,0.3291467215563954,0.3285748406188343,0.3556285157220157,0.2978042589034533,0.3142019585518931,0.4013036785722458,0.3303337145437268,0.2870802719757761,0.3544378988202911,0.3438867353553966,0.3217401393672025,0.3129092871315264,0.3695221985980117,0.3882462873967093,0.296445663022424,0.2981942708552197,0.2773728311282163,0.3081989516204644,0.2922680806176567,0.3612890813598254,0.3629040363289305,0.3306262972268793,0.306312856810123,0.3553904754959753,0.3562383306836626,0.3657880818007305,0.3545375945289231,0.2719733433731665,0.3463558867732633,0.3469767878289658,0.3641129164384803,0.3689117134532,0.3039754743311982,0.354702254060402,0.3134458604381717,0.3279428727404257,0.2972741034636106,0.2936745262819698,0.3543387195258467
0.2879228805948552,0.3272421581151706,0.3542149674617064,0.3527164207998681,0.2974480694229407,0.325340096054828,0.3704091838815916,0.3620683001962864,0.3284521299490072,0.3684221145200833,0.3155831495488382,0.3764473459450155,0.7014405892725002,0.2071134917057187,0.2976431711638325,0.3529518228754651,0.4391350616718768,0.3594550498584735,0.3667546440214164,0.3871237475248689,0.3836237430527487,0.3664865824349534,0.3297030629316664,0.2981150994516163,0.3408269813724776,0.2942397473489815,0.369172967097003,0.357463849269844,0.3088616407725832,0.2947289929231877,0.3274956729523041,0.3122011177246772,0.2923932006463319,0.343470451266143,0.3398788886674074,0.3597059426844605,0.4321373629124254,0.3307764405068806,0.3096887736981649,0.3520842121439343,0.3137069529150236,0.3546615218558167,0.309437703714831,0.350002840404837,0.3159021562262836,0.3472793914434349,0.3542959739567528,0.3518920642348064,0.3359258755144853,0.3439105923595352,0.2460603214072352,0.320173876976919,0.3291956800513928,0.2970909830643499,0.3471064443621846,0.3559536579386617,0.3532610528840402,0.2884041512893069,0.3600894667797515,0.3596968437588491,0.3278809909612216,0.3260211805011977,0.3550870579913073,0.2975238283971823,0.3183465503041035,0.401269688796157,0.3276766417144069,0.2900847863831338,0.3540777640888158,0.3430091462881111,0.3269799968078841,0.3198253697159594,0.3704079584783487,0.3905871528215301,0.2942948438771581,0.2980326650526093,0.2786893456173301,0.3154408827391301,0.2900418339483968,0.3618288987485204,0.3626369928871576,0.3288570469559511,0.3051479747928092,0.3549390416580882,0.3546973473952226,0.3650240350842432,0.3499434229242967,0.2699681465346733,0.3450573542000502,0.3424855679798372,0.3658931284486461,0.36935633386931,0.3043443997184858,0.354731913371568,0.31230753236241,0.330378228233938,0.2951454457712726,0.2984267122759559,0.3560449356317572
0.2848556741177009,0.3318292134439036,0.3538674589500684,0.3524058953201326,0.2938137404077542,0.3242435167136188,0.3699689315433153,0.3620625619476501,0.3290151769570534,0.3700199607208497,0.3161111147904836,0.3700248166371949,0.7211908875327574,0.2034615057170597,0.2952976288649448,0.3539615334315035,0.4420090964150527,0.3589302804390755,0.3671012476763555,0.3925266059136252,0.3819713964210859,0.3678281020765214,0.3282345681662155,0.2963640198724472,0.3395306586509202,0.2927452559380658,0.372082858614782,0.3559484411237601,0.3082989398376053,0.3008619944496745,0.3270219573102822,0.3105857313791962,0.2995398816042903,0.3434025352225562,0.3390183121357718,0.3578965026242773,0.433366762247361,0.3305552689643192,0.3083673885679389,0.3516430751479168,0.3127649727002707,0.3545709840724207,0.3086405770737357,0.3502693642735032,0.31491985851554,0.3482374023208877,0.3548021751826457,0.3521348849356648,0.3352734424785686,0.3430473754372716,0.2411927951530759,0.3197057778082485,0.3277861210580166,0.2960495432770165,0.348461229647548,0.3566872550724415,0.3524714009329874,0.2881170727650272,0.361006284979101,0.3590840138990647,0.3266452556408468,0.3234398635447619,0.3545039674721967,0.2970959249835431,0.3226769648801917,0.4012379719143036,0.3252635020197429,0.29389749795498,0.3537888592718253,0.3420889085045947,0.332062340747965,0.3267293388667626,0.3711361098048467,0.3930994797806063,0.2923122041372271,0.2977436045763242,0.2810308904012654,0.3225156926571052,0.2875935687627359,0.3621276991424346,0.3624439589386385,0.3270717336329701,0.3039776608422304,0.354553990593,0.3532251013789477,0.364281634160477,0.3451679589250496,0.2680883410982483,0.3436741300284463,0.3376015053141386,0.367320377693893,0.369724453565346,0.3054883848530159,0.3548216862123534,0.311118495629518,0.3330597910178483,0.2927893938226972,0.3044804771693239,0.3574666299212013
0.2817584368979062,0.3361036381688753,0.3534440895609665,0.3521502753508483,0.2903848079455303,0.3230716143630651,0.3694178880462889,0.3619721677076896,0.3296748486572745,0.3723687826745666,0.3166886490548274,0.3631503489851403,0.7396090445105007,0.1999377117284954,0.2930657234629693,0.3547340683105376,0.4442221804132998,0.3585130719340411,0.3665959053834179,0.3969319408641188,0.3793789177355823,0.3693347053880095,0.3263383657923958,0.2946759991479415,0.3381840080911494,0.2915626325817983,0.3745551907499159,0.3544627448091994,0.3076732294054751,0.3072820183437985,0.3264812836353026,0.3088383068060575,0.3062057725643889,0.3431858768354704,0.3383109303068696,0.3560280413636198,0.4343441323291265,0.3303565072260654,0.3069647222732665,0.351242521007735,0.3117502385609676,0.3544320397459211,0.3077867960707282,0.3505376863278038,0.3139600443478386,0.3490399121244358,0.3553383799825006,0.3523443799580596,0.3346016640001767,0.3420928994579928,0.2370056076881042,0.3199762320151389,0.3263005145824276,0.29538304189439,0.3496150298463655,0.3571821827245807,0.3516536017153654,0.2877025239225839,0.3616770221301104,0.3584871828540162,0.3254727613004496,0.3209216973803594,0.3538955464670825,0.2965440714719607,0.3270263643074803,0.4011979132956162,0.3231511702600135,0.2983941814103947,0.3535782794722469,0.3411114631996909,0.3367413748985161,0.3334755139476109,0.3717382160113399,0.3956951322635822,0.290639249817167,0.2972702648860163,0.2844060952113408,0.3292132928780329,0.2849925530775529,0.3621908193635179,0.3623347586642256,0.325297303575234,0.3027608873065353,0.3542379291005491,0.3518371733689218,0.3635772251706999,0.3403332051450307,0.266495394272183,0.3422127413078055,0.3325122137863713,0.3684009533543126,0.3700041455399772,0.3073945747307113,0.3549655875828081,0.3098834577261034,0.3358230013171643,0.2902018348612661,0.3117264638822816,0.3586475396040621
0.2787936239679664,0.3399991700030395,0.352909394145695,0.3519512533476315,0.2872691486569783,0.3218567229017066,0.3687748563832038,0.3618158461315682,0.3303858403570564,0.3752444375771038,0.3171211052267452,0.355990649604291,0.7566534042126943,0.1966100009548932,0.2910679211331373,0.3553201192489306,0.4454513743611369,0.3582014610579493,0.36552751931939,0.4004284888597006,0.375911580748926,0.3710090361075133,0.3240052848032708,0.2931605121565228,0.3368892010083326,0.290820575259374,0.3766363445635999,0.3531832856285559,0.3070120364056883,0.3137551579552776,0.3258671363575319,0.306935528369536,0.3123338668609979,0.3428129374330027,0.3378137129610048,0.3541377383425335,0.4350221033700158,0.3301844437306729,0.3054448998931495,0.3509163712171703,0.3106291984894856,0.354258547559817,0.3068484092155565,0.3507952002872829,0.3130003844745342,0.349709300687427,0.3558835988793208,0.3524937348740361,0.3339139840982327,0.3410484645149493,0.2336062058440945,0.3208446343643708,0.324786025504212,0.2950479489737069,0.3505925746988493,0.3574255952407337,0.350815437792237,0.2871097139104039,0.362107038108242,0.3579261518376718,0.3243958621593331,0.3185594195102491,0.3532771333012501,0.2959175136697511,0.3312388266581482,0.4011121871606664,0.3213911005317208,0.3034159376795983,0.3534503912036111,0.3400649288414396,0.3407987596266192,0.3399484592038646,0.3722493506687027,0.3982779389875843,0.2894145589431191,0.2965730620798288,0.2887596916670798,0.3353724906603059,0.2823444972293261,0.3620230802201442,0.3623119330354912,0.3235615962286742,0.3014562460890684,0.3539999082498503,0.3505450332652742,0.362920070462451,0.335562091311478,0.2653430614414322,0.3406821195623959,0.3274347140993504,0.3691417485748486,0.3701840555882221,0.3099949091631062,0.3551470040448106,0.3086127223291462,0.3384856065043632,0.2873961260967794,0.3199781839770547,0.3596050651225199
0.2761443214795862,0.3434867122123645,0.3522277927948393,0.3518115145296056,0.2845441523861513,0.3206315935150343,0.3680658955054345,0.3616105659247651,0.331116109362731,0.37838169236411,0.3172174890805337,0.3487116755019074,0.7725825399328768,0.1936232672830803,0.2894380316926039,0.3557605351652417,0.4453641287533997,0.3579948608109183,0.3642044941841987,0.4031528075392247,0.3716632504919094,0.3728321376968741,0.3212613708820649,0.2919380651492486,0.3357533905038268,0.2906284875527401,0.3783808273153745,0.3522821364845633,0.306341619524786,0.3200780339709264,0.3251793228853074,0.3048623727335124,0.3179165426906972,0.3422838110181606,0.3375712832541648,0.3522660119792324,0.4353587695962139,0.330044731632543,0.3037712867350359,0.3506966352460151,0.3093751861935336,0.3540658521403766,0.305797843373786,0.3510194525753284,0.3120111588893538,0.3502612769993042,0.3564074853826212,0.3525571595727107,0.333206823372539,0.3399168626395639,0.231080709327427,0.3221578504306731,0.3232781820594427,0.2949786898651505,0.3514013615047635,0.3574200521355143,0.3499619035257397,0.2863010273659929,0.3623195996859165,0.3574145610557414,0.3234413795773133,0.3164339033031904,0.3526617765292189,0.2952897451368408,0.335181866174636,0.4009269296488342,0.3200280074438992,0.3087806504513908,0.3534098431915038,0.3389371760285179,0.3440715806709264,0.3460693657962995,0.3727046729953506,0.4007615607871229,0.2887659913892643,0.2956304254565826,0.2939754736303192,0.3408842613860594,0.2797898575784786,0.3616370621822803,0.3623560983834444,0.3218894943555399,0.3000248168798829,0.3538572597742699,0.3493533815215912,0.3623197567354996,0.3309856624730901,0.264762028554674,0.3390958590507497,0.3226018523536695,0.369554974663967,0.3702555624233965,0.3131784785283939,0.355344108385432,0.3073131618916631,0.340859126681162,0.2844046693845172,0.3289885229954728,0.3603415818803481
0.2740022387406122,0.3465689479329922,0.3513707248653639,0.3517338963407118,0.2822614655042152,0.3194309350173326,0.3673201253698502,0.3613699343159053,0.3318482317242171,0.3814817787395298,0.3168211892317215,0.3414692732943625,0.7884656983644924,0.1911657176047798,0.2883159303829531,0.3560847601461341,0.4436450482776854,0.3578956247653151,0.3629009370597815,0.405265943924338,0.3667584522903093,0.374749089557813,0.3181691149191181,0.2911376913066126,0.3348761981434665,0.2910667344451936,0.3798407651704286,0.3518720821775453,0.3056900394430897,0.3260832396539232,0.3244309601544567,0.3026148607492732,0.3229902784370785,0.3416081714957558,0.3376089491715542,0.3504556287363623,0.4353203416430251,0.329932644862203,0.3019121609829736,0.3506030934027984,0.3079741575775481,0.3538721716826299,0.3046176153987738,0.3511773889908762,0.3109625992360538,0.350705526312465,0.3568775936778912,0.3525082583435457,0.3324667982899578,0.3386927357180623,0.2294844842502813,0.3237590001201926,0.3218164578221928,0.295097358374619,0.3520450147943387,0.3571872738944617,0.3490883629937889,0.2852531856539158,0.3623517767759155,0.356956724814774,0.3226290317020768,0.3146047338618816,0.3520581216814912,0.2947549901458037,0.3387580024166301,0.4005830231554086,0.3190981286248808,0.314298810645009,0.3534600841030834,0.3377236125503426,0.3464745024599843,0.3517962509090976,0.3731352034057796,0.403085398558148,0.2888046345125145,0.2944431479697351,0.2998859663040884,0.3456970906763857,0.2774968731106216,0.3610608424310583,0.3624227405359098,0.320294118303314,0.298437476249468,0.3538314043344615,0.3482614492747637,0.3617840906514906,0.3267439687382306,0.2648494187078709,0.3374759475029201,0.3182465969683778,0.3696599639280752,0.3702125688297901,0.3167971752044139,0.355533447264342,0.3059842778998953,0.3427729429229958,0.2812798753100207,0.33846389203138,0.3608493824184901
0.2725497158559682,0.3492687089656852,0.3503236647611069,0.3517224373313151,0.2804557199329894,0.3182895656118941,0.3665652054555625,0.3611079125478059,0.3325723097930982,0.384237723590226,0.3158286251953461,0.3343910947169073,0.8056171098116869,0.1894335414093089,0.2878390019461448,0.3563027680992338,0.4400245019617917,0.3578986463067082,0.3618191741154587,0.406937972098014,0.3613548170637355,0.3766817693085044,0.3148287917688506,0.290893131187657,0.3343432802754432,0.2921917512381742,0.3810546287205983,0.3520488508307499,0.3050823594347946,0.3316467919525191,0.3236418165386271,0.3001967773094108,0.3276200895403997,0.3408060308202445,0.337938388680381,0.3487475851181999,0.4348854524496579,0.3298298828799744,0.2998477641887767,0.3506432136325609,0.3064233575130896,0.3536948282878581,0.3033065821993455,0.3512350409871366,0.3098245267906534,0.3510477699004209,0.357264485369086,0.3523230057479913,0.3316824110591901,0.3373691848911244,0.228840623681774,0.3254997226751753,0.3204436666479611,0.2953199267931246,0.3525277477288642,0.3567698157467941,0.3481804449673101,0.2839519191219714,0.3622391024095269,0.3565530909009832,0.3219684508840224,0.3131033429833342,0.3514691440171195,0.2944219048292331,0.3419096263442933,0.4000204954551738,0.3186204033185594,0.3197913356720273,0.3535986527583996,0.3364365323740289,0.3480059282058864,0.3571111743257793,0.3735664677777544,0.405218354141147,0.2896127519337816,0.2930422772933194,0.3062836843284729,0.3498150389580634,0.2756504278948602,0.360331289606167,0.3624556390256876,0.3187738205654391,0.2966815357118738,0.3539374465513338,0.3472611535415515,0.3613136127128934,0.3229730922790417,0.265654421633851,0.3358479234810987,0.3145795138810647,0.3694833811212256,0.3700510094265295,0.3206743999315044,0.3556895938246293,0.3046261356545215,0.3440902269213785,0.2780962049402509,0.3480854614453073,0.3611088800000662
0.2719415219191005,0.3516202377182971,0.3490898169612069,0.3517858157745283,0.2791381820806344,0.317230192433197,0.3658263144855734,0.3608422476415109,0.3332778139846782,0.3863652900945799,0.31419303071836,0.3275671326475555,0.8245131102808984,0.1886012899984304,0.2881296392448883,0.3564098053958824,0.434317133687992,0.357974055039846,0.3610755483000024,0.4083339736956551,0.3556390841750688,0.3785479917726887,0.3113787200300293,0.2913245501325445,0.3342142577976447,0.2940311973992872,0.3820521253934987,0.3529542248745115,0.3045308638081914,0.3366962257132558,0.3228259206681499,0.2976208228411316,0.331880673908633,0.3399075332070148,0.3385558922023279,0.3471747230164499,0.4340423997636958,0.3297169485261102,0.2975739995675673,0.3508193919372964,0.3047307061426457,0.3535458547433597,0.3018780292117879,0.3511648422967975,0.3085663527487493,0.3512919630442291,0.3575387063900044,0.3519863427676652,0.3308497866765639,0.3359467683260239,0.2291463384160353,0.3272580344910226,0.3191877740511958,0.2955582427969992,0.3528462996104015,0.3562183403032098,0.3472233758075994,0.2823927797185706,0.3620098564880118,0.3562072146963195,0.3214544692279616,0.311927947086216,0.3508946418002015,0.2944040077496931,0.3446158432535373,0.3991824448618543,0.3185871367977573,0.3251036181597136,0.3538172888140989,0.3351025621448686,0.3487431163295842,0.3620062857691895,0.3740193068536739,0.4071574799078054,0.2912310159804049,0.2914947223166197,0.3129369449304545,0.3532820511860881,0.2744401188937235,0.3594861063717974,0.3624014910918522,0.317317089046121,0.2947603044008587,0.3541776598567329,0.3463313370951242,0.3609065410877367,0.319792189431858,0.2671656359793035,0.3342332819522875,0.311767314276195,0.3690608845798321,0.3697702325202375,0.324627164970956,0.3557878806163337,0.3032435010279748,0.344708093595717,0.2749524847836309,0.3575413996344428,0.3610951815245204
0.2722950886535412,0.3536648524352404,0.3476912285902555,0.3519379370390755,0.2782875334050055,0.3162552855050197,0.365126512829065,0.36059267739414,0.3339575155433572,0.3876328968275229,0.3119297427282065,0.3210587786281431,0.8448634391244066,0.1887897968910067,0.2892790094072091,0.3563988046796942,0.4264583515457378,0.3580616421856276,0.3606951303734833,0.4095923679168274,0.3498170110836012,0.3802604858897617,0.3079865131418087,0.2925156179996068,0.3345070390808612,0.2965670933348833,0.382862870992168,0.3546823380375316,0.304037053370553,0.3412088358730858,0.3219936440565243,0.2949189883845747,0.3358444338338468,0.338950897377854,0.3394315207516797,0.3457597128063596,0.4327810132681825,0.3295811508255113,0.295102642692167,0.3511259318256894,0.3029203140222488,0.3534331044173522,0.3003583759181809,0.3509431032113659,0.3071639718196844,0.3514405775264503,0.3576698922615481,0.3514953844618385,0.3299617062548629,0.3344293631877522,0.2303739869069974,0.3289497568805553,0.3180606609430639,0.2957263995545263,0.3529918872825506,0.3555769800318601,0.3462085795411709,0.280592916969871,0.3616923017569184,0.3559248723988353,0.3210657439270489,0.3110428934183987,0.3503345943026722,0.2948105814211033,0.3468852632487422,0.3980258777625476,0.3189642097196054,0.3301120461650464,0.3541069524613921,0.3337519457350689,0.3488328727060283,0.3664826633232584,0.3745095197552155,0.4089297177025966,0.2936513415814294,0.2899035316522844,0.3196123140856611,0.3561651234211301,0.274048723845377,0.3585668247693137,0.3622144196547833,0.3159057842206036,0.2926941720960064,0.3545447195003686,0.3454334936586354,0.3605682229753994,0.3173011153819944,0.269312139888675,0.3326477392590168,0.3099218737936903,0.3684380092343228,0.3693765146306548,0.3284910163170734,0.3558095418514357,0.3018372893972572,0.3445584594059139,0.271972242386167,0.3665577951995484,0.3607930054192746
0.2736827285167986,0.3554453498332471,0.3461657198112355,0.3521921954214868,0.2778579037485171,0.3153519418722124,0.364485866552814,0.3603746180987074,0.3346159001088412,0.3878926017686708,0.3091273477312606,0.3149058361820821,0.866540729856713,0.1900374309750793,0.2913347244077539,0.356261356705391,0.4165205481478952,0.3580789164433848,0.3606173108689695,0.4108073815246237,0.3441037385278814,0.3817193860384771,0.3048354758388647,0.2945046127325832,0.3351943032178377,0.2997335033964562,0.38350962543244,0.3571206876649649,0.3036024855307905,0.3451978900571755,0.3211615409028666,0.2921505424910788,0.3395748525094372,0.3379774442231505,0.340509359014488,0.344517476587311,0.4310917683470678,0.3294089595221931,0.292463861975092,0.3515377500923323,0.3010376124596277,0.3533640342462076,0.2987940357847771,0.350548046555603,0.3056068304563908,0.3514932246914253,0.3576348952314746,0.3508575392791964,0.3290000868276008,0.3328153867110525,0.2324653414314139,0.3305262984701352,0.3170728644589066,0.2957523872380739,0.3529645769641835,0.354881240454629,0.3451308923712748,0.2785982045592097,0.3613173033118073,0.3557089101087332,0.3207682969564031,0.3103812728367165,0.3497884690680713,0.2957392229540816,0.3487484943719968,0.3965325593963114,0.3196978070178326,0.3347253798541307,0.3544584913844775,0.3324137042244333,0.3484727662489776,0.370552860183813,0.3750458118579349,0.4105898252364052,0.2968153807013691,0.2884037087894976,0.3260963429884571,0.3585456088696186,0.2746362115240319,0.357619935001399,0.361855356169949,0.3145136789421491,0.2905307651458055,0.3550253305212465,0.3445091079127076,0.3603082910046686,0.3155790093693454,0.2719758757514532,0.3311016535412364,0.3090953180448816,0.3676659813834522,0.3688853753233977,0.3321340326081998,0.3557407627818639,0.3003996282803639,0.3436178038537338,0.2693011629509326,0.3749167281666958,0.3602041140311037
0.2761175323786217,0.356997752157111,0.3445600178125099,0.3525551100627972,0.2777956302587582,0.314496803455162,0.3639203333037517,0.3601953371084552,0.3352650169767915,0.3871083280992526,0.3059486225902549,0.309116359591058,0.8894639761451072,0.1922934643265428,0.2942971062086179,0.3559820732640715,0.404710047536267,0.3579245714671301,0.3607252515610327,0.4120295655380545,0.3387140026959386,0.3828237692151678,0.3021183660744836,0.2972866180391944,0.3362126403179125,0.3034341771776502,0.3839989191463443,0.3599837940578875,0.3032297383012671,0.3486980514875764,0.3203478420506504,0.2893991426135703,0.3431190124910175,0.337025665750895,0.3417218097615828,0.3434547068246947,0.428974607607501,0.3291809406298724,0.2897138029650671,0.352012102527765,0.2991482491503105,0.3533449169150656,0.2972583178927823,0.3499674924954454,0.3038998615265623,0.3514466928669207,0.3574243411315911,0.3500880532811882,0.3279479469615662,0.3310980111807021,0.235331756458476,0.3319686225686117,0.3162313660413099,0.2955879750691596,0.3527762806698981,0.3541601003912994,0.3439858734749398,0.2764760471723929,0.3609104208891367,0.3555595435840448,0.3205206704597889,0.3098482910031583,0.3492528337924871,0.2972660462763056,0.3502512084278041,0.3947097956415851,0.3207181541073099,0.3388863260032417,0.3548566472146645,0.3311184101198623,0.3478784650269573,0.3742310835497081,0.3756292562446163,0.4122086322579517,0.3006194874818934,0.2871545829696617,0.332209605994192,0.3605090718871377,0.2763167623547201,0.3566873539469566,0.3612953098750758,0.3131090807879752,0.2883516374446454,0.3555943424327332,0.3434774216161907,0.3601301820875872,0.3146739012070996,0.2750057295130498,0.3295976915154525,0.3092742420096441,0.3667957291159553,0.3683197913872195,0.3354631493237984,0.3555672101598222,0.2989239672691196,0.3419122134598233,0.2671020567983654,0.3824640623860205,0.3593449488850132
0.2795449032659125,0.3583455079216031,0.3429258299675127,0.3530262365741484,0.2780444579393823,0.3136524737910373,0.3634416836491795,0.3600585804575005,0.3359132104016809,0.385370078420492,0.3026139564027855,0.3036605782978047,0.9126054006522414,0.195432935755524,0.2981180274608856,0.3555448227571295,0.3913571172498171,0.3574726977500432,0.3608872731633956,0.4132736130504552,0.3338467340356732,0.3834919212928427,0.3000356597410234,0.3008104344257617,0.3374687334794698,0.3075536057983991,0.3843308684616363,0.3629874569096502,0.3029151440475521,0.3517582341471973,0.3195590235307805,0.2867686782057204,0.3465015166864139,0.3361283725445271,0.342998328198167,0.3425651942157083,0.4264432685908608,0.3288834266186495,0.2869405847581935,0.3525056583685388,0.2973352371588035,0.3533769069308512,0.2958472419560171,0.3492071857978609,0.3020653900372672,0.3512987238076026,0.3570390461326924,0.3492095643726128,0.326803410672847,0.3292698574600358,0.2388632854527197,0.3332868532339827,0.3155241171191088,0.2952151295815013,0.3524395013183174,0.3534300352790905,0.3427752415253591,0.2743094325903779,0.3604877523566913,0.3554790948431043,0.3202793880418676,0.3093292328082358,0.3487225242692107,0.2994335328326607,0.3514470297637543,0.3925859361057031,0.3219406387220924,0.3425737307122875,0.3552772144128506,0.3298970203477561,0.3472472087440901,0.3775186729056089,0.3762559594772574,0.4138609614699916,0.3049266492340839,0.2863294871723796,0.3378160334626718,0.362128244178609,0.2791376645128405,0.3558018400747988,0.3605232743597011,0.3116644421024627,0.2862639973756299,0.3562068919112697,0.3422394783385487,0.3600319548308571,0.3145906670253002,0.278235000674308,0.3281302757625878,0.310379836119274,0.3658766700901273,0.3677072451636969,0.3384303399566276,0.3552747393578198,0.2974137102343311,0.3395096749138884,0.2655465419030121,0.3891135892829516,0.3582478858836653
0.2838541765881608,0.3594995092019922,0.3413209134840257,0.3535995924507724,0.2785427387017287,0.312767587153575,0.3630583539268416,0.3599723869702372,0.3365647738636246,0.3828882112273576,0.2993806841767965,0.2984887304081838,0.934284888977593,0.1992737382461107,0.3026976108148057,0.3549458619238687,0.3768974753010488,0.3565761522623408,0.3609843817231873,0.4145172560437372,0.329668130030609,0.3836639818199087,0.298783527284624,0.3049716825905981,0.338842067433555,0.3119532120418576,0.3845150822012933,0.3658709662253679,0.3026517135482159,0.3544354020996136,0.3187914180419755,0.2843863132815505,0.3497251653643917,0.3353135449026992,0.3442637797247648,0.3418288578735649,0.4235173097682749,0.3285199455560131,0.2842607015294744,0.3529843143455514,0.2956982590827078,0.3534567641619766,0.2946682947886644,0.3482880163043335,0.3001473316656911,0.3510532987648955,0.3564859607786893,0.3482519408268002,0.325574597422075,0.3273215571595398,0.2429360836672786,0.3345186800494952,0.3149228185374197,0.2946510233205612,0.3519659995122319,0.352687889807985,0.3415127815524546,0.2722048994937654,0.3600620066960887,0.3554720617092391,0.3200055255626605,0.3087048002857846,0.3481931054958068,0.3022431567148761,0.3523889919377884,0.3902113044826004,0.323270885816671,0.3457997111782886,0.3556932113993891,0.3287712514600082,0.3467307091088856,0.3804039706967111,0.3769201825501873,0.4156195012374446,0.3095791265532376,0.2861040857266991,0.3428314154406255,0.3634524260768195,0.2830705779995583,0.3549947483126199,0.3595524925715141,0.3101627452919754,0.2843906369520964,0.356803036181599,0.3406913282776888,0.3600150429775705,0.3152864530700176,0.2815075769167613,0.3266892504801979,0.3122831383491953,0.3649575868944384,0.3670798681354105,0.3410344378593971,0.3548558101992899,0.2958741472781181,0.3365103962915954,0.2648016564350384,0.3948460008061948,0.3569677835760542
0.2888980665370861,0.3604619264787681,0.339805279060757,0.3542575829335284,0.2792293689475112,0.3117880609158688,0.3627778060169102,0.3599488035544714,0.3372269353243293,0.3799697731517689,0.2965269575592247,0.2935523101708097,0.9536311375862028,0.2035921226787118,0.3078859308241148,0.354194320395491,0.3618337527966188,0.3550866031640459,0.3609234274924419,0.4156993319931263,0.3263031240258948,0.3832919722018504,0.2985319339530229,0.3096191143693169,0.3401998782048495,0.3164781200542749,0.3845664904109386,0.3682891006399026,0.3024398897656983,0.3567815336100473,0.3180449651204053,0.2824016509325323,0.3527762631035631,0.3346049993095036,0.3454429443199688,0.3412172309355203,0.4202146621822168,0.3281042767002362,0.281808630998494,0.3534170154717685,0.2943498262171568,0.3535820057175904,0.2938329865745184,0.3472377477552134,0.2982112692102024,0.3507223356330045,0.355782600724693,0.3472503231469485,0.3242664611927806,0.3252367921051271,0.2474146525982359,0.335717384452638,0.3143974683054416,0.2939485571590366,0.3513788210697154,0.3519139641702568,0.340221338109986,0.2702981397441148,0.3596467396761494,0.3555396468423177,0.3196701173992874,0.3078652285879055,0.3476596399324752,0.3056567227302607,0.3531199286524146,0.3876602830628525,0.3246126418169748,0.3485991474618701,0.3560821436085887,0.3277454929439573,0.3464181951243838,0.3828734893299186,0.3776152837953456,0.4175461636817315,0.3144077090351581,0.286643222411849,0.3472259204437807,0.3645114568164688,0.2880123584886731,0.3542972049626426,0.3584190173144322,0.3085949533388626,0.2828722751604366,0.3573228110838967,0.3387373319001966,0.3600802840344793,0.3166693219351479,0.2847055471860521,0.3252614144265475,0.3148286030413076,0.3640822630498205,0.3664748550703769,0.3433126104725721,0.3543101535991696,0.2943018144016082,0.3330417840799588,0.2650126048375816,0.3996976465031042,0.3555809652470083
0.2944993713412605,0.361230834834584,0.3384266334940066,0.3549630593340586,0.2800561488529897,0.3106666984507039,0.3626097768542998,0.3599963507178764,0.3379073083346944,0.3769789855491134,0.2943311128154338,0.2888041893445268,0.9705811320534502,0.2081496904699289,0.3134963427700097,0.353302641363387,0.3466807161286162,0.3528731267977545,0.3606509790354061,0.4167320452067448,0.323834138850946,0.3823410514026952,0.2994100583798944,0.3145761200102437,0.3414217445553064,0.3209835457508845,0.3844913523233014,0.3698779348447599,0.3022860788479976,0.3588310114029349,0.3173242928927121,0.2809706840774883,0.355630049070232,0.334020405298418,0.3464742568732535,0.3406974056969713,0.4165570189791999,0.3276480407341758,0.2797295591482726,0.3537718463171395,0.2934045168645138,0.3537522821983884,0.2934522074236599,0.3460895284175981,0.2963387399225606,0.3503227342273441,0.3549601411145972,0.3462406734476899,0.3228820128339827,0.3229927445832706,0.2521575081106394,0.3369354105154125,0.3139124854793251,0.2931910143995987,0.3507133538239588,0.3510809985952419,0.3389256971569624,0.2687398413348879,0.3592522218534799,0.3556766906354093,0.3192555382787251,0.3067151672082967,0.3471146260660186,0.3096020917212732,0.3536662193766194,0.3850218159130358,0.3258727832353545,0.3510179184063036,0.3564253943976423,0.3268086672890811,0.3463244282184748,0.3849158565179532,0.378333799687638,0.4196796729474936,0.3192446929349088,0.2880843237083688,0.3510153360597884,0.3653222291925251,0.2937869055816472,0.3537273214296788,0.3571726750782859,0.306957164624495,0.2818689028290522,0.3577156239531163,0.3362974125777376,0.360213746829733,0.3185962583696261,0.2877673798686589,0.3238287825896515,0.3178520521528951,0.3632831064584025,0.3659296274896175,0.3453256607116405,0.3536389572223419,0.2926885768422049,0.3292497903124327,0.2662867586081951,0.4037402985311555,0.354174814867833
0.3004527850845921,0.3618043791566429,0.3372071065419118,0.3556642605140614,0.2809912728549844,0.3093627399155956,0.3625664107968843,0.36011856345606,0.3386058748820129,0.3742848973827978,0.2930421702703398,0.2841940277163464,0.9843296785510728,0.2127291506226132,0.3193237583866987,0.3522858832002581,0.3319138979750941,0.3498279944066326,0.3601618755533624,0.4175185549491891,0.3222982198219454,0.3807995108925051,0.3015051778074003,0.319660868963708,0.3424113655331979,0.325353118408599,0.3842924099960375,0.3704579668820794,0.3021898848012539,0.3606005576266469,0.316626386851545,0.2802356493327024,0.3582569731959756,0.3335690902127818,0.3473160947367585,0.3402304845996418,0.4125786570116347,0.3271623651287438,0.278176071756112,0.3540248347321208,0.2929675784815096,0.3539655445724693,0.2936260038799441,0.3448844584012451,0.2946226623036471,0.3498740909725196,0.3540551672169313,0.3452535141587206,0.321433598684641,0.3205664694981289,0.2570290137929901,0.3382145488897333,0.3134141253696135,0.2924879301302369,0.3500028378577497,0.3501598827585627,0.3376502587346793,0.267675988135978,0.3588833467645079,0.3558732071824788,0.3187551375486676,0.3051774887752084,0.3465499401615046,0.3139793288230142,0.3540393422121427,0.382381533513881,0.3269648757905442,0.3531069963391225,0.3567029503089337,0.3259405213763696,0.3463859639246656,0.3865175101991252,0.3790682434953387,0.422034252966508,0.3239439860467568,0.290518658676867,0.3542465957965744,0.36588899424777,0.3001514926073837,0.3532861844708242,0.3558671005155395,0.3052535807385254,0.2815425490580372,0.3579384087903537,0.333316663371253,0.3603861518115562,0.3208787638856018,0.2906970336606381,0.3223720643631171,0.3211921047231382,0.3625816035789287,0.3654747264587994,0.3471433461268943,0.3528436602180797,0.2910294779667159,0.3252837443707512,0.2686821846530833,0.4070588999787163,0.3528401893306419
0.3065434450623077,0.3621837351147315,0.3361450505561457,0.3563103264052271,0.2820137872743994,0.3078424279994258,0.3626576457464461,0.3603220575585291,0.3393177619584574,0.3722067982466561,0.2928537370372738,0.2796841645426576,0.9934283043169924,0.2171585494613316,0.3251594339052937,0.3511700208101836,0.3179322738793127,0.345873501612012,0.3594873991008805,0.4179587142265611,0.3216842491350382,0.3786758734962905,0.3048622329975146,0.3246975288351832,0.3430932984324475,0.3294939512957477,0.383986735135628,0.3700072366340121,0.3021403429759439,0.3620982742315124,0.3159380281368473,0.2803161232711015,0.3606297990284525,0.3332528413077097,0.3479418200374436,0.3397726965366223,0.4083234946681337,0.3266650671008531,0.2772982726181707,0.3541666528367586,0.2931289467109118,0.3542163832072558,0.2944289453905634,0.3436670328991467,0.293165181096924,0.3494006677764593,0.3531005737854191,0.3443090415008686,0.3199439312132106,0.3179418009657589,0.2619094997632319,0.3395821276415298,0.3128394266585553,0.2919743973353657,0.3492721666163822,0.34912325323254,0.3364191429019506,0.267243257621343,0.3585456640428531,0.3561146557742224,0.3181744670179408,0.3032066203785053,0.3459590346203492,0.3186690828979688,0.3542420714095785,0.3798125071959271,0.3278154650831539,0.3549203113944086,0.3568922877542251,0.3251132220331377,0.3464727267210614,0.387665195078764,0.3798111764808183,0.4246113581838835,0.3283950936649384,0.2939775665163839,0.3569862625362709,0.366206490744751,0.3068170717559531,0.352972644850081,0.3545541655632991,0.3034968985095894,0.2820330324479062,0.3579542777349381,0.3297826432577928,0.3605670201544314,0.3233005846807595,0.2935670970875064,0.3208799961416737,0.3247033770217596,0.361992518411108,0.3651322678596409,0.3488301586886494,0.3519304307883453,0.289317505976656,0.3212846853044854,0.2721986499723628,0.4097332178261264,0.3516696952040595
0.312575938336041,0.3623743869182312,0.335225503259932,0.3568578167762868,0.2831113227904251,0.3060870285304453,0.3628870202932366,0.3606207425733015,0.3400409833688322,0.3709708362270912,0.2938894844491496,0.2752720213570078,0.9980032913020488,0.2213180427888632,0.3308054863753082,0.3499929504018619,0.3050300334600256,0.340979047629813,0.3586752444382642,0.4179489053890808,0.3219399380367532,0.3759844850418058,0.3094762454698326,0.3295280858809207,0.3434175924105331,0.3333318612444027,0.383605284958405,0.368429711489233,0.3021222183584123,0.3633281386360663,0.3152463676409499,0.2813038010622725,0.3627268507424415,0.3330694486888274,0.3483382180878113,0.3392841810207479,0.4038348651290112,0.3261749318808155,0.2772236683462656,0.3541964120737168,0.2939591483059799,0.3544988919085821,0.2958996165011749,0.3424756385994317,0.2920712287931587,0.3489327229294834,0.3521287627747423,0.3434170977545964,0.3184359331958696,0.3151142498843728,0.2666998207753278,0.341047388993971,0.3121353210837722,0.2918032506767217,0.3485467719125114,0.3479502041056691,0.3352522932034605,0.2675686398726014,0.3582496794685371,0.3563796843396068,0.3175312701874441,0.3008028577537759,0.3453346925552688,0.3235442398419753,0.3542713635893651,0.3773781368076221,0.3283690673748413,0.3565097639492289,0.3569728942249308,0.3242902775676091,0.3464118635492246,0.3883574887846865,0.3805538552833426,0.4274041081510547,0.3325211373282816,0.2984291095643028,0.3593114830876197,0.3662709501413204,0.3134780942502504,0.3527922753868998,0.3532800255404167,0.3016996515866073,0.2834472398344508,0.3577403881737013,0.3257378314713144,0.3607291346232759,0.3256369932843078,0.2965111953017194,0.319352903454877,0.328270936126777,0.3615222427654506,0.3649185397400176,0.3504329525478692,0.3509100534534149,0.2875357782022998,0.3173801909754177,0.2767700683126622,0.41182515763611,0.3507531230195895
0.3183880634231942,0.3623863236747975,0.3344230416185092,0.3572633360066129,0.2842823932453142,0.304096757631748,0.3632517823658795,0.3610285605754241,0.3407718379846218,0.3706828566289064,0.296192769824298,0.2709932441868989,1.0,0.2251417392447915,0.336093095074409,0.3487970629428785,0.2933766334456146,0.3351730683963427,0.3577849733006318,0.4173924029514163,0.3229866265119692,0.3727404228417952,0.3152867857908167,0.3340287224841566,0.3433753472919292,0.3368233295192698,0.3831748697940908,0.3655739854955755,0.3021139449203959,0.3642881910567048,0.3145422305478303,0.2832463559192155,0.3645315659790933,0.3330165853708723,0.3485095925094154,0.3387364638941066,0.3991531541441303,0.3256991635421858,0.2780395608236284,0.3541144983705357,0.2955019368380359,0.3548080757457828,0.2980360472879755,0.3413397358166383,0.291438044122355,0.3485016735604977,0.3511782579638128,0.3425804361877754,0.3169273010782426,0.3120941525231794,0.2713247795684304,0.3426010582254064,0.3112576439799891,0.2921255005146929,0.3478562055305113,0.3466288004019994,0.3341602410505188,0.2687523348359089,0.3580067722922281,0.356641236046178,0.3168495955151996,0.2980124520811663,0.3446674612948729,0.3284806060859355,0.3541175330085381,0.3751320767495051,0.3285857170165633,0.357917404739736,0.3569304518279681,0.3234314533457433,0.3460131980939319,0.3886126670695802,0.381285799268956,0.4303884464457934,0.3362737634007591,0.3037813081384483,0.3612984163224756,0.3660881035117467,0.3198377311316704,0.3527464421548553,0.3520783996447897,0.2998661287979586,0.2858561585280866,0.3572969595019963,0.3212759070756196,0.3608385166389432,0.3276673708823779,0.2997036103504365,0.3177971533721857,0.331817048226134,0.3611652112041484,0.3648415837413429,0.3519749379150355,0.3497934814846496,0.2856658743522451,0.3136763682633145,0.2822640341115341,0.4133710429291135,0.3501693332342036
0.3238476634806513,0.3622338993137793,0.3336971253223563,0.3574816781388337,0.2855337709874445,0.3018856579744033,0.3637428633218788,0.3615515352786442,0.3414954612430025,0.3713150666871186,0.2997164969478193,0.2669153417889121,0.9997570496042796,0.2286181761398957,0.3408965667075653,0.3476272375942598,0.2830158236047772,0.328538483002626,0.3568927156874725,0.4162167266768409,0.3247299764679422,0.3689648486808419,0.3221831544810299,0.3381198966167921,0.3429980749085008,0.3399639078825056,0.3827126891744075,0.3615226050026668,0.3020763425969431,0.3649724566548619,0.3138112580087906,0.2861296539268022,0.3660352032003355,0.3330939147151087,0.3484736901601007,0.3381113653087649,0.394321137041032,0.3252318400599671,0.2797889902124235,0.3539248495899407,0.2977657892870653,0.3551374992243826,0.3007936277910756,0.3402827268480595,0.2913483384832202,0.3481336546949959,0.3502876713995013,0.3417959644803376,0.315433706597557,0.308909331835565,0.2757370911056709,0.3442239588605598,0.3101609261373775,0.2930719480586248,0.347225662358285,0.3451556452259,0.333143217873859,0.2708448441539557,0.3578252229267905,0.356871870503709,0.3161510038859015,0.2949181857703557,0.3439498032681787,0.3333628752500051,0.3537680198167744,0.3731080147171009,0.3284356062445412,0.3591708303491021,0.3567560543298719,0.3225035530623708,0.3450920466229227,0.388468105254765,0.3819960175507337,0.4335226232863713,0.3396383015981399,0.3098852847116772,0.3630098040128912,0.3656729974252246,0.3256269905285531,0.3528242769507466,0.3509648757591463,0.2979942599040155,0.2892830003871943,0.356645555223482,0.3165306996754945,0.3608528963100117,0.3291884934919706,0.303333423305335,0.3162219775622426,0.3352977218861397,0.3609096114177187,0.3648932003522637,0.3534553447875589,0.3485941216588072,0.2837040660101156,0.3102458266632861,0.2884935229246411,0.414378725088982,0.3499820219266107
0.3288539386794737,0.3619355891962692,0.3329948585626231,0.3574802545510621,0.2868713887257276,0.2994808143138003,0.3643407622394186,0.3621890145318812,0.3421917938749281,0.3727074527940615,0.3043234050860521,0.2631429322524547,0.9935159752164554,0.231780511904071,0.3451360780764746,0.3465353485940125,0.2738882936855421,0.3212057162179107,0.3560814085830534,0.4143834875695805,0.327065192328302,0.3646831939885269,0.3300152138978571,0.3417639366217146,0.3423330604729778,0.3427755968759529,0.3822387431451964,0.3565761535221,0.3019504905181289,0.365378357552812,0.3130299581449441,0.2898786276219279,0.3672420763818492,0.3333021270413942,0.3482498767214503,0.3373998754025515,0.3893844761104106,0.3247613922262923,0.2824721314718983,0.3536373104501831,0.300719052223199,0.3554775753853899,0.3040870187982568,0.3393190452457588,0.2918661398583663,0.347849383199922,0.3494825444106735,0.3410531631477589,0.3139705007921914,0.3056099579177962,0.279918317369529,0.3459002858605234,0.3088067893139808,0.2947454795888791,0.3466715696930454,0.3435376604264868,0.3321925404129853,0.2738437549522542,0.3577129440522097,0.3570460965267526,0.3154507910724697,0.2916365852201886,0.3431793136144264,0.3380879047535836,0.353217990410293,0.3713122075728472,0.3279000734369292,0.3602843729978028,0.3564420138197708,0.3214872636071235,0.3434929561536641,0.3879776121354521,0.38267362115157,0.4367617880058564,0.3426369860875903,0.3165412004998409,0.3644878344141588,0.3650511649349035,0.3306272926952815,0.3530130422271284,0.3499385458636964,0.2960791946239067,0.293688480260973,0.355818421562121,0.3116695710326597,0.3607356918747834,0.3300349974193464,0.307576426525897,0.3146434487482903,0.33869528401844,0.3607474453529688,0.3650454823091512,0.3548500322487405,0.3473352316390712,0.2816651607152638,0.3071230464488034,0.2952360857383028,0.4148311267166888,0.3502379627423845
0.3333474406106046,0.3615142554383951,0.332265272892466,0.3572522152631966,0.2882927514906756,0.2969311858493739,0.3650123058534881,0.3629376641008022,0.3428496748521725,0.3745893787274966,0.309802456322136,0.2598224314456334,0.9758447160120308,0.23468780429003,0.3487757951619339,0.3455790650230096,0.2658675761453963,0.3133545411893224,0.3554193666408092,0.4118920524511281,0.3298853598362248,0.3599154671482051,0.3386019595150431,0.3449586765518985,0.341424729171626,0.3452898714825425,0.3817805897400149,0.3507750517135246,0.3016678534237056,0.3655109198322661,0.3121725858435658,0.2943730483524207,0.3681677369771938,0.3336398107063325,0.3478560187375022,0.3366094492938221,0.3843861851451457,0.324273774082232,0.2860404284228081,0.3532615732174464,0.3042901940668983,0.3558155212799651,0.3077986893698421,0.3384465768116376,0.2930275618255946,0.3476671068855391,0.3487734124420897,0.3403346753932948,0.3125495435327551,0.3022752255372144,0.2838760002199102,0.3476263863983168,0.3071801653478365,0.2972146109044322,0.3462053200186728,0.341795408690574,0.3312904792192082,0.277704813770152,0.3576796124326093,0.3571373431179458,0.3147606808895973,0.2883204769027205,0.3423551665231003,0.3425693788820481,0.3524778005313355,0.3697293431511095,0.3269771853591927,0.3612628166640483,0.3559802010726985,0.3203756336306617,0.3411133746410459,0.387209387963295,0.3833078705164909,0.4400609419107687,0.3453141889673227,0.3235154495836465,0.3657538780985983,0.3642629931446019,0.3346939421812451,0.353306361826942,0.3489876631807909,0.2941081601295919,0.2989699768801123,0.3548504334936751,0.3068848632857369,0.3604643530803265,0.3300980379960028,0.3125618897070917,0.3130848794237197,0.3420112335374203,0.3606739050223227,0.3652559156887427,0.3561146623450419,0.3460484423866896,0.2795781465063208,0.3043098147289582,0.3022523526695296,0.4146968939822619,0.3509614905410838
0.3373115050180706,0.3609979427541031,0.3314713148711666,0.3568113241925095,0.2897848959622802,0.2943115373521275,0.3657126532325223,0.3637896952604838,0.3434651417268896,0.3766209275539595,0.3158914802781006,0.2571249497438442,0.9438178828370052,0.2374096893175553,0.3518245152450009,0.3448140826519172,0.2587982736616385,0.3052101308657863,0.3549504734716386,0.4087872891785446,0.3330913413421298,0.3546751106005031,0.3477387517946601,0.3477334621456577,0.3403188343760096,0.3475436907916143,0.3813625264703025,0.3436467894625608,0.3011578099560651,0.3653819175602446,0.3112171560819259,0.2994574445623457,0.3688307056936079,0.3341017619675185,0.3473146349020349,0.3357701137149629,0.3793656383368184,0.3237525496190355,0.2903898983726096,0.3528021063471996,0.3083732823166852,0.3561338088026155,0.3117896839491778,0.3376475864952652,0.2948309233583349,0.3475991561682335,0.3481655410435327,0.3396209900713436,0.3111770087941747,0.2990149971541296,0.2876393706226508,0.3494147026581773,0.3052896252242228,0.3005002659035916,0.3458325986451048,0.3399610359650317,0.330411351487437,0.2823427424518224,0.3577319658772974,0.3571172566147968,0.3140909145677316,0.2851518679165505,0.3414760529122236,0.3467434305743778,0.3515702897911366,0.3683325091431261,0.3256818390855339,0.3621040231928303,0.3553669507409472,0.3191714013019066,0.3379179935160359,0.386243011566285,0.3838896329135384,0.4433527943644975,0.3477159223385417,0.3305660688937754,0.3668122900548749,0.3633596814695455,0.3377649604891806,0.3536952880565168,0.3480912819452951,0.2920552339679361,0.3049718747645525,0.3537780706478476,0.3023735819666488,0.3600241769285595,0.329331921998119,0.3183429752387515,0.3115682684755235,0.3452581943132135,0.36067877343422,0.365473029712857,0.3571953546684074,0.3447635912990359,0.277492550577109,0.3017795312342797,0.309303999538605,0.4139446912976145,0.3521500094582817
0.3407607823168497,0.3604188962837992,0.3305891129939303,0.3561797968459004,0.2913251692411046,0.291715352722146,0.3663875005463102,0.3647289870211895,0.3440281800157018,0.3784431632693489,0.3222979331014269,0.2552205408799369,0.8977270399620612,0.240017677470169,0.3543319352065993,0.3442910729604561,0.2525344014871602,0.2970216321342026,0.3546978316972365,0.4051685579167417,0.3365925399608307,0.3489775828974408,0.3572079043229972,0.3501411895447873,0.339064673683407,0.3495773271286909,0.3810001223813695,0.3346550150945401,0.3003502739755901,0.3650103981194366,0.310147375342134,0.3049441456448487,0.3692510944333675,0.3346802916529502,0.3466509273338898,0.334927327100214,0.374363118140768,0.3231839769529832,0.2953701099404877,0.3522627471766104,0.3128380291797575,0.3564092101163408,0.3159087170610676,0.3368987084612904,0.2972389402794495,0.3476442525473587,0.3476631866202317,0.3388945151716253,0.30985352201539,0.295961939157193,0.2912534930198862,0.3512983320986925,0.303163745629268,0.3045666313228246,0.3455497644177391,0.3380718997692697,0.3295260914607009,0.2876254400595083,0.3578688041231315,0.3569621411800188,0.3134464687637837,0.2823243658404102,0.3405467152609254,0.3505699108353535,0.3505256941040505,0.3670843649067001,0.3240390906796641,0.3627996346802152,0.354610148173228,0.3178892631769658,0.3339383475706962,0.3851670728073825,0.3844117726523275,0.4465277907711683,0.3498851577609314,0.3374618323185258,0.367656390204934,0.3623911801454242,0.3398512690408927,0.3541612095658986,0.3472187112249112,0.2898899477355493,0.3114951027925465,0.3526385603107778,0.2983132044385106,0.3594051423500909,0.3277516235156063,0.3248876144627876,0.3101071889391245,0.3484506025021637,0.3607467669274948,0.3656374975410514,0.3580429519813277,0.3435054660920685,0.2754931018485816,0.2994765507329182,0.316175441969091,0.4125558460034276,0.3537776451831977
0.3437310039843184,0.3598092723156975,0.3296020384574732,0.3553871617788255,0.2928821631978776,0.28925144398121,0.3669725098210287,0.3657309538839656,0.344523828612354,0.3797246074148623,0.3287227866939418,0.2542665814992509,0.8389889533718936,0.2425782822832337,0.3563735098368862,0.3440582656543016,0.2469739096824265,0.2890409312538656,0.3546621352981159,0.4011902630656319,0.3402993978280922,0.3428441307144049,0.3667925823088553,0.352242426135015,0.3376966868020983,0.3514230303248054,0.3807089587804396,0.3238122493231527,0.2991850844965193,0.364423944600077,0.3089583928611598,0.3106276897122871,0.3694577811860891,0.3353654942615244,0.3458809353028254,0.3341299931777629,0.369419316637643,0.3225624194066195,0.3008067870735727,0.3516521177704521,0.3175402981527594,0.3566171107868945,0.3200042767746506,0.3361758282032767,0.3001897554693163,0.3477874214476675,0.3472621519033788,0.3381399254400906,0.3085737364110816,0.2932602490006177,0.2947710523015868,0.3533347254440052,0.3008617008109106,0.3093267082000688,0.3453497287804501,0.3361679790866475,0.3286062625235684,0.2933870016099189,0.3580819862171205,0.3566595348212795,0.3128215354488625,0.2800281627174076,0.3395826061240978,0.3540260273164337,0.3493839719284169,0.3659327824277538,0.322080266383325,0.3633355658796258,0.3537290628528787,0.3165577330410762,0.3292645130894228,0.3840763129601667,0.3848655263951718,0.4494385420349343,0.351866556036,0.3439910729053527,0.3682752631969232,0.3614022536455289,0.3410214075066307,0.354684087956369,0.3463352782181787,0.2875932087097789,0.3183094531311129,0.3514637747568191,0.2948465817847101,0.3586094264833423,0.3254267646942118,0.332086658288232,0.3087079256199251,0.3515971188157852,0.3608671036455816,0.3656851084729092,0.3586222397533501,0.3422996143321715,0.2737032889916829,0.2973206358102782,0.3226949597675033,0.4105335381091212,0.3557999408736693
0.3462742810636419,0.3591970620591016,0.3285017585683756,0.3544744264003093,0.2944155559647913,0.2870498715566074,0.3673982551644475,0.3667641994285158,0.3449477650680905,0.3801979938738356,0.3348906209080992,0.2543992873566378,0.7695089215914545,0.2451508998024797,0.3580327242343407,0.3441589767365676,0.2420789129054601,0.2815193657340789,0.3548135788836882,0.3970545962419337,0.344118595631972,0.3362997564575676,0.3762896342657189,0.3540910246849439,0.3362191522276396,0.3530975885438795,0.3805111210334613,0.311731172263316,0.2976267359658811,0.3636544941020603,0.3076642079034465,0.3163124851626062,0.3694883295631785,0.3361412845480366,0.3450081635168151,0.3334287159655679,0.3645679596356462,0.3218895988550792,0.3065189355857097,0.350980368961695,0.3223298957013212,0.3567367923057992,0.3239417370273342,0.3354506019193263,0.3036005189877773,0.3480085211811262,0.3469433943291544,0.3373443173998899,0.307327062157526,0.2910578608223168,0.2982442889367303,0.3556008149686327,0.2984810328550349,0.3146541743463031,0.3452303590212045,0.3342925702872791,0.3276259876962646,0.2994577479084695,0.3583583513823926,0.3562068585582474,0.3122004542298155,0.2784391881571136,0.3386020519067456,0.3570973808233197,0.3481991904929367,0.3648115079863037,0.3198457024822792,0.3636957254930103,0.3527459477415477,0.3152134537383065,0.3240382603922394,0.3830616127558328,0.3852391016381025,0.4519108873314484,0.353700160817354,0.3499735635755921,0.368658903349794,0.3604383524803944,0.341388945164889,0.3552471543345941,0.3454129654999989,0.2851630976916015,0.3251762585573878,0.3502737550467206,0.2920730742024235,0.357653776291812,0.3224699973691265,0.3397596872633623,0.307370845747463,0.3546975465406189,0.3610353575110561,0.3655568252732443,0.358916286719569,0.3411717180996089,0.2722749638193073,0.2952203531827007,0.3287458010037344,0.4079096406977511,0.3581511057480195
0.3484507576811082,0.3586066643740359,0.3272945715275147,0.3534875493607809,0.2958743863279405,0.2852595603387285,0.3676046298509843,0.3677923822940221,0.3453102611697706,0.3796860345174696,0.3405758905203701,0.2557083904156862,0.6928310123383217,0.2477954403399978,0.3593917566416794,0.3446227973255216,0.2378776354927658,0.2747073836791802,0.3550960008313702,0.3930013802885781,0.3479505538905404,0.3293775042938333,0.3855170593039571,0.3557298984718474,0.3346174374283511,0.354607601506525,0.3804312296289918,0.2992562056599405,0.2956711475808988,0.3627329891198382,0.3062980522716723,0.3218337127670975,0.3693771891558462,0.336982005126045,0.3440333086621295,0.3328781842210523,0.359832522194234,0.321174806807654,0.3123247703524407,0.3502547796932715,0.3270592754470068,0.3567498717015479,0.3276153493377053,0.3346913883470139,0.3073637696986294,0.348287439846313,0.3466777487222114,0.3365003793886337,0.3061011957164037,0.2894978692462321,0.3017191953765377,0.358177743228,0.2961455104875328,0.3203906199534997,0.3451893814310348,0.3324892480482129,0.3265662720789906,0.3056821109952372,0.3586773662399874,0.3556056502954329,0.3115661274000038,0.2777024977527447,0.3376166776634319,0.3597749011005917,0.3470334272484056,0.3636452426566686,0.3173849652656251,0.3638696215546573,0.3516804400905658,0.3138919904732449,0.3184462086528895,0.3821955361807927,0.3855255077953438,0.4537432821616137,0.3554086738174026,0.3552808165686501,0.3688012415899904,0.3595434057859476,0.3410964068688246,0.3558261173935743,0.344435163831426,0.2826110370819026,0.3318720143172309,0.3490768689373915,0.2900374887066342,0.3565607719569546,0.3190195822829393,0.3476596054990076,0.3060862958992942,0.3577445040186688,0.3612446749796972,0.3652095502053504,0.3589314546289587,0.3401369271021529,0.2713780565645524,0.2930847444991372,0.3342666482318026,0.40474809460857,0.3607424448044106
0.350317815725957,0.3580617801337635,0.3260010812198195,0.3524643140587666,0.2971970945715527,0.2840286835991039,0.3675518529519733,0.368779333437109,0.3456230051454128,0.378113542535315,0.3456162480350659,0.2582100653987694,0.6138781581433314,0.2505829848513492,0.3605258938337983,0.3454611137024871,0.234455303236702,0.2688354995129494,0.3554463962840995,0.389293118639252,0.3516797536229552,0.3221279501967308,0.3943154757412286,0.3571916632419399,0.332876255198003,0.3559525861621533,0.3804947571032784,0.2872675540672922,0.2933447804665255,0.3616923924406201,0.3049107025317065,0.3270620419915243,0.3691500290325729,0.3378555315399553,0.342959876935763,0.3325268248706748,0.3552313327160749,0.32044063762985,0.3180510077126922,0.3494845369992062,0.3315965530797818,0.3566364617742427,0.3309481898028942,0.3338721592450471,0.3113544181371338,0.3486020899549456,0.3464357185511985,0.33560948772498,0.3048833140923018,0.2887028737237448,0.3052309174252058,0.3611324020504982,0.2939924771787758,0.3263533311472765,0.3452146680258821,0.3307974734476027,0.3254207797010531,0.3119177282055156,0.3590093744032401,0.3548605302520612,0.3109072222106152,0.2779117272789961,0.3366350667052644,0.3620574512755417,0.3459417677665646,0.3623512721090509,0.3147468915557581,0.3638576388407154,0.3505535204090257,0.312623859632709,0.3127055110736823,0.3815275794680251,0.3857304420482256,0.4547118883443198,0.3569986024763516,0.3598473461381428,0.3687034495417017,0.3587461299165307,0.3402922606536516,0.3563833612609615,0.3433933033951944,0.2799635951512845,0.3382013053447585,0.3478746812671889,0.2887218640962166,0.355354695459914,0.3152231160257494,0.3554976256955857,0.3048323191099505,0.3607280297932476,0.3614819170840359,0.3646201107569658,0.358700925598762,0.3391948833171335,0.2711927380099478,0.2908261955934919,0.3392479786960667,0.4011419984598366,0.3634717442449066
0.3519274961739191,0.357584586974273,0.324645930205791,0.3514314128304647,0.2983174981220713,0.2834860374590767,0.3672178588733502,0.3696951896787851,0.3458921708595602,0.3755031144795893,0.3499173017058909,0.2618441210971388,0.5368745582597281,0.2536008171564956,0.3614935381045812,0.3466703422836329,0.2319376757329419,0.2640875213946131,0.3558103772006417,0.3861942008343224,0.3551622688624363,0.3146223337059994,0.4025482501299448,0.3584960582780472,0.3309777123170447,0.3571182346295721,0.3807347109264731,0.2767049445046627,0.2907065117968378,0.360573904948985,0.3035761378828043,0.3319043949739949,0.3688331264589452,0.3387287857258276,0.3417885785002782,0.3323986612134256,0.3507814279992489,0.3197225216445351,0.323552229397732,0.3486886654779023,0.3358367657536916,0.356380112397703,0.3338898808236706,0.3329767588412733,0.3154495049169727,0.3489290092063397,0.3461920833448804,0.3346806529574926,0.3036565537703686,0.2887583018587616,0.3088002955432945,0.3645027827588851,0.292175020401911,0.3323519286507547,0.3452891012575705,0.329254214114848,0.3241953756770646,0.3180403210434558,0.3593194933459722,0.3539836353687801,0.3102164345399476,0.2790974016196471,0.3356716135733094,0.363951320377176,0.344963731389569,0.3608381707602708,0.311966444651369,0.3636684199573022,0.3493920234163835,0.3114346808756834,0.307044500193216,0.3810907323073914,0.3858655023534088,0.4545996361664197,0.3584718804425686,0.3636595581718161,0.36837775849172,0.3580549039674139,0.3391092070496725,0.3568800003015336,0.3422849121734733,0.2772714870562572,0.3440052576448033,0.3466648180605052,0.2880493582309781,0.3540673497997463,0.3112245549274067,0.3629862741345706,0.3035790815703927,0.3636403191536187,0.3617332559715577,0.3637860558959045,0.3582809412652136,0.3383367435397111,0.271892977491911,0.2883614810485879,0.3437244833995911,0.3972052565480083,0.3662335495324978
0.3533290511641001,0.3571914923588449,0.323248464676974,0.350411875797752,0.2991727542037548,0.2837373082772749,0.3665935473162109,0.37051654962414,0.3461275675569135,0.3719570739957673,0.3534556299780789,0.2664863700655262,0.4643062154810128,0.2569549190691564,0.3623283139345413,0.3482343504241544,0.230462225253984,0.2605907304583815,0.356142887078979,0.3839490288544761,0.358225149732778,0.3069517871742865,0.4101052783959541,0.3596476197079826,0.3288917411985101,0.3580771190333701,0.3811948217583507,0.2684387291989776,0.2878482908357599,0.3594229604701629,0.3023961367925851,0.336308478642319,0.3684604727565447,0.3395674413938537,0.3405148419822285,0.3324886492075047,0.3464944172591364,0.3190561837101786,0.3287261179404692,0.3478944878895324,0.3397041984530592,0.3559779688972047,0.3364213925093922,0.33199435529317,0.3195407394620577,0.3492500553123676,0.3459245291731264,0.3337265046578123,0.3023996182339959,0.2897049734645501,0.3124330454685745,0.3682873476181315,0.2908575079251649,0.3382085578148899,0.3454011160757243,0.3278968474145277,0.322902334737945,0.3239629187420501,0.3595729187689296,0.3529967907379017,0.3094837133466096,0.2812244852061873,0.3347430259267587,0.3654650397078629,0.3441273442754814,0.3590091697585847,0.3090603898402391,0.3633141599013413,0.3482233290251572,0.3103415900547558,0.3016903057022275,0.3809027123656692,0.3859341024903049,0.4532327185450898,0.3598269066442724,0.3667382457156835,0.3678486660253864,0.3574691368534411,0.3376506180646866,0.3572852455169593,0.341117473320763,0.27461163984623,0.3491735161182761,0.3454417363561863,0.287896163505959,0.352738274590282,0.3071495423603945,0.3698693313634007,0.302292969701863,0.3664786758183291,0.3619858106462513,0.3627303759794287,0.3577428934243345,0.3375505370841471,0.2736219757838267,0.2856182329454139,0.3477590106511405,0.393062479161639,0.3689186467627817
0.3545643096258568,0.3568913862227855,0.3218232435464302,0.3494273216072397,0.2997041741528781,0.2848620963179788,0.365689471051388,0.3712229533792547,0.3463490602757511,0.3676328118628047,0.3562759178066328,0.2719519907163053,0.397743677485549,0.2607730127814264,0.3630433493463694,0.3501218206794227,0.2301404164139609,0.2584188060210921,0.3564044755198311,0.382758881485963,0.360675706697294,0.299232541069392,0.4169077691786343,0.3606407836340803,0.3265857054538716,0.3588048370561132,0.3819221653838235,0.2629948378516972,0.2848824669358109,0.35827834417542,0.3014900198239848,0.3402616361399522,0.3680657277428666,0.3403324723676494,0.3391367255307812,0.3327728231649952,0.3423707019040692,0.3184680307744388,0.333513451382641,0.3471274683702449,0.3431500452792929,0.3554412172801729,0.3385573041741339,0.3309182583292759,0.3235320550898452,0.3495550732544359,0.3456125052375181,0.3327597885786597,0.3010943029365905,0.2915386408217953,0.3161204086897329,0.3724358772685861,0.2901912674713858,0.3437720469688829,0.345539891585231,0.3267577355497201,0.3215593455050941,0.3296453435141421,0.3597365953962632,0.3519274602571902,0.3086944862455414,0.2841880958928258,0.3338567087650871,0.3666091692951616,0.3434536039929071,0.3567713740396439,0.3060310536554629,0.3628132844516062,0.3470658174884069,0.309346304457918,0.2968662661138315,0.3809571691913941,0.3859322088515388,0.4505035073509181,0.3610501494424759,0.3691354707134814,0.3671506112173788,0.3569886903664462,0.3359833690259431,0.3575689463657835,0.3399103757796597,0.2720787704580777,0.3536507768715224,0.3442003383146113,0.2881023364521553,0.351404149037408,0.3030920152341195,0.375929472872883,0.3009357207121171,0.3692466613076282,0.3622209358240131,0.3615069790131906,0.3571681610098184,0.3368174784795298,0.2764730919541667,0.2825434732454153,0.3514222923364472,0.3888378305243722,0.3714130440872662
0.3556593311178844,0.3566877228779203,0.3203842308341453,0.3484906106947937,0.2998512240461575,0.2868972953520412,0.3645439970070135,0.3717988061561504,0.346577690843485,0.3627162030517125,0.3584745630255264,0.2779960159252105,0.3383651004003962,0.2651995263226682,0.3636418958113691,0.3522847960381911,0.2310291908735881,0.2575846431954056,0.3565607328913741,0.3827535982481339,0.3623046321086049,0.2916096941377985,0.4229069975007228,0.3614688335136145,0.3240455190654908,0.3592912418427095,0.3829569032047191,0.2604889711391968,0.2819213770481263,0.3571703176176577,0.3009766831206349,0.3437781660218639,0.3676737954161743,0.3409836169982455,0.337659943434107,0.3332129649557536,0.3383995534234248,0.3179775535956763,0.337891687534704,0.3464040340603129,0.3461529153950087,0.354785078326032,0.3403341064166509,0.3297519629827998,0.3273392860897503,0.3498361959370641,0.3452402368373293,0.3317913051459155,0.2997322717927007,0.2942076198868341,0.3198403804371262,0.3768433658730986,0.2902949506407544,0.3489254416364542,0.3456841050411518,0.3258559794727868,0.3201932197103822,0.3350796975691644,0.3597799928445739,0.3508032676931412,0.3078340162773373,0.2878090578393485,0.333009480009536,0.3674031739082391,0.3429503236791699,0.3540455195371674,0.3028675901957903,0.3621963424992895,0.3459271824617188,0.3084331240625353,0.2927868709737665,0.3812230362322203,0.3858629338440879,0.4463871695055647,0.3621193405185307,0.3709364031111736,0.366324861572232,0.3566100886359913,0.3341361172075062,0.3576963068915628,0.3386894265748366,0.2697789472965207,0.357429268835835,0.3429413897067676,0.2884829579262687,0.3500925770634708,0.2991135121680416,0.3809989777591798,0.2994648247879111,0.3719536712675861,0.3624119227511437,0.3601970925923223,0.3566433991447202,0.3361105590330745,0.2804800548712953,0.279108992911586,0.3547787932970286,0.3846419093626196,0.3736090025447465
0.3566259844949826,0.3565802660553728,0.3189424184831955,0.3476012355282731,0.2995501682640113,0.2898198820947425,0.3632160822770994,0.3722385346929235,0.3468248630047504,0.3573946584782698,0.3601726410262307,0.2843323041962224,0.2863773710342207,0.2703775103686781,0.3641212840625151,0.3546629983715711,0.2331222671017022,0.2580238346631652,0.3565768484756335,0.3839665974411482,0.362883460753401,0.2842458971250275,0.4280779518259387,0.3621274757130219,0.3212811526166543,0.3595344907298531,0.384324499909175,0.2608051724055783,0.2790655704477458,0.3561278704530991,0.300965390288859,0.3468852498671031,0.3673069466765317,0.3414890604827496,0.3360912899205598,0.333750687615544,0.3345629633308908,0.3175971061379787,0.3418721561133656,0.3457324422287581,0.3487182836007574,0.354024266284961,0.3417943707572812,0.3285096433019068,0.3309011561334521,0.3500838099488209,0.3448018476741599,0.330829004381552,0.2983136408925632,0.2976106853467762,0.3235633823286551,0.381352624273806,0.2912535353713362,0.3535901275196761,0.3458073240985505,0.3251983679809345,0.3188365615705413,0.340271494151526,0.3596785518305813,0.3496505452385684,0.3068890878648945,0.2918438845387843,0.3321967877648758,0.367876525173487,0.3426037840639313,0.3507763019338534,0.2995440859295821,0.3615028406865838,0.3448098427548579,0.3075733379230239,0.2896427103512343,0.3816596170603801,0.3857395066781807,0.4409604972577864,0.3630189084436674,0.3722444387449502,0.3654167780782598,0.3563235535544145,0.3321056379213412,0.3576389253689775,0.3374798922791842,0.2678301715276374,0.3605366483596223,0.3416726711506245,0.2888437886069251,0.3488260861706898,0.2952553327109785,0.3849816809814933,0.297839100462602,0.3746127414065805,0.3625315794550371,0.3588950544411087,0.3562503501163431,0.3354026656601626,0.2856079973728246,0.2753154705456924,0.3578796107894924,0.3805608789678437,0.3754167188420472
0.3574704228121971,0.3565655193221145,0.317500153562389,0.3467514021682004,0.2987434060352765,0.2935477009607536,0.3617694819844664,0.3725440929161247,0.3470936925961509,0.3518343394347918,0.3614894323047518,0.2906651332840767,0.2409832809252835,0.2764277833486967,0.3644708706760747,0.357190546222922,0.2363506922458879,0.2595908912561164,0.3564033809922929,0.3863279068371175,0.3621744323919028,0.277303626805281,0.4324164069931299,0.3626132272078475,0.3183157948865234,0.3595361758088532,0.386026668548799,0.2637063754563545,0.2763997716116463,0.3551797621076472,0.3015522909916575,0.3496163344307183,0.3669936150713362,0.3418295203352883,0.3344320937473968,0.334309251063684,0.3308379191304498,0.3173203096473664,0.3454947652102267,0.3451161520642352,0.3508695671869117,0.3531796323496522,0.3429824372798956,0.3272070937217106,0.3341856198611894,0.3502897635146547,0.3443034172378548,0.3298785481290556,0.2968450333274158,0.3016047417372859,0.3272626387275025,0.3857688103595107,0.2931128326011585,0.3577268625251351,0.3458922548726518,0.3247844952473907,0.317516638957816,0.3452354235186028,0.3594169906459515,0.3484956013904679,0.3058438647575024,0.2960112314828437,0.3314152287346302,0.3680591470170695,0.3423833089486889,0.3469485864453452,0.2960270412186418,0.3607710966713976,0.3437137259011238,0.3067288776890917,0.2875854056285258,0.3822282161952058,0.3855701729189076,0.4344059176918929,0.3637453617974607,0.3731567142785882,0.3644720855743226,0.3561210071488698,0.3298684444700949,0.357384512619934,0.3363048821040038,0.2663600914747513,0.3630287364993817,0.3404062177761648,0.2889954958602101,0.3476232738168602,0.2915501868865028,0.3878583570461082,0.296023934363887,0.3772378757559515,0.3625586267412096,0.357692734169089,0.3560537879747675,0.3346745737054633,0.2917453624839177,0.271199167496101,0.3607553922721029,0.3766544171438367,0.3767622400109631
0.3581938994522968,0.356638265300812,0.3160528604320762,0.3459354209034208,0.2973918890659848,0.29795247989498,0.3602671782070295,0.3727167878969386,0.3473859921189767,0.3461682722762234,0.3625231635480998,0.2967109764578683,0.2014106578514307,0.2834330185044705,0.3646747194785232,0.3598014907655075,0.2405820351584057,0.2620721385675973,0.3559679304891172,0.3896717053017235,0.3599551994367596,0.2709391964806346,0.435940893702422,0.3629248277998517,0.3151797742937406,0.3593107057904924,0.388030500571475,0.2687881079216646,0.2739828043650952,0.3543469848889772,0.3028086993643292,0.3520064571617792,0.3667639963781757,0.3419938702625386,0.3326826568014941,0.3348099047779491,0.3271966756717593,0.3171165105132993,0.3488132492425147,0.3445537375103569,0.3526361862163045,0.3522822302456504,0.3439459708449569,0.3258571638738407,0.3371805685864097,0.3504491854970493,0.3437597374594011,0.3289441203949032,0.2953460327050101,0.3060209789234522,0.3309193838357878,0.3898824860667511,0.2958599180782016,0.3613342218276146,0.3459293177785292,0.3246023378855745,0.3162497380795371,0.3499950077910743,0.3589892380686982,0.3473638873908562,0.3046785035115944,0.300020164518652,0.3306546953673511,0.3679769073719657,0.3422561596289468,0.3426068345351346,0.2922966885961434,0.3600352674730502,0.3426349828119545,0.3058531354486203,0.2867217595369217,0.3828888649961589,0.3853501396438266,0.4269874068563825,0.3642970606195367,0.3737551843780571,0.363532895173025,0.3560022275492478,0.3273910904543545,0.3569310012575034,0.3351862261995028,0.2654964158592656,0.364980092599104,0.33915775767862,0.2887600424112157,0.3464925297135464,0.2880282192017481,0.3896638647177975,0.2939935233090076,0.3798424298802971,0.3624760973225837,0.3566698090325615,0.356095546203374,0.3339152125126962,0.2987080259396696,0.2668403669768253,0.3634100155825183,0.3729609499732442,0.3775833634949924
0.3587877637782894,0.356792640200908,0.3145960476006871,0.3451521819386868,0.2954820714167393,0.3028690288025675,0.3587739554134117,0.3727564003257776,0.3477021432301683,0.3404953287277148,0.3633373545815109,0.3022093304985996,0.1673913091848701,0.2914202987279727,0.3647208083220249,0.3624345416130879,0.2456274580666567,0.2651971674080284,0.3551864353375848,0.3937436659196155,0.3560388124783505,0.265302325610415,0.4386912669196902,0.3630691394384521,0.3119143637513256,0.3588918801441347,0.390260667163793,0.2754922049502313,0.2718333527635477,0.3536400376800869,0.3047648411774566,0.3540829350665433,0.3666408288005715,0.3419773602028861,0.3308494444273016,0.3351851820515455,0.3236072539108954,0.3169428142947129,0.3518796166958194,0.3440356636455889,0.3540486119619736,0.3513656797126926,0.3447285284354426,0.3244755132210036,0.3398834972782013,0.3505557355182942,0.3431897237517307,0.328027257868802,0.2938573625511438,0.3106786102043988,0.3345179906828944,0.3934948377309713,0.2994166542767348,0.3644439371734566,0.3459050742836008,0.3246188548140775,0.3150440979975946,0.3545699340344609,0.3583973099126825,0.3462761267632462,0.3033765850396133,0.3035923657124175,0.3298952948652497,0.367661487104057,0.3421957386208881,0.3378652543832891,0.288368025916316,0.3593298186282664,0.341566785840412,0.3048946921734614,0.2871079684647902,0.3835989266788095,0.3850735337100001,0.4190143164656293,0.3646686942304614,0.3741122917810751,0.3626357620456931,0.3559692501678411,0.3246399225426239,0.3562801503757257,0.3341419570857378,0.265358961753642,0.3664674539132843,0.3379478794891147,0.2879750116630231,0.3454300989234184,0.2847254098111272,0.3904653565264611,0.2917354112477102,0.3824364250185162,0.3622687782959722,0.3558869937225029,0.3563940685021158,0.3331203993983047,0.3062585092155221,0.2623704738521758,0.3658228508609042,0.3695014247467201,0.3778399988173112
0.3592369954989718,0.3570199517762658,0.3131252469962164,0.3444004611045557,0.2930301885483697,0.3081023482855125,0.3573505382181295,0.3726671673907201,0.3480344640824599,0.3348828804277302,0.3639506478609501,0.3069363027797779,0.1385006594441264,0.3003409339021656,0.3646077327170953,0.3650363027400827,0.2512682132875005,0.2686438203701656,0.3539831723430475,0.3982130029635629,0.3502801659732313,0.2605219637929237,0.4407211428101595,0.3630631665129826,0.3085726992283731,0.358322667626725,0.3925958282040779,0.2832437976102159,0.2699284300887661,0.3530638514705172,0.3074045742025091,0.3558572625892201,0.3666402425693026,0.3417873217476986,0.3289426632868815,0.3353797754894069,0.3200353279483827,0.3167558201700777,0.3547380797090774,0.3435423009837928,0.3551375897732313,0.3504568566699456,0.3453584742282887,0.3230832928072615,0.3423032727008265,0.3505983971047657,0.3426151859692696,0.3271250046370341,0.2924397254469679,0.3153936176629143,0.3380433933295673,0.396441262513617,0.3036574585629072,0.3671086810847617,0.3458047881839393,0.324781906064671,0.313900017040763,0.3589589033156368,0.3576519171167372,0.3452452299328624,0.301935104120947,0.3064851643140668,0.3291159097551435,0.367157570738306,0.3421785674455631,0.3329023714744678,0.2842997056800134,0.3586869821532163,0.3405028149263491,0.3038046314813398,0.2887335762354373,0.3843245752682133,0.3847436039991368,0.4108093377410351,0.3648607329139166,0.3742881958894296,0.3618106477540222,0.3560211627296515,0.3215948985941426,0.3554433133008314,0.3331816694418109,0.266057651862129,0.367557174469326,0.3367984958492982,0.2865033758130074,0.3444253414930575,0.2816951581128144,0.390360886667837,0.2892583483355869,0.3850203704815419,0.3619251295925188,0.35537633727268,0.356944483452619,0.3322949014390169,0.3141294179824726,0.2579762029314715,0.3679591306838958,0.366279230374253,0.37752730211443
0.3595308596450128,0.3573075700575119,0.311629130423584,0.3436743771912069,0.2900919493342271,0.3134445098876707,0.3560405613036314,0.3724566040216999,0.348363968894307,0.3293702544627879,0.3643326067502821,0.3107186884270272,0.113815337311473,0.3100623249414955,0.3643432677505008,0.367560904086974,0.2572907656423062,0.2720527334588136,0.3522977448859894,0.4027070734844063,0.3425829228077106,0.2566837670827789,0.4420922337180523,0.3629273757366201,0.305214095986403,0.3576441006591854,0.3948690825196702,0.2915261858578447,0.2682186287642128,0.3526192222005916,0.3106709590229184,0.3573272678255014,0.3667772137302766,0.3414457394438457,0.326968054798062,0.3353535375943766,0.3164481974893807,0.3165091166562865,0.3574230077052366,0.343046849292401,0.3559295083888789,0.3495755410063129,0.3458508447191528,0.3217000786517599,0.3444623465327149,0.3505645548944653,0.3420609278663006,0.3262311744654233,0.2911663872261571,0.3199900128015072,0.3414904969448416,0.3986113473644819,0.3084253185952431,0.3693840536602152,0.3456253572454414,0.3250318778343606,0.3128052608372442,0.3631347942735878,0.356773174594785,0.3442768729610168,0.3003697165983443,0.3085190448489725,0.3283022838155726,0.3665124911854853,0.3421844958803707,0.327948225365002,0.280198760590052,0.3581267991814585,0.3394392771410191,0.302540625778859,0.2915070810088792,0.3850474603405294,0.3843641550043103,0.4026733743217051,0.3648884973808177,0.3743193106671845,0.3610784973482687,0.3561597372872789,0.3182625987026645,0.3544459537154698,0.3323051436842652,0.2676888097130244,0.3683037645634652,0.3357257757596992,0.2842443101003508,0.3434619297032211,0.2790123064012615,0.3894762924742091,0.2865968152770819,0.3875805365265202,0.3614401656477803,0.3551296210119987,0.3577202533990894,0.3314525430594885,0.3220432305383555,0.253899503136005,0.3697800917438322,0.363284042842341,0.3766719665053649
0.3596657989885445,0.3576439506369858,0.3100894807555457,0.3429643138164538,0.2867780991821688,0.3186990185537184,0.354866989565599,0.3721258234823421,0.348665174560431,0.323977329669588,0.3644082100399493,0.3134357823454762,0.0926139572472775,0.3203795536571745,0.3639386656216701,0.3699683239534083,0.2635096898042254,0.2750572081460307,0.3500823047833442,0.4068619220527307,0.3329153125919858,0.2538220070470158,0.4428743271976594,0.362677405173115,0.3018995635338678,0.3568987615588242,0.3968773769065387,0.2998339240541237,0.2666461026636028,0.3522996142974066,0.3144700825223293,0.3584872046145775,0.3670632672515997,0.3409814436945048,0.3249256229820025,0.335094098959339,0.3128200808168497,0.3161530665296908,0.3599516591848921,0.3425227739678169,0.3564421080558974,0.3487378297118717,0.3462187790292564,0.3203391731258431,0.3463863306329155,0.3504420011423843,0.3415509433693637,0.3253400041549361,0.2901194285749535,0.3243148562838498,0.3448720934203543,0.3999617119101913,0.3135351403287916,0.3713180714348937,0.3453750135517953,0.3253065490945124,0.3117366067332699,0.3670507922157583,0.3557893769738487,0.3433718091752254,0.298717708787535,0.3096014241872743,0.3274445676201766,0.3657638384934407,0.3422076691310164,0.3232722818651432,0.2762308588922118,0.3576568753795882,0.33837595686581,0.3010673132414239,0.2952620926366151,0.3857543316450105,0.3839294207233145,0.3948441040676979,0.3647781150606018,0.3742209888201117,0.3604499714814657,0.3563941694504253,0.3146792151561076,0.3533203503017696,0.3315045816113824,0.2703267729781859,0.368749805173063,0.3347376786352588,0.2811381246985219,0.3425137420751609,0.2767670297839212,0.3879424082265651,0.2838108183279123,0.3900932231284346,0.3608168712323376,0.3550912017397354,0.3586788952102891,0.3306115559839826,0.3297314807449663,0.2504303587979956,0.3712511326261754,0.3605038531625221,0.3753204624527999
0.3596405007632133,0.3580235109862192,0.3084896417182092,0.3422611648481372,0.2832668212286012,0.3236993796665104,0.3538388817068966,0.3716661722965775,0.3489138255823781,0.3187176098101258,0.3640689783216815,0.3150110049862057,0.0749452450217758,0.3310338122650184,0.363405518825261,0.3722262464539033,0.2697759122194934,0.2773126691317733,0.3473167386937096,0.4103614353977479,0.3213229121081192,0.2519264555102404,0.4431432970486214,0.36232361317802,0.2986900759906403,0.356135840331278,0.3984008674054691,0.3076679577216911,0.2651560622054686,0.352093887968834,0.3186731317178238,0.3593353553601026,0.3675003471070877,0.3404215423874477,0.3228168312589241,0.3346218261381904,0.3091353778245466,0.3156503341400247,0.3623168448323329,0.3419512803458957,0.3566882125386509,0.3479547218076768,0.3464763307668028,0.3190113547812833,0.3480916945618623,0.3502171347868041,0.3411020414813511,0.3244472657049923,0.2893885152795121,0.3282481582031664,0.3482100681905631,0.4005188328585003,0.3187864337790672,0.3729535304282882,0.3450615506228461,0.3255381201982707,0.3106666561713526,0.370645474894048,0.3547348395830416,0.3425260727506745,0.2970422714784895,0.3097385642867893,0.3265309899389771,0.3649440493128471,0.3422637956874742,0.3191656223724265,0.2726249528738012,0.3572843868114888,0.3373181427661446,0.2993614743864883,0.2997792109372659,0.3864278842260749,0.3834308186766337,0.3874673996848085,0.364558083562939,0.3740045890276679,0.3599288535857999,0.35673217151638,0.3109067336663473,0.3520989413234069,0.3307658746072969,0.2740186916922028,0.3689218072679542,0.3338359565313943,0.2771693454782312,0.3415468911992365,0.2750570924151693,0.3858735289253421,0.2809875806398447,0.3925345117482533,0.3600666761727883,0.3551581294310636,0.3597678570543277,0.329790041496359,0.3369566674580226,0.2478897870214102,0.3723518269217171,0.3579368961955599,0.3735396817735875
0.3594574797769373,0.3584423790927416,0.3068164371444538,0.341557523978865,0.2798036993720417,0.3283178880311645,0.3529532177171853,0.3710669955171287,0.3490895186782396,0.3136059063287555,0.3631870528549064,0.315406015180014,0.061245035671082,0.3417277425163248,0.3627575688183793,0.3743138629934717,0.2759831345309658,0.2785157096345516,0.3440467842303785,0.4129595593452954,0.3079293714473648,0.2509451057550448,0.4429725040494748,0.3618769386942663,0.2956433549975017,0.3554024611786168,0.3992227356862463,0.3146461273339401,0.2637075300815078,0.3519936480243759,0.323128052963307,0.3598749923913216,0.3680799470001246,0.3397922960577567,0.3206492306234388,0.3339765325322728,0.3053889331957999,0.3149887960567699,0.364490035341898,0.3413248082611625,0.3566811153868354,0.3472288005708109,0.3466320453635926,0.3177256565763958,0.3495869632240413,0.3498779682431485,0.3407211689360355,0.3235484612327187,0.2890640595966631,0.3317033575834048,0.3515220013260863,0.4003734869746686,0.3239901329954721,0.3743287205553509,0.3446907642360838,0.325657195504669,0.3095634115391678,0.3738462500816289,0.3536476352222634,0.3417288381834752,0.2954333809168861,0.3090342203804303,0.32554842563249,0.364089898861376,0.3423805929697188,0.3159074333065617,0.2696561355982175,0.3570208433649919,0.3362754347761335,0.2974234153107281,0.3048035551592105,0.3870529498058109,0.3828677214400654,0.380592977430044,0.3642580288506706,0.3736830553239184,0.3595165805429281,0.357166961437396,0.3070330690171819,0.3508167596557353,0.3300673087932079,0.2787843477120799,0.3688319606346087,0.333014547345069,0.2723746620846593,0.3405282294164259,0.2739785167851239,0.3833675375620788,0.2782461467013616,0.394883853758782,0.3592059187141651,0.3551849433371541,0.3609274333477143,0.3290029365295125,0.3435331780810772,0.246603574146296,0.3730842895274754,0.3555936370746584,0.3714244128614556
0.3591319235156873,0.3588910842524219,0.3050518913577604,0.3408443749429635,0.2766884013766993,0.3324708361296863,0.3521896667960241,0.3703220396920239,0.3491723746344133,0.3086555244287617,0.3616321905401867,0.314620462118043,0.0517632807240951,0.3521468879508266,0.3620131714845613,0.3762205391092896,0.2820749577517898,0.2784227716608872,0.3404043397997716,0.4145038620835676,0.2929328854676895,0.2507821687066268,0.4424248158243813,0.3613509699197715,0.2928108043119567,0.3547318597081785,0.3991445018529285,0.3205932639198441,0.2622891461651874,0.3519926208492132,0.3276804052389993,0.3601149084173753,0.3687838334994442,0.3391231787316658,0.3184318486600979,0.3332042866104375,0.3015876926505777,0.3141754385929159,0.3664324754288944,0.3406468614047578,0.3564328114848186,0.3465553469864529,0.3466897393841632,0.3164827851692811,0.3508807274098767,0.3494228557866529,0.3404068724112261,0.3226393207069153,0.2892256609441277,0.3346248615801665,0.3548231985208626,0.3996698943624149,0.3289852710667117,0.3754673891346014,0.3442745318979273,0.3256053636491698,0.3083857892510632,0.3765785115088076,0.3525662704901979,0.3409619127376921,0.2940010359715082,0.3076750902201092,0.3244892313112432,0.3632369849338288,0.3425828305913543,0.3137224080390766,0.2676135232505374,0.3568728325261963,0.3352550520480714,0.295283687972772,0.3100566573333354,0.3876205653458768,0.3822443260389964,0.3741813725733806,0.3639115526650537,0.373260960416735,0.3592119649379832,0.3576764124650142,0.3031742021339104,0.349511242625447,0.3293798202831413,0.2846114443962677,0.3684888115766176,0.3322550556967362,0.2668519937051399,0.3394287313365181,0.2736064511086477,0.3805127989638573,0.2757369443646654,0.3971209783517637,0.3582478455099988,0.3549918790834862,0.3620956272174878,0.3282572475501337,0.3493412119718425,0.2468714687844175,0.3734729546670344,0.3534911009382501,0.3690923440593997
0.3586928732411176,0.3593571792900996,0.3031715818831389,0.3401096797816594,0.274254718868902,0.3361220005550789,0.3515122422788727,0.3694275794391752,0.3491419349694509,0.3038718828397352,0.3592920900372046,0.3126922785401507,0.0465080227051051,0.3619940714040067,0.361192427545451,0.3779388527497062,0.2880422712553574,0.2768764555781895,0.3365757151457861,0.4149601390656102,0.2766041094152089,0.2513092432974623,0.4415516233617303,0.3607566759323637,0.290238008963874,0.3541438334235535,0.3980054019812195,0.3255067396669945,0.260934406680752,0.3520793765424241,0.3321899341581096,0.3600749010142788,0.3695815353771076,0.3384433708169168,0.3161685807606612,0.3323605430475023,0.2977555429972157,0.313227848923949,0.3681040736214047,0.3399304668341792,0.3559533059442969,0.3459257224863138,0.3466585235432457,0.3152736141298887,0.3519814019105144,0.3488623357590564,0.3401495348277214,0.3217194335804077,0.2899336489682266,0.3369879761608825,0.3581361436385845,0.398589272460139,0.3336413106780457,0.3763736942293368,0.3438291852822676,0.3253419369084916,0.3070907300075008,0.3787788359912035,0.3515257858626257,0.3402035280555326,0.2928660086724614,0.3059051464957946,0.3233557082031537,0.3624095003810152,0.3428897673361394,0.3127479420076801,0.2667721901466807,0.356837516421215,0.3342567305692878,0.2929995319160569,0.3152590456486229,0.3881158826881147,0.3815618453242628,0.3681160491239784,0.3635552424485647,0.372734898773868,0.3590088240538219,0.3582319555108321,0.2994664124521554,0.3482137841289194,0.3286722482239011,0.2914445375002842,0.3679040791800158,0.3315286909905338,0.2607631788431097,0.338221522301637,0.2739717690503712,0.3773846746844708,0.2736324197622805,0.3992286912751443,0.357199681458692,0.3543793223550514,0.3632181460913992,0.3275483723128012,0.3543300640219307,0.2489371879279224,0.373559266526938,0.3516491977702571,0.3666697003242392
0.3581734829388884,0.3598341197304818,0.3011573991236144,0.339342837331502,0.2728485364993328,0.3392798633278577,0.3508808161878698,0.3683802491156189,0.3489837080402943,0.2992484383233654,0.3560910367209564,0.3096966106322671,0.0453285665509966,0.3710234487090889,0.3603109741480947,0.3794608435393726,0.2939078536014741,0.2738299129170796,0.3327481631378457,0.414414502152537,0.2592780717639691,0.2523889175865579,0.4403939774131373,0.3600986013783249,0.2879659293605365,0.3536514093535897,0.3957083212709621,0.3294626162505759,0.2597263098161217,0.3522374103841268,0.3365369174212476,0.359790823232728,0.3704314132610729,0.3377742702543989,0.3138598431623964,0.3315144955066953,0.293934839068491,0.3121796676924547,0.3694683778864087,0.3391957780219655,0.3552611539022377,0.3453283831594869,0.3465562739733565,0.3140860073500335,0.3528912603008375,0.3482110704319063,0.3399299004953589,0.3207929147973648,0.2912245694099403,0.3387976400799741,0.3614860778859554,0.397327290499177,0.337867184701613,0.3770445220526717,0.3433644677848448,0.324841527263991,0.305647434167373,0.3804038958450223,0.3505553849298377,0.3394334524224897,0.2921530781997196,0.3039965215365053,0.3221579415523499,0.3616255005315716,0.3433193861245667,0.3130187693322588,0.2673699009868199,0.3569122997550257,0.3332748219191425,0.2906502114552736,0.3201636153824189,0.3885094737403892,0.3808215501431891,0.3622339533423389,0.3632238564517817,0.3721105133693586,0.3588989953419391,0.3588025894550068,0.2960498027357205,0.3469457325844418,0.3279186135084264,0.29918059902838,0.3670914194320156,0.3308043480367009,0.2543309137865198,0.336885212767214,0.2750501747723674,0.3740435489340731,0.2721134905870795,0.4012048571958682,0.3560700972478548,0.3531485181122797,0.3642566951696744,0.3268628456080198,0.3585105332227219,0.252960461583316,0.3733991489960284,0.3500912927228063,0.3642842152307318
0.3576045441556088,0.360320779177218,0.2990088703468446,0.3385389327575572,0.2728004464928705,0.3419874614639502,0.3502593477864348,0.3671799540784306,0.3486964747165285,0.2947614758201204,0.3520011475981724,0.3057436882742503,0.0477839108852214,0.3790592958862972,0.3593800360449893,0.3807820486487898,0.2997072319513134,0.2693591583025478,0.3290944418820642,0.4130488020372731,0.2413369848985294,0.2538900715804996,0.4389797262170376,0.3593803145759132,0.2860304128755717,0.3532616192376281,0.3922360875380461,0.332555789504582,0.2587880508756435,0.3524521488489676,0.3406254747432023,0.3593104158630735,0.3712885847181396,0.3371289490337599,0.3115102613072982,0.3307349246070306,0.2901799508480607,0.3110835869952033,0.3704985755582116,0.3384669252775767,0.3543933259553013,0.3447494800319148,0.3464023363582116,0.3129056287139724,0.353607043695992,0.3474841701947784,0.3397209013803174,0.3198640008013649,0.2931053429732665,0.340081884045164,0.3648879473473098,0.396069663132761,0.3416243007991417,0.3774820736746585,0.3428806865466706,0.3240946347631101,0.3040384408160004,0.3814341548412205,0.3496772955995041,0.3386343329241014,0.2919817009849499,0.3022219535094438,0.3209094926675171,0.3609077786883099,0.3438812606763625,0.3144604634274598,0.2695771191296959,0.3571010389715142,0.3323009809810733,0.2883389713226599,0.3245794239512371,0.3887694186055494,0.3800309469368842,0.3563732043676904,0.3629457922047117,0.3714091585734214,0.3588790286882144,0.3593502055177293,0.2930582087880814,0.3457231208148705,0.3271017956232762,0.3076777484558183,0.3660691715504286,0.3300524797703179,0.2478329219481369,0.3354116820562577,0.276764556571032,0.3705458549476995,0.2713553860991229,0.403069446143657,0.3548750687942856,0.3511211787769279,0.365189584654423,0.3261829419826602,0.3619411387998386,0.2589908121929302,0.3730598587262637,0.3488418382532245,0.3620633305908968
0.3570179561296537,0.360811651886568,0.29674245003825,0.3376969899119416,0.2743894017461544,0.3443092483379087,0.3496151582031815,0.3658329413855494,0.3482916286389866,0.2903631751202902,0.3470483366030387,0.300976161801184,0.0531168943850876,0.3860017694010769,0.3584143766972418,0.3819052985368655,0.3054718411309009,0.263667134986397,0.3257973482015833,0.4111119635582806,0.2231936513438636,0.2556913972120604,0.4373202534134722,0.3586128242121519,0.2844630532944777,0.3529736187286382,0.3876466055107272,0.3348810133786626,0.2582650280510979,0.3527102390738921,0.344389490022975,0.3586830574874691,0.37210934235513,0.3365180551037486,0.3091305705647004,0.3300687118200672,0.2865494530237609,0.3099956179665051,0.3711839458095244,0.3377695785796454,0.3533982384956947,0.3441762411799885,0.3462134154018825,0.3117078240209553,0.3541268388407848,0.3467031306704577,0.3394928498406216,0.3189338893286152,0.2955468731104008,0.3408832617005269,0.3683466508872092,0.3949713713339163,0.3449192480786865,0.3776896718093918,0.3423749561222941,0.323113453975744,0.3022502736601216,0.3818771089335557,0.3489042407189283,0.3377894002839485,0.2924491200886329,0.3008245498391285,0.319627812081358,0.3602788306616931,0.3445608376497619,0.3168877239738453,0.2734665155376975,0.3574051824965078,0.3313205856434528,0.2861945151010298,0.3283781356307096,0.388874836908113,0.3791999497631628,0.3504114566412097,0.3627408950728534,0.3706536854799352,0.3589509270513129,0.3598262388302513,0.2906194210579524,0.3445566879138701,0.3262134368880766,0.3167653751492491,0.3648690684230856,0.3292441056476667,0.2415889376046337,0.3338076719525744,0.278985655527541,0.3669531103058728,0.2715119841575658,0.4048579019465084,0.3536309711297822,0.3481513005872548,0.3660094270657815,0.3254856672072367,0.3647145713154009,0.2669492186912315,0.3726091277214473,0.3479168767938564,0.3601243970244825
0.3564495132059244,0.3612938381286881,0.2943920166953327,0.3368178674167306,0.2778037747335656,0.3463183750920128,0.3489177348686603,0.3643526012582272,0.3477885025207001,0.2859818167609046,0.3413175808989358,0.2955701126444207,0.0604874019736991,0.391827305853369,0.3574361768677819,0.3828360829622143,0.3112135635492988,0.2570843491105423,0.3230557831091031,0.4088947199444193,0.2052799231461383,0.257691047041199,0.4354135281324295,0.3578144114515589,0.2832930341416336,0.3527810754700365,0.3820590882555733,0.3365280260409504,0.2583056295177712,0.3529903057773425,0.3477974996419667,0.3579556599605843,0.3728477531284127,0.3359522122481733,0.3067302428752683,0.3295357537227536,0.2831043328387613,0.3089585241618708,0.3715324541007437,0.3371287962635585,0.3523229437055303,0.343600375373788,0.3460081718419941,0.3104576610295761,0.3544539796961432,0.3458962987497943,0.33921665641604,0.3180023236881604,0.2984839930787978,0.341253169338383,0.3718677660552201,0.3941412169710729,0.3477819955445412,0.3776659973535086,0.3418426783780884,0.3219300639384846,0.3002765374942476,0.3817690019647919,0.3482353872672595,0.3368822918926592,0.2936129165918881,0.2999840943915147,0.3183396888238209,0.3597488198402936,0.3453160823227316,0.3200177803671815,0.2790013650839116,0.35781507656003,0.3303093859214161,0.2843628614858026,0.3314974711276376,0.388809608623741,0.3783348554808038,0.3442824750757239,0.3626216042163637,0.3698591010906809,0.3591152612410832,0.3601773458275034,0.288851959420082,0.3434440348494494,0.3252550347454599,0.3262461034515734,0.3635367576842775,0.3283546846099587,0.2359360272208904,0.3320908339147997,0.2815304115250621,0.3633274843638328,0.2726997894529754,0.4066124504887087,0.3523456309267176,0.3441323285039839,0.3667234640715544,0.3247411280020064,0.3669444615895472,0.2766277624545038,0.3721033305544886,0.3473135928839517,0.3585607696601832
0.355933172301168,0.3617542320454833,0.2920202109676575,0.3359084692483143,0.2831121409766787,0.3480847646236868,0.3481415898901952,0.3627611499115,0.3472143270460149,0.281532338854298,0.3349532571148197,0.2897405756030358,0.0691339336942062,0.396581854356871,0.3564687535027032,0.3835753237512065,0.3169132291226726,0.2500595610387869,0.32104380942576,0.4066910493902551,0.1880314518420332,0.2598249783803069,0.4332526574430343,0.3570034014671082,0.2825451329857116,0.3526749964934695,0.3756451087746633,0.3375826160197366,0.2590429682861224,0.3532596974656998,0.3508510663843452,0.35717562683568,0.3734563044370247,0.3354383482571425,0.304310960551311,0.3291382458407083,0.2799069923871314,0.3080039317325881,0.3715704242213986,0.3365637934583032,0.3512156101315361,0.3430177366124081,0.3458088631540668,0.3091226542820454,0.3545967159228374,0.3450866590806503,0.3388649517072898,0.3170684001261675,0.3018236651818322,0.3412481722957713,0.3754565669709576,0.3936325749706164,0.3502581321791622,0.3774159988010002,0.3412746222858754,0.3205839463387616,0.2981327411058812,0.3811703720313891,0.3476543048217966,0.3359019631554302,0.2954833206887113,0.2997929999667736,0.317084643520058,0.3593194993225609,0.3460907393280093,0.32350518717751,0.2860437635307557,0.3583132747129097,0.3292389076796539,0.2829935681564081,0.3339479337181411,0.3885527801820002,0.377441954588615,0.3379862352310066,0.3625964665761019,0.3690423035447139,0.3593659390786078,0.3603559757769176,0.2878512065466599,0.3423689861344666,0.3242412107976181,0.3358992507832224,0.3621225916975274,0.3273721136145829,0.2311983546915341,0.3302890715148134,0.2841741580084623,0.3597293124924942,0.2749845360132857,0.4083839803821031,0.3510231379806868,0.3390066934058571,0.3673528085078212,0.3239191819570516,0.3687479216671271,0.2877075496250877,0.371586052349827,0.3470071763674447,0.3574359618207783
0.3554939765252055,0.3621827129713362,0.2897255144486407,0.3349857550138798,0.2902496072705292,0.3496647211505764,0.3472687129119189,0.3610902615876933,0.3466059650452165,0.2769269498232782,0.3281480230462298,0.2837402218167513,0.0783701380729347,0.4003633657167816,0.3555323152185224,0.3841207359737265,0.322518447924388,0.2431343367105498,0.3198626970255768,0.4047462753625074,0.1718648203782866,0.2620734901912916,0.4308336014849689,0.3561961347028331,0.2822363045813321,0.3526437689367349,0.3686161392620583,0.338128305954959,0.2605750291532458,0.3534799888011524,0.3535764686077778,0.3563876190488955,0.3738956362368519,0.3349772872159163,0.3018686078940395,0.3288640380769609,0.2770124427926138,0.3071582298147844,0.3713423684718847,0.3360799747411662,0.3501352721067726,0.3424257527382905,0.3456345962855764,0.3076795058691752,0.3545682242418987,0.344283229882426,0.3384162259862024,0.3161270865582103,0.3054558524269422,0.3409249977565703,0.3791055445066242,0.3934426385970407,0.3524119608974759,0.376962590046994,0.3406608946625984,0.3191123956587758,0.2958586445096491,0.3801576871172102,0.3471316920156677,0.3348475171502232,0.2980248149943156,0.3002529649048948,0.3159116371134556,0.3589974115447233,0.3468257475838546,0.3269861319587447,0.2943666817531274,0.3588769504069322,0.3280853093152873,0.2822289155483332,0.3358084061751862,0.3880886320790971,0.3765325081642693,0.3315976837474776,0.3626713788056456,0.3682284323082964,0.3596915534297814,0.3603263161665464,0.2876769923723286,0.3413122819769172,0.3231993697656267,0.3454972989674563,0.3606786194954202,0.326297219700339,0.2276603139119054,0.3284410724248824,0.2866786460485045,0.356227413607563,0.2783705082352687,0.410238034899466,0.3496755914079035,0.3327757173188347,0.3679265932773297,0.3229989428948991,0.370226666127,0.2997842028496668,0.3710921690682792,0.3469540334158535,0.3567813486809699
0.3551478998551904,0.3625670324421017,0.2876321440543753,0.3340715553593057,0.2990178347549462,0.351094491117364,0.346289914925886,0.3593763825315482,0.346005664081919,0.2720798630169173,0.3211266942356902,0.2778419265250449,0.0876573193863406,0.4032979458023941,0.3546507732325988,0.3844741405291508,0.3279483242787348,0.2369065678748185,0.3195253675363896,0.4032185632340556,0.157156687855611,0.2644480336347101,0.4281582332978914,0.3554126338853564,0.2823777208886423,0.3526758452856228,0.3611964776607856,0.3382460174215172,0.2629449826663939,0.3536097319502939,0.3560140779221353,0.3556213614310843,0.3741402581243428,0.3345668708995469,0.2993986273174587,0.3286804696146023,0.2744563135922128,0.3064337103917319,0.3709086373150826,0.3356653809238398,0.3491443931742691,0.3418219151960241,0.3454969966099779,0.3061080944959957,0.3543864177097443,0.3434873918117266,0.337860942004052,0.3151672900078875,0.3092620266153175,0.3403353298046376,0.382791992145143,0.3935182897615613,0.3543144517752796,0.3763372974898395,0.3399992889399001,0.3175502769684937,0.2935073922192719,0.3788169473807947,0.3466313753092679,0.3337264478742182,0.3011599868562444,0.3012849536823322,0.3148737562842229,0.3587936252255615,0.3474598141326624,0.3301178351472184,0.3036683728520362,0.3594704200621862,0.3268317808135352,0.2821949010730366,0.3372037000149671,0.3874222698004478,0.3756176716975777,0.3252560522900413,0.3628465514598888,0.3674386476199853,0.3600767803456296,0.3600625840600214,0.2883538439547041,0.3402581282645281,0.3221628571553207,0.3548273406158544,0.3592632450134209,0.3251368958451427,0.2255417733737403,0.3265902352225717,0.2888181383007821,0.3529053645165416,0.2827938647826184,0.4122520465265414,0.3483232308813975,0.3255008996443372,0.3684755619018976,0.3219697274013111,0.3714565543774419,0.3123965015371825,0.3706452210958547,0.3470937481046285,0.3565878724536815
0.3549055954678923,0.3628922086896324,0.2858763019817613,0.3331846137954014,0.3090977525965839,0.3523896832356706,0.345207670002334,0.3576560683871256,0.345454248909191,0.2669158926590484,0.3141373629428856,0.2723153209294412,0.0967145665582074,0.4055162537612942,0.3538564186691151,0.3846409505535046,0.3330988914425266,0.2319886398256433,0.3199597889387389,0.4021658318329196,0.1442314894848664,0.2669762981800727,0.4252342508634557,0.3546786294706889,0.2829778631133132,0.3527654053777628,0.3535929284373088,0.3380209939574117,0.2661300264673667,0.3536034298860201,0.3582099044131674,0.3548874752132386,0.3741738837261137,0.3342061356124518,0.2968984727715663,0.3285329421900875,0.2722509723892305,0.3058192622965318,0.3703376337760133,0.3352961106891475,0.3482891253953404,0.3412038630893896,0.3454049275256396,0.3043914501025095,0.3540718472639109,0.3427001029162494,0.33720269604579,0.314175325686811,0.3131212883469985,0.3395244293716818,0.3864879464999756,0.3937621784580679,0.3560216954117403,0.3755637811392464,0.3392969762847668,0.3159289403967071,0.2911463049876847,0.3772375864855037,0.346115355738564,0.332548359221251,0.3047743869728981,0.3027412651325252,0.3140266929555359,0.3587146266835674,0.3479322540694625,0.3326134181128563,0.313602464648003,0.3600430050632683,0.3254667680707635,0.2829889538100146,0.3382804726904588,0.3865755037763555,0.3747020370993596,0.3191310753174629,0.3631147351140306,0.3666798898004348,0.3604984143844985,0.3595467064372518,0.2898767934815751,0.3391900732693039,0.3211638926068538,0.3637019860276663,0.3579359934054246,0.3239024447829519,0.2249702922702168,0.3247761717433391,0.2903961779273527,0.3498508865904714,0.2881257892116715,0.4145056257180685,0.3469833021412925,0.3172955101301603,0.3690291827262769,0.3208261736678841,0.3724870042053025,0.3250651620451812,0.3702523353057232,0.3473484813958293,0.3568005193937346
0.3547735298429507,0.3631480937688417,0.2846032160630291,0.3323414019761692,0.3200754514793769,0.3535494944385485,0.3440357728054974,0.3559686441912549,0.3449893193284931,0.2613895209796702,0.3074468967262435,0.2674110785015717,0.1054364551893029,0.4071333655232272,0.3531793096783909,0.3846193192420582,0.3378521387839653,0.2289571674962077,0.3210103092835287,0.4015407294355468,0.1333519022299983,0.2696987759820613,0.4220765568800275,0.3540187293794418,0.2840370442277485,0.3529123839341055,0.3459782401732729,0.3375546604364023,0.2700429847406143,0.3534173121993986,0.3602096404456545,0.354189418977867,0.3739872939656372,0.3338950968273356,0.2943697492962672,0.3283531597920625,0.2703889070304153,0.305288752558733,0.3696962203012417,0.3349445732951648,0.3475955884226342,0.3405703436311051,0.3453694581180633,0.3025295483764837,0.3536475118434757,0.3419170921861471,0.3364544537810852,0.3131371449083421,0.3169166046495846,0.3385335838583425,0.3901624110721254,0.3940384024399787,0.3575706560816017,0.3746587713790759,0.3385674668408,0.3142682404003207,0.2888701628728146,0.3755013547732843,0.3455456932934556,0.3313223148274085,0.3087260970937185,0.3044242736548327,0.3134281971155025,0.3587647176504349,0.348196158526,0.3342754374594731,0.3238204645718637,0.3605416470570918,0.3239862888419951,0.2846677557896124,0.3391953244318419,0.3855724284681677,0.3737879661050451,0.3133889181450032,0.3634652274745745,0.3659532849027174,0.3609213072863831,0.3587725692206142,0.2922110164866958,0.338088965499583,0.3202323233004592,0.3719613648400122,0.3567414309187371,0.3226136816996446,0.2259567863981961,0.3230323950479097,0.2912634659023139,0.3471436504584975,0.2941860744745064,0.4170743217126187,0.3456645038892716,0.3083158395021967,0.3696122315676979,0.3195677292931207,0.3733413481735474,0.3373404834575094,0.369909688125785,0.347627759777424,0.3573275001788359
0.3547528323992078,0.363331903363514,0.2839630107001542,0.3315604369188957,0.3314775716705677,0.3545616642067583,0.3427914169886595,0.3543592835052869,0.3446445775168451,0.255502108181158,0.3013277547232114,0.2633471772229544,0.1137273762199553,0.4082352439874273,0.3526345428001433,0.3843931153238379,0.3420941792078006,0.2282944216979207,0.3224524971733737,0.4011848045820676,0.1247076071277179,0.2726673977950822,0.4187125678992131,0.3534506030779911,0.285539447300471,0.353116426007868,0.3384845334789925,0.3369650720758571,0.2745416460895216,0.353020388833837,0.3620521402693418,0.3535331084760507,0.3735851795314735,0.3336307830275252,0.291821949671655,0.328067830491729,0.2688431362317202,0.3048130854925641,0.3690442612159574,0.334582085521354,0.3470837604569304,0.3399220496610434,0.3454013204863331,0.3005472488230428,0.3531419356440659,0.3411241402547807,0.3356372971197902,0.3120345665760225,0.3205433667686001,0.3374018483168803,0.3937712222001073,0.3941841717780857,0.3589874893264968,0.3736413550299819,0.3378309564518771,0.312570888850018,0.2867994956447978,0.3736705181506214,0.3448861866728369,0.3300599017306027,0.3128601322796113,0.3061195529229422,0.3131334184750543,0.3589543636946894,0.3482292663553763,0.3350165404074581,0.3340047385227379,0.360920729655975,0.3223987798469604,0.287241701849981,0.3401057823148702,0.3844391195209161,0.3728830194686973,0.3081692537420169,0.363888732532609,0.3652636590616304,0.3613008716507391,0.3577528370587653,0.2952882728929027,0.3369399960378063,0.3193957374754797,0.3794800779579811,0.355703626597765,0.3212962107295135,0.2283891473896114,0.321386469232759,0.2913374494925485,0.3448553266410171,0.3007579226634692,0.4200269219143587,0.3443723405705203,0.2987569876318534,0.370238469094186,0.3182006209519854,0.3740162316695918,0.348840904773719,0.3696142138453915,0.3478423227087516,0.3580547005960348
0.3548399871291698,0.3634421333110168,0.2840904045084684,0.330856720225443,0.3428110018433324,0.3554052444950619,0.3414887423720211,0.3528711758617778,0.3444438712878958,0.2493031492063046,0.2960375364784036,0.2602866899030562,0.1214711499622105,0.408874019462095,0.3522261626547571,0.3839374642410467,0.3457346797833594,0.2303345425088611,0.3240346903807605,0.4008387527246013,0.1184073174941706,0.2759361077530307,0.415186339841195,0.3529870901697495,0.2874561376805538,0.3533746683495719,0.3311956003171725,0.3363789554807432,0.2794424390112248,0.3523981656833835,0.3637627863332903,0.3529200101150426,0.3729886464171134,0.3334048121866055,0.2892731360729286,0.3276031149699392,0.2675641926864901,0.3043580269446347,0.3684330042964589,0.3341777785916952,0.3467707915849885,0.3392600453950285,0.3455060386475421,0.2984862572225606,0.3525887315921138,0.3403058923986849,0.3347825887034338,0.3108433915949817,0.323919795373621,0.3361648514323124,0.3972520381545014,0.3940266770437501,0.3602843502615324,0.3725287020434566,0.3371145882924959,0.3108263203577097,0.2850605160371602,0.3717856767044463,0.3441083472958681,0.3287769903260012,0.3170240237312655,0.307632796457007,0.3131891823017081,0.3592950277701828,0.3480322726206297,0.3348539112437706,0.343883731898437,0.3611368984790171,0.3207247553403386,0.290673992263208,0.3411520897664797,0.3832117892936825,0.3719975397930006,0.303561867036534,0.3643765915500165,0.3646136047178058,0.3615893638467186,0.3565187055494771,0.2990109616339187,0.3357391965803404,0.3186732643313774,0.3861798815788394,0.3548357082982153,0.3199719053002993,0.2320470632378536,0.3198554694370058,0.2906086300352444,0.3430500750941849,0.307600052428818,0.4234170617767088,0.3431140350085878,0.2888471225020325,0.3709077711499415,0.3167342665991551,0.3744888504710417,0.3592711169252897,0.3693662467172515,0.3479172636755547,0.3588513190232529
0.3550298476832612,0.3634780698048278,0.2850801029792781,0.330230818251728,0.3536057102654582,0.3560538468196743,0.3401434197871055,0.3515329258525771,0.34439633827187,0.2428803103753092,0.2918049494570637,0.2583172943389071,0.128527517691375,0.4090692999639999,0.3519585176271493,0.3832266210032885,0.3487142593843915,0.2352271755734781,0.3255208894215295,0.4001783154687405,0.1144777343728686,0.2795498010680914,0.4115531856297844,0.3526381791848804,0.2897527312062981,0.3536842652243322,0.3241443673223143,0.3359280022071147,0.2845420847161427,0.3515498439741006,0.3653522428863761,0.3523409697032666,0.3722265639061493,0.3332066172390368,0.2867488792680177,0.3268885980665913,0.266483734023731,0.3038811143200825,0.3679032463617721,0.333702293665984,0.3466568477949722,0.3385818125048123,0.3456838110235977,0.2964003090421265,0.3520196275889565,0.3394569524542127,0.333929994093424,0.3095405454786084,0.3269941045740806,0.3348540087260683,0.400531502303584,0.3933949179363106,0.361450796187565,0.3713262839207421,0.3364466652070422,0.309017374298946,0.2837747360195721,0.3698721949683221,0.3431998382451579,0.3274896056720716,0.3210817526922798,0.3088132745457598,0.3136319925804677,0.3597876530150137,0.3476239785386186,0.3338855964887155,0.353242255810781,0.3611466951803853,0.3189912505230353,0.2948792505693545,0.3424376664161067,0.3819317591979005,0.3711373092292615,0.2995837568899617,0.3649168534957022,0.363997355069899,0.3617395866531454,0.3551131043315779,0.303263563718995,0.3344926582837362,0.3180660357709496,0.3920332429260444,0.3541431406482943,0.3186564730422307,0.2366261895355519,0.3184412551445703,0.2891316724136379,0.341774201880675,0.3144655449329662,0.4272664837086681,0.3418957598909241,0.2788365285916464,0.371610437973416,0.3151756598344259,0.3747321511034784,0.3684300784670357,0.3691650022327854,0.3477942324668845,0.35957418464631
0.3553176342002784,0.3634487714187029,0.2869768630172794,0.329669266024148,0.3634578194974957,0.3564836214645651,0.3387791837423438,0.3503569969633859,0.3444998108998029,0.2363510929243402,0.2888214596532846,0.2574479863066477,0.1346767056270118,0.4088128829501752,0.3518337897757727,0.3822328509302153,0.3510034441479311,0.2429175193813837,0.3267137044840895,0.3988592156838158,0.112866147074736,0.2835410448288005,0.407866649151459,0.3524057905843721,0.2923846964235169,0.3540403932933582,0.3173265594742475,0.3357347179949696,0.2896457335328571,0.3504912977492664,0.3668214891421214,0.3517895806606441,0.371329223349384,0.3330301792094444,0.2842890825966008,0.3258618222551908,0.2655266125691896,0.3033439521647935,0.3674827922425231,0.3331367165390548,0.3467200820639316,0.33788027311656,0.345933049795983,0.2943649261698121,0.351459473251999,0.3385800642826567,0.3331195322843853,0.3081123512000885,0.3297429908124505,0.333499140639913,0.4035330833694319,0.3921250732937367,0.3624614966892491,0.3700321321377378,0.3358507387414702,0.3071228023392957,0.2830636199712749,0.3679433700996867,0.34216749812421,0.3262094464736762,0.3249239829596513,0.3095643139717896,0.3144857816668131,0.3604248656146607,0.3470426416205797,0.3322681969561911,0.3619327662342039,0.360921716137204,0.3172274538641746,0.2997255104632423,0.3440223248687874,0.3806320780053769,0.3703031586315868,0.2961775062545339,0.3654931107409054,0.3634104802534454,0.3617070762955353,0.3535871507577431,0.3079209167396708,0.3332136518367106,0.3175549263961832,0.3970512104302945,0.3536140070400226,0.3173645124522221,0.2417633040079221,0.3171316614869243,0.2870178422808719,0.3410461636475849,0.3211307928895369,0.4315475954663671,0.3407180342757833,0.2689883017185399,0.3723317417982113,0.3135300781619949,0.374724381921434,0.3762185436118636,0.3690120461314428,0.3474287450187777,0.3600835859262572
0.3556974915710988,0.3633752590181826,0.2897752177985357,0.3291552508939672,0.3720623743544941,0.3566828436303139,0.3374224527222854,0.3493480030569311,0.3447443856801943,0.2298567222065512,0.2872242801708005,0.2576165702458789,0.1397585451210903,0.408079491652663,0.351840435740902,0.3809228690132378,0.3526080056662478,0.2531390598689224,0.3274757365382202,0.396554932929605,0.1134451408022483,0.2879337261225846,0.4041707793378764,0.3522788401389656,0.2952867349576733,0.3544305930639632,0.310722332430741,0.3358767467164533,0.2945902394414908,0.3492618706582455,0.3681656995138228,0.3512785772347817,0.3703315874571876,0.3328770028201042,0.2819603821213116,0.3244722955661417,0.2646206489780977,0.3027246612453467,0.3671857176622313,0.3324779679064751,0.3469321821280126,0.3371490005147063,0.3462537146408005,0.2924819888972048,0.3509296193363999,0.3376796576704066,0.3323852060055983,0.3065541909776689,0.3321638539899729,0.3321314371376648,0.4061810504136283,0.3900712674656849,0.3632919367850584,0.3686466714418434,0.3353450213142162,0.3051195220659188,0.283040772386209,0.3659979324019715,0.3410323672839165,0.3249455123090756,0.3284728593053005,0.3098515958305256,0.3157550199841358,0.361198951894348,0.3463445997272816,0.3301974176851468,0.3698768660135927,0.3604629138761845,0.3154636047807391,0.3050465996960851,0.3459256502647282,0.3793363835187524,0.369495627154321,0.2932331282980623,0.3660854159288509,0.3628616561248681,0.3614561453644316,0.3520012904564337,0.3128496968032358,0.3319212389652333,0.3171079936484651,0.4012678014032633,0.3532170840901431,0.3161076260796834,0.2470684936225393,0.31590311506477,0.2844328686519095,0.3408570895996695,0.3274186455939476,0.4361724663584653,0.3395763597829391,0.2595747292779443,0.3730511294744825,0.3118051188369927,0.3744483614564369,0.3826355203453429,0.3689210571890194,0.3467960382875368,0.3602621921282729
0.3561590267882356,0.3632795224825916,0.2934149040739806,0.328671370915381,0.3792276621939433,0.3566545124780218,0.3360916860272228,0.3485045477150059,0.3451086079191619,0.2235507015072657,0.2870719128182664,0.2586952683298422,0.1439956879511942,0.4068434422695194,0.3519540065285994,0.3792643037078054,0.353578766949884,0.2654260667356663,0.3277619139255563,0.3929902309833579,0.116022015786079,0.2927491527835911,0.4005030248045181,0.3522361525316673,0.2983784299887801,0.3548357399743019,0.3043109683630811,0.3363684560634784,0.2992570726948281,0.3479206466080009,0.3693737648150622,0.3508336418972295,0.3692733508100095,0.332752245445072,0.2798566621323698,0.3226886575505562,0.2636982222175468,0.302012770996114,0.3670143273361499,0.3317363169707317,0.3472707198307984,0.3363873559266714,0.3466486859229723,0.2908646558712148,0.3504523457711635,0.3367650149213124,0.3317537954232281,0.3048683683551205,0.3342694936909255,0.3307822002025186,0.4084081047274147,0.3871244577604558,0.3639209891993183,0.3671708467450694,0.3349398609567386,0.3029890609915449,0.2837864075784529,0.3640235886005213,0.3398241828327502,0.3237081749803338,0.3316825428057043,0.3097066778842782,0.3174205652861923,0.3620951415500285,0.3455907175265963,0.3278774422263144,0.3770510135850627,0.3597938409933051,0.3137299309631629,0.3106606854946863,0.3481278310150676,0.3780664977573333,0.3687158508613534,0.2906108067971119,0.3666695382834398,0.3623699742058147,0.3609684494303316,0.3504215382317251,0.3179116177177125,0.3306379332885329,0.316688405284983,0.4047325885233677,0.3529161803471351,0.3148855240018169,0.2521697804687346,0.314721443596296,0.2815848425348547,0.341172556533283,0.3332027058217608,0.440987526924444,0.3384662176694768,0.2508704175905387,0.373741777396971,0.3100117548493867,0.3738937473631286,0.3877538563724962,0.3689162449102524,0.3459029232124082,0.3600228651236039
0.3566854322777579,0.3631771111640382,0.2977779848403478,0.3281912916189646,0.3848756415435174,0.3564110007615629,0.3347978290585034,0.3478108906098661,0.345559131343119,0.2175818515342759,0.2883299469093718,0.2605033839446845,0.1479964536866842,0.4050930408187368,0.3521495043715164,0.3772391331910776,0.3540074780533105,0.2791535951955997,0.3276336172859923,0.3879743332012393,0.1203518634970864,0.2980121080181294,0.3968962501455478,0.3522505480396366,0.3015824459967743,0.3552353694464545,0.2980814083345063,0.3371920034711319,0.3035814420706041,0.3465324406282042,0.3704310467388334,0.3504757225402479,0.3681895945071746,0.3326608387899699,0.2780842070661949,0.3205099141485041,0.2626971734863956,0.3012012482767437,0.3669629698108356,0.3309309058516125,0.347712797479534,0.3355985565580285,0.3471213771884581,0.2896207317350626,0.350047413987302,0.3358559047005603,0.3312435786301549,0.3030717555150642,0.336088276812805,0.3294792571434442,0.4101657112352075,0.3832249525872799,0.3643275602997325,0.3656030731518002,0.3346292366125009,0.3007235993134816,0.2853340885697121,0.3620109382671462,0.3385807624823925,0.3225079846091497,0.334538029170262,0.3092150302713979,0.3194463387381968,0.3630797136525105,0.3448310236586929,0.3254814212415953,0.3834644337595673,0.3589466243130804,0.3120530693539705,0.3163836164634034,0.35056568579519,0.3768397810793892,0.3679626361349609,0.2881575542171076,0.3672159369416932,0.3619577881709421,0.36024670908236,0.3489086497745537,0.322974428809868,0.3293867380356143,0.3162558596654846,0.4075063962137504,0.3526811137745243,0.3136862935514337,0.2567588976945575,0.3135469522234736,0.2786994520710691,0.3419290995037612,0.3384034334460709,0.4457696103415957,0.3373867005219152,0.2431348282797387,0.3743764731084055,0.3081670870806672,0.3730687961420023,0.3916884376664452,0.3690178553453188,0.3447887319555638,0.3593110752322729
0.3572543625989924,0.363082729248821,0.3027008181060346,0.3276785742825696,0.3890355754198613,0.3559700696118108,0.3335531351051492,0.3472326653744664,0.3460629371776025,0.2120786428422916,0.2908700626271428,0.2628397723394592,0.1523055664453265,0.4028373407442735,0.3524052888781519,0.3748512105146154,0.3540059356426031,0.2935982547399793,0.3272340661180805,0.381425487092807,0.1261505613133694,0.303752410739467,0.393370273702456,0.3522867997726243,0.3048287905815757,0.3556052593329838,0.2920474669107261,0.3383307226550571,0.3075588343035665,0.3451582945364522,0.3713289387705009,0.3502208123289871,0.3671057462611219,0.3326105631413734,0.2767514144853997,0.3179717444795753,0.261567707785709,0.3002932496787536,0.3670226469692904,0.3300886251577606,0.3482282920166734,0.3347849853865494,0.3476702923442056,0.2888514277271126,0.3497251660239598,0.3349770389689582,0.3308604475520522,0.3012069613688484,0.3376629213952343,0.3282466989071588,0.4114279097677885,0.3783624502629417,0.3644973452284201,0.3639508743839146,0.334387105070756,0.2983267673316592,0.2876792828926439,0.35996452214789,0.3373465367046325,0.3213507364034594,0.3370512536495107,0.3084926083417385,0.321788926130221,0.3641056963934123,0.3441020984136219,0.3231271111782188,0.3891376601394691,0.3579627811955169,0.3104502787986625,0.3220359690510972,0.3531323530425305,0.3756598426893622,0.3672302027333757,0.2857332474019244,0.3676918444633857,0.3616528538677473,0.3593116627126973,0.3475109245837186,0.3279231480058285,0.328189003926019,0.3157659050906124,0.4096508328167825,0.3524850807807952,0.3124968866250803,0.260621570473936,0.3123433111539302,0.2760017491623888,0.3430362881339846,0.3429906262114277,0.4502245746444517,0.3363388017475709,0.2365929049505181,0.3749347388884116,0.3063037346170622,0.3720069764022382,0.3945743474545783,0.3692338841611114,0.3435113233866418,0.3581121374318918
0.35783882449806,0.3630134760693469,0.3079946427256075,0.3271006949466916,0.391827898336293,0.3553572916281555,0.3323723127596439,0.3467245982493199,0.3465974835585442,0.2071396735939512,0.2944675316819697,0.2655209566129213,0.1571145696518114,0.400109545153854,0.3526964144555116,0.3721260634182222,0.3536890836673664,0.3080058199354341,0.3267531288609643,0.373379961787893,0.1331094140135281,0.3099990094411829,0.3899217767013639,0.352300315756147,0.3080436211264303,0.3559107080242227,0.2862591289258599,0.3397426693529771,0.3112386218956384,0.3438533662887705,0.3720709902403474,0.3500924263956715,0.3660430010076054,0.332616995678709,0.2759717614695371,0.3151428723610391,0.2602793468635656,0.2993086941848917,0.3671845331291926,0.32924262996142,0.3487880425167974,0.3339491310289021,0.348287039831565,0.2886510919225938,0.3494864256852075,0.3341477577417319,0.3305960236174495,0.2993418509194165,0.3390424814026659,0.3271074015510758,0.4121903992358273,0.3725786289349501,0.3644301263223349,0.3622422178596188,0.3341752799035751,0.2958127281099738,0.2907824659707567,0.3579012882898256,0.3361643779798555,0.3202370366581159,0.3392523134622514,0.3076657077287757,0.3243976131453031,0.3651270200944561,0.3434316649212186,0.3208800473256841,0.3940859302788157,0.3568999627381999,0.3089250362401302,0.3274534394611309,0.3556843595858317,0.3745195566744722,0.3665069245669711,0.2832436516384395,0.3680650457340372,0.3614909818180385,0.3581985848223708,0.3462654684267385,0.3326604601193716,0.3270597895120431,0.3151745854646518,0.4112162312702564,0.3523044137447204,0.3113062817988017,0.2636517393832731,0.311079114548318,0.2737119521214969,0.3443897197653372,0.3469848907291243,0.453998212660263,0.3353208667737671,0.2314242780647818,0.3754038996094734,0.3044775777342651,0.370757162945763,0.3965509707960189,0.3695660282846699,0.3421345066701488,0.3564540699687298
0.3584063855239998,0.3629786876720087,0.3134608815481378,0.3264417767335923,0.3934348444097286,0.3546077875285979,0.3312651342744185,0.3462406452833468,0.3471442058151064,0.2028324446536368,0.2987972871395309,0.2684019498755527,0.1624706318619949,0.3969697347565856,0.3529941309799642,0.3691115881935674,0.3531737456335331,0.3216593465351393,0.3264068811751907,0.3639873267353238,0.1409147704384069,0.3167723605464795,0.3865253988401843,0.3522439858104451,0.3111504413586978,0.3561112980336157,0.2807965903258331,0.3413023499983952,0.3147034240338451,0.3426613563811526,0.3726681395407747,0.35011783951302,0.3650196123952222,0.332700606743517,0.2758601074197185,0.3121217378452722,0.2588190948526337,0.2982733980725405,0.3674408509881491,0.3284253189272295,0.349371938956572,0.3330976485285727,0.3489612048348891,0.2890921009117601,0.3493292286290252,0.3333800587458143,0.3304291989658946,0.297559891586154,0.3402720975254486,0.3260818862621095,0.4124734785356445,0.3659807621042919,0.3641359936800737,0.3605169599453146,0.3339522314987865,0.2932080092444786,0.2945571674689101,0.355846240569324,0.335066498069592,0.3191669205855015,0.3411789640666487,0.306856617439218,0.3272101282669604,0.3660966444201298,0.3428351848574807,0.31876768067206,0.3983126477375025,0.3558227533895082,0.307469263356736,0.3325028045478372,0.3580503292167919,0.373413236191208,0.3657756912288301,0.2806549825794764,0.3683058721621307,0.3615078788777002,0.3569570766747372,0.3451985623469046,0.3370989687249405,0.3260009693770586,0.3144470774323709,0.4122385103553825,0.3521281771414083,0.3100978610424746,0.2658603683930069,0.3097225685775802,0.2720379977804046,0.3458823756827346,0.3504441707973874,0.4567068377461872,0.3343284840175363,0.2277543066669294,0.37577629279296,0.3027662067709629,0.3693700053189457,0.3977428734606207,0.3700147893840946,0.3407267711450779,0.3543953703043255
0.3589194814385117,0.3629706504110111,0.3189039258614912,0.3257003436302507,0.3940671562841312,0.3537607600830769,0.3302335482386828,0.3457369028645,0.3476795729140775,0.1992004778590944,0.3034476102362924,0.2713831891767945,0.1684737440765323,0.3935021447664713,0.3532737192224713,0.3658805637942327,0.3525780127485174,0.3339449503747623,0.3264120052529392,0.3534930165491307,0.1492679077146672,0.3240813574235433,0.3831425117137474,0.352075726612589,0.3140902794035471,0.3561755919213671,0.2757543011302653,0.3427876560511135,0.3180490052312644,0.3416047366637024,0.3731326478497996,0.3503082451409425,0.364041622104387,0.3328781735400959,0.2765104387286147,0.3090413843619162,0.2571834979275319,0.2972073756408993,0.3677844243024009,0.3276594202010597,0.3499625564580873,0.3322399799567158,0.3496843020823086,0.2902092076686681,0.3492531724403756,0.3326796312177343,0.3303264322552224,0.2959570581291394,0.3413877510075551,0.3251826462074417,0.4123250028600477,0.3587493238649943,0.3636334199237725,0.3588132610203664,0.3336743649381468,0.2905534477238867,0.2988697432327793,0.3538361338532519,0.3340720550452258,0.3181412471072624,0.3428697714909277,0.3061667857949619,0.3301590653158205,0.3669568845095639,0.3423066720915564,0.3167864622494575,0.4018116833674423,0.3547828237240288,0.306070758740076,0.3370923609148494,0.3600362983440915,0.3723378894705145,0.3650180898867287,0.2779851128238892,0.3683877531114511,0.3617291067014597,0.3556487806183335,0.3443192754976533,0.3411593096788035,0.325000591468569,0.3135624094426996,0.4127425419079314,0.3519608619667889,0.3088474074079115,0.2673773600158298,0.3082441977128201,0.2711560824115776,0.3474074312069527,0.353442428054368,0.4579789492089861,0.3333599741089791,0.2256357712396086,0.3760483594204062,0.3012653388226849,0.3678960423630371,0.3982471837165345,0.3705723319606883,0.3393591189303723,0.3520099959018947
0.3593390285015657,0.3629695346464209,0.3241498712440103,0.3248817953375334,0.3939388882342817,0.3528522218740101,0.329275084688133,0.3451715312333106,0.3481828340006623,0.1962734801376517,0.3079553754872848,0.2744203787638574,0.1750842577311738,0.389806520069747,0.3535157722813573,0.3625267406382878,0.3520076490398931,0.3444054672220108,0.3269415611936476,0.3422085586736964,0.1578979386923253,0.3319197564081134,0.3797264704412948,0.3517582696156515,0.3168329664555651,0.3560871197580741,0.2712307337755911,0.3439242104860597,0.3213716217002118,0.3406818057780718,0.3734812649785723,0.3506515712101837,0.3630989225546026,0.333159053983196,0.2779760884937143,0.3060708456054877,0.2553752346334917,0.2961313496905389,0.3682089476923927,0.3269552536033959,0.3505378497730967,0.3313830214174263,0.3504454538314884,0.2920010362824751,0.3492566120416884,0.3320395103921661,0.3302408657933798,0.2946453698611526,0.3424161989977394,0.3244114123490792,0.4118139662264318,0.3511239173713673,0.3629561933553158,0.3571712365809508,0.3332978013557598,0.2879026576126351,0.3035616133349166,0.3519232569143686,0.3331879760707382,0.3171572064831429,0.3443603709489435,0.3056597986896753,0.3331871797351305,0.3676479386373785,0.3418200033148156,0.3149080926378141,0.4045666528262325,0.3538112207231743,0.3047153503489781,0.3411693074936778,0.3614317648689505,0.3712840777093115,0.3642182034386822,0.2752952335732531,0.3682888477407468,0.3621686753019143,0.354337712613715,0.3436144450663202,0.3447785927370853,0.3240400648717466,0.312511688458046,0.412741808262339,0.3518113966372327,0.3075310055202472,0.2684330775199856,0.3066278543564499,0.2711964665728765,0.3488629386105626,0.356056789162706,0.4574901452754019,0.3324176952525511,0.2250297667447744,0.3762208873537994,0.3000895612778486,0.3663888942931299,0.3981390212507594,0.3712131088065293,0.3380913801506152,0.3493841651237157
0.3596284091491331,0.362951752031244,0.329064097443933,0.3239994532833236,0.3932498654564829,0.351913909610605,0.3283829197737935,0.3445099813078822,0.3486486017849297,0.1940745575452218,0.3118445071801013,0.277533579292691,0.1819787354031229,0.3859906597754518,0.3536992029174797,0.3591533021033326,0.3515411452462377,0.3527716103890759,0.3280945882775034,0.3304786319908276,0.1665696835546609,0.3402552011825676,0.3762248750116128,0.3512585622353788,0.3193666441017401,0.3558379909394735,0.2673205522913521,0.3444377863105772,0.3247524924241216,0.3398714153895263,0.3737406484258688,0.3511236508624296,0.362174984593843,0.3335470792863114,0.2802702402436641,0.303399835598105,0.2534075774927193,0.2950742833336509,0.3687087377080209,0.3263145825573255,0.3510767665694304,0.3305302995120884,0.351225312836698,0.2944374093315656,0.3493319064441388,0.3314352271168564,0.3301169463513342,0.2937467865707082,0.3433758146354838,0.3237630902683795,0.4110189106616972,0.3433784184936014,0.3621505813701822,0.355641464535005,0.3327874197748757,0.2853198893728799,0.3084687122418285,0.3501675912283146,0.3324070361782787,0.3162054045624285,0.3456790936057139,0.3053568979176827,0.3362546976925883,0.3681277597370149,0.3413431727759928,0.3130974863198164,0.4065446580264533,0.3529248530261478,0.3033799659287939,0.3447118283329972,0.3620256358051224,0.3702358119048054,0.3633597360473224,0.2726903097712483,0.3679950772774609,0.3628284817081576,0.3530775820609834,0.3430519886656338,0.3479164257065977,0.3230979638813381,0.3112962221265864,0.412236821983416,0.3516861917590698,0.3061282423683199,0.2693193238126921,0.3048718645641752,0.2722465673665004,0.3501631769679322,0.3583609782991675,0.4549876208386822,0.331499308995391,0.2258046062812303,0.3762975822936753,0.299367938936839,0.3648990611301013,0.3974832576123292,0.3718954485397219,0.3369590643475804,0.3466138791481986
0.3597550935274282,0.3628892819269567,0.3335570862719652,0.3230795431164737,0.3921709673624691,0.3509762641531815,0.3275428408849272,0.3437342191305471,0.3490813671738926,0.1926266217763608,0.314659451067949,0.2808001601474445,0.1888147286853873,0.3821652718400852,0.3538000419625509,0.3558622826786227,0.3512290665399336,0.3589694398197506,0.3298987364258186,0.3186552623295292,0.175092747060889,0.3490177255871654,0.3725861547810929,0.3505559956539947,0.3216888427199234,0.3554262198377226,0.2640968032386785,0.3440858118784535,0.3282373810533708,0.3391353864392973,0.3739434486288411,0.3516932402192093,0.3612545903029151,0.3340394314306684,0.2833700731171242,0.3012161708605201,0.2513087374051107,0.2940607048961596,0.3692758370752276,0.3257333903425918,0.3515652072226556,0.3296845328832645,0.3519979750755188,0.2974555681271225,0.3494663576397478,0.3308338926660278,0.3299008477782508,0.2933748250526154,0.3442767620795369,0.3232300213710544,0.4100203034369882,0.3358012508472436,0.3612584774274603,0.354276171067922,0.332125119377884,0.2828811733809456,0.3134263858862303,0.3486241254180086,0.3317074878522231,0.3152725060074596,0.3468433704124199,0.3052472929191452,0.3393336712946196,0.3683750364509058,0.3408490138906952,0.3113331923047901,0.4077009745685334,0.3521292720937461,0.3020294848562975,0.3477262645159323,0.3616341414964628,0.3691810502902188,0.3624218226189895,0.2703087521503146,0.3675029092232541,0.3636902722927113,0.3519043424547346,0.3425873504388955,0.3505485196889885,0.3221469241667685,0.3099305007362289,0.4112241288228393,0.3515935255092827,0.304617795532865,0.2703482749054177,0.302978565989091,0.2743563612792755,0.3512452747373934,0.3604135111833176,0.4503172128463594,0.3305896049665877,0.2277527373013197,0.3762843544254081,0.2992268812548549,0.3634622859149299,0.3963361920268735,0.3725710201514635,0.3359749477742083,0.3437874338089167
0.3596926467875324,0.3627488980523765,0.3375837375427575,0.3221580189257714,0.3908362957951732,0.3500686821809036,0.3267356451524447,0.3428481356313981,0.3494790670744187,0.1919621210411179,0.3160033343444804,0.2843339427602004,0.1954787793255354,0.3784355952114565,0.3537979563138844,0.3527481437308417,0.3511005838331375,0.3631054937600442,0.3323119151001601,0.3070768606043533,0.1833300245734442,0.3580996622394226,0.3687680327211343,0.3496519032671643,0.3238139342224249,0.3548622151325162,0.2615903162712529,0.3426718228835163,0.3318276765630251,0.3384188792459088,0.3741191744174052,0.3523133688665596,0.3603190243108438,0.3346225291715282,0.2872071757514681,0.2996929459493608,0.2491195590604367,0.293095498026076,0.3698961818193769,0.3251996904160248,0.3519888562118548,0.3288450314795671,0.3527369711580242,0.3009556334011656,0.3496489708724427,0.3302065008279624,0.3295474157366284,0.2936209415231726,0.345121368117747,0.3228012127510014,0.40889295535975,0.328675267652126,0.360312470171175,0.3531137627042621,0.3313102640527412,0.2806760345162341,0.3182801780240822,0.347338471264054,0.3310593943230105,0.3143427688050609,0.3478604277002929,0.3053021186708421,0.3424020805164794,0.3683776420890939,0.340313018514543,0.3096099980056402,0.4080012138437301,0.3514123459062104,0.3006266547605731,0.3502464945635296,0.3601307128565433,0.3681142217112028,0.3613838622438478,0.2682949973460288,0.3668203070888969,0.3647090188759419,0.3508350126899717,0.3421675856342773,0.3526579636332204,0.3211559461984748,0.3084449916898703,0.4097127572188361,0.3515416107448159,0.3029798682316296,0.2718201029453217,0.3009534163676893,0.2775316373128823,0.3520657676765685,0.3622464348331663,0.4434547272735416,0.3296645333221945,0.2306099232813116,0.3761915617436843,0.2997710214807368,0.3620968273514981,0.3947449039454553,0.3731911528011071,0.3351358773613077,0.3409652365785516
0.3594255270881911,0.3625014777395957,0.3411439408857999,0.3212706683026861,0.3893465002998723,0.3492174231213517,0.3259421180854251,0.3418765064069504,0.3498299812496577,0.1921300048324875,0.3155787739790107,0.288263985264118,0.2019317199769206,0.3748930699861126,0.3536777495596202,0.3498890890153932,0.3511623602341683,0.3654274528658313,0.3352060995080376,0.2960467835303252,0.1911991709755156,0.3673653132489815,0.3647402945693707,0.3485689437966938,0.3257772265941678,0.354170984748664,0.2597847650528656,0.3400480604480694,0.3354891493598477,0.3376590574416345,0.3742912011649404,0.3529206317608045,0.3593420159043194,0.3352741824898878,0.2916611192380848,0.2989808953095777,0.2468901588423321,0.292171581223115,0.3705479272556344,0.3246918892706913,0.352325744206393,0.3280016308702582,0.3534158202870406,0.3048127400668678,0.3498744918977216,0.3295266847762326,0.3290195237357311,0.2945527663848249,0.3459049081539628,0.3224613859009007,0.4076928262946448,0.3222470789183782,0.3593486796992627,0.3521781855700119,0.3303577268279409,0.2788048983343555,0.3229075804858844,0.3463468843929173,0.3304309982443015,0.3133938504049721,0.3487299295406502,0.3054855951919373,0.3454457653995185,0.368133144531013,0.3397099476952589,0.3079233775341273,0.4074392089739024,0.3507421316923222,0.2991417721872866,0.3523259671705581,0.3574675792733309,0.3670274828894216,0.3602350937715895,0.2667770176857312,0.365965296404882,0.3658173487136866,0.3498682793139334,0.3417362518336272,0.3542391961893665,0.3201022156743696,0.3068820192050836,0.4077301161394179,0.3515238878815397,0.3012068072680397,0.2739909021417627,0.2988184463902874,0.2817264284064134,0.3525974130255687,0.3638687127282367,0.4345203562590282,0.3287006763009718,0.234074784926146,0.3760350077988846,0.301073306159199,0.3608099769488073,0.3927591663727535,0.3737074228639945,0.3344187293154044,0.3381784451470323
0.3589527335572582,0.3621308846698071,0.3442772613499741,0.320446717171202,0.3877763716456696,0.3484461720121877,0.3251406819975028,0.3408624022458717,0.3501220968454965,0.1931914978651599,0.3132136228881871,0.2927144098766291,0.2080222195798083,0.3716159149118969,0.3534241797394608,0.3473344792154252,0.3513946183629619,0.3662667992731371,0.338378568210017,0.2858188138676615,0.1986667367142295,0.3766605364739538,0.3604844703283953,0.3473449068005725,0.3276206382745737,0.3533843848142773,0.25862607604763,0.3361194121908559,0.3391618885809335,0.336801001137853,0.3744795147684711,0.3534509593911701,0.358297373778173,0.335971574843295,0.2965755646969671,0.2991899181177613,0.2446848850160282,0.291285186432506,0.3712014202258065,0.3241836855400573,0.3525535630774949,0.3271360813832412,0.3540056506814778,0.3088966708063289,0.3501383677277622,0.328765015915836,0.3282878979862593,0.2962100443345556,0.3466175542681889,0.3221957758770619,0.40644780635917,0.3166954284477123,0.3584072745335636,0.3514846673174852,0.3292974184471243,0.2773735380333149,0.3272254772427784,0.3456698303402589,0.3297882645709941,0.3123939021127165,0.3494447105727942,0.3057668729339233,0.3484610389536088,0.3676617096460624,0.3390213807511071,0.3062542289393824,0.4060341555022804,0.3500766281068859,0.2975479632521669,0.3540234084957089,0.3536920166841403,0.3659092231376553,0.3589756639512059,0.2658615672848204,0.3649637598537347,0.3669353293838576,0.3489857441366425,0.3412410851277317,0.3553095908853018,0.3189777350924279,0.3052898206396944,0.405314091582208,0.3515122685584658,0.2993060817309865,0.2770378676674608,0.2966179997127516,0.2868500086350461,0.3528311120906978,0.3652787864740389,0.4237619209047845,0.3276772042774181,0.2378416106570697,0.3758323837738487,0.303168409941496,0.35960290747522,0.3904462921791521,0.374072048813078,0.3337735980024522,0.3354396475217418
0.3582862356191087,0.3616312324306007,0.3470457610328004,0.3197074053334087,0.3861800161931873,0.3477789704832864,0.3243018122619193,0.3398663799908465,0.3503437195559538,0.1952094840429825,0.3088688394078392,0.2977816621345148,0.2136395389216808,0.3686735249473282,0.3530217474114347,0.3450977162159563,0.3517585264965366,0.3659834683504197,0.3416132349326958,0.2765986204939931,0.2057388251837983,0.3858220940033132,0.3559983930202972,0.3460305188626446,0.3293777263586591,0.3525346035331534,0.2580291339779952,0.3308650563857855,0.3427629383642804,0.3358074433745824,0.3747016010471351,0.3538520208590568,0.3571674905327277,0.3366937616657236,0.3017808383126675,0.300364897525248,0.2425924560177808,0.2904296875366998,0.3718189708483351,0.3236524780474063,0.3526597526777613,0.326231402328011,0.35447833637211,0.3130794785448674,0.3504291625626672,0.3278982861200597,0.3273381526066162,0.2985907386103905,0.3472487295890441,0.3219964777621587,0.4051614918675004,0.3121130391565505,0.3575131025803167,0.3510339185761448,0.3281698573878952,0.2764893973178018,0.331177936971211,0.3453051021707736,0.3290949171791357,0.3113067301022827,0.349992391342662,0.3061328443049994,0.3514501188364516,0.3670068734936403,0.3382459465648649,0.3045616111516318,0.403824307314198,0.3493766637887187,0.2958150741235315,0.3553931083934223,0.3489645712682241,0.3647565233715635,0.3576103000959572,0.2656324332236878,0.3638487273801794,0.3679777722134496,0.3481553931291585,0.3406396831633932,0.3559106019899626,0.3177834543308611,0.3037258891181255,0.4025099452928197,0.3514689022413117,0.2972948355463593,0.2810379114423734,0.2944093089031935,0.2927814325323196,0.3527737933673098,0.3664691251006027,0.4115223309332574,0.3265734696817435,0.2416442052409788,0.3756005585487735,0.3060428231621034,0.358471779100881,0.3878894556433374,0.3742418091155862,0.3331335185984095,0.3327434932542208
0.35744683939595,0.3610029656743811,0.3495170520936886,0.3190631708564154,0.384598461003565,0.3472409366237433,0.323391929778224,0.3389627259327606,0.3504726507351369,0.1982405880078341,0.3026418751795892,0.3035164364405442,0.2188671835943585,0.3661221032171483,0.3524611973390911,0.3431611315273231,0.3522107233501354,0.3649245316613885,0.3447328303092508,0.2685539238191058,0.2124493496913072,0.3946929344680476,0.3513032024742716,0.3446873031078779,0.3310744109476461,0.3516537785267515,0.2578803117881546,0.3243577864002293,0.3461963085530901,0.3346578225803917,0.3749713527939622,0.354081168193712,0.3559423778498007,0.3374176356811251,0.3071013115442783,0.302477788725858,0.2407274914118679,0.2895785939724124,0.3723555977578485,0.3230833541257351,0.352637331860676,0.3252772099882538,0.3548125878865472,0.3172355166228393,0.3507299973889501,0.3269259314791722,0.326179694172636,0.3016420950033521,0.3477915000941964,0.3218627545493238,0.4038193691454865,0.3084988348779576,0.3566697257992453,0.3508048732823324,0.3270169340009186,0.2762589454839391,0.3347328146151128,0.3452332655423284,0.3283208984170015,0.3100990219454907,0.3503614819507422,0.3065952555912685,0.3544119490591256,0.3662213715574308,0.3373969322852452,0.3027733620301364,0.4008761947344637,0.3486115639352162,0.2939215239485908,0.356483879729094,0.3435713211554398,0.3635845342363163,0.3561471884690987,0.2661397994504786,0.3626594910921901,0.3688612450733086,0.3473356683040392,0.3399015337080638,0.3560967026900374,0.3165242354833171,0.3022670287183425,0.3993801940495161,0.3513571774102362,0.2952037222193768,0.2859701369437142,0.2922591108345254,0.2993775083295124,0.3524387989903331,0.3674239820415842,0.3982107951610306,0.3253726701143538,0.2452892627177979,0.3753594398478777,0.3096297135335376,0.357411601735956,0.3851742702760226,0.3741835294441076,0.3324355418116954,0.3300595113939993
0.3564614090496945,0.3602594145063974,0.3517583574809442,0.318509011962247,0.3830725595550191,0.3468559825800816,0.3223841217510234,0.3382273607592597,0.3504716024600734,0.2023254427414682,0.2947633386749603,0.30991634948022,0.2237840584186437,0.3639966186035415,0.3517431245605456,0.3414863015995236,0.3527088427996681,0.3633886028098704,0.3475959119314654,0.2618201385551437,0.2188475076531663,0.4031401892637873,0.346443398224302,0.3433783934501373,0.3327313756768919,0.3507704274456484,0.2580502083472242,0.3167474587343103,0.3493763789976834,0.3333457905350983,0.3752996186571544,0.3541041914789533,0.3546171781989589,0.3381196883421957,0.3123602782510875,0.3054394036306448,0.2392194886253962,0.2886883897707379,0.3727623297926757,0.3224668549673365,0.3524762580493716,0.324266856992071,0.3549947931913322,0.3212510931609412,0.3510266698724431,0.3258692065880612,0.3248480333081689,0.3052686595526883,0.3482423186491409,0.3217969969169468,0.4023857759245676,0.3057539634610632,0.3558776716654628,0.3507627771144732,0.3258759675607244,0.2767800974680109,0.3378945932632612,0.3454288479544672,0.3274504935588253,0.308741066905193,0.3505474307091147,0.3071893994200785,0.3573350665559635,0.3653593272799373,0.3364906236684624,0.3007719112520146,0.3972948715162752,0.3477584904502389,0.2918729185425195,0.3573391648035409,0.3379126614885067,0.3624216738402398,0.3546024356447856,0.2673904967348047,0.3614365210571125,0.3695129807506962,0.3464787642451951,0.339010613416765,0.3559291718903829,0.3152125286173751,0.3010101025011025,0.3960094596986883,0.3511385231583179,0.2930913163559424,0.2917286956359614,0.2902543053066169,0.3064777340289273,0.3518381972788293,0.3681257582701669,0.3842719390293684,0.3240681662398864,0.2486696272364102,0.375136880101394,0.3138150333503778,0.3564225773950649,0.3823823789547506,0.3738770342755642,0.3316298293329342,0.3273379515049082
0.3553604292246589,0.3594322134798541,0.3538319039395552,0.3180240433280644,0.3816507630975218,0.3466446765032904,0.3212611204173498,0.3377225783413264,0.3502958558076084,0.2074697810493244,0.2855711805799854,0.3169220599989399,0.2282521789788582,0.3623142238969198,0.3508776725718899,0.3400204710516514,0.353208261036227,0.3615919159929508,0.350086431783877,0.2565011496276741,0.2249890801760994,0.4110666245974106,0.3414795626777969,0.3421586248574563,0.3343538555115865,0.349900498451598,0.2584166446721398,0.3082305323820258,0.352244773846229,0.3318810731871079,0.3756941965649886,0.3539050711484606,0.3531955574623843,0.3387860791377529,0.3174011549635491,0.309111370318176,0.2382022491050395,0.2877161918379879,0.3729907133185142,0.3217966760733123,0.3521687552851403,0.3231964348034186,0.3550170033340599,0.3250404001090877,0.3513080102229053,0.3247548501403848,0.3234006394217957,0.3093466272686,0.3485973289380829,0.3218037178607165,0.4008017421534239,0.3036906812796077,0.3551435938740613,0.3508707055596528,0.324778828811641,0.2781287874931798,0.3407028984384957,0.3458612306119854,0.32647917071025,0.307205394213955,0.3505528562652847,0.307968559452288,0.3601957689202592,0.3644795278926753,0.3355424888706815,0.2983916785530373,0.3932155833277548,0.3468033876996834,0.2897027847012482,0.357993023796021,0.3324681124613984,0.3613025593804352,0.3529992454223376,0.2693492058463257,0.3602143802877764,0.3698782989204063,0.3455374150920133,0.337968245299518,0.3554816598836999,0.3138690458008556,0.3000590609432481,0.3924917153738333,0.3507706194168186,0.2910486782859653,0.2981329867305229,0.2885047981237573,0.3139167327419811,0.3509811637732747,0.3685690913795614,0.3701407391895343,0.3226635273715982,0.2517691338772291,0.374964474513456,0.3184470637453385,0.3555125437739874,0.3795912006234941,0.3733146241958304,0.3306745665104719,0.324529255856422
0.3541746760823293,0.3585607968683109,0.3557819393490552,0.3175760772193156,0.3803845811164934,0.3466232456791533,0.3200097646777773,0.3374889426141488,0.3499018431597162,0.2136263845274409,0.2754684386539496,0.3244131344345524,0.2320969895613402,0.3610835428216822,0.3498866133317356,0.3387003909260981,0.3536652572808452,0.3596547868722981,0.3521420354514172,0.252670283068784,0.2309309418360788,0.4184144962130243,0.3364820704075915,0.3410716002063003,0.335923089765649,0.3490444211873685,0.2588801189977157,0.2990510087816345,0.3547684410674213,0.3302917349056412,0.3761574553376847,0.3534933054166085,0.3516915647194159,0.3394172291970124,0.3221089774496387,0.3133096842346261,0.2378130655849061,0.2866223184488773,0.3729975542883301,0.3210722067120072,0.3517213895344671,0.3220713029826642,0.3548797015895471,0.3285498220169525,0.3515565312136595,0.3236087085313247,0.3219118125311584,0.3137316292030126,0.3488525280450609,0.3218918641496183,0.3989974314494234,0.3020622996886258,0.3544673552259598,0.3510867242826099,0.3237489221669928,0.2803469387064346,0.3432060943332044,0.3464898677795109,0.3254069459719496,0.3054733747400072,0.3503852403373667,0.3089964262076599,0.3629613611158185,0.3636436713231361,0.3345738993106551,0.295440183243394,0.3887898140515794,0.3457470673123304,0.2874616059796826,0.3584672750692708,0.3277547046247338,0.3602704924432268,0.3513616827014355,0.2719459348173073,0.3590201860394317,0.369926874604483,0.3444771311274253,0.3367912339026847,0.3548429133101662,0.3125143221097727,0.299514383429936,0.3889163842900295,0.3502200714384218,0.2891882532205462,0.3049451589371875,0.2871284749795948,0.321539932661406,0.3498715909230595,0.3687659787579203,0.356196345409783,0.3211706641563615,0.2546637718088765,0.3748652538756005,0.3233453322275672,0.3546956031435636,0.376865837224427,0.3725008359674209,0.3295379957007566,0.3215963025371707
0.3529330409058197,0.3576765401083639,0.3576249211233193,0.3171253553153241,0.3793212430188621,0.3468018755125562,0.3186203764352018,0.3375429242721203,0.349250528168429,0.22069167804306,0.2648883264384065,0.3322142469566335,0.235416463845552,0.3603009685571329,0.3488042133607086,0.3374608751871645,0.3540489211828725,0.3576217810284163,0.3537688724737008,0.2503675759194989,0.2367220197778616,0.4251655265373941,0.3315287136578936,0.3401471484583753,0.3374050698463974,0.3481935445313971,0.259365698834943,0.2895113275015031,0.3569356252778019,0.3286227614019182,0.3766865776211949,0.3528975430276191,0.3501249883383716,0.3400208076038632,0.3264094713740508,0.3178146286868203,0.2381913786628499,0.2853581568940426,0.3727509813439414,0.320302691519766,0.3511536228448753,0.3209113498417694,0.354596403593669,0.331749882957037,0.3517456266270412,0.3224641231069008,0.3204687413532942,0.3182658634815082,0.3490094438165207,0.3220739593809396,0.3969106394499291,0.3006021830944976,0.3538379118824262,0.3513583272203931,0.3227956656301904,0.2834373221289415,0.3454425756199789,0.3472712891646404,0.3242411374360734,0.3035473428473434,0.3500577828164208,0.3103356994880649,0.3655951803278703,0.3629061861065397,0.3336136949003726,0.2917318815805489,0.3841856314213293,0.3446100064918292,0.2852201017876836,0.3587750926236092,0.3242850857184995,0.3593816969158779,0.3497124734696751,0.2750838085959948,0.3578772380386659,0.3696601033316389,0.3432849099205033,0.3355069955312398,0.3541054895200247,0.3111633161522356,0.2994754946988121,0.3853699262521792,0.3494754501182021,0.2876346696206546,0.3119059038433744,0.2862389780452721,0.3292113877672464,0.34850339656811,0.3687390575037078,0.3427375686518982,0.3196128195114481,0.2575062744732281,0.3748445488725546,0.3283179350549411,0.3539919216381836,0.3742465340892026,0.3714549643378704,0.3282130439422233,0.3185130642456055
0.3516609593936201,0.3568005619096701,0.3593552869094705,0.3166256884662352,0.3785022715696149,0.3471819017619379,0.3170936770660627,0.3378688607217731,0.3483097586761902,0.2285101016231639,0.2542686901582842,0.3401152437713138,0.2385670623429961,0.3599382166332374,0.3476699289376118,0.3362478657165595,0.3543473321675165,0.3554954704046094,0.3549895185538137,0.2495897352051248,0.2423917115179582,0.4313334424284055,0.3267010962544242,0.3393928954876682,0.3387639408648875,0.3473344340301664,0.2598250709015576,0.2799488772976137,0.3587623829144508,0.3269307855028039,0.3772779024303396,0.3521551558301448,0.3485180617684931,0.3406052165802133,0.330259619943266,0.3223962156711369,0.2394641446879735,0.2838679033898945,0.372235914551013,0.3195062450988571,0.3504851133366915,0.3197467771055011,0.3541920356377869,0.3346307666928326,0.351850246227341,0.3213618832140415,0.3191674291575451,0.3227935169191059,0.349078070426232,0.3223604103519378,0.3944951838670847,0.2990571289771589,0.353249665460207,0.3516320209252499,0.3219141653624675,0.287361715703364,0.3474479940167844,0.3481739101646033,0.3230022638425766,0.3014564409525452,0.3495912773008394,0.3120341210891837,0.3680592399087951,0.3623084110937728,0.3326883865130154,0.2871179695583425,0.3795906945381712,0.3434268356427831,0.2830836622888679,0.3589265305111345,0.3225132288598572,0.3586999482935731,0.3480739614538848,0.2786478072229193,0.3568037302556217,0.3691128280556318,0.3419659906785104,0.3341516059873089,0.3533508563105061,0.3098279216867851,0.3000426505157069,0.3819397737789772,0.3485460802074701,0.2865239698500765,0.3187751002935154,0.285947157930899,0.3368151643513564,0.3468606293318189,0.3685173699168534,0.329978445753665,0.3180243144299871,0.2604906599493272,0.3748888256832277,0.333187107937397,0.3534274477468241,0.3717464127090148,0.3702119159941869,0.3267235904351559,0.315265420362666
0.3503761666926316,0.3559503507234283,0.3609565330825334,0.3160284428263589,0.3779609172763856,0.3477537224801575,0.3154430093751137,0.3384059773819284,0.347057349113963,0.2368740214525326,0.2440195330372183,0.347890756042593,0.2419115963814127,0.3599431734101082,0.346520207376927,0.3350276192159923,0.3545621602138322,0.3532579990989225,0.3557855349183322,0.2502801324981282,0.2479471582319253,0.4369440296587845,0.3220767368242066,0.3387898995385301,0.3399629516633293,0.3464462092552203,0.2602448542205043,0.2707156780626724,0.3602939548082801,0.3252752463276759,0.3779271298880178,0.3513089800763246,0.3468967434377605,0.3411815434710011,0.3336528275345385,0.3268410512486782,0.2417252759324591,0.2821086516288433,0.371454347145878,0.3187029387141528,0.3497312744914891,0.3186093243385674,0.3536975941514684,0.3372054825247799,0.3518550100918276,0.3203327189083564,0.3181072726723483,0.3271769846217526,0.3490717426650759,0.3227544458413454,0.3917215450492616,0.2972184502064998,0.352708715522987,0.3518666221884788,0.3210900134903993,0.2920373205844476,0.3492616989268946,0.3491792066506221,0.321719233786476,0.2992540376748154,0.3490130731578508,0.3141130840308329,0.3703160319794032,0.3618794282319564,0.3318157882433821,0.2815128431140848,0.3751986234723706,0.3422330243916167,0.281190162352168,0.3589293646073583,0.3227681463485499,0.3582857952445254,0.3464641911473187,0.2825132124992371,0.3558042104310439,0.3683430247104561,0.3405359382183535,0.3327680787881815,0.3526444839825848,0.3085147430236582,0.3013035473761263,0.3787028364521416,0.3474554214647699,0.2859963526478695,0.3253590065907273,0.2863568987097934,0.3442583910697622,0.3449227965506496,0.368139036513501,0.3180473636686004,0.3164398672389096,0.2638140043764906,0.3749649552390038,0.3378057766109742,0.3530283283041212,0.3693567311876303,0.3688167288497245,0.3251119854888158,0.3118609075516739
0.3490851565136887,0.3551371557642797,0.362403478255301,0.3152912582402533,0.3777126534527131,0.3484964243322255,0.3136874556779068,0.3390466641369564,0.3454843017793778,0.245529801053719,0.2344898625982523,0.3553116281236311,0.2456818318972992,0.3602529890051543,0.3453893052792779,0.3337873951124179,0.3547029266053514,0.3508874924870114,0.3561109744709833,0.2523235035250237,0.2533829330450097,0.4420090917603004,0.3177202473202571,0.3383008706037717,0.3409619095138719,0.3455017200331304,0.2606479732408143,0.2622077461222816,0.3615886407435056,0.3237089504254377,0.3786215890795225,0.3504066262885365,0.3452879725419997,0.3417643890491318,0.3366251054999253,0.3309664816856426,0.2450253694796953,0.2800631658777321,0.370422039427905,0.317908940848674,0.3489100052011181,0.3175272440617671,0.3531486375997109,0.3395080907072539,0.351748401566384,0.3193839392624275,0.3173832728147754,0.3313038975074778,0.3490009215506546,0.3232508629200604,0.3885808335418626,0.2949560237892441,0.3522175913238561,0.3520316994790293,0.3203017803287946,0.2973352633917673,0.3509131304543612,0.350268308673205,0.3204185728544489,0.2970159396856557,0.3483558147448106,0.3165617367085431,0.3723355486383984,0.3616348133867625,0.3310114849600753,0.2749252472974158,0.3711905350716968,0.3410573475370363,0.2796892502012868,0.3587874908689666,0.3252004658256108,0.3581897289008359,0.3448915953018099,0.2865516212223986,0.354865815135763,0.3674191629923846,0.3390202167362956,0.3313986063078271,0.3520365672902545,0.3072157778018254,0.303314453956431,0.3757113049823655,0.3462401288487544,0.2861774384513016,0.3315287845849368,0.2875447914260607,0.3514738445397714,0.3426681250250827,0.3676493863856217,0.3069909787577588,0.3148855393790926,0.267646854773352,0.3750141910805759,0.3420588886822091,0.3528117387725777,0.367046313137763,0.3673176961791125,0.3234258635876753,0.3083333833849563
0.3477877889075932,0.3543557971095936,0.3636626075323367,0.3143843765396584,0.3777483330512704,0.3493781889702517,0.3118462566494964,0.3396509594141959,0.3436005059868797,0.254205589731509,0.2259572761212502,0.3621591590122106,0.2499937144423114,0.3607965597199239,0.3443108004590319,0.3325320795358854,0.3547879201984297,0.3483873576448011,0.3559223432340146,0.2555381966516112,0.2586920472602386,0.4465059497012368,0.3136781437633159,0.3378799978534957,0.3417268672250082,0.3444784364866688,0.2610800683897084,0.2548629239331521,0.362701495625535,0.3222744582289495,0.3793343119933328,0.3494943964914394,0.343711265626437,0.3423641166029821,0.3392384551763345,0.3346284215452605,0.2493708573988697,0.2777367278951993,0.3691687629896913,0.3171374907887373,0.3480439509835731,0.3165235032820476,0.3525848503276132,0.3415815441358326,0.3515171069448602,0.3185056619478196,0.3170757187860164,0.3350904738969545,0.3488744162519174,0.323835477154248,0.385090009027919,0.2922431689285136,0.3517676509501341,0.3521007486594347,0.3195219675370098,0.3030888228119582,0.3524113850226763,0.3514160303456305,0.3191226078804924,0.2948426808244893,0.3476580240191675,0.3193362428979584,0.3741063223589352,0.3615741136315509,0.3302941125034165,0.2674855498446531,0.3677318614468718,0.3399248564752787,0.2787290127635902,0.3585031022813437,0.3297593076061634,0.3584470089542508,0.3433570155946723,0.2906389960933472,0.3539663108070287,0.3664165352438985,0.3374572875525616,0.330075757610343,0.3515572713812033,0.3059083406444947,0.3060934630586465,0.3729978585778453,0.3449480802844757,0.2871629018586522,0.337242060182496,0.2895434813450883,0.3584144507973775,0.340074806199671,0.3670912272173754,0.2967959838364094,0.3133815281910604,0.2721053915517926,0.3749478265132848,0.3458652139770597,0.3527800879736413,0.3647598591893723,0.3657657513174903,0.3217182942853038,0.3047338862485986
0.3464860592464994,0.353584229556252,0.3647021248516582,0.313289452760665,0.3780368780102744,0.3503566836254779,0.3099406036665947,0.3400607386101829,0.3414399788216878,0.262646683467629,0.2186360483531179,0.368246940546253,0.2548490732680223,0.3614848329045847,0.3433079108231615,0.3312817763219864,0.3548436768499783,0.345814152029394,0.3551342247539979,0.259666217822263,0.2638711136082712,0.4503649083248371,0.3099784990914644,0.3374735031667306,0.3422442133509639,0.3433681687547543,0.2615931683158948,0.2490313268037689,0.3636840030956181,0.3210064984590192,0.3800280880198478,0.3486082853829201,0.3421753180668075,0.3429796810836032,0.3415560367866289,0.3377326551980892,0.2547197378676782,0.2751591110677352,0.3677413399245035,0.3164029839474583,0.3471528992441737,0.3156123658930649,0.35204339229067,0.3434657987518592,0.3511542814269843,0.3176817443522277,0.3172406236016424,0.3384884849415774,0.3487049272622718,0.3244828800161919,0.3812909100904755,0.2891592348831226,0.351349897421041,0.3520567275400584,0.3187226972141562,0.3091097079723608,0.3537576286978787,0.3525984717910826,0.3178549321628303,0.2928582718730277,0.3469615500398197,0.32236415520515,0.3756406824900912,0.3616830474441379,0.3296763851738438,0.2594498270823908,0.3649740051390995,0.3388579601062438,0.2784542089440862,0.3580819127053037,0.3361903595984861,0.3590678929861237,0.3418580760659408,0.2946682409592125,0.3530834263042308,0.3654132839756114,0.3358925521237961,0.3288216185756359,0.3512093773461552,0.3045674124933383,0.3096221326070151,0.3705911058734986,0.3436290344075611,0.2890123134827709,0.3425579151854767,0.2923425843475254,0.3650416848285064,0.3371271127814758,0.3664989152161187,0.2874229074803562,0.3119433838728715,0.2772247370546875,0.3746539530189264,0.3491863909775786,0.3529201413606547,0.3624301313932628,0.3642160836939765,0.3200481656082141,0.3011195425548698
0.3451841641551913,0.3527948817873371,0.3655038138806535,0.3119973210888588,0.3785283242743943,0.3513805392310284,0.3079957034564411,0.3401043599159367,0.3390562820005441,0.2706332134054492,0.2126772303442471,0.3734365520025545,0.2601139162683732,0.3622119764575307,0.3423825430075488,0.3300685677108889,0.3548969449222947,0.3432758817334121,0.3535569918844358,0.2643788923364484,0.2689259915827272,0.4534611156179722,0.3066326795514771,0.3370210311294131,0.3425222849927856,0.3421757312749516,0.2622382925380299,0.2448252666808506,0.3645855068789467,0.3199315079720899,0.380662714449819,0.3477684027900647,0.340682151366187,0.3436006077629319,0.3436374004486111,0.3402421081699804,0.2609750903768113,0.2724012029222585,0.3661996690841924,0.3157196565069121,0.3462479341663495,0.314794465636819,0.3515497704679071,0.3451948308133695,0.350668907957173,0.3168882303617055,0.317905117518486,0.3414878679065945,0.3485102980055536,0.3251555587950179,0.3772463978427988,0.2858754804757463,0.350957633142152,0.3519015702499447,0.3178820244829757,0.3152027714814068,0.3549591742703541,0.353794992745552,0.3166397880650156,0.2912013932065713,0.3463041765125303,0.3255535800878029,0.3769711845432579,0.3619356144536109,0.3291542111544432,0.2511775619695556,0.3630414354451163,0.3378674099602431,0.2789931448141146,0.3575358808374882,0.344046522133584,0.3600281316106971,0.3403862638713036,0.2985578378905734,0.3521950017812394,0.3644734127353085,0.3343659192215226,0.3276503540248011,0.3509693137543873,0.3031713458936583,0.3138412000212649,0.3685156779906687,0.3423264552908371,0.2917410558285343,0.3476292711871045,0.2958930372596426,0.3713158890899593,0.3338250778724322,0.3659008183053381,0.2788315314314964,0.3105698098185417,0.2829488899857441,0.374012401814936,0.3520272016773408,0.3532028654980536,0.3599986326854457,0.3627220369770303,0.3184671876943177,0.29755166022057
0.3438805776361788,0.3519628182059451,0.3660640034387676,0.3105128537069199,0.379152090335294,0.3523937001246757,0.3060374716048349,0.3396068447988565,0.3365103712518753,0.2779865093495392,0.2081608586472103,0.3776399497891199,0.2655472223747088,0.3628721060877136,0.3415191675571611,0.3289291883950425,0.3549664421196631,0.3409091272630818,0.3509475735278559,0.2693073892261575,0.2738808172445041,0.4556132974076028,0.3036346965140353,0.3364688235046227,0.3425836990636562,0.3409128971430681,0.2630603404685891,0.242147514489685,0.3654407503160664,0.3190606662330258,0.3811951325203632,0.3469785047276126,0.3392281036785508,0.3442115429621974,0.3455437416601724,0.3421691879534903,0.2679901950430545,0.2695862557638864,0.3646043580501218,0.3150942539700599,0.3453338555689489,0.3140541986923063,0.3511153754622956,0.3467972918111675,0.3500797397333432,0.3160878880809762,0.3190669561472031,0.3441069121465768,0.3483101118268432,0.3258079792963251,0.3730386562426546,0.282634013363355,0.3505731204961529,0.3516529220550213,0.316981761002007,0.3211763906344228,0.3560230394618089,0.3549764981138372,0.3154954429291462,0.2900146319445427,0.3457150013773649,0.3288044697614608,0.3781468658218292,0.3622913139631601,0.3287106670448951,0.2430979624664613,0.3620144565970933,0.336944786767958,0.2804317561408413,0.3568826045592599,0.3527227236439275,0.3612685006942424,0.3389226921336939,0.302251147342824,0.351276243876286,0.36362902994348,0.3329072535491286,0.3265647485621625,0.3507965761001475,0.3016949381288544,0.3186446420178799,0.3667796743683785,0.3410753283022134,0.2953094880166914,0.3526805422449482,0.3001042484238908,0.3771896176771025,0.3301894649726506,0.3653199215807007,0.2709931796504633,0.3092337019584249,0.2891424084598319,0.3729074284887561,0.3544194294113408,0.3535826615736543,0.357426070292116,0.3613238823491834,0.3170053617618637,0.2940949236410117
0.3425677270328674,0.3510658065776925,0.3663894556774152,0.3088621383419916,0.3798217305671596,0.3533417600357265,0.304088418256754,0.3384162014425461,0.333866352977091,0.2845870393202758,0.2051039871058209,0.3808205192953082,0.270862951817208,0.3633699597155349,0.340695485300648,0.3278966366419544,0.3550612593345904,0.338867324139147,0.3471511222962516,0.274080864308644,0.2787810452334665,0.4565955585001818,0.3009579232053426,0.3357830418274484,0.3424623697386429,0.3395982453201497,0.2640864625505487,0.2408658435892788,0.3662583772739959,0.3183851410701623,0.3815739760818877,0.346229604894146,0.3377987319455063,0.3447922875355016,0.3473259069315964,0.3435606470759354,0.2755853170815268,0.2668808719547682,0.3630079110442062,0.3145217938488336,0.3444126489782636,0.3133612877966043,0.3507402418617696,0.3482930955611208,0.3494043999452116,0.3152367074088638,0.3206936988938778,0.3463798214791241,0.3481237888877049,0.3263940715529027,0.3687649886071468,0.27971644218661,0.3501640768919202,0.351334503869757,0.3160010132472286,0.3268555388690446,0.3569453136516212,0.3560978528806935,0.3144325805342697,0.2894348413282598,0.3452161244850165,0.3320195385952749,0.3792332466053142,0.3626966678567849,0.3283259069821701,0.2356729725723298,0.3619274048814661,0.336067953008169,0.2828018536349331,0.3561446755623499,0.3615212499711975,0.3627000274174926,0.3374431711160321,0.3057149610255639,0.3503039034367812,0.362880946073763,0.3315395198222789,0.3255520474649822,0.3506419548420407,0.3001088973632867,0.3238875041304178,0.3653743504516267,0.3398972409097024,0.299623690251565,0.3579903708934105,0.3048460798867915,0.3826013144216865,0.3262617287728706,0.3647680710740469,0.2639004161653009,0.3078935785113477,0.2956096814429163,0.3712366411473296,0.3564058455066458,0.3539992111291227,0.3546938537077876,0.3600444457810147,0.315670981734657,0.2908062754257532
0.3412424939760448,0.3500866666879877,0.366498971086284,0.3070910015641175,0.3804500930302495,0.3541762295498309,0.3021670261770016,0.3364287776143126,0.331196918593485,0.290395245661212,0.2034816899999909,0.3829996104409117,0.2757992049470448,0.3636176671295941,0.339881933631983,0.3269957821616238,0.3551811574341093,0.3373199972648295,0.3421737298694693,0.2783547181395823,0.2836864423330023,0.4561622988486675,0.2985555010330942,0.3349490700585814,0.3422042191386631,0.3382611958455513,0.2653153880834417,0.2408927802113812,0.3670291529630401,0.3178793937614343,0.381737478260701,0.3455052798796191,0.3363680195325115,0.3453186336899134,0.3490045948989539,0.3444894481734465,0.283560592684514,0.2644789656719284,0.3614550030541784,0.3139895445704452,0.3434826789127114,0.3126754154729262,0.3504131500097244,0.3496883817441722,0.3486617076689083,0.3142973848780574,0.3227211972695638,0.3483528399430804,0.3479714880012283,0.3268732832295971,0.3645284160518501,0.2774001842488937,0.3496961747051552,0.3509744714450916,0.3149172018230579,0.3320994266493665,0.3577189646350079,0.3571055441667137,0.3134574994013072,0.2895800454179004,0.3448231668019182,0.3351146441222631,0.3803076961601117,0.3630966943648724,0.3279742637869566,0.2293503798435126,0.3627742700008832,0.3352103238298348,0.2860888444863899,0.3553491331885534,0.3697284285789718,0.3642055226384421,0.335925886899415,0.3089420447473915,0.3492636233993119,0.3622084007973095,0.3302760147113466,0.3245891649854032,0.3504516147986177,0.2983930272097094,0.3294044497920239,0.3642883381935421,0.338791866328319,0.3045489300484287,0.3638784792307355,0.3099625841383978,0.3874731550981342,0.3221057925455211,0.3642442080296028,0.2575736706964898,0.3065090739496158,0.3021167291351215,0.3689242741298867,0.3580346406750432,0.3543838680577594,0.3518139139315924,0.3588921991577564,0.3144578537435511,0.2877201785438047
0.3399111574331347,0.3490211340138012,0.3664247378536461,0.3052566608916289,0.3809587921262305,0.3548549989810765,0.3002876664300861,0.3335963658803552,0.3285806589877347,0.2954461211464682,0.2032331671246318,0.3842574313795707,0.2801945234958368,0.3635347839931567,0.3390364235922531,0.3262414894241094,0.3553136618848109,0.3364342050655453,0.3361338363240204,0.2818362329733475,0.2886639550144099,0.4540809272373894,0.2963681006775578,0.3339659720425385,0.3418612530546044,0.336940756719801,0.266718582941424,0.2420907111813071,0.3677410363374498,0.3175053882138203,0.3816189436809417,0.3447846565415011,0.3349053071315047,0.3457684050288901,0.3505721212303588,0.3450505977075779,0.2917009568133152,0.2625938879517686,0.3599815683451383,0.3134818882879943,0.342537950944025,0.3119512212084588,0.350109747768192,0.3509759960387981,0.3478786807199669,0.3132441739613913,0.325055786166354,0.3500809156922052,0.3478740034028684,0.3272128233156459,0.3604303989252094,0.2759162039739075,0.3491377343059775,0.3506064303209181,0.3137131647092998,0.3368137068492167,0.3583483619292945,0.3579467749994141,0.3125705839780002,0.2905328757223871,0.3445414333851294,0.3380281801818419,0.3814460211475735,0.3634436482169866,0.3276139918005637,0.2245078586381582,0.3645046006384159,0.3343417225417204,0.2902326988544211,0.3545251623315531,0.3766831998238272,0.3656402706790357,0.3343496925207057,0.3119463699204589,0.3481524503831641,0.3615665610683156,0.3291117222663938,0.3236502415958036,0.3501725975667702,0.2965437010829118,0.3350219166012056,0.3635135990409615,0.3377386396516507,0.309920461503946,0.3706806042144611,0.3152855429985535,0.3917179226724796,0.3178116821919102,0.3637425086058392,0.2520531445092632,0.3050380091885379,0.3084270685644736,0.3659400215061368,0.3593522093026274,0.3546687820562868,0.3488454961187747,0.3578612981615277,0.3133446727070104,0.2848453979196518
0.3385813012354697,0.3478810136489236,0.366204410097594,0.3034254802363257,0.3812747200522466,0.3553436276130599,0.2984585495732606,0.3299267043382652,0.326086553909269,0.2998214792093221,0.2042514351203624,0.3847209900653755,0.2840043465159098,0.3630588962109234,0.338113516978207,0.3256350197782769,0.3554328898843434,0.3363401692846927,0.3292103378660573,0.2843185126692008,0.2937852811807032,0.4501667798913308,0.2943319661990576,0.3328499363958979,0.3414806022334753,0.3356764421305093,0.2682480451751049,0.2441924792135208,0.3683788065019939,0.3172115830404545,0.3811569261733188,0.344043088507073,0.3333806373567158,0.3461258324463588,0.3520101678423843,0.3453473959159751,0.2997868672005597,0.2614505049079211,0.3586065823126095,0.3129780896087189,0.34157095093362,0.3111412086941834,0.3497951589273825,0.3521415775669216,0.3470832522784927,0.3120589224294164,0.327582034528972,0.351614278876774,0.3478509610674496,0.3273882144335334,0.3565680493639493,0.2754209094113518,0.3484532555755686,0.3502621068443097,0.3123791592199755,0.3409501188519352,0.3588472746889811,0.3585689854198272,0.3117607346834294,0.2923299244008965,0.3443659812858114,0.340727179451519,0.3827098281673106,0.3636947639527056,0.3271896712574156,0.2214068066427621,0.367018084346523,0.3334281742326399,0.295115924487231,0.3537020845000659,0.3818398075039611,0.3668431062951077,0.3326894914707005,0.3147460511857428,0.3469784589960932,0.3608790652812575,0.3280239970575671,0.322704563562062,0.3497617238012583,0.294566115459097,0.3405628526934594,0.3630363489454186,0.3367105194922787,0.3155496495418173,0.3787114520755296,0.3206433266287071,0.3952496556525547,0.3134941541633368,0.3632606466063987,0.2473770703849956,0.3034273871555576,0.3143473665793278,0.3623118556270761,0.3603891644040853,0.354795524597535,0.3458989021128359,0.3569278372150581,0.3122912494841715,0.282173059459568
0.3372549155247915,0.3466886547048417,0.3658726021035295,0.3016793651557142,0.3813313750607503,0.3556217387734929,0.2966802304623468,0.3254938508356981,0.3237655756667236,0.3036323884117912,0.2063821888994688,0.3845477300870129,0.2872248812545759,0.362152346582918,0.3370827193030839,0.3251616803846922,0.3555052036258859,0.3371176089358426,0.321665787666003,0.2857101553963004,0.2991192728244525,0.4443133063524491,0.2923795755362804,0.3316382922748374,0.3410979375323584,0.3344984518250189,0.2698390445049824,0.2468784080907711,0.368915553193377,0.3169328154275502,0.380303568309243,0.3432559952711582,0.3317650325342284,0.3463801975185461,0.3532946289482378,0.3454711432572876,0.3076158008669371,0.2612635483115646,0.3573276107239072,0.3124480544070035,0.3405760577721017,0.3101979695665904,0.3494306599646303,0.3531688600424491,0.3462904111002302,0.3107305018928678,0.3301731237438549,0.3529852979629893,0.347919501704209,0.3273856204928679,0.353027214423281,0.2759783385653405,0.3476078562538211,0.349962449514871,0.310909351754092,0.3445006790830977,0.3592254006840183,0.358920874369909,0.3110047233625175,0.2949615688521375,0.3442878537381993,0.3432082361878774,0.384141853337947,0.3638122249908206,0.3266466334800698,0.2201711512247028,0.3701735542460158,0.3324414621173208,0.3005667105024316,0.3529104769708453,0.3848260491280057,0.3676559665274058,0.3309216042969686,0.3173504075931907,0.3457613020132336,0.3600491898505335,0.3269844912411777,0.321713037190556,0.3491930374526514,0.292470205522537,0.3458584645653457,0.3628311207335915,0.3356822052592336,0.321239881035192,0.3882313613165181,0.3258754179052368,0.3979895319456489,0.3092842932321759,0.362799817685817,0.2435609117594366,0.3016230657135143,0.3197556708243356,0.3581238547236338,0.3611554180051349,0.3547206963656752,0.3431224846763306,0.3560524855777218,0.3112453398738802,0.2796820375011348
0.3359320600112844,0.3454723776444016,0.3654630233609841,0.3001178978253039,0.3810850655839211,0.3556892932465515,0.2949456606431991,0.3204471334303523,0.321658546502649,0.3070157055701632,0.2094342599176907,0.3839120926668593,0.2898553399436115,0.3607982525441802,0.335933687831361,0.3247960140988078,0.3554967152259133,0.3388114834518345,0.3138704342410984,0.2860417156023155,0.3047148838921052,0.4365113109058298,0.2904384703598032,0.3303808342558922,0.34073529950172,0.3334241719102748,0.2714101893267824,0.2499035281278996,0.369318244419351,0.3165966958077957,0.3790253060562003,0.3424063820400631,0.3300330842036059,0.3465259729752595,0.3543890718372411,0.3454926216175699,0.3150195402681401,0.2622088707646937,0.3561287282686281,0.3118559799499925,0.3395509787519247,0.3090802728959795,0.3489795096285124,0.3540413076719496,0.345503613426304,0.3092602979498724,0.3327013980787431,0.3542108139025006,0.3480925161364374,0.3272063657044979,0.3498697731179017,0.2775479810840074,0.3465823495995575,0.3497174012165281,0.3093025894302547,0.347495110972826,0.3594849922755596,0.358964184881381,0.310271687855157,0.298374353500595,0.3442958253460905,0.3454924236183257,0.3857633711430117,0.3637740615475965,0.3259393146712513,0.2207854799597096,0.3738039023595921,0.33136898122078,0.3063874929834549,0.3521833177551377,0.3854783944464948,0.3679364500547132,0.3290332832150592,0.319762561004005,0.3445292769639737,0.3589848253942281,0.3259658494827472,0.3206376287774329,0.3484601508218468,0.2902824654422207,0.3507676650976041,0.362866088251065,0.3346265725502089,0.326811652946783,0.3994214139061348,0.3308502231150251,0.3998696291489125,0.3053183806043708,0.3623630363433691,0.2405836083235015,0.2995903291342503,0.3246017576502433,0.3535047306669246,0.3616497710781756,0.3544184535947198,0.3406902423282657,0.3551898243336767,0.3101567244984303,0.2773372980500442
0.3346141313971467,0.3442679197481806,0.3650128507591279,0.2988490630127114,0.3805258436544497,0.3555637823270038,0.2932390028825785,0.314999916387579,0.3198011839816735,0.3101161558069423,0.2131798619585256,0.3829919997391438,0.2919766426138697,0.3589972776794046,0.3346685782110166,0.3245113326556085,0.3553760644519272,0.341443097827958,0.3062518914226447,0.2854526570185914,0.3105875013564019,0.4268589610045268,0.2884385198103064,0.3291272063995033,0.3403981683050884,0.3324600764065865,0.2728716159816819,0.2531312145459107,0.3695645962895328,0.3161306870291174,0.3772985509000184,0.3414883270928583,0.3281695184814414,0.346567226603822,0.3552518096666456,0.345469359882413,0.3218666898661309,0.2644041661305268,0.3549900007017765,0.3111693130414625,0.3384973331540635,0.307762590564505,0.3484120089974392,0.3547437935256747,0.3447271947704576,0.3076649767428991,0.3350489009160695,0.3553021333094129,0.3483747257623589,0.3268700380730127,0.3471253017442952,0.2799870108041336,0.3453770916283021,0.349527831790997,0.3075694712433955,0.3499967026976263,0.3596303329430081,0.3586844298771016,0.3095261800997043,0.3024698505993823,0.344371134234177,0.347614240993049,0.3875694286732719,0.3635808007409578,0.3250308237089038,0.2231018868155533,0.3777223731317192,0.3302104999286925,0.3123803499344483,0.3515524939976643,0.3838405188390256,0.3675588253864668,0.3270230263060051,0.3219831184919136,0.3433109492162081,0.3576107369531304,0.324937159924931,0.319454496407078,0.3475742563827045,0.2880570467383448,0.3551884793550876,0.3631061508363882,0.3335160392501259,0.3321172081259386,0.4123574055020044,0.3354701411964652,0.4008433645213891,0.3017271739455049,0.3619592457167705,0.2383754322897997,0.2973203084038383,0.3288999961715618,0.3486171787192057,0.3618660946999943,0.3538828244262442,0.338794803848299,0.3542936387956765,0.3089846676128784,0.2750919306694278
0.3332993142534895,0.3431169811386967,0.3645565395036861,0.2979781474960785,0.3796667633797267,0.3552705033176868,0.2915336574740023,0.3094065681470134,0.318214660972736,0.313049825426817,0.217347642862231,0.3819547316651273,0.2937853313694813,0.3567710416636988,0.3333016469181048,0.3242837550771994,0.3551148226102971,0.3450006442932295,0.2992180341473242,0.2841738811281493,0.3167181677717252,0.4155670090732305,0.2863244266354826,0.3279242009109229,0.340074991135451,0.3316023652065338,0.2741394336894071,0.256498748964264,0.3696492928144164,0.3154646729041637,0.3751112918572415,0.3405039444838997,0.3261723075194199,0.3465172764158619,0.3558543759321404,0.3454508390685221,0.3280604707219208,0.2679008073829252,0.3538865751348264,0.3103617678936544,0.3374208600277205,0.3062403996889748,0.3477111556177389,0.3552669833065683,0.3439666211267669,0.3059729373878727,0.3371164149763667,0.3562649602788697,0.3487597739343576,0.326412448245723,0.3447890504888334,0.2830732411662143,0.3440061018032342,0.3493811455531083,0.305738671980608,0.3520878752489112,0.3596745629194647,0.3580889489192688,0.3087298108499566,0.3071067994886826,0.3444887317002152,0.3496088390457436,0.3895291950428057,0.363247206557886,0.323896990729967,0.2268592154942709,0.3817276528474762,0.3289707238595506,0.3183517686973847,0.3510433994453575,0.3801385758181217,0.3664170047774677,0.3248964495405409,0.3240011379077903,0.3421299263334267,0.3558659530531568,0.3238624382227411,0.3181522065294341,0.346559291309611,0.2858712430332022,0.359056486587514,0.3635076150238564,0.332336229388244,0.3370396178443277,0.4269801856419101,0.339666391862009,0.400900371507548,0.2986260318215541,0.3616073305897758,0.2368075088990819,0.2948242675074435,0.3327262396439548,0.3436475301985613,0.3617895094683621,0.3531312185882964,0.3376296492863709,0.3533174986575695,0.3076982446959692,0.2728982460825015
0.3319809863187059,0.3420566433161007,0.3641165212062006,0.2976035649609521,0.3785291410215277,0.3548377594366771,0.2897942041509909,0.3039469071902619,0.316899626343846,0.3158815320904305,0.2216356841131207,0.3809463542803579,0.2954799987876348,0.354164349037448,0.3318674470316199,0.3240904922345905,0.3546907947509584,0.3494369099580269,0.2931213527503535,0.2825048528335538,0.3230577263034894,0.4029524691382942,0.2840617999386382,0.3268154671466954,0.3397442573448632,0.3308334481201782,0.275143583664272,0.260002299264484,0.3695758800935964,0.3145349035297888,0.3724736377412871,0.3394614624322095,0.3240509744334302,0.3463911679009251,0.3561861543759368,0.3454705157686698,0.3335431237235232,0.272677014931249,0.3527852849543812,0.3094097749342547,0.3363307252855166,0.3045277243192961,0.3468750734032114,0.3556111639881129,0.3432168537355217,0.3042204350625201,0.3388286946683071,0.3570928081272109,0.3492317360038069,0.3258792000892129,0.3428168596378494,0.286538852165961,0.3424995724143422,0.349247972010217,0.3038599786098161,0.3538509004897527,0.3596360674253447,0.3572008817130502,0.3078448685355296,0.312113952640838,0.3446291625100369,0.3515052450032623,0.3915950625973882,0.3627949363552297,0.322535599343227,0.2317220310571996,0.3856179474663386,0.3276629361814516,0.3241179271332192,0.350673988660347,0.3747479468506577,0.3644363636549999,0.3226706055617162,0.3257854799746973,0.3410069900205038,0.3537085969534221,0.3227102866707376,0.3167224445899291,0.3454458988479245,0.2838166391646113,0.3623418008117315,0.3640170007262663,0.3310942072255355,0.341493493762265,0.4430727326439888,0.3434019864153634,0.4000734041257091,0.2961056483682382,0.3613316827932979,0.2356910781924783,0.2921363283955195,0.3362026863972224,0.3387881782110961,0.3614013154669673,0.3522049433044854,0.3373561500638519,0.3522209719036625,0.3062792375224124,0.2707178154265461
0.3306544326720901,0.3411088976319608,0.3637053459810631,0.297813809500389,0.3771449574158692,0.3543000172379561,0.2879826950841175,0.2989136272229885,0.3158469332359997,0.3186305996686424,0.225744647122558,0.3800830590564817,0.2971971922274844,0.3512427135998147,0.3304185936369109,0.3239118887618096,0.35409278616738,0.3546903580248391,0.2882424143448719,0.2807758372558093,0.3295283803028026,0.3894094660319467,0.2816363649366815,0.3258319318920295,0.3393829816590119,0.3301202130658991,0.2758266893844369,0.2636980213909202,0.3693518994438756,0.3132943550652369,0.3694237108782146,0.3383771004277284,0.3218264860338344,0.3462024099597824,0.3562450214841561,0.3455378557656474,0.3383006138033574,0.2786326554911757,0.3516518144301594,0.3082933878081201,0.335239039777316,0.3026542023198937,0.3459142699746459,0.3557862370921701,0.3424621007761178,0.3024514684759846,0.3401369639161404,0.3577707244068918,0.3497676902474619,0.3253194478164182,0.3411186402358523,0.2901034233638128,0.3409080869157171,0.3490884398838325,0.3020067992577249,0.3553573668625991,0.3595319039596085,0.3560599727275164,0.3068373884241132,0.3173083967315324,0.3447843050074791,0.3533261306682057,0.3937110820623257,0.3622584789894656,0.320968512052443,0.2373308646446268,0.3892036989357938,0.3263159943724414,0.3295264045545734,0.3504574656316065,0.3681447567084459,0.3615808384218536,0.3203825209659175,0.3272932163420349,0.339959891047504,0.3511313499183961,0.3214631712269495,0.3151640228432597,0.3442670043105554,0.2819994439532772,0.3650489852305718,0.3645800152650969,0.3298101515722515,0.3454341047702592,0.4602520203325344,0.3466794813533423,0.3984329409275847,0.294222104503817,0.361154038139779,0.2347896714556195,0.2893242309915982,0.3394640406129877,0.3342124853617609,0.360698845776149,0.35116219705363,0.3380756379148117,0.3509806193384481,0.3047275026037138,0.2685228286518052
0.3293188906208695,0.3402810632370102,0.3633344268627859,0.2986786445023298,0.3755642680512862,0.3536981651718792,0.2860640133555093,0.294587425936778,0.3150475664128277,0.3212804113049737,0.2294036609171766,0.3794425257758392,0.2991302300802307,0.348089437027423,0.3290106417519232,0.3237385056938324,0.3533224777144176,0.3607018872877685,0.2847507949345257,0.2793030959984884,0.3360294875326763,0.3753644904069962,0.2790555050072056,0.3249830350203506,0.3389679160163492,0.3294207362897727,0.2761452456951203,0.2676820083826697,0.3689944957884027,0.3117233307325847,0.3660184881667204,0.3372730649432765,0.319532811669564,0.3459678495611223,0.3560374003514322,0.3456455786930788,0.3423567710646418,0.2855959158813418,0.3504629001280703,0.3070047705685246,0.3341605385106609,0.3006677914657665,0.3448492223172818,0.3558102014672191,0.3416910124762513,0.3007188980320237,0.3410213493871071,0.358287852274979,0.3503370489135056,0.3247826696757325,0.339563815882808,0.2935061321205279,0.3392918793278583,0.3488615316155536,0.3002767993291829,0.3566670915699156,0.359377452033882,0.3547237234218298,0.3056782675324374,0.322510423088464,0.34494811763226,0.3550840489055095,0.3958153439997668,0.3616882860341781,0.319236900798832,0.2433460222989915,0.3923102152932452,0.3249675670708956,0.334474437849729,0.3504022513624277,0.3608388980368832,0.3578446977935671,0.318089135419059,0.3284857027504231,0.3389950857984745,0.3481664855499185,0.3201164970159899,0.313494412725557,0.3430552350566792,0.2805423736042324,0.3672110824680866,0.3651491688261231,0.3285076216656714,0.348859278486322,0.4779745665403115,0.3495321656911368,0.3960783623697251,0.2929871695890486,0.3610912198783449,0.2338404398539949,0.2864914588076579,0.3426266084695599,0.330051225076694,0.359706859466695,0.3500667922942015,0.339819818622928,0.3495929232063205,0.3030610414311517,0.2662972648184762
0.327970021930852,0.3395725061201476,0.3630145822116992,0.3002397864633702,0.3738459631123308,0.3530704595298982,0.2840093175216984,0.2912070743659202,0.3144858220791851,0.3237750115403227,0.2323851333163899,0.3790636471362039,0.3015989126851439,0.3448016897403172,0.3276926623844594,0.3235728077491531,0.352393677565015,0.3674052214579039,0.2826737108087704,0.2783569867515914,0.3424521531335346,0.3612386345429545,0.2763521429810039,0.3242619987325896,0.3384740387364782,0.3286955249612255,0.2760783273997536,0.2720658955558815,0.3685338610630449,0.3098342371576385,0.3623210168562195,0.3361702373245031,0.3172137557229146,0.3457081956888251,0.3555892169552145,0.3457844197263175,0.3457604672742216,0.2933422452193365,0.3492091940097916,0.3055536700138154,0.3331093700316001,0.2986373765771864,0.3437109267518535,0.355708994751614,0.3409050650000985,0.2990845428783732,0.3414917713652353,0.3586422473074294,0.350901227441431,0.3243164184792807,0.3379976976144754,0.2965365371523105,0.3377076400096352,0.3485295794711933,0.2987868382583079,0.3578245117919006,0.3591923570983564,0.3532593555553254,0.3043484132698153,0.3275555520612083,0.345108834967313,0.3567699803918141,0.397845711802042,0.361137179002069,0.3174001904669011,0.2494778116266582,0.3947824473908636,0.3236490522064763,0.3389052920518544,0.350508543310789,0.3533112974457868,0.3532416289261355,0.3158611293660027,0.329334683487859,0.3381022747396751,0.3448744397780968,0.3186740267782399,0.3117461681228812,0.3418382871687306,0.2795765963899894,0.3688760297059028,0.3656830725403146,0.3272148629270169,0.3517952047854589,0.4955530029690843,0.3520024166661772,0.3931327235257597,0.2923657503310538,0.3611564990902332,0.232581130392456,0.2837703590230897,0.3457740966709676,0.3263783570492833,0.3584679683164793,0.3489800330839151,0.3425464801572864,0.3480682903218366,0.3013115902352301,0.2640463206898323
0.3265989280263476,0.3389759771391574,0.3627503139965059,0.3025073273752606,0.3720403897941924,0.3524432793904268,0.2818039727911564,0.2889526267747587,0.3141309390269354,0.3260205114923121,0.2345302858429237,0.3789590718231083,0.3048821461007917,0.3414836450448122,0.3265080948989355,0.3234218199923311,0.3513310760065729,0.3747130397377196,0.2819146795161616,0.2781478211623454,0.3486923909354856,0.3474238387827433,0.2735823204224281,0.3236543759456579,0.3378803810257787,0.3279128153092915,0.2756346834318087,0.2769678564281154,0.3680058370714111,0.3076744051552383,0.3583996134230344,0.335085333580771,0.3149152341013776,0.3454393139404215,0.3549460305356336,0.3459473955457853,0.3485767444425129,0.3016139141847873,0.3478896688198375,0.3039637374496526,0.3320933618495572,0.2966483212838481,0.3425379546980044,0.3555152781025439,0.3401106478356909,0.2976191269106572,0.3415835293809828,0.3588362596117256,0.3514189179953573,0.323961842855491,0.3362535363008063,0.2990553587293132,0.3362107042643787,0.3480618598162667,0.2976634504697932,0.3588496683961529,0.3590045771471533,0.3517321395782045,0.3028488003790153,0.3323074033901848,0.3452555943122908,0.3583473245434532,0.399754439511624,0.3606469797781486,0.315535178901943,0.2555067475758263,0.3964982800176834,0.3223809938777296,0.3427973775681034,0.3507669609244435,0.3459760006849228,0.3478064218337863,0.3137812803864412,0.3298220531460744,0.3372603821866229,0.3413335175646356,0.3171473882384463,0.3099522457246561,0.3406314377139022,0.2792280431814934,0.3700958728627624,0.3661462436664359,0.3259652411980218,0.3542794969147577,0.5121849017740152,0.354133602374212,0.3897374535648704,0.2922845191688884,0.3613548886823083,0.2307783553060652,0.2813173139892,0.3489469297328282,0.3232064030394011,0.3570331688351284,0.3479567733424859,0.3461283477051862,0.3464290565650149,0.2995219132545243,0.2618056821826006
0.3252041715432437,0.3384735631199135,0.3625410542899395,0.3054577303891189,0.3701867778709395,0.3518313116946645,0.2794619438725485,0.2879384495405545,0.3139446658940674,0.3279062006908525,0.2357826509817787,0.3791267349180925,0.3090464859334247,0.338242192204975,0.3254899304828047,0.3232906679011267,0.350167333798594,0.3825227764642792,0.2822965537664606,0.2788172127394256,0.3546554179492809,0.3342591956247969,0.2708171689072255,0.3231348642272931,0.337180233210362,0.3270462587119899,0.2748513533682668,0.2824940179693994,0.3674423055261889,0.3053300595560717,0.3543327111937911,0.3340343256268284,0.3126789770938848,0.3451684098566689,0.3541591783826203,0.3461228891858306,0.3508828408908872,0.3101360121657993,0.3465093824010449,0.3022681640722324,0.3311121184302671,0.2947955877144761,0.3413670745378968,0.3552636322933649,0.3393119431959434,0.2964015057303413,0.3413487379774862,0.3588759297060307,0.3518531685701965,0.3237480189516827,0.3341610496008751,0.3010018444830786,0.3348566691066173,0.3474409612603729,0.2970324405069643,0.3597358569614204,0.3588456387837727,0.3501989873761209,0.3012052586587201,0.3366670378604057,0.3453858969909717,0.3597629198832452,0.4015194408005375,0.3602534057091547,0.313723583213952,0.2612938992300256,0.3973739979783769,0.3211789120323193,0.3461634057152634,0.351160734404105,0.3391574518041617,0.3416008310388829,0.311944810788663,0.3299459431311618,0.3364452824800474,0.337638448308118,0.3155567479436202,0.3081443965613422,0.3394336512327625,0.279606330514261,0.3709226911028446,0.3665154231910001,0.3247865251720138,0.3563541650365356,0.526998217729191,0.3559767641762061,0.3860424766589029,0.2926430055511449,0.36167320925071,0.2282505041037471,0.279306532389052,0.3521292170491868,0.3204877051362938,0.3554680453770031,0.3470407508421178,0.3503490268490329,0.3447131097680974,0.2977424628409835,0.2596399348266103
0.3237977000721065,0.3380371996505227,0.3623885699846322,0.309030032837465,0.3683230930268739,0.3512423649676725,0.2770371880368029,0.2882015635463328,0.3138926885359007,0.3293301557260053,0.2362001570620489,0.3795488275766919,0.314013507279044,0.3351864439376023,0.3246473319493885,0.3231830183463288,0.3489373958255797,0.3907250696142718,0.2835867493440693,0.2804292205717881,0.3602597791930772,0.3220044488788456,0.2681383559063345,0.322662302264804,0.3363838216226846,0.3260745503566861,0.273790551339466,0.2886983007223994,0.3668692597710462,0.3029252705180785,0.3502029136863713,0.3330309487139556,0.3105384541619506,0.3449022941162975,0.3532773829273068,0.3462915871071167,0.3527617182804638,0.318636975367338,0.3450817823339506,0.3005127875708892,0.330161301669639,0.2931815324576757,0.3402255101311529,0.3549855565313246,0.3385154345330893,0.2955149085352704,0.3408487565385057,0.3587759918879916,0.3521732093628011,0.3236895949270463,0.3315677798949701,0.3023937336603197,0.3336849036021241,0.3466661555207538,0.2970078020224372,0.3604604711342367,0.3587417445499474,0.3487037800646588,0.2994645839939627,0.3405735727927459,0.3454992067082193,0.3609637659092127,0.4031410361947127,0.3599954606724244,0.312034767376095,0.2667772975909203,0.3973553809239737,0.3200540373129473,0.3490492696970547,0.3516671056519757,0.3330688669580142,0.3347076073406488,0.3104527284651306,0.3297288516797567,0.3356289266023695,0.3338953954930929,0.3139289858097784,0.3063625089796915,0.338232034044613,0.2807947340395912,0.3714041210944591,0.3667847969267785,0.3236919249617308,0.3580635051778142,0.5391169868221048,0.3575864166131339,0.3821951163124525,0.2933178922205511,0.3620763921765346,0.2248847364181956,0.2779132520046445,0.3552501984734728,0.3181188165786835,0.353856812087874,0.3462584405617744,0.3549243650786962,0.3429702441318597,0.2960222118502859,0.2576372320102508
0.322394069357785,0.3376360360840859,0.3622980019865692,0.3131274161385119,0.3664874788613484,0.3506775106349883,0.2746233398134886,0.2896912722632707,0.3139427538715191,0.3302126322460815,0.2359410685713456,0.3801902665562057,0.319683208230168,0.3324205153355143,0.3239619011479772,0.3231015779181304,0.3476730390335295,0.3991913122063318,0.2855192350426697,0.2829703576871005,0.3654479688525623,0.3108302249339859,0.2656359310910831,0.322188421545085,0.3355120966307331,0.3249883138338745,0.2725427077427899,0.2955530172247721,0.3663086003507699,0.3006119365943175,0.3460828952610539,0.3320785625533298,0.3085146295426336,0.3446529505407549,0.3523493380443852,0.3464334172121083,0.3542909780451927,0.3268742823639486,0.3436268963738931,0.2987613891439818,0.3292358706105804,0.2919143105811694,0.3391299772675786,0.3547077504668186,0.337733413299603,0.2950409496315908,0.340148744665822,0.3585589258135155,0.3523532648872613,0.3237892477230952,0.3283697602813599,0.3033202150139872,0.3327055216456565,0.3457510742954455,0.2976797431157839,0.3609980213934491,0.3587122854080273,0.3472691661313538,0.2976932112237336,0.3440010717740906,0.3455873113298288,0.3619008217487466,0.4046328681555826,0.3599098904996395,0.3105203277517981,0.2719562367433427,0.3964142780213562,0.3190066324748831,0.3515191622947259,0.3522566589954381,0.3278042597540259,0.3272201603637251,0.3094011481006684,0.3292156852269736,0.3347776451039728,0.3302077487800861,0.3122948416237363,0.3046495234731273,0.3370095480312984,0.2828388793722591,0.3715770901201555,0.366963693030525,0.3226840284807445,0.3594486354506269,0.5477415343799561,0.3590023575948657,0.3783328449557269,0.2941682004633764,0.3625140822839395,0.2206538500161313,0.2772939475160013,0.3582034008367872,0.3159477286741762,0.3522875792523189,0.3456161038736026,0.3595404919589429,0.3412492831511231,0.2943993401190703,0.2559124490624357
0.3210020064373083,0.33724215455137,0.3622719735538004,0.3176283311717895,0.3647079708253494,0.3501282867382654,0.2723467395088405,0.2922767947429923,0.3140592936690926,0.3305040606759837,0.2352492786286445,0.3810102411146817,0.3258787354453874,0.3300281174468639,0.3233993826059081,0.3230439692402816,0.3464006717428491,0.4077556750274074,0.2878418183177667,0.2863649465791196,0.3701927449267471,0.3008341148157567,0.2633985854997555,0.3216706890158219,0.3345916033348459,0.3237965819808018,0.2712317756031711,0.3029527917661703,0.365774630263613,0.2985575450039182,0.3420294663803441,0.3311692064313026,0.3066136037316047,0.3444303210112489,0.3514233816294103,0.3465348854783291,0.3555330556815937,0.3346512499813903,0.3421647089178867,0.297094386272503,0.3283271099235287,0.2910996750705422,0.3380858667675835,0.3544510025870412,0.336976607177661,0.2950541735711101,0.339310937562275,0.3582478758868619,0.3523753579872777,0.3240405626544058,0.3245267268693454,0.303921319210562,0.331911135880435,0.344721820067898,0.2991038783043118,0.3613238062772684,0.3587760703513044,0.3458914346366695,0.2959827519730938,0.3469580267737155,0.3456365305250207,0.3625236709707337,0.4060205965939406,0.3600210070262422,0.3092162769123758,0.2768706147348467,0.3945588770167259,0.3180232581823197,0.3536375116601761,0.3528943199402568,0.3233606125430115,0.3192474718760098,0.3088746057178204,0.3284638177131633,0.3338600351665049,0.3266631817758553,0.3106841509963945,0.3030327533090612,0.3357485775907382,0.285738767978156,0.37146728199957,0.367071165916481,0.3217591043792629,0.3605407732061543,0.5522253622729514,0.3602434192190292,0.3745796363541629,0.2950533918068945,0.3629283389125837,0.2156299872333665,0.2775751742564416,0.3608612653876334,0.3137854418983888,0.3508342446581593,0.3451014973023634,0.3638847547784185,0.3395894656928633,0.2929003565276023,0.2546126624311354
0.3196321146518565,0.3368307363809918,0.3623095238601173,0.3223980178060412,0.3629962720571491,0.3495785192697378,0.2703627941150083,0.2957683276297702,0.3142103733166475,0.3301965594123838,0.234445578305433,0.3819746937569099,0.3322720224339321,0.3280653194124336,0.3229186402721136,0.3230002029992013,0.3451410805283934,0.4162199751497714,0.2903650095085145,0.2904981060399177,0.3744887084735982,0.2920634457993725,0.2614980043196755,0.3210724093340594,0.3336540437696945,0.3225238749390994,0.2700148555178488,0.3107401464945182,0.3652668214188092,0.2969361948446171,0.3380874699390299,0.330293507491381,0.3048271938395106,0.3442363238744707,0.3505407438810107,0.3465889533567255,0.3565320892863909,0.3418177501571067,0.3407112888599413,0.2956020534987542,0.3274197604472887,0.2908298999374262,0.3370825052939816,0.3542276992353736,0.3362466227524111,0.2956163815446104,0.3383864882188319,0.3578652642742235,0.3522344469909617,0.324427151016964,0.3200569138846083,0.304358089674394,0.3312905765493374,0.34361691260744,0.3012924063511831,0.3614134614283923,0.3589518670386367,0.3445454143361989,0.2944490979736144,0.3494839723818705,0.3456344238866466,0.3627846682588204,0.4073452250747729,0.3603445575912138,0.3081362653214154,0.2815790799987376,0.3918354369831085,0.3170808916555065,0.3554623361336507,0.3535428205410003,0.319676565998115,0.3109299867212668,0.3089409887738826,0.3275346389178753,0.3328569586172577,0.3233282440377908,0.3091177865903469,0.3015199150509665,0.3344315198288428,0.2894470195641477,0.3710951681639209,0.3671322071448275,0.3209005660023869,0.3613582284205264,0.5521351017167662,0.3613197110985658,0.3710442400888033,0.295855725821734,0.3632554785468385,0.2099814490363953,0.2788449396612646,0.3630795930972728,0.3114228352023527,0.3495537386084526,0.3446868325033511,0.3676653319880882,0.3380200940168749,0.2915431156670277,0.2539102096742391
0.3183029359823121,0.3363813556717068,0.362411798815157,0.3272935156257957,0.36135287815207,0.3490103632139854,0.2688530361335234,0.2999333012818013,0.3143773900187477,0.3293299175803496,0.2339036211694604,0.3830520633112085,0.3385018033304033,0.326566479580368,0.3224682980559256,0.3229555348013417,0.3439087328675363,0.4243755111595664,0.2929733948772356,0.2952347573548105,0.3783383328057473,0.2845283324214221,0.2599811353264492,0.3203581236273805,0.3327336322526808,0.3212004539930215,0.2690760240373259,0.3187382383716818,0.3647689123968725,0.2959179203700854,0.3342908120787484,0.3294457105747851,0.3031315582276908,0.3440724845887688,0.3497329860572873,0.3465917752799231,0.3573167313125129,0.3482669459539882,0.3392787479040176,0.2943786595575276,0.326496311550073,0.2911774092089407,0.3360924932952159,0.3540425420405699,0.3355382663727757,0.296768057673263,0.3374105588495139,0.357437045019727,0.3519387257773463,0.3249210751213756,0.3150337218178222,0.3047880077941008,0.3308210895344419,0.3424823530277698,0.3042076059364592,0.36124931854019,0.3592483162710916,0.3431927705724414,0.2932182342471834,0.3516357714583163,0.3455679036504219,0.3626532702576429,0.4086598380838818,0.360896520516776,0.3072612312866895,0.2861374030391273,0.3883108213540914,0.3161512970602378,0.357044410398293,0.3541645979773482,0.316661670269021,0.3024423741273295,0.3096430987572304,0.326486263715849,0.3317611353031133,0.3202457006028048,0.3076032251044106,0.3001131300613247,0.3330441230343682,0.2938706303133276,0.370480852968939,0.367173936045555,0.320075237193952,0.361907644618697,0.54729747241684,0.3622397517392715,0.3678211306933626,0.2964875105449401,0.3634278764219584,0.203949442394748,0.2811377157987865,0.3647148734009396,0.3086508442429755,0.3484894597425348,0.3443320087607359,0.3706351133800281,0.3365576684075257,0.2903337389729036,0.253985965307022
0.3170298535564232,0.3358838413303623,0.3625832076626084,0.3321702863360585,0.3597755545619211,0.3484082764528259,0.2680112686692395,0.3045078282446254,0.3145513908302413,0.3279836850427799,0.2340055705190482,0.3842001253518708,0.3443171939004777,0.3255445015292834,0.3219863130285836,0.3228930971785754,0.3427108510216365,0.432016120400631,0.2956089174291246,0.3004319833853222,0.3817469154179673,0.2782148626138636,0.2588739598489682,0.3195007381524932,0.3318597562951573,0.3198551583309017,0.2686180468301752,0.3267767124963674,0.3642572951796201,0.2956523018449296,0.3306580363256022,0.3286163989909892,0.301483806403089,0.3439482394132208,0.3490242475636835,0.3465429358879635,0.3579037868780803,0.3539380780225618,0.3378732706221283,0.2935186016146569,0.3255438400960002,0.2921907177638272,0.3350801598265923,0.3538981803406442,0.3348434638997403,0.2985191915959738,0.3364028085705595,0.3569906171759764,0.3515057718932406,0.3254872074981502,0.3095911941917331,0.3053482612056784,0.3304612337834641,0.3413615456171632,0.3077618764027311,0.3608307163452591,0.3596568988802487,0.3417848983318305,0.292412458199946,0.3534710183522497,0.3454189411866393,0.3621224106665091,0.4100210139922544,0.3616864677557613,0.3065447077366259,0.2905824232244378,0.3840596228777216,0.3152043181710429,0.3584219611922737,0.3547210380360916,0.3142141902809527,0.2939787647614059,0.310991590363892,0.3253637586170508,0.3305707164139391,0.3174329309734049,0.3061395407020295,0.2988116997348377,0.3315812220563179,0.2988757273474936,0.3696462569308449,0.3672207952747002,0.3192455649294839,0.362189276455347,0.5378366161439863,0.3630035325203547,0.3649929864482614,0.2968846381657605,0.3633831530725112,0.197819509966964,0.2844225050501847,0.3656587469469529,0.3052802999349444,0.3476659361538155,0.3439906387120223,0.3726233406516772,0.3351988246168892,0.2892599660113571,0.2550168847109428
0.3158141601465283,0.3353408632230373,0.3628238672428716,0.3368972389082439,0.3582636214769391,0.3477597639023845,0.2680184420587524,0.3092174738743548,0.3147251080113632,0.3262647115816002,0.2350994349492668,0.3853620311439999,0.3495319496634106,0.32497853034549,0.3214136904850181,0.3227942551722808,0.3415471690649892,0.4389406631835876,0.298258815083941,0.3059485377785116,0.3847240351654186,0.2731079475920641,0.2581851270648553,0.3184924166800648,0.3310522180878298,0.3185143012984978,0.2688512969160968,0.3346918538746055,0.3637095717054923,0.2962526946966872,0.3271918029823545,0.3277875404302046,0.2998258183765973,0.3438749684682279,0.3484293146273276,0.3464484167447386,0.3582988931238916,0.3588157144919673,0.3364913015488315,0.2931117010833202,0.3245552285491433,0.2938870197606346,0.3340104913847708,0.3537981012117457,0.3341475358858299,0.3008453958756044,0.3353700776295058,0.3565469375121678,0.3509607422415859,0.3260928759455332,0.3039161355289287,0.3061376888654091,0.3301671786821504,0.3402883797191401,0.3118271753264846,0.3601766797768371,0.3601580662090202,0.3402649581890807,0.2921465465083764,0.355042002645386,0.3451690840638552,0.3612012065826148,0.411484767008724,0.3627006061669319,0.3059290668743506,0.2949267821393262,0.3791709507313521,0.3142117309721479,0.3596156031330165,0.355173343259802,0.3122408073736221,0.2857417418592905,0.3129644490477462,0.3241920113704333,0.3292891674950298,0.314884462459376,0.304722336765767,0.2975961890593188,0.3300496783829147,0.3042973165271315,0.3686201126712502,0.3672906837270654,0.3183833190861186,0.3622052897253953,0.5241832574995984,0.3636005554654294,0.3626302984159858,0.297004895663171,0.3630766693305857,0.1918977755027548,0.2886054778612172,0.3658601989376858,0.3011590996495258,0.3470822233049725,0.3436181480948339,0.3735564251636994,0.3339208375387841,0.288290695940511,0.2571672669474593
0.3146501586079091,0.3347617660110871,0.3631235310382623,0.3413699407352407,0.3568170042019865,0.347056478587725,0.2690196960302534,0.3138060117997778,0.3148981032945052,0.3243000699635714,0.2374694624374887,0.386469697713197,0.3539410643062242,0.3248118128964557,0.3207091357127856,0.3226425593127209,0.340410414857247,0.4449632659981931,0.3009486237775283,0.3116522969812657,0.3872799509858129,0.2692078057073781,0.2579031201485286,0.3173413461680707,0.330322498307963,0.3172018687518473,0.2699789381982117,0.3423159174857338,0.3631055757552482,0.2977870451638409,0.3238838074961117,0.3269399187648008,0.2980970039170809,0.3438563428847437,0.3479502395696723,0.346321969155289,0.3584968922509521,0.3629155695862191,0.3351199527470067,0.2932369828508117,0.3235265924926877,0.2962456692417854,0.3328512803146913,0.3537427955010096,0.3334256037715914,0.3036900151612424,0.3343086899424498,0.3561202277624682,0.3503356964849895,0.3267137060635068,0.2982172410926678,0.3072008627802977,0.3299089615457615,0.3392854490221601,0.316248069274186,0.3593202453938322,0.3607302170060862,0.3385776776779606,0.292522147984205,0.3563976843131446,0.344806611021872,0.3599084814993756,0.4131076366474867,0.3638951835842085,0.3053506445524474,0.299162088927941,0.3737536952701205,0.3131474498831054,0.3606310068079413,0.3554871798403874,0.3106758506603357,0.277943604595773,0.3155088627114016,0.3229764442446118,0.3279297797117272,0.3125762992485792,0.3033378516358609,0.2964231222881133,0.3284670458318392,0.3099522348640802,0.3674441389960514,0.3673911723211074,0.317467091181193,0.361965691010012,0.5070364365732632,0.3640204917114059,0.3607877340713842,0.2968336351411576,0.3624879314210539,0.1864849285620784,0.2935405340551323,0.3653237252023946,0.2961852287256444,0.3467165805009212,0.3431775309257145,0.3734544669579739,0.3326906161620876,0.2873813163574873,0.2605721222329887
0.3135342658160799,0.3341559904965461,0.3634645603190898,0.3455107976543747,0.3554318294545556,0.3462961215892309,0.2711106905119521,0.3180562635475785,0.3150868652806405,0.322229558659728,0.2413100075472251,0.3874431950791031,0.3573989415091639,0.3249711557510168,0.3198503335725049,0.3224306973889122,0.3392883914430697,0.4499345054683922,0.3037229183355532,0.3174226993161,0.3894175679784379,0.2665233114167631,0.2579949068355396,0.3160600920790857,0.3296741286175848,0.3159361129524287,0.2721822180316522,0.3495025838506987,0.3624257037397872,0.3002718496924955,0.320718012651448,0.326060862342855,0.2962430852407509,0.3438918380057833,0.3475812884847473,0.3461833643735077,0.3584882196920956,0.3662679461995811,0.333742072119694,0.293955671047669,0.3224576592311771,0.2992093828788515,0.3315748800674689,0.3537280100454555,0.3326498324450571,0.306967362771579,0.3332075449091171,0.3557260035234583,0.3496648982815832,0.3273306323445714,0.2926941613050521,0.3085301019052939,0.3296638211274091,0.3383616707726601,0.3208524359095422,0.3583045971339629,0.3613489951925926,0.3366830967527716,0.2936115024709709,0.3575795271767583,0.3443262765402105,0.358275229549041,0.4149450040337105,0.3652015505499222,0.3047356316563582,0.3032651076084794,0.3679235174183681,0.3119831178020987,0.3614652454104202,0.3556374514843456,0.3094860958601325,0.2708008005778734,0.3185427990781793,0.3217071748686518,0.3265138407153821,0.3104687246830938,0.301955634037628,0.2952427888795079,0.3268582686333944,0.3156532355493961,0.3661729812012122,0.3675144858567835,0.3164748451945392,0.3614884377542937,0.4872919317009346,0.3642598553123165,0.3595027438043999,0.2963813847300706,0.3616196677859339,0.1818430776852807,0.299038965007818,0.3641078168870073,0.2903139812078167,0.3465358738593021,0.3426414550505545,0.3724138767196348,0.3314688114746903,0.2864776993838936,0.2653151189152025
0.3124565471051829,0.3335352835932414,0.3638277135866501,0.3492634630715859,0.3540985583346,0.3454826192721716,0.2743264752055298,0.3217983700092474,0.3153193334387038,0.3201904034682623,0.2467020405039873,0.3881901484705478,0.3599110379544102,0.3253834988496588,0.3188288203036993,0.3221614374614941,0.3381682580744965,0.4537593690598144,0.30662039059894,0.3231485835386962,0.3911310664517006,0.2650535494588097,0.2584128650716416,0.3146639115059091,0.3290981961439959,0.3147236126023667,0.2756074540920036,0.3561828984816702,0.3616546957953782,0.3036669206804982,0.317672814783923,0.3251411784587947,0.294214329155042,0.3439862599909615,0.3473177215642996,0.3460545657759576,0.3582707905139421,0.3689135347197062,0.3323400566319146,0.2953038689318039,0.3213541201658764,0.3026894163498123,0.3301658515535782,0.3537510373139746,0.3318014119674001,0.3105662492309455,0.3320527146106535,0.3553834543742374,0.3489791781341604,0.3279249423342348,0.2875240368681381,0.3100847088806206,0.3294096190759578,0.3375097472683644,0.3254641267878831,0.3571836255927073,0.3619825803964071,0.3345638837887716,0.2954435731941612,0.3586105735647031,0.3437275999970922,0.3563463259027619,0.4170447852019515,0.366527215950918,0.3040088549741793,0.3072063954865937,0.3617896513039398,0.3106881362394093,0.3621112874402807,0.35560974304737,0.3086608461452784,0.2645095030191431,0.3219618114420863,0.3203628499445423,0.3250627575341669,0.3085118908487057,0.3005348350390499,0.2940125898206152,0.3252511988098675,0.3212261622013728,0.3648692887339191,0.3676355807545032,0.3153911299495049,0.3607986985910143,0.4659676882452865,0.3643183167084316,0.3587981869638767,0.2956707922613761,0.3604953643242803,0.1781663814450174,0.3048845263633173,0.3623316390897649,0.2835608093201241,0.3464988100495251,0.3419933161758125,0.3705915279613115,0.3302076303690693,0.2855197034328391,0.271414801129237
0.3113898761751632,0.3329186142209666,0.3641920940842865,0.35259428902049,0.3528088544838823,0.3446244605822616,0.2786301099297762,0.3249141738744197,0.3156174952311879,0.3183007564083344,0.2536053435530115,0.3886149026338238,0.3615530666199975,0.3259720920562357,0.3176503153378492,0.3218428545155361,0.3370401973031052,0.4564054440853123,0.3096608782762006,0.3287271319079848,0.3924142629878615,0.2647764770778925,0.2591055804973769,0.3131772719220116,0.328571518580829,0.3135560359921115,0.2803498376422655,0.3623765360276624,0.3607880355024389,0.3078778586902026,0.3147283154053013,0.3241702979426005,0.291965114941991,0.3441479640533939,0.3471564380370188,0.3459559609655793,0.3578574576789187,0.3709050997381557,0.3308964949113857,0.2972872469734141,0.3202264875864079,0.3065684320463509,0.328627805335713,0.3538155076652624,0.3308733642811235,0.3143587895457777,0.3308318991866982,0.3551091071791969,0.3483060855396558,0.3284802607201493,0.2828521688421923,0.3118071816488313,0.3291386673189055,0.3367096665799098,0.3299217442643003,0.356018069311889,0.3625946730212375,0.3322256081448518,0.2980045977232358,0.3594927597227502,0.3430195146966864,0.3541745532800257,0.419441780927829,0.3677501773222583,0.3031139933393507,0.310961627635103,0.3554589308923656,0.3092370839052905,0.3625622080865979,0.355399560361236,0.3081988693272218,0.2592198172912167,0.3256517239667841,0.3189189088895082,0.3235947626683573,0.3066561947813226,0.2990371051264495,0.292688389392559,0.3236713707135348,0.3265273864135793,0.3636013267306247,0.3677168892581005,0.314220284138332,0.3599316222473562,0.4441286098091944,0.3641986504078929,0.358682955508533,0.2947280194085233,0.3591574104811313,0.1755654137596973,0.3108581029652161,0.3601620305985489,0.2760047803880001,0.3465578896322554,0.3412278379139247,0.3681876475003688,0.328856967518892,0.284448331697706,0.278819288335417
0.3102988868044162,0.3323282458026483,0.3645311037885146,0.355497190440503,0.3515648420753003,0.343732892398989,0.2839111328663378,0.3273406143292803,0.3159898945189264,0.316651672571431,0.2618675343372239,0.3886329667806962,0.3623673100784896,0.3266536288766334,0.3163366119080669,0.3214885930303084,0.335897316959944,0.4579058908065423,0.3128409878949099,0.3340676496596523,0.3932700227213399,0.2656406921956982,0.2600260470230512,0.3116329057119872,0.3280633874424362,0.3124127381599482,0.2864342212163431,0.3681287428368913,0.3598326231467911,0.312769631947651,0.3118746212867201,0.3231397789706339,0.2894638150863591,0.3443794410807954,0.3470910717878477,0.3459053171369027,0.3572730375779148,0.3723012391789365,0.3293956418593025,0.2998800980072413,0.3190864823868705,0.3107057250344406,0.326981674221373,0.3539265135049874,0.3298640216699959,0.3182147089322939,0.329538337195174,0.3549138805694269,0.3476718990530418,0.3289894044880139,0.2787734936621317,0.3136288387308278,0.3288663437404119,0.3359364989520535,0.3340947998059263,0.3548641988632386,0.3631529312418466,0.3296973383627703,0.3012430611454738,0.3602175752179282,0.3422232756640695,0.3518144453425069,0.4221533704687734,0.3687201710675014,0.3020204035803205,0.3145204459138743,0.349043759667852,0.307613153853104,0.3628152144568759,0.3550115378002766,0.3080964559564245,0.2550268642271013,0.3294985931166467,0.317361892158413,0.3221285684131812,0.3048587966078767,0.2974290431189669,0.2912172551241879,0.3221387898098364,0.3314510647312235,0.3624410586367462,0.3677141036846998,0.3129832746746763,0.3589334292060315,0.4227938007927065,0.3639134491241614,0.359146822256559,0.2935837362232266,0.3576631436188712,0.1740615208391824,0.3167597637247313,0.3577741164584041,0.2677926522417509,0.3466676875680892,0.3403492952943993,0.3654169447949822,0.327380592666971,0.2832113517887531,0.2873994575805326
0.3091552629066185,0.331779944923958,0.3648121178058234,0.3579895507949082,0.3503767130537968,0.3428201843046518,0.2899988429233474,0.3290675377292441,0.3164374318138746,0.3153052084336452,0.2712385618776833,0.3881818868563562,0.362420400023046,0.3273551897102228,0.3149207544099881,0.321123000736413,0.3347341698406646,0.4583580528495495,0.3161270959429461,0.3390969058576555,0.3937138871102586,0.2675488320344828,0.2611360584786955,0.310062568148489,0.3275433331906817,0.3112665708677458,0.2938047608694429,0.3734429131259568,0.3588030851871557,0.3181811633304527,0.3091118570250713,0.3220481730073694,0.2867028072426619,0.3446770823378154,0.3471123220860099,0.3459191596894441,0.3565483341178202,0.3731577026707512,0.3278274662895935,0.3030263919801626,0.3179458257154158,0.3149514337014851,0.3252595257955616,0.3540850778183216,0.3287741010049719,0.3220132000022859,0.3281752401167698,0.3548070338231185,0.3470964493800008,0.3294565761784726,0.2753186074241582,0.3154800692289668,0.3286143834626449,0.3351645608074686,0.3378885042697273,0.3537654047672927,0.3636328878267461,0.3270338795321898,0.3050681128081152,0.3607761860852951,0.341366080380782,0.349322236632067,0.4251710905585673,0.3692736714513436,0.3007140793478037,0.3178888257224293,0.3426593657718116,0.3058033022938394,0.3628726884738253,0.3544585586161577,0.3083347302783496,0.2519697437722753,0.3333938215109146,0.3157012639679399,0.320684945602809,0.3030823213913448,0.2956781843738212,0.2895522846089111,0.3206670992129474,0.335924918960883,0.3614552217518371,0.367576895019445,0.311701911729834,0.3578559897657507,0.4028383891805934,0.3634846106452797,0.3601544961993496,0.2922734556008416,0.3560780271397534,0.1735877691245942,0.3224195764263645,0.3553223753494433,0.2591345919791352,0.3467933503169206,0.3393677895738698,0.3624742396345947,0.3257643775208825,0.2817617237083641,0.2969452742464907
0.3079340276723491,0.3312802692591706,0.3650016733220352,0.3600997303357895,0.3492505675892387,0.3418979171239704,0.2966797194649705,0.3301300519800066,0.3169545151765425,0.3142908888541969,0.2813899766537591,0.3872302039881063,0.3618873883010976,0.3280300129164372,0.31343990893038,0.3207782781289385,0.3335486510843446,0.4579153586856589,0.3194521512772681,0.3437613371954207,0.3937746672622871,0.2703421193476448,0.2624068785826279,0.3084909506697921,0.3269810007414075,0.310088065748499,0.3023311895691742,0.3782703405816773,0.3577212217664487,0.3239322633431443,0.3064453032070516,0.3208986019953449,0.2836981616045978,0.3450398868710049,0.3472118102351493,0.346011868502676,0.3557202166787098,0.3735303673494997,0.3261910470325244,0.3066398716740097,0.3168165274617175,0.3191634859578811,0.3235009813024208,0.3542909996902695,0.3276132032710163,0.3256485404699321,0.3267588789292222,0.3547969715818591,0.3465844373595845,0.3298915576047975,0.2724605972598838,0.3173124698024653,0.3283962266874483,0.3343678632601689,0.3412441157221036,0.3527543953342617,0.3640158879746003,0.3243136272528527,0.3093507613044622,0.3611589395171307,0.3404760001853094,0.3467567815167626,0.4284471934459624,0.3692544380296308,0.2991969714960691,0.3210891217613714,0.3364197365959935,0.3037989160943917,0.3627438091057022,0.3537605114613504,0.3088700826597667,0.250023259573046,0.3372416964292375,0.3139730224020828,0.3192814260756712,0.3012964099603671,0.2937585395213145,0.2876714563133793,0.3192607464764788,0.3399082507431365,0.3606938043191098,0.3672495593249199,0.3103938230533863,0.3567507672742678,0.3849288961977543,0.3629349481436615,0.3616440585335388,0.2908355722664027,0.3544676592322896,0.174002019854434,0.3277054114038796,0.3529399849413245,0.250286462698444,0.3469115484176306,0.3382959875830098,0.3595131792953919,0.3240095635520011,0.280057529653076,0.3071795528376388
0.3066003461123017,0.3308324471179926,0.365070994756953,0.3618577129112701,0.3481848270828485,0.3409763110385567,0.3037116818704351,0.3305982736212171,0.3175188741092909,0.3136015438827869,0.2919457927080907,0.3857863005375583,0.3609889376238833,0.328649507345087,0.3119331785324952,0.3204829164050277,0.3323460524071139,0.4567758102542977,0.3227269346508736,0.348026877856848,0.3934975131250924,0.2738025952302479,0.2638163670256627,0.3069347374649417,0.3263433919168161,0.3088471945267043,0.3118220116848849,0.3825327477193332,0.3566163739413136,0.3298309981070746,0.3038867936233015,0.3196948931392198,0.280486105012285,0.3454716730772549,0.3473812257435493,0.3461904452369705,0.3548337142545718,0.3734851580726127,0.3244946412234511,0.3106074017556617,0.3157086654452496,0.323217043920473,0.3217511288009064,0.3545451733883988,0.3264058514244234,0.3290363005015391,0.3253166349685731,0.35488683306174,0.3461257222143767,0.3303020571152409,0.2701335963646397,0.3191156735166702,0.3282256960796387,0.3335233322283944,0.3441430824265477,0.3518585019062092,0.3642866074278221,0.3216296441890827,0.3139383003279863,0.3613530739961855,0.3395874948472775,0.3441763920007689,0.4318833725168937,0.3685302461215354,0.2974995538045947,0.3241614675003004,0.3304408844392837,0.3016087322737454,0.3624503392161429,0.3529433892052183,0.3096320766662805,0.2490914359823296,0.3409684641844928,0.312239816141122,0.3179267985931535,0.299487860314504,0.2916620154251091,0.2855789305625837,0.3179098363000064,0.3433978865998527,0.3601873433612822,0.3666787610066814,0.3090809308838163,0.3556684147174074,0.3695044670428287,0.3622876722088775,0.3635278542394173,0.2893163463563434,0.3528887976592739,0.1751111869996137,0.3325323036191973,0.3507343819343888,0.2415289723932372,0.3470080326489397,0.3371464305366388,0.3566423155258483,0.3221273568110063,0.2780740413083684,0.317785005150194
0.3051138502288252,0.3304395314631848,0.3649981423193702,0.3632932826547039,0.3471798711054178,0.3400642246271935,0.3108436390293239,0.3305626886658123,0.3180845962750661,0.3131963703669891,0.302518756651484,0.3839008464301675,0.3598966993263784,0.3291888280828809,0.310439790227479,0.3202564760670247,0.3311396566269013,0.4551700128713334,0.3258587939428574,0.3518793987954502,0.392948965473144,0.2776685564545139,0.2653458357449998,0.3054016155339074,0.3255994624787866,0.3075156692834939,0.3220329904140449,0.3861394978003621,0.3555183445717321,0.3356922528520409,0.3014608649734617,0.3184433304975197,0.2771255788124291,0.3459733992631993,0.3476097143239227,0.3464508744679091,0.3539366984073975,0.3730989681391531,0.3227533260712814,0.3148007625033419,0.3146271682587238,0.3270087184373075,0.3200563306932382,0.3548424821583956,0.3251859341554103,0.3321239793141991,0.3238813739205047,0.3550741504758447,0.3457047469429777,0.3306906986742368,0.2682458678496597,0.3209134909114627,0.3281230463540466,0.3326170431366417,0.3466065119306968,0.3510976291621676,0.3644329930465801,0.31907858963972,0.3186724951575794,0.3613492233611061,0.3387450837076937,0.3416341809392149,0.4353278132688263,0.3670048151296189,0.2956831590200121,0.3271604969889088,0.324841507183265,0.2992686905566752,0.3620275614426703,0.3520380816614825,0.3105250304324324,0.2490209893997397,0.3445231491939176,0.3105907270805322,0.316622472024116,0.2976668906595822,0.2894001529775789,0.2833011628972522,0.3165905325123152,0.3464275510189648,0.359950770415466,0.3658233786437292,0.3077908276874538,0.35465890491009,0.3567791220204008,0.3615741059985367,0.3656933877515458,0.287778407821441,0.3513803704383157,0.1766937120091555,0.3368635256059951,0.348760543290202,0.2331563131859635,0.3470775038234609,0.3359284374853594,0.3539243701146357,0.3201450197498743,0.2758195927101481,0.3284263845614629
0.3034458716806992,0.3301003091265007,0.364768899601791,0.3644362726313455,0.3462429686317909,0.3391682122865181,0.31784394911168,0.3301163713645316,0.3185881574543329,0.3130131400260943,0.3127400498814585,0.381661834996368,0.3587537644627397,0.3296300683327074,0.3089911781664737,0.3201141594410454,0.3299472354064162,0.453344232059847,0.3287646669689152,0.3553245056492453,0.3922178182426947,0.2816499799833797,0.2669787416313674,0.3038907075211314,0.3247284002600409,0.3060706209571614,0.3326773675768014,0.3890061691882586,0.3544467747053003,0.3413591610598797,0.2992037178285227,0.3171544902429176,0.2737019899518367,0.3465380947457755,0.3478861316147063,0.3467815289703198,0.3530693800908741,0.3724516328361986,0.3209864474622354,0.3190908305373358,0.3135715564500238,0.3304635391043191,0.318458487499266,0.3551661727236064,0.3239835276427587,0.3348962376397471,0.3224881304534467,0.3553544245107836,0.3453062201726209,0.3310567358399085,0.2666888060400521,0.3227484102214397,0.3280991600571377,0.3316476663693087,0.3486809032133385,0.3504780079103239,0.3644481095644276,0.3167517814857957,0.3233997245351799,0.3611509297802412,0.3379919865772992,0.3391741874616644,0.4385793712909189,0.3646283464207732,0.2938252675619279,0.3301416896239271,0.319736317260257,0.2968385124523515,0.3615127079616532,0.3510768833041588,0.3114306647353885,0.2496291429443567,0.3478715170808958,0.3091352749738637,0.3153675098950299,0.2958601045784836,0.287000521084189,0.2808962881519251,0.315273971592505,0.3490510326627325,0.3599812745782168,0.3646569222055116,0.3065441698666517,0.3537652892874203,0.3467516646670732,0.3608323645185428,0.3680069866723235,0.2862985499860357,0.3499592808546889,0.1785150491854883,0.3407004621348725,0.3470065256470429,0.2254693788003804,0.3471231095772264,0.3346462620414498,0.3513714887929317,0.3181097992033476,0.2733393383897078,0.3387666730494833
0.3015827129366077,0.329806222618604,0.3643794752649336,0.3653147647540729,0.3453789872558122,0.3382916183908804,0.3245222936219502,0.3293437317045882,0.3189582707103063,0.3129818084022895,0.3222836860705946,0.3791888940965154,0.3577087095433175,0.3299703745231013,0.3076031629774698,0.320066686047993,0.3287883149321448,0.4515363461886101,0.3313778003784883,0.3583837311570205,0.39140754559653,0.2854486339624894,0.2686974822751708,0.3023962386029989,0.3237203586279445,0.304497512876727,0.3434502962781498,0.3910752174402476,0.3534101217044401,0.3467097805541703,0.2971536413287391,0.3158390163885029,0.2703255533485828,0.3471548436330438,0.3482010305960383,0.3471686470818096,0.3522594633788172,0.3716212615724035,0.3192161979365183,0.3233536617350416,0.3125369497447645,0.3335421864275181,0.3169883342865596,0.3554946255510259,0.3228182342382335,0.3373656529981024,0.3211746014826726,0.3557182230621226,0.3449121723557642,0.3313980926681156,0.2653526542966914,0.3246710044770808,0.328144050313093,0.3306248113334075,0.3504212624458553,0.3499927698612807,0.3643319076287355,0.3147278496694511,0.3279793213915282,0.3607757488889536,0.3373554576529775,0.3368271457892878,0.4413957991337652,0.3614078213148562,0.2920108307428159,0.3331450856764404,0.3152324554734453,0.2943989847203852,0.3609343963371092,0.3500881360998697,0.3122181802398625,0.2507239159299344,0.3509946375875486,0.3079888693588417,0.3141588972659785,0.2941008915463095,0.284513726238318,0.2784652097236766,0.3139329177420186,0.3513233605809914,0.3602514443474742,0.363164970580733,0.3053456475128793,0.3530154859162137,0.339239034585232,0.3600953463682977,0.3703216252556744,0.2849572231764441,0.3486232466575392,0.1803458100336462,0.344072550796507,0.3454165933486515,0.2187590623144485,0.3471531077596693,0.3333002567928579,0.3489483570767506,0.3160781393793895,0.2707102192687985,0.3484918060340236
0.299514577757743,0.329544697006137,0.3638392485409142,0.3659519277564712,0.3445821320848029,0.3374360574873197,0.3307341854860111,0.3283199226796535,0.3191204241948484,0.3130322915570193,0.3308902933571328,0.3766242267815397,0.3568551058169847,0.3302126399321226,0.3062776076360586,0.3201115101235257,0.3276840252238323,0.4499523082539086,0.3336540643462963,0.361088034888691,0.390623660799962,0.2887925062379093,0.2704763084795535,0.300908367120452,0.3225710633899796,0.3027921471787274,0.3540611588672523,0.3923158992531852,0.3524138527913129,0.3516501791980644,0.2953443224790573,0.3145025919809049,0.2671283109121379,0.347814141836639,0.3485417424176458,0.3475955635295394,0.3515253316881457,0.3706838977641684,0.3174667747090863,0.3274716040060841,0.3115125037861815,0.3362401685177248,0.3156580694266347,0.3558084485030844,0.3217034151750072,0.3395579644947781,0.3199802024560454,0.3561437746890015,0.344499455631102,0.331709744816174,0.2641471039595795,0.3267344017175392,0.3282372582087466,0.329563899596985,0.3518855080931033,0.3496308694907117,0.3640891304065418,0.313065075873393,0.3322981752165473,0.3602492788042164,0.3368469533224608,0.3346075394361986,0.4435077049412409,0.3574127762384706,0.2903393319226124,0.3361885422658223,0.3114289729793947,0.2920604432344166,0.3603186531633124,0.3490924243903078,0.312764094032729,0.252113172887175,0.3538904976254133,0.3072563002392918,0.3129858731617814,0.2924285627585767,0.2820251882859535,0.2761458960079341,0.3125374930993004,0.3532954642163013,0.3607127835986194,0.3613472693476454,0.3041895031371278,0.3524206668003823,0.3339373375849714,0.3593859415696739,0.3724847574134579,0.2838364517506719,0.3473548109071818,0.1819854329473229,0.3470296196113476,0.343918157211123,0.2132808601867886,0.347177526959844,0.3318891071344284,0.3465926006282806,0.3141002713230885,0.2680432605323103,0.3573416532617715
0.2972353362371757,0.3293035389904735,0.3631692820469392,0.3663632891205521,0.3438409890353074,0.336603658171957,0.3363811513770406,0.3271115995369489,0.3190020309475347,0.3130995276349213,0.3383824857815481,0.374112092695052,0.3561877465156901,0.3303496168287144,0.3050097976698108,0.32023061930789,0.3266565094613563,0.44874901497747,0.335578528583808,0.3634704152171381,0.3899635398650307,0.291471782523239,0.2722765834230569,0.2994098826647893,0.3212816343463047,0.300963760337996,0.3642549899555591,0.3927162259360914,0.351463059520294,0.3561126885671768,0.2938061010257591,0.3131461333050232,0.26426221722058,0.3485074089651798,0.3488875499411445,0.3480377393798595,0.3508794286153304,0.3697098308894653,0.3157619503945186,0.3313418127884945,0.3104792849252361,0.3385793037994294,0.3144589078652453,0.3560842726820348,0.3206498667286367,0.341506825419502,0.3189409842530411,0.3565985638039005,0.3440440143116569,0.3319790146885724,0.2630157340046418,0.3289839457147165,0.328354733823785,0.3284795928432551,0.3531326811786381,0.3493849024070489,0.3637233552350721,0.3117941494665115,0.3362821004329436,0.3596015986701482,0.3364709516076049,0.3325142640329571,0.4446411790341261,0.3527695232391327,0.288926329951071,0.3392697247396181,0.3084064283414773,0.2899666566540365,0.3596989895206095,0.348102314625645,0.3129707928872388,0.2536189004120333,0.3565666380762757,0.3070191333285154,0.3118262960367445,0.2908893984402559,0.2796523518021843,0.2741001105070187,0.3110498575518383,0.3550153760676003,0.3613116244107234,0.3592239115603017,0.3030675009717692,0.3519800343613602,0.3304847972884524,0.3587239825995907,0.3743446321977953,0.2830252613150975,0.3461213469463871,0.183278046229698,0.3496268911222545,0.3424163928623822,0.2092375838008375,0.3472047444776273,0.3304111095289332,0.3442407107728747,0.3122147118471792,0.2654923978469128,0.365127441214058
0.2947585568412301,0.329071655374859,0.3623970170406265,0.3665572453907685,0.3431454182119709,0.3357964488652518,0.3414183336906717,0.3257727461199317,0.3185449752128481,0.313133847800032,0.3446655937955701,0.3717762458726028,0.355662825504601,0.3303641925021209,0.3037909112380464,0.3204003987487163,0.3257265634467362,0.4480201813866708,0.3371699534809857,0.3655558129401757,0.3895115646357347,0.2933556717349535,0.2740486540767402,0.2978783817072818,0.3198637450371457,0.2990382227391335,0.3738190992416855,0.3923030851460182,0.3505557489097223,0.3600647635964256,0.2925671319014838,0.3117674355891767,0.261891338401972,0.3492232361968131,0.3492134559472739,0.3484626256188424,0.3503280466945806,0.3687586391585593,0.3141205560096588,0.3348907379265763,0.3094118289504616,0.3405981850314456,0.3133678738870996,0.3562878787171073,0.3196599155634201,0.3432551974611977,0.3180849267869609,0.3570487249034626,0.3435274585885089,0.3321838842788718,0.2619405996405907,0.3314417280924753,0.3284586823418242,0.327382164032239,0.3542126310525071,0.3492514095925275,0.3632348332963955,0.3109143200074381,0.3398928635876923,0.3588679475289582,0.336223797966478,0.3305312817732841,0.4445459084260006,0.3476431826733831,0.2878875632502871,0.3423670400132166,0.3062110093531354,0.2882795668902556,0.3591089307387994,0.347123751893958,0.3127743760746739,0.2551012785270378,0.3590275815698943,0.3073254284310255,0.3106501807162066,0.2895308445054823,0.2775306428582905,0.2725093321484658,0.3094317109334994,0.3565229588690574,0.3620001757221744,0.3568357186806631,0.3019671330120901,0.3516858762593923,0.3285069190172106,0.3581293971259095,0.3757599027111067,0.2826135931900805,0.3448761762779604,0.1841128450308818,0.3519071097214254,0.340780078230514,0.2067759080357492,0.3472353989550392,0.3288664892012169,0.3418420455303059,0.3104493056152838,0.2632525059284855,0.3717316785328607
0.2921285070588046,0.3288391207735561,0.3615526048707444,0.3665409367022884,0.342483168825657,0.335014291399169,0.3458558494739596,0.3243429445759679,0.3177181736161135,0.3131149011169645,0.3497227998340624,0.3697128368174282,0.3552451274275151,0.3302399830434728,0.3026047291731156,0.3205983649578626,0.3249111860438672,0.4477835573075951,0.3384801249878607,0.3673482002473034,0.3893354233848571,0.2943937216898431,0.2757340314742044,0.2962958157350843,0.318338703138337,0.2970583683341419,0.3825870980348525,0.3911723709981331,0.3496810500126424,0.3635112611384546,0.291647766333701,0.3103591930080054,0.2601774621729259,0.3499460289080027,0.3494963692165186,0.348835520211658,0.3498722950308242,0.367878718448681,0.3125532320342822,0.3380786820312024,0.3082818808393604,0.3423442575989003,0.3123557283526769,0.356383966511931,0.318720336565316,0.3448483072673481,0.3174313368552436,0.3574605569494945,0.3429409938182898,0.3322991709600783,0.2609417165161502,0.3340960983851506,0.3284978129127021,0.3262803909158769,0.3551554538473769,0.3492271015509471,0.3626259559003124,0.3103950525853747,0.3431185316872729,0.3580879145905031,0.3360839005048038,0.3286254173387064,0.4430214179360738,0.3422170422893266,0.2873247053692663,0.3454380228810325,0.3048523326745317,0.2871588239593127,0.3585666456034095,0.3461564373795999,0.3121471704523602,0.2564747093327565,0.3612729654488263,0.3081801604587956,0.3094249078237512,0.288394763683037,0.2758078020033115,0.271570099766292,0.3076581491818556,0.3578420775023459,0.3627336205065218,0.3542363319490905,0.3008665831508297,0.3515259645075438,0.3276503515482466,0.3576160820657474,0.3766133813615364,0.2826730108229973,0.3435676374909521,0.1844192946429149,0.3538970680812899,0.3388597233167175,0.2059834779919688,0.3472582452972363,0.3272621847162983,0.339361559422705,0.3088183813669944,0.2615425232925679,0.3771068163137724
0.2894161971888564,0.3285992760487901,0.36066902783696,0.3663270139430876,0.3418353075475047,0.3342556131896018,0.3497401626832066,0.3228533267891304,0.3165204463839512,0.313057319469295,0.3536102593128854,0.3679923169194405,0.3548696530688735,0.3299631262891975,0.3014262491592315,0.3207994813592817,0.3242210481066971,0.4479748292717981,0.3395830474084306,0.3688217949711715,0.3894795032478449,0.2946189574217703,0.2772631800110625,0.2946531133590239,0.3167293126449958,0.2950826567489879,0.390444329947164,0.3894817068723576,0.3488297668990344,0.3664797028708841,0.2910526551335134,0.3089056451861864,0.2592696400315979,0.350658468581234,0.349714661647766,0.3491239830895492,0.3495131315452529,0.3671055253475749,0.3110628088372758,0.3408900973383305,0.3070603238024338,0.3438675583367364,0.3113860188800342,0.3563508218439655,0.3178065167382061,0.3463183206931213,0.3169916350475987,0.3577940617282762,0.342286585545406,0.3323056077989681,0.2600748521962314,0.3369026705234049,0.3284283305543063,0.3251849309694208,0.3559736611025919,0.349306858637461,0.3619051536442961,0.3101818049518208,0.3459700854615649,0.3573010101402404,0.3360108084153894,0.326747435185416,0.4399384932717288,0.3366776443572014,0.2873270981367754,0.3484221964246302,0.3043119482580955,0.2867531857773943,0.3580780838362965,0.3451931884772394,0.3111027852878171,0.2577030508847579,0.3633040307179216,0.3095399259132127,0.3081159542352905,0.2875159770004096,0.2746449624266432,0.2714711648995156,0.30571992671809,0.358980344232998,0.3634666776989401,0.3514846002025529,0.2997370043336451,0.3514836023482222,0.3276104949198858,0.3571894520882801,0.3768221445807783,0.2832462644543145,0.3421513421848196,0.1841662982607611,0.3556159254637035,0.3365282676839242,0.2068784981025879,0.3472542194651305,0.3256151372176071,0.3367837488448898,0.3073178813836435,0.2605879594198319,0.3812766431268102
0.2867139587024536,0.3283500669079383,0.3597810243929887,0.3659336900897729,0.3411812713607135,0.3335195087158524,0.3531308671767941,0.3213325601080962,0.3149783185763868,0.3130045794905585,0.3564419553884818,0.366650337292795,0.3544300016394495,0.3295182224999039,0.3002250125102135,0.3209755199419758,0.3236569495236545,0.4484486260467896,0.340555620264816,0.3699227357317675,0.3899570468150042,0.2941494186922939,0.2785568284944002,0.2929464506435166,0.3150571057041241,0.2931857699070221,0.3973254756548293,0.3874172804152229,0.3480047406489871,0.3690037150351168,0.2907683943214402,0.307381825573005,0.2592991888946301,0.3513453673640102,0.3498455738059802,0.3492979504119004,0.3492563038248503,0.3664535139743881,0.3096448492038184,0.3433245639783441,0.3057183267110315,0.3452170068572645,0.3104118437046287,0.3561779241707605,0.3168934216096822,0.34767776169428,0.3167691189633628,0.3580062833372648,0.341574624697759,0.3321922363432933,0.2594265375131205,0.3397931794810036,0.3282239953584782,0.3241032855902029,0.3566695404849118,0.3494842844849749,0.3610819249792809,0.3102020792455608,0.3484813126470367,0.3565416780354729,0.3359568251898611,0.3248406966820763,0.4352573087320912,0.331202859373886,0.2879741790791093,0.351249680898627,0.3045411058440359,0.2871935248938102,0.3576538091730172,0.3442203039568755,0.3096995273737075,0.2587846495295198,0.3651210594892819,0.3113154571267829,0.3066881745393232,0.2869199115915745,0.2742051176723431,0.2723630854443947,0.3036146559588265,0.3599343234812385,0.3641617630724032,0.348643130215912,0.2985489016472901,0.3515367288565518,0.3281416452381939,0.3568526808969912,0.3763395121444708,0.2843556077680238,0.3405957105183374,0.1833602646585279,0.3570750288390997,0.3337049679884583,0.2094032299931157,0.3472029561179624,0.3239501259901279,0.3341188533729167,0.3059265357448571,0.2606083259504529,0.3843255363609942
0.2841371624469949,0.3280930767074593,0.3589188769383015,0.3653797530357758,0.3405044741729485,0.3328042994908692,0.3560929903157511,0.3198078429105232,0.3131481693982196,0.3130228155824133,0.3583619495924723,0.3656743480878396,0.3538396841116989,0.3288921505563433,0.2989692990890494,0.3211045303487919,0.3232076602314577,0.4489804779974859,0.3414632388840202,0.3705784008680027,0.3907458985900494,0.2931701904787011,0.2795373555901939,0.2911784905681182,0.3133490403067194,0.2914595245177382,0.4032019497741376,0.3851777933519612,0.3472190090642962,0.3711208251843748,0.2907673439730135,0.3057558757078569,0.2603677920551708,0.3519956932584568,0.349868359682695,0.3493302310345401,0.349113215222471,0.3659133404329966,0.3082848849925699,0.3453975417147536,0.3042308232374097,0.3464360290684039,0.3093830739842615,0.3558536751283817,0.3159590851511464,0.3489272305147897,0.3167607314966669,0.3580666916179715,0.3408182386218403,0.3319529527720914,0.2591042203042297,0.3426848730240465,0.3278638808389934,0.3230321570770301,0.3572359661527698,0.3497519496871092,0.3601621227637207,0.3103699763067551,0.3507013227985608,0.3558360090453766,0.3358772037584747,0.3228489308779227,0.4290392000102828,0.325948240648194,0.2893236390923542,0.3538499581884697,0.3054498126572109,0.288572289990398,0.3573104980209439,0.343220356641001,0.3080342333130982,0.2597421184550933,0.3667136529881733,0.3133814559351744,0.3051150458358193,0.2866158036722636,0.274629504977619,0.2743436751378845,0.301345968832257,0.3606936780908392,0.3647983011460243,0.3457780209938381,0.2972739861246119,0.3516597888068651,0.3290467905384628,0.3566099377659223,0.3751548182681992,0.2860129521567617,0.3388815420095105,0.1820383846159095,0.3582699566988342,0.330356434473012,0.2134325739079159,0.3470819301160553,0.3222946817220283,0.3314003639071544,0.304611859808259,0.2617983610046118,0.3863730830389958
0.2818245778023804,0.3278330132632044,0.3581016701802629,0.3646843758419404,0.3397875362239846,0.3321042216480683,0.3586952127580114,0.3183080917189235,0.3111179409838691,0.313202017896633,0.3595216954102461,0.365010808990264,0.3530474459499708,0.3280815755676082,0.2976288065521039,0.321177536532819,0.3228517137407824,0.4492729861851248,0.342358485163078,0.3707085140809832,0.3917911747120152,0.2918988324281749,0.2801408926762427,0.2893687267166512,0.311641905892612,0.2900092078371792,0.4080685274736479,0.3829728951165644,0.3464880033277694,0.3728756003135914,0.2910117774755358,0.3039941648056677,0.2625272413051701,0.3526017837249775,0.3497697154482942,0.3491992387506856,0.3490990940285134,0.3654636320269694,0.30695657867809,0.3471402880344543,0.3025811122200798,0.3475532490280449,0.3082585003678678,0.3553669812870926,0.3149799297109245,0.3500622658566555,0.3169619675980685,0.357964449725137,0.3400306604679131,0.3315879666294188,0.2592222434992849,0.3454885351489423,0.327330038898522,0.3219614221841091,0.3576586121013893,0.3500996021151778,0.3591528810069097,0.3105914600068446,0.3526803848218674,0.3552011250017051,0.3357316788503062,0.3207160853057821,0.4214440991275794,0.3210372374212107,0.2913972474754897,0.3561599220987234,0.3069104644770127,0.2909221349866965,0.3570562009632337,0.3421770090654076,0.3062282785178674,0.2606147989654444,0.3680635692757888,0.3155913478162311,0.3033899580641372,0.2865939701498605,0.2760217710846571,0.277456271103413,0.2989367133447632,0.3612455068483763,0.3653675422346332,0.3429524159978168,0.2958835946599151,0.3518301605455535,0.3301621836477758,0.3564612368378222,0.3732957545922987,0.2882186895577937,0.3370040897439274,0.1802649640113952,0.3591860952761423,0.3264992671097217,0.2187896915032951,0.3468624588523901,0.3206756670321416,0.3286719116289086,0.303333935168972,0.2643005580361655,0.3875526514628846
0.2799307611667811,0.3275783231332935,0.3573368338811873,0.3638732915185342,0.3390068703447271,0.3314105192450411,0.3609959696101477,0.3168718509922664,0.3089965317837179,0.3136545708127063,0.3600708491846642,0.3645893327318357,0.3519810130549004,0.3270923150750746,0.296176318281976,0.3211950847040639,0.3225603553364956,0.4489781378010528,0.3432818941670579,0.3702378798833779,0.3930148372561289,0.2905564572325333,0.2803194535611475,0.2875585351376948,0.3099777687257724,0.2889460660987991,0.4119329217426358,0.3810241117048299,0.3458274914034189,0.3743119430751356,0.2914543264066991,0.3020679262501477,0.2657677293284941,0.3531580995966654,0.349545195173327,0.3488903080138117,0.3492313084381934,0.3650832559823271,0.3056264168702874,0.3485899123063735,0.300764393879596,0.348575639390221,0.3070076110732852,0.3547210757865884,0.3139302569164743,0.3510697895232904,0.3173690221571351,0.3577000586007944,0.3392296295837529,0.3311117905064564,0.2598886622476259,0.3481194873673527,0.3266256167215171,0.320886540131876,0.3579282685215381,0.3505114733925689,0.358068094863198,0.3107721037865157,0.3544585722537609,0.3546481510337547,0.3354852012935485,0.3183870919383331,0.4127127286117111,0.316563170862803,0.2941803018222548,0.3581347049861198,0.3087763032134698,0.294214431495057,0.3568882653524527,0.3410799129143095,0.304413006099075,0.2614450122249577,0.3691597234907939,0.3177936164832733,0.3015285019804706,0.286830335340493,0.2784432943340136,0.2816803473890485,0.2964394624635265,0.3615799782916308,0.365858600690099,0.3402153332287686,0.2943505898057532,0.3520331620874104,0.3313453732293877,0.3563991487692365,0.370828270302122,0.290959809588235,0.3349779426937668,0.1781345335911179,0.3598169797753842,0.322210262740112,0.225255149173413,0.3465136322019484,0.3191171340731153,0.3259758842777663,0.3020465226570856,0.268184785831651,0.3880029970765689
0.2786139740679964,0.3273400806640307,0.3566244625209093,0.3629813476570683,0.3381400987066661,0.3307159323721191,0.3630280966225047,0.3155488009711071,0.3068943948946133,0.3145025682162491,0.3601461824897679,0.3643353557718899,0.3505473201732648,0.3259344563387429,0.2945882656532886,0.3211646233367036,0.3222978793682993,0.4477329992404438,0.3442532338408515,0.3691116418559834,0.3943278486310695,0.2893509727387793,0.2800401657650743,0.2858056004065418,0.3083998274948878,0.2883805964406759,0.41480332176848,0.3795863507620875,0.345256583212479,0.3754613401113549,0.2920376028967593,0.2999570829645299,0.2700222267540992,0.3536611661143746,0.3491989782925424,0.3483951741471177,0.3495278634503617,0.3647486626018457,0.3042606410519302,0.3497791790288663,0.2987922486118548,0.3494963377473166,0.305605546400177,0.3539369839187112,0.3127888455549295,0.3519258496597695,0.3179749013246787,0.3572794185085726,0.3384399240895295,0.3305550966387513,0.2611975979548431,0.35051325152543,0.3257796955150456,0.3198107571486691,0.3580495041015204,0.3509651429740852,0.3569234332810916,0.3108249764139311,0.3560619015134202,0.354185841202066,0.3351138810005563,0.315817591650699,0.4031426664518892,0.3125992121086162,0.2976287425120617,0.3597580235388078,0.310891874483875,0.2983701500530019,0.3568091539592425,0.3399273419747304,0.3027169541686692,0.2622617813101731,0.3700029561743449,0.3198457673121196,0.2995662117438167,0.2872882925643812,0.2819049345932466,0.286916572765464,0.2939329494423091,0.3616926532788815,0.3662540844757174,0.337594950795954,0.2926554335572018,0.3522592802893099,0.3324618153745375,0.3564137797686713,0.367849116420238,0.2942196322264976,0.3328369367127872,0.1757724880854067,0.3601705009238868,0.31762524196532,0.2325720099384305,0.3460114722120438,0.3176369731078663,0.3233514036758247,0.3007003498081601,0.273443684754666,0.3878600612761516
0.2780214341741005,0.3271293048109926,0.3559593088460586,0.3620466961939607,0.3371778621245736,0.3300152089926971,0.3648025341332624,0.3143901125023641,0.3049109873145039,0.3158640026861516,0.3598514975547354,0.3641680401768614,0.3487000257175164,0.324622829991591,0.2928453243803503,0.3211039417461225,0.3220218340027999,0.4451893414209942,0.3452625099861446,0.3673088918634526,0.3956385890351584,0.2884587467530307,0.2792938174883846,0.2841817203723079,0.3069564124189308,0.2884157207234111,0.4166774646705865,0.3789577111057173,0.3447974734049234,0.3763444751684217,0.2926984861461638,0.2976505454843466,0.2751731286369506,0.354108590731309,0.3487451372827604,0.3477137482141916,0.3500041810833439,0.3644276759608615,0.3028256706639187,0.3507368470640333,0.2966992204476808,0.3503102512232529,0.3040375422571889,0.3530429236651122,0.3115423821890084,0.3526056597698176,0.3187666391365202,0.3567204247561072,0.3376848286667118,0.3299546457884375,0.2632239044628269,0.3526384649501426,0.3248274710863139,0.3187346602834868,0.3580335703286806,0.3514328581349771,0.3557296794738588,0.3106760095997944,0.3575040089623452,0.353819237066366,0.3346108469632495,0.3129815706924779,0.3930634554452655,0.3092067241650158,0.3016715149106715,0.3610444650994956,0.3130927846793913,0.3032622837365401,0.3568314575568274,0.3387256654553067,0.3012533898429376,0.2630725783488801,0.3705966519035896,0.3216248165835408,0.2975649030300216,0.2879146566696333,0.2863549298440035,0.2929889297575924,0.291515894678177,0.3615843910005383,0.3665372150712304,0.3351013714857092,0.2907919170650006,0.3524982139719979,0.333373911465411,0.356498191315579,0.364474944483008,0.2979916885797098,0.3306277839179505,0.1733281114219871,0.360259404531196,0.3129189254289678,0.2404582944214664,0.3453420583488124,0.3162436601792056,0.3208344326159626,0.2992494430082348,0.2799920716701142,0.3872414223164007
0.2782714916670633,0.3269559286859813,0.355329180327968,0.3611043532127338,0.3361230055842046,0.3293014666278209,0.3663221124096772,0.3134412544967492,0.3031309556542187,0.3178481237878753,0.3592468272976276,0.3640070431877372,0.3464382341647173,0.3231789797486468,0.2909368903457829,0.3210396024086439,0.3216873909137179,0.4410312407970592,0.346275571427206,0.3648516663522833,0.3968568896058122,0.2880019260903237,0.2781072873718037,0.2827786151880804,0.3057065111683215,0.2891354358949716,0.4175450579392108,0.3793967897679625,0.3444695701827069,0.3769814509799277,0.2933764586177422,0.2951500151036545,0.2810532709568585,0.3544965873468682,0.3482072525133905,0.3468578996622484,0.3506670702353039,0.364087685256947,0.3012840065323078,0.3514915878474366,0.2945466486748229,0.3510164025028306,0.3023104338617349,0.3520677028498694,0.310182068655243,0.3530962114214583,0.3197300888188365,0.3560566565796305,0.3369750811802721,0.3293439921116325,0.2660130247208147,0.3544987758868884,0.3237990785602453,0.3176519040072739,0.3578913708094239,0.3518833672767081,0.3544962613305666,0.3102684086121386,0.3587895815535756,0.3535453033101735,0.33398628564825,0.3098656248888851,0.3828061360384567,0.3064407170762089,0.3062110532145299,0.3620353163395415,0.3152129074597675,0.3087142869677445,0.3569616491908569,0.3374873598690438,0.3001082094587327,0.2638630137873367,0.3709448050859925,0.3230362402270245,0.2956230354300421,0.2886406642439782,0.2916785984035508,0.2996678472333154,0.2893104307793679,0.3612659645753277,0.3666945287238611,0.332732408703126,0.2887716220024681,0.3527382379677145,0.333945934468413,0.3566466049937446,0.3608326182865204,0.3022835705702212,0.3284042431280976,0.1709692755440298,0.3600994836280298,0.3082826213972714,0.2486262037467188,0.3444992617352527,0.3149356041624159,0.3184530659908849,0.2976569148673394,0.2876624110958427,0.3862361518680854
0.2794395066835596,0.3268286174908787,0.3547154875276103,0.3601852559792743,0.3349804133315351,0.3285664228903441,0.3675832597287646,0.3127475781043878,0.3016148922033234,0.3205504880046662,0.3583570109630716,0.3637906899827179,0.3437372793751681,0.3216267173433066,0.2888698879847079,0.3209978399009212,0.3212537125220358,0.4349977545592139,0.3472497874348378,0.3618117062387923,0.3979005563330887,0.2880370581627268,0.2765455519950687,0.2817064108958441,0.3047190525058031,0.2905917343451084,0.4174016045342823,0.3809913506156795,0.3442823807212218,0.377391364358501,0.2940195052356829,0.2924803137308694,0.2874544349555368,0.3548204969088102,0.3476158591994707,0.3458517560663713,0.3515077764530483,0.3637097275580411,0.2995961914577953,0.3520686572347341,0.2924199212764905,0.3516067580073946,0.3004536041193464,0.3510440518525928,0.3087020683255794,0.3533976448628507,0.3208556139188191,0.3553273104161752,0.3363100801606916,0.3287553101813933,0.2695688333421354,0.3561266151776903,0.3227289108837227,0.3165578991015739,0.3576421998502861,0.3522824649111876,0.3532359478882999,0.3095684580077925,0.3599158316930049,0.3533553856857653,0.3332640410676568,0.3064617911364942,0.3726679505959816,0.3043565473016304,0.3111295424670473,0.3627965639173331,0.317098446615876,0.314515873257666,0.357189336948097,0.3362301491505752,0.2993297531086494,0.2645970480603278,0.3710641975143918,0.3240208229031061,0.2938713605419371,0.2893918511221229,0.2977112909577703,0.3066940780126353,0.2874658565279005,0.3607644316549128,0.3667082571954981,0.3304734906155479,0.2866300266640261,0.3529685757620583,0.3340624638350177,0.3568486486490312,0.3570491155738639,0.3071095246558245,0.3262241253947377,0.1688854947113016,0.3597200437297297,0.3039157291110901,0.2567971447504935,0.3434859380002444,0.3137020883698035,0.3162244221017528,0.2958978258647594,0.2962096353810873,0.384910174601421
0.2815534055234798,0.3267516923585232,0.3540986307859567,0.3593166338326291,0.3337546424893112,0.327806065603986,0.3685712348093283,0.3123614570005912,0.3003821561288537,0.3240374716693049,0.3571820829594471,0.3634825896882616,0.3405565676659442,0.3199845914331067,0.2866761164719554,0.3210021273005713,0.3206875978318337,0.4269180893047004,0.3481445086586147,0.3583132179925721,0.3987072588856124,0.2885612031619003,0.2747047565074714,0.2810794725966455,0.304068496074055,0.2927976609050446,0.4162570654559925,0.3836430948792317,0.3442312513617137,0.3775829105160269,0.2945856504460836,0.2896968050154171,0.2941514978129265,0.3550792206950371,0.3470081463891447,0.3447276620082084,0.3524989311824834,0.3632891861823973,0.2977305522049805,0.3524845637476756,0.2904234450810148,0.3520652565872856,0.2985101885728662,0.3500088957389234,0.3071036533346709,0.3535177090846167,0.3221348855041995,0.3545673204604918,0.3356874650938934,0.3282222283689961,0.2738511359688801,0.3575778237939156,0.3216546922884709,0.3154541081460025,0.357321901749606,0.3525939369589974,0.3519582553572605,0.3085707607102104,0.3608720650421064,0.3532455373334041,0.3324786537239428,0.3027743487309282,0.3628863275868453,0.3030153825406603,0.3162976693119445,0.3634186342169024,0.3186122487698102,0.3204547231005163,0.3574981111551177,0.3349773508929932,0.2989227573428723,0.2652190011628327,0.3709898908128691,0.3245559438959505,0.2924530920222514,0.2900954462813562,0.3042507671626362,0.3137942540758279,0.2861475595376657,0.3601198917697606,0.3665525592235092,0.3282948093992384,0.2844341528842959,0.3531768922762799,0.3336431646701108,0.3570862496722307,0.353240475251151,0.3124797487642841,0.3241445845127005,0.1672898695441151,0.359164019234167,0.3000255212467398,0.2647110289479471,0.3423171696307092,0.312524401230032,0.314161229411478,0.2939594023402194,0.3053371154249151,0.3833173763802182
0.2845916662271512,0.3267208759424694,0.353463902381919,0.3585195080145761,0.3324573943517888,0.3270230761022067,0.369269008447377,0.3123362271509446,0.2994031827732448,0.3283323494804981,0.3556977587087319,0.3630632754799305,0.3369195669878829,0.3182617592008765,0.2844144310306535,0.3210802415484141,0.3199655130128589,0.4167381685799435,0.3489240833793526,0.354522870931923,0.3992432890813616,0.2895224440638483,0.2727094804367931,0.2810051387904868,0.3038303381086455,0.295727011760146,0.4141351151106441,0.3871712680132564,0.3442972308753132,0.3775559879686177,0.2950455787777679,0.2868821319169177,0.3009276342809581,0.3552758561024314,0.3464272859592026,0.3435230580987297,0.3535982055672358,0.3628273539061424,0.2956708237432272,0.3527505082164814,0.2886782978705488,0.3523836757487364,0.2965367799090978,0.3489952139522742,0.3053983867774685,0.3534713482196386,0.3235531546276569,0.3538092951197778,0.3351044920717327,0.3277710363896039,0.2787847990197265,0.3589271960133661,0.3205976788679066,0.3143380563633924,0.3569709082675031,0.3527833382103327,0.3506620358518041,0.3072998601659442,0.3616428134757444,0.3532209273242523,0.3316711043335454,0.2988296528022645,0.353631424661065,0.3024815683603951,0.3215810022062614,0.364008562996333,0.3196330221064695,0.3263398491890334,0.357876596744453,0.3337563289847437,0.2988494408674034,0.2656643316378829,0.3707636637300519,0.3246513359769669,0.2915087737638455,0.2906803511067332,0.311067610088838,0.3207014657772344,0.2855155831435153,0.359374854851424,0.3662034505044896,0.3261568793288385,0.2822869627809571,0.3533440366361983,0.332650062708804,0.3573348740179195,0.349504698563764,0.3183908337746785,0.3222149456184132,0.166408469954718,0.3584729209922832,0.2968185307059417,0.272139895078349,0.3410179794026118,0.3113791318796116,0.3122824501710873,0.2918402537886548,0.3147310737262382,0.3815035577052862
0.2884764728367708,0.3267236680502224,0.352803870271564,0.3578062961643704,0.3311104690872683,0.3262216843667612,0.3696735991731788,0.3127124351634607,0.2986102859750106,0.3334172717233699,0.3538611782039319,0.3625276311632409,0.3329177035864735,0.3164564156651301,0.2821713211006966,0.3212638954455251,0.3190770836102916,0.4045201395913892,0.34956243697856,0.3506265627914416,0.3995019634266758,0.2908263992688557,0.2707143281748596,0.28158098783361,0.3040744323236377,0.2993143032554901,0.4110775108573796,0.3913332073736894,0.3444500629947589,0.3773152662181181,0.2953877725042811,0.2841394126477752,0.3075872485581783,0.3554113099902268,0.3459139247880041,0.3422797250864162,0.3547546264292667,0.3623308217625196,0.2934166234503476,0.3528804172410101,0.287318790532707,0.3525705633882462,0.2946122363429159,0.3480254213068517,0.3036079694615053,0.3532839025731349,0.3250890747795071,0.3530849255603378,0.334549916748683,0.3274083969572313,0.2842688530310816,0.3602576835319471,0.319556023957017,0.3131945535316905,0.3566173896411888,0.3528227086223324,0.3493423468538357,0.3058096315449882,0.3622161088722975,0.3532864378302189,0.3308806099624857,0.2946700358363193,0.3450080026749794,0.3028111706998425,0.3268483037711017,0.3646744019365225,0.3200663061586507,0.3320073388890731,0.3583107292707086,0.332592880412135,0.2990374613250696,0.2658750491565469,0.3704230164062956,0.3243427773744087,0.2911724749173657,0.2910800890462542,0.3179245050214839,0.327185992135381,0.2857093749430144,0.3585709157008349,0.3656506177301952,0.3240240951539967,0.2803244239463317,0.3534441989424524,0.3310969832291295,0.3575670559792786,0.345920343204223,0.3248170783427117,0.3204718686378222,0.1664608650592818,0.3576798646569551,0.2944817375503556,0.2789077581736501,0.3396182345703245,0.3102446372495686,0.3106167325015774,0.2895514939723637,0.3240843183598361,0.3795050942827486
0.2930723219691712,0.3267441547474104,0.352118148424003,0.3571808762674638,0.329739009945909,0.3254024275216431,0.3697984675097552,0.3135129454658221,0.2979123383164308,0.3392398607088099,0.3516315197063078,0.361891094435474,0.3286426285824512,0.3145554542157077,0.280062282840077,0.3215759892731377,0.3180271089793938,0.3904277068467769,0.3500518302577209,0.3468068236435596,0.3994982291895932,0.2923462873641883,0.2688967449958807,0.2828859832238263,0.3048573400036655,0.3034543672831922,0.4071589540080958,0.3957259972897763,0.3446520417075449,0.3768750732385514,0.2956191304041911,0.2815908361115745,0.3139653123545909,0.3554811469187982,0.3454951678918692,0.3410408806673157,0.3559114377537472,0.3618165891577976,0.2909832993759019,0.3528917735048399,0.2864815931866489,0.3526407136688722,0.292836832976529,0.3471120090579067,0.3017665626659723,0.3529886106988286,0.3267211861292853,0.35241453271372,0.3340016044117884,0.327121288034121,0.2901801584246095,0.3616440762636259,0.3185200079648488,0.312001428455513,0.3562791432931115,0.3526923243451516,0.3480013566896993,0.3041829135460295,0.3625887404951592,0.3534364800993478,0.3301361204143973,0.2903411244548782,0.3370563258873674,0.3040371069068306,0.3319841376285478,0.3655135026415989,0.3198574456196373,0.3373238530259376,0.3587722410260846,0.3315044350544806,0.2993893793877189,0.2658072958101626,0.3700038012576282,0.3236842093739596,0.2915624956718943,0.291244194656367,0.3246015653022956,0.3330786818722566,0.2868411906645498,0.357753448445998,0.3648972138328191,0.3218722997816496,0.2787062278349874,0.3534496992790961,0.329058384547683,0.3577551619536948,0.3425465042376233,0.3317020879029635,0.3189376779476866,0.1676439683568131,0.3568179740986131,0.29317199787149,0.2849033524362793,0.3381520417789623,0.3091068491426003,0.3091995325832729,0.287121797112077,0.3331116020666083,0.3773510842516562
0.2982024911834121,0.3267659162368334,0.3514121279057212,0.3566387705757357,0.3283661097643104,0.3245636779633094,0.3696655271475294,0.3147496366093049,0.2972009086520759,0.3457068363436714,0.3489882677503145,0.3611867347091281,0.3241870130578417,0.3125377005766227,0.2782289913719987,0.3220242078855945,0.3168321236392572,0.3747178188502195,0.3504093670185476,0.3432297796687237,0.3992680779026984,0.2939407617790947,0.2674384762460708,0.2849628214217051,0.3062198249043535,0.3080078581691715,0.4024963863283512,0.3998021377094709,0.3448620281535356,0.3762512705902658,0.2957586526454235,0.2793764425893667,0.3199435722477411,0.3554826952380066,0.3451846749007438,0.3398453721076591,0.3570067013502747,0.3613097425320192,0.2884059771114586,0.3528006232047156,0.2862897747414551,0.3526058111276556,0.2913191796334611,0.3462603560868929,0.2999253735605803,0.3526195981197713,0.3284286232103744,0.3517978926356067,0.3334351614155359,0.3268858464765079,0.2963803922614554,0.3631404512485257,0.3174780383423957,0.3107386809094097,0.3559738156313567,0.3523803205195912,0.3466452093636031,0.3025288520806147,0.3627637435310352,0.3536583608540821,0.3294540396461768,0.2858961114264201,0.329758670517345,0.3061558359909707,0.3368974510062464,0.3666089594190254,0.3189852917447081,0.3421976947189789,0.3592227591315874,0.3304974633416175,0.299791208632129,0.2654306238857615,0.369544391084476,0.3227376989040896,0.2927596205170887,0.2911493857063493,0.3309131265510241,0.3382745908098318,0.2889857575026932,0.3569694913689729,0.3639547552560004,0.3196857130373144,0.2776043979177438,0.3533341669682304,0.3266648451031133,0.3578713943458697,0.3394235326949582,0.3389510612027493,0.3176177814022576,0.1701231542094763,0.35592300896098,0.2930225556875944,0.2900768136205554,0.3366582487690742,0.3079611952048369,0.3080729526611234,0.2846037699240534,0.3415702192385096,0.3750708148501684
0.3036739835737629,0.3267709623768737,0.3506943077157629,0.3561675708541886,0.3270155349857201,0.3237057294328636,0.3693058558988115,0.3164286860229499,0.2963579314002061,0.3526736151024011,0.3459346724218337,0.3604537799204451,0.3197014763976002,0.3103788450390874,0.2768285663962008,0.3226100905892047,0.3155153174881152,0.3577323645324301,0.3506746123196494,0.3400332283295059,0.398867276743751,0.2954702670545825,0.2665086625683779,0.2878102465463624,0.308187568389817,0.3128144320385334,0.397241217256106,0.4030538317525616,0.3450410922473151,0.375459334081508,0.2958325242603994,0.2776443795170285,0.3254636407253152,0.355421317241077,0.3449906850621707,0.3387243172373278,0.3579782059720592,0.3608364833976942,0.2857430883534442,0.352621492047615,0.286839818238893,0.3524814346647862,0.2901686372775865,0.3454698905587459,0.298151955814716,0.3522085172736846,0.3301840375961288,0.3512208675717724,0.3328318485481157,0.3266696195998725,0.3027302948787528,0.364774276523059,0.3164053979275446,0.3093872315005909,0.3557145417947829,0.3518844656422973,0.345274658441621,0.3009744019092703,0.3627486755481895,0.3539411086904931,0.3288416406788719,0.2814124939793978,0.3230597406354558,0.3091186454790306,0.3415204553983275,0.3680246037905256,0.3174478166192456,0.3465864803867708,0.3596258634731094,0.3295696728783418,0.3001254316602901,0.2647312635496295,0.3690795277330606,0.3215656339972355,0.294790641458274,0.2908044248722506,0.3367147570905636,0.342728703464782,0.2921625551450805,0.3562567467715216,0.3628475650959293,0.3174564133447223,0.2771918388305308,0.3530752360974796,0.3240879088696765,0.3578872293903097,0.3365785729983318,0.3464263520191927,0.3164972984784313,0.1740243003538236,0.35502227787927,0.2941430409627661,0.2944302228127724,0.3351755405133734,0.3068127981202431,0.3072874248849738,0.2820761946505182,0.3492826976427339,0.3727015144296727
0.3092931288022884,0.3267391544474572,0.3499735423740294,0.3557508858082003,0.3257141761603389,0.3228300752688875,0.3687654184693301,0.318545466560216,0.2952758005799192,0.3599499087289344,0.3425000249031244,0.3597365051783533,0.3153742107731981,0.30805346038832,0.2760197519724445,0.3233364047741559,0.314105714484486,0.3398709177494243,0.3508968737231792,0.3373080150394227,0.3983603813324748,0.2968058113766798,0.2662559399694187,0.2913901174799795,0.3107658272950088,0.3177083955582852,0.3915649342521919,0.4050791056986576,0.3451591813133094,0.3745238520175981,0.2958744317369131,0.2765364636836536,0.3305226320659127,0.3553046093037882,0.3449147172069965,0.337701547839165,0.358773086912997,0.3604225426605321,0.2830754468430461,0.3523720600844366,0.2881943433156859,0.3522931855830707,0.2894961893608427,0.344734157296588,0.2965250793746962,0.3517847352119832,0.3319510590738744,0.3506670802015382,0.3321783993251609,0.3264267240164126,0.3091009383953633,0.3665422630385018,0.3152653258277424,0.3079250457519997,0.3554991304933607,0.351215743203714,0.3438888525504727,0.2996530428836861,0.3625607919803991,0.3542729454860066,0.3282981638389911,0.2769950069808103,0.3168908096258806,0.3128283038104871,0.3458048923539357,0.3697940831082496,0.315265790620269,0.3504906816995974,0.3599517456311913,0.3287113423360499,0.3002908171576894,0.2637216999475168,0.3686325795297563,0.3202284620679107,0.2976290890031224,0.2902522857867243,0.3419104210616633,0.3464566608334012,0.2963237171520285,0.355638879467937,0.3616214734403673,0.3151931033704048,0.2776284049335474,0.3526600284432795,0.3215266864106587,0.357776583702689,0.3340334423162933,0.3539506497048411,0.3155416968763035,0.1794212734749187,0.3541292789484037,0.2965901326689168,0.298014817152044,0.3337369274472601,0.3056769685707935,0.3068950493092797,0.2796407684882175,0.3561453642319703,0.3702903386766139
0.3148741666852501,0.326650588976916,0.3492590952367018,0.3553736895433968,0.3244862287918973,0.3219347363265615,0.3680986211480895,0.3210755348262325,0.2938787258636953,0.3673173415112871,0.3387503050656386,0.3590915854526991,0.3113561977891286,0.3055372546090785,0.2759505942381947,0.3242003961654878,0.3126390500151688,0.3215492455597381,0.3511191860858702,0.3350823418822434,0.3978065728443414,0.2978365172348863,0.2668013243616875,0.295629677394008,0.3139297663474246,0.3225333227960881,0.3856498724135973,0.4054405920790244,0.3451994755779906,0.373480113245616,0.2959220294474995,0.276177123474379,0.3351564733678843,0.3551342882026258,0.3449409976918265,0.3367921270309197,0.3593549080018792,0.3600920428245067,0.2805046532678804,0.3520724100513449,0.2903770338731881,0.3520669722944563,0.2894066498482878,0.3440395185545788,0.2951339225270718,0.3513736610766371,0.3336915574297133,0.3501175760352925,0.3314653360416804,0.3260996314427353,0.315376472635644,0.3684085702750808,0.3140285912096393,0.3063349224606572,0.3553149927561417,0.3503984617617424,0.342497323321035,0.2986961982808818,0.3622292827392284,0.3546306510729092,0.3278105458838972,0.2727614003652862,0.3111824595412706,0.3171383954001907,0.349722745772744,0.3719149118698483,0.3124955097481128,0.3539391170132098,0.3601772709621059,0.3279024271137651,0.3002194089661822,0.2624428288490193,0.3682167921336723,0.3187823780957843,0.3012015045660963,0.2895708427522971,0.346458203370431,0.3495315031067429,0.3013578992818639,0.3551316118627978,0.3603394666379363,0.3129248978700592,0.2790422624804002,0.3520880605696779,0.3191922283859535,0.3575217813602929,0.3318070447642629,0.3613184125501689,0.3147018511293676,0.1863227226574848,0.3532529007721846,0.3003331674719642,0.3009294302292232,0.3323701456657629,0.3045768629814407,0.3069342134167171,0.2774176345682487,0.3621203031001508,0.3678879923679158
0.3202549828504756,0.326488560868754,0.348562037781516,0.3550230957019668,0.3233449655372754,0.3210124087127804,0.3673553454575418,0.3239739879378521,0.2921299157516061,0.3745415777617418,0.3347925125759152,0.3585836314073992,0.3077618493571945,0.3028151507257721,0.2767440475840652,0.3251857904875335,0.3111541641256554,0.3031669147563082,0.3513704940338567,0.3333217348540256,0.3972552447209168,0.2984804284306772,0.2682243388119278,0.3004137064820252,0.3176238967100249,0.3271554714823267,0.3796799422270021,0.4036709261503861,0.3451600078991818,0.372361569538822,0.2960049022236825,0.2766643459492814,0.3394258902121113,0.3549098080073687,0.345036071553494,0.335996949611958,0.3597046986366641,0.3598594283692489,0.2781528345713895,0.3517382006920738,0.2933676136256627,0.3518198830025358,0.2899801184712974,0.3433648083885615,0.294079515280288,0.3509948234244853,0.3353720924208028,0.3495444582997257,0.3306890637536398,0.3256303879746985,0.321457691413365,0.3703112125524507,0.3126819119169172,0.3046197004866389,0.3551534347030668,0.3494653871732734,0.3411202165473864,0.2982253292843252,0.3617867836206397,0.3549781696129579,0.3273523413304312,0.26883431819159,0.3058684903368426,0.3218552281694853,0.3532669270278793,0.374355453835213,0.3092218457229483,0.3569769344263661,0.3602891113846211,0.3271106812620063,0.2998810372178657,0.2609522394983128,0.367839994931329,0.3172728348950408,0.3053899969706134,0.2888698158000345,0.3503652135703471,0.3520632414748226,0.3071037301427291,0.3547465720033856,0.3590650685550626,0.310689621130419,0.2815103030683948,0.3513672365416346,0.3172786338979034,0.3571163572401417,0.3299138405477492,0.3683108347806327,0.3139188450262806,0.194668355410078,0.352404683090513,0.3052572600381671,0.3033059853082827,0.3310982171098077,0.3035364413480304,0.3074183187179365,0.2755429767464224,0.3672239872722738,0.3655395932370492
0.325316744631279,0.3262417382806682,0.3478930696738909,0.3546859920894513,0.3222916080129772,0.3200547269216338,0.3665792455368623,0.3271847823225737,0.2900294144492167,0.381381098669858,0.33076338421451,0.3582703370547289,0.3047149049905962,0.2998898641472078,0.2784792223024469,0.3262659906757962,0.3096864977390514,0.2850903723899671,0.3516656211155073,0.3319413763154817,0.3967482883628852,0.2986926572321824,0.2705490344792023,0.3055884708778079,0.3217731224198895,0.3314735085737148,0.3738249784127662,0.3995639310133506,0.345055297996546,0.3711936040339857,0.2961355129567939,0.2780592693624735,0.3434071411404465,0.3546359457893745,0.345162721743855,0.3353002032979499,0.3598202487382589,0.3597240677791701,0.2761576598420505,0.3513786188327772,0.2970987378387142,0.3515674656350089,0.2912618689016024,0.3426873527839943,0.2934664621318687,0.3506639386103418,0.3369620046549995,0.3489150889472763,0.3298534393101819,0.3249691459735359,0.327271043019159,0.3721740383022496,0.3112185363771123,0.3028094190544289,0.355011661297106,0.3484527496649966,0.339777157604142,0.2983387664851833,0.3612616160800167,0.3552761322363139,0.3268931625895511,0.2653471183326676,0.3008913116520182,0.3267502085657011,0.356446322829231,0.3770654088393185,0.3055368141846711,0.3596567657933237,0.36028500664518,0.3262973375177969,0.2992797459436305,0.2593119278896629,0.3675045345612591,0.3157324592488482,0.3100408224907836,0.2882877204753221,0.3536751471149951,0.3541700557825283,0.3133618947049183,0.3544878530278661,0.3578518007450064,0.3085207373724095,0.2850448934419641,0.3505112792320126,0.3159315068093307,0.3565627597248362,0.3283670938287708,0.374711527461761,0.3131274221299079,0.2043390012226347,0.3515955147912812,0.3111943307050816,0.3052841440368398,0.3299340003377619,0.3025741193786554,0.3083348714424511,0.2741657950996312,0.3715179651165323,0.3632828445889538
0.3299908500750532,0.3259064106951859,0.3472576141022772,0.3543508378343252,0.3213194096728253,0.3190592529307674,0.3658118711853166,0.3306483521858739,0.2876150181355787,0.3876062266275093,0.3268176900395405,0.3581978215501097,0.3023176176921037,0.2967823662734752,0.2811764785070446,0.3274097434476916,0.3082646959233634,0.2676368948120203,0.3519992587619283,0.3308195791588457,0.3963162379408133,0.2984667676522193,0.2737412160056799,0.3109857583164967,0.326292174155263,0.3354218453880799,0.368227040278234,0.3932802601650954,0.3449167863724725,0.3700024141470194,0.2963121972793522,0.2803789019188078,0.3471790457394526,0.3543188483548542,0.3452888634308287,0.3346744593403344,0.359716235115888,0.3596758232096486,0.2746589191776243,0.3510023239832348,0.3014579938884999,0.3513321613403241,0.2932654604924641,0.3419917774381255,0.2933858885317668,0.3503949929594969,0.3384308993816287,0.3482049389204357,0.328967929651461,0.3240745570283017,0.3327713454700259,0.3739152308528976,0.3096375406286414,0.3009574849750634,0.3548860887098229,0.3473985875485471,0.3384818516999008,0.2990963774467138,0.3606816518046028,0.3554873090749335,0.3264107302804881,0.2624437109388901,0.2962051806856413,0.3315868234023617,0.3592795935753767,0.379978936456786,0.3015318565224686,0.3620297362013805,0.3601693382971749,0.3254271653783416,0.2984514688502554,0.257587421797436,0.3672062296134595,0.3141902687951971,0.314983832167894,0.2879906206559629,0.3564587319408303,0.3559605149447347,0.3199070471542256,0.3543515071531811,0.3567439311146171,0.3064481893935696,0.2895897448648364,0.3495454683887382,0.315234338362751,0.355869584514512,0.3271843923429537,0.3803245702852703,0.3122617106595188,0.2151715208344942,0.3508343258918391,0.3179348309855693,0.3069913931450982,0.3288763782796292,0.3017021594628852,0.3096457940654818,0.2734385745514584,0.3750935936339174,0.3611534595057152
0.3342517378992341,0.3254872384963643,0.3466553808701392,0.3540133612444764,0.3204139388147417,0.3180328734664255,0.3650863781174915,0.3342987856062814,0.2849631109038352,0.3930234645021219,0.3231260208120571,0.358405772392515,0.3005873001447833,0.2935285559450899,0.2847945607342845,0.3285798527231618,0.3069098740762379,0.2510551966742926,0.3523347332812564,0.3298095919896894,0.3959697732887172,0.2978344353985843,0.2777177213016744,0.3164439949528316,0.3310878788763949,0.3389704919679452,0.362996851435423,0.38496471869093,0.3447875722957386,0.3688189239841675,0.2965247708713165,0.2835949572881789,0.3508054318647049,0.3539566954347278,0.345383307105271,0.3340880815974922,0.3594217330258921,0.359698899627872,0.2737835075663856,0.350621325754609,0.3062975539312142,0.3511363152421896,0.2959715612073354,0.3412697668538462,0.2939049014771798,0.350197130540112,0.3397530958088928,0.3474039197545962,0.3280461999513554,0.3229145044930031,0.3379308314813089,0.3754527754434673,0.3079561917583247,0.2991369941650372,0.3547753228457275,0.3463420115118978,0.3372451804599362,0.3005126281132361,0.3600788222683377,0.3555741324324729,0.3258925922707799,0.2602603063701034,0.2917684267750781,0.3361492209980983,0.361793350640635,0.383016258281043,0.2973024068822136,0.3641381923277214,0.3599518911378383,0.324473596324079,0.2974608544145485,0.2558503589741808,0.3669386808301254,0.312680780036317,0.3200491773122632,0.2881614317627175,0.358804551972703,0.3575281873217571,0.3265076491944133,0.3543309704908293,0.3557740122382647,0.3045024694615563,0.2950222184891679,0.348510310066396,0.315209811002524,0.3550518586265631,0.3263834933556774,0.3849928470612741,0.311263548401072,0.2269672003645151,0.3501341209508445,0.3252205688441186,0.3085332568029703,0.3279154368955972,0.3009275413995618,0.3112819304185546,0.2735014436363751,0.3780496545831457,0.3591856910009244
0.3381093488170673,0.3249939676853957,0.3460857939575109,0.3536780997226622,0.3195480491687767,0.3169884625285603,0.3644186067526455,0.3380585450106526,0.2821792205221125,0.3974904721230241,0.3198678063839719,0.3589224764006139,0.2994838153352745,0.2901815126176069,0.2892353556954693,0.3297324805421444,0.3056331985781445,0.2355185929537552,0.35261065359193,0.3287521450092633,0.3956999792583663,0.2968669257611201,0.2823589691079272,0.3218123219832178,0.336064454637223,0.3421248473486653,0.3582137996889156,0.3744165898415833,0.3447129569173165,0.367667019025681,0.2967520294649634,0.2876336404688287,0.3543219525054649,0.3535417942172208,0.345414675895027,0.3335081297899473,0.3589742571286909,0.3597641628997235,0.273636481679025,0.3502470417738784,0.311450514708682,0.350993128207022,0.2993183019224313,0.3405118749986694,0.2950664525820668,0.3500718251420721,0.3409129480660664,0.3465132520767612,0.3271066555959861,0.3214725822721503,0.342726681941635,0.3767147675554953,0.306210687782698,0.2974436069745212,0.3546887051270812,0.3453201135222951,0.3360750463431627,0.3025598446452343,0.3594818162663963,0.3555010032061469,0.3253301824567267,0.25890355065749,0.2875311685645997,0.3402565531126493,0.3640209990075335,0.3860940956045029,0.292941097574899,0.3660128787492465,0.3596532516727047,0.3234174204920502,0.2963892224501004,0.2541717880982572,0.3667000553596901,0.3112401268360581,0.325074630697052,0.288973362615536,0.3608032999735249,0.3589446465556844,0.3329516789338869,0.3544188153273025,0.3549514000261097,0.3027052702581846,0.3011610654147056,0.3474517023185394,0.3158184432656296,0.3541324495469263,0.3259694550039276,0.388609024382112,0.3100887033481385,0.2394963661030512,0.3495139032828769,0.3327640222327819,0.3099827082133363,0.3270381387220069,0.3002476960165745,0.3131397500336946,0.2744656032159552,0.3804749605446622,0.3574036828107986
0.3416049923704368,0.324436690356249,0.3455511485066517,0.35335369324136,0.3186788493351755,0.3159391895159656,0.3638125274130344,0.3418437834745449,0.2793808540863229,0.4009250006310402,0.3172108906992765,0.3597491734276622,0.2989789372225194,0.2868161682882786,0.2943482283842644,0.3308237297286104,0.3044332413807671,0.2211384783736706,0.3527698493149649,0.3274874212066436,0.3954884921773175,0.2956738616799622,0.2875185285099653,0.3269546884528099,0.3411355376467915,0.3449216290816627,0.3539225654345859,0.3614154626871678,0.344733209379182,0.3665560556140508,0.2969582672778146,0.2923757632681403,0.3577331408335327,0.3530702683661673,0.3453617587452645,0.3329007221934741,0.3584156301486615,0.3598254127152259,0.2742958275164229,0.349886363391508,0.3167469111078765,0.3509115229984453,0.3032017603102762,0.3397073508317902,0.2968863406781133,0.3500177498554492,0.3419039027969699,0.3455426721978117,0.3261712536839222,0.3197543210838179,0.3471392897465117,0.3776520798314712,0.3044440068416783,0.2959972781583043,0.3546432927412893,0.3443628686128308,0.3349709332164169,0.3051718363687171,0.358908076186862,0.3552453088103078,0.3247190492276378,0.2584406397257203,0.2834313833394949,0.3437681844059566,0.3659971343330784,0.3891395045167179,0.2885218130750339,0.3676725728005902,0.3593042184431979,0.3222470567781511,0.2953161794374565,0.2526101544349833,0.366495905244833,0.3098982231938397,0.329916178180613,0.2905645760730537,0.3625325307143215,0.3602482292903713,0.3390655230987536,0.3546033048981893,0.3542559924299551,0.3010559132077534,0.3077820511607294,0.3464066750462297,0.3169567726437426,0.3531408849198548,0.3259272629791212,0.391117061570807,0.3087086193709579,0.2525107706433792,0.348993566046997,0.3402873785756487,0.3113668534742552,0.3262255303888273,0.2996444552820936,0.3150895784246059,0.2764018158549687,0.3824421198558324,0.3558159978153465
0.3448017316438159,0.3238248728316031,0.3450532957026285,0.3530482770806771,0.3177510170848828,0.3148982620705059,0.363270878270669,0.3455763612733006,0.276682054822283,0.403318352130971,0.3152941420539137,0.3608532585461325,0.2990445297425043,0.283527484034241,0.2999373736565031,0.3318153136155136,0.3032973758851101,0.2079821451242725,0.3527782617952296,0.3258656899770383,0.3953147841530404,0.2943953846540112,0.2930321914945929,0.331766062785458,0.3462310572393808,0.3474163027727387,0.3501332711509359,0.3463224876045345,0.3448787297234221,0.365490912353949,0.2970993566124716,0.2976655436261924,0.3610166623906512,0.3525426728754674,0.3452195722618128,0.3322348461585506,0.3577914982130974,0.3598322798243646,0.2758049972882817,0.3495446160590666,0.3220227392094907,0.3509028110607387,0.3074924196410171,0.3388542552873033,0.2993427836219445,0.3500377327581237,0.3427264002756389,0.3445116552519826,0.3252615744977328,0.3177883773403407,0.3511547266009865,0.3782420161112702,0.3027055459659296,0.2949322603752249,0.3546533580376002,0.3434882713652452,0.3339214799889686,0.3082438488436781,0.3583694679333721,0.3548039463472004,0.3240660812631054,0.2588974682358504,0.2793976528651925,0.3465953859819244,0.3677519051798419,0.3920942759124113,0.2840952792204719,0.3691246039837202,0.3589329847583331,0.320963918877169,0.2943055880828633,0.2512066388470045,0.3663368856980649,0.3086819424045914,0.334465785373484,0.2930308765224066,0.3640520359902603,0.3614412516934144,0.3447198989123363,0.3548690051858709,0.3536459052764264,0.2995334063910137,0.3146403849899387,0.3454004984534691,0.3184706155678201,0.3521078764890633,0.3262226937976799,0.3925106066534486,0.3071109498337281,0.2657628819563439,0.3485926309946614,0.3475196112736555,0.3126650894525539,0.325449438969787,0.2990853074831694,0.3169908568362038,0.2793339508931703,0.3840042912364846,0.3544211765942036
0.347768369405516,0.3231695175525945,0.3445909006491129,0.3527679878212886,0.3167029415094279,0.3138838873888793,0.3627926614227199,0.3491868592288236,0.2741811966285589,0.4047445442742681,0.3142254983299067,0.3621747028569673,0.2996071709268817,0.280423896254901,0.3057806473008754,0.3326736353310893,0.3022048736442459,0.1960798979883349,0.3526188087361957,0.3237596202024596,0.3951558093595186,0.2931900836157347,0.298731602020006,0.3361841064582631,0.3512934081600989,0.3496667673362915,0.3468319368625648,0.3301297113786074,0.3451627425666068,0.3644810458440289,0.2971322413925353,0.303327927312955,0.364129243049864,0.3519574939361518,0.3449915421895351,0.3314891492416548,0.357148379483287,0.3597427788743511,0.2781649353778542,0.3492299578413808,0.3271257177353426,0.3509747298499091,0.312049239273369,0.3379612768196981,0.3023721120083276,0.3501372030670297,0.3433906075527214,0.3434494350081265,0.3243950524555469,0.3156265628788493,0.3547609777984422,0.3784827283003069,0.3010621233156582,0.2943771398506129,0.3547285838990819,0.3426999190442326,0.3329063200482207,0.3116386037737261,0.3578809218288247,0.354188361239621,0.3233896495433487,0.2602550422860217,0.2753502421921638,0.3487150614602601,0.3693120453905288,0.3949114264638836,0.2796926863893809,0.3703691314357354,0.3585544743757078,0.3195856132280752,0.2933990349586499,0.2499888086554544,0.3662346201454799,0.3076216982419523,0.3386586517260646,0.2964238520386811,0.3654042920933967,0.3625006739887658,0.3498306310252374,0.3552012707009199,0.3530673519334761,0.298109418435671,0.321493447254554,0.3444519596753257,0.3201798069263113,0.3510578158100957,0.3267998825209708,0.3928304922974874,0.3053023298959815,0.2790184072626195,0.3483335629253963,0.3541552874128867,0.3138234894900146,0.3246783564111627,0.2985317263174211,0.3187048960791282,0.2832338798971659,0.3851903336241186,0.3532136322196438
0.350566390957514,0.3224828185704797,0.3441623756425377,0.3525151928022872,0.3154717995695346,0.3129193452654817,0.3623669598810539,0.352607939588537,0.2719505742349876,0.4053506530118175,0.3140821245898819,0.3636319008882859,0.3005821502185586,0.2776224296766625,0.3116562732151547,0.3333707673180526,0.3011263791616302,0.1854299463428385,0.3522951322531747,0.321076931768655,0.3949860539369338,0.2922214226151027,0.304460543723101,0.3401829387624251,0.3562736230970447,0.3517222341552316,0.343993856139066,0.3139658251780333,0.3455738359741839,0.3635336338354341,0.2970168934529005,0.3091816356718814,0.367013101232679,0.3513125375651442,0.3446824403006425,0.3306559018428649,0.3565249641793514,0.3595192699426964,0.2813318141858955,0.3489526470846408,0.3319266899359347,0.3511252842903319,0.3167232303934403,0.3370351003310011,0.3058778541916315,0.3503167108268238,0.3439177964198665,0.3423914763926261,0.3235820564693415,0.3133454498956017,0.3579428123983161,0.378390411547442,0.2995955950964509,0.2944380054027404,0.3548775725308067,0.3419889088851163,0.3318978912025187,0.3152049552653816,0.3574560277248844,0.3534186665988029,0.322708627508891,0.2624446553598034,0.2712044898914822,0.3501653663431672,0.370704909830046,0.3975555385961457,0.2753209227225807,0.3714074141196776,0.358173396534568,0.318141185919118,0.2926110987547697,0.2489736602963909,0.3661992890077251,0.3067450713942211,0.3424619036144463,0.3007358981003185,0.3666110896362043,0.3633909197579114,0.3543619037957911,0.35558474183215,0.352456675947254,0.2967516447455967,0.3281196945084525,0.343572575067453,0.3218975166936475,0.3500056190227044,0.3275751899749261,0.3921556673172416,0.3033118423560131,0.2920585187694859,0.3482387082075259,0.3598608345138214,0.3147694453381962,0.323885380192751,0.2979446283732621,0.3201046859611402,0.2880174400716295,0.3860071626415696,0.3521808243893026
0.3532428256580218,0.3217740515950414,0.3437678436059058,0.3522856676421148,0.313998289039015,0.3120232377996725,0.3619820522425322,0.3557740612372959,0.2700311753263708,0.4053360035435351,0.3149000735050597,0.365123216684957,0.3019338567992486,0.2752436579612863,0.3173642066612243,0.333892210676905,0.3000216961706931,0.1760148130452063,0.3518637428568951,0.3177673893289901,0.3947819630059137,0.2916428446257741,0.3100853849477984,0.3437626487562639,0.3611325355266376,0.353618809880015,0.3415910972492222,0.298786588887735,0.3460755447903149,0.3626476683691666,0.296715031493859,0.315045093009152,0.369605349351296,0.3506119389732218,0.344303068599946,0.3297401981212193,0.3559446298755385,0.3591240177971579,0.2852213081677758,0.3487232005844491,0.3363339717520653,0.3513497794713552,0.3213657202113976,0.3360735084370506,0.3097420747560433,0.3505699234189209,0.3443336067494771,0.3413745403893782,0.3228233768062761,0.3110451054486193,0.3606849043309507,0.3780026034934547,0.2983882395560355,0.2951920683387583,0.3551029306533802,0.3413388503570976,0.330864815448841,0.3187990796246093,0.3570995684898587,0.3525248460757945,0.3220341219391252,0.2653477350985805,0.266883723753116,0.3510219043083767,0.3719566661448773,0.4000071865504728,0.2709590193887142,0.3722470889972639,0.3577903775487158,0.3166639382429266,0.2919246954173784,0.2481674806738627,0.366240049106535,0.3060642884961364,0.3458628532252545,0.3058847487284631,0.3676724790398731,0.3640701583903757,0.3583265379235635,0.3559971215630326,0.3517433054384056,0.2954171788907041,0.334335002491301,0.3427598083411934,0.3234442888532199,0.3489610621573051,0.3284414971787305,0.3905878994215735,0.3011902491349136,0.3046832276155947,0.3483217455201657,0.364344268331535,0.3154165372303041,0.3230482374629461,0.29728314282378,0.3210853150743869,0.2935464077376925,0.3864538133267957,0.3513013244168165
0.3558249072647028,0.3210466071692277,0.3434046160446171,0.352068156967576,0.3122319937048557,0.3111999224961063,0.361639480952523,0.3586312751828179,0.2684323883742809,0.4049353911993096,0.3166649813628531,0.3665328299561504,0.3036555172440954,0.2734039951975804,0.322737098457002,0.334241821410089,0.2988420711291962,0.1678205213789274,0.3514447016479429,0.3138256229728742,0.3945257365270639,0.2915835278385704,0.3154958579040141,0.3469473531763767,0.3658357486085014,0.3553775154246075,0.3395971047413992,0.285471249564925,0.3466111428241467,0.3618244549028653,0.2961956891230441,0.3207482646840755,0.3718504681630062,0.3498646130824964,0.3438740072746661,0.328758187121662,0.3554164962249677,0.3585321503415122,0.2897157058088974,0.3485545297867978,0.3402969890328898,0.3516472292585482,0.3258470088092211,0.3350755208127212,0.3138311936532189,0.3508884146955514,0.3446602875128481,0.3404308900935228,0.3221107163594103,0.308842091529718,0.36297989560903,0.3773772059153368,0.2975204430529028,0.2966838511554922,0.3553930559635661,0.3407288369365701,0.3297787328012905,0.3222958020260423,0.3568140411277414,0.3515475193214011,0.3213722138860546,0.2688038969126947,0.2623341827223395,0.3513757740216996,0.373085654586307,0.4022606151211239,0.2665730121382324,0.3728998586342095,0.3573983597597971,0.31518905463455,0.2912923493140847,0.2475676899751841,0.3663647758739078,0.3055759243264946,0.3488695923384889,0.3117211510390881,0.3685755095852108,0.3644955007934878,0.3617742019390989,0.3564094186573965,0.3508627341067102,0.2940538890195893,0.3400056265971927,0.3419962284817814,0.3246679753091825,0.3479328781468345,0.3292839577889928,0.3882406455973473,0.2990029211204374,0.3167196228865983,0.3485852050799409,0.3673827572402753,0.3156727218499884,0.3221471208824354,0.2965047003686366,0.3215719850135909,0.2996401926179014,0.3865351087256718,0.3505528787460676
0.3583180392078322,0.3202991122982318,0.3430634414454779,0.3518464373762768,0.3101360628435783,0.3104408626827905,0.3613518285084715,0.3611411788709099,0.2671302557272992,0.4044004490523022,0.3193178825731469,0.3677414213101073,0.3057217178412799,0.2722105467124509,0.3276475813037751,0.3344372393837526,0.2975365812024904,0.1608384360084329,0.3511707138156208,0.3092976290167022,0.3942062004429796,0.2921380688572059,0.3206031230419384,0.3497817358898861,0.3703382629400341,0.3570032899242247,0.3379918913337323,0.2748338220460736,0.3471059249568446,0.3610778764748071,0.2954443151371466,0.3261525638857993,0.3737108674181755,0.3490775019035776,0.3434169813977195,0.3277368415834156,0.354941554348304,0.357744971484597,0.2946729779125893,0.3484625696332096,0.3437960254333965,0.3520123426113695,0.330068085719686,0.3340498312901089,0.3180046202570522,0.351264090312688,0.3449173126285235,0.3395824561465646,0.3214307119921555,0.3068612130552979,0.364832390793086,0.3765823593921893,0.2970796511280811,0.2989155366447081,0.3557246592675976,0.3401321388073587,0.3286191589286227,0.3255932388792507,0.3566100432688173,0.3505314412601731,0.3207278463136375,0.2726284421727546,0.2575312292989794,0.3513238022199651,0.3741009345766061,0.4043138355325268,0.2621339097354324,0.3733776390260283,0.3569766687947868,0.3137528987773383,0.2906473319913271,0.2471683878641115,0.3665752856866755,0.3052686597402528,0.3515105691821825,0.3180516047171178,0.3693039201940366,0.364632585491687,0.3647711689703667,0.3567920618552141,0.3497708657844019,0.2926130879297854,0.3450524296246766,0.3412568305789937,0.325464207627414,0.3469241197628412,0.3299902762585119,0.3852361004634606,0.2968214983055103,0.3280240397056642,0.3490233413519628,0.3687583532572048,0.3154626238536046,0.3211690023525537,0.2955718431974939,0.3215211928332919,0.3060944403501562,0.3862640874747033,0.349920190810872
0.3607105611021067,0.3195280670571316,0.3427322791126101,0.3516008387202371,0.3076918460119506,0.3097315686325878,0.3611324136616282,0.3632728762991458,0.2660660834585129,0.4039676885229877,0.3227686227286045,0.3686358058500666,0.3081094785730358,0.2717594495987096,0.332016488684135,0.3345033461593049,0.2960569662049114,0.1550509431818109,0.3511281492961525,0.3042890149563779,0.3938192492471595,0.2933599251150243,0.3253423798509824,0.3523173374544215,0.374574113717226,0.3584859812256918,0.3367618865370244,0.2673485830768883,0.3474689688900132,0.3604264887222843,0.2944656718633461,0.3311611419771081,0.3751714430468488,0.3482575978560325,0.3429451294890837,0.3267126751699346,0.3545151811117195,0.3567818238792445,0.299939067826871,0.3484594750696562,0.346832131420905,0.3524279688035589,0.333956936297714,0.3330063660012179,0.3221308027363632,0.3516858348327535,0.3451249271081512,0.3388387518868169,0.3207668045901362,0.3052297992115188,0.3662594312727752,0.3756863048687423,0.2971566438023062,0.3018391089066025,0.3560711124427676,0.3395163672089222,0.3273737654638511,0.3286203700687093,0.35650099828989,0.3495178714819956,0.3201013005529666,0.2766354328969223,0.2524819328081327,0.3509591093330159,0.3750089755100634,0.4061629151809467,0.2576158076705981,0.3736939917918163,0.3564954886626004,0.3123870322792895,0.2899210257451708,0.2469661062173801,0.3668617871773025,0.3051218287788818,0.3538219632481648,0.3246518219247512,0.3698393390931714,0.3644632648730193,0.3673844521227104,0.3571157595879352,0.3484482662844906,0.2910586916986418,0.3494454250721908,0.340515835779441,0.3257835414849285,0.3459263414743593,0.3304511804303717,0.3817013611447352,0.2947215322750932,0.3384755464163862,0.3496206069233628,0.3682224598813126,0.314749852889015,0.3201126540040571,0.2944584060055302,0.3209179068460746,0.3127003176587037,0.3856607676350144,0.3493914750331988
0.3629796562404865,0.3187296584928863,0.3424000430647099,0.351309714949733,0.3049060930494691,0.3090520843713097,0.3609973010437388,0.3649986289193664,0.2651551414624959,0.4038249995617959,0.3269023512363611,0.3691190853807856,0.310831200845977,0.2721285585263337,0.3358173256529712,0.3344705693058455,0.2943602233346752,0.1504226199628073,0.3513613555421168,0.2989639994995198,0.3933672259357611,0.2952572570216858,0.3296755758812896,0.3545997494744274,0.3784612125290419,0.3598030338546376,0.3358921049207481,0.2630027718483467,0.3476021689174522,0.3598815685987181,0.2932816743612957,0.335712261398051,0.3762407872900746,0.3474172368990933,0.342465018505485,0.3257262593852782,0.354124520159617,0.3556655156221222,0.3053613461610458,0.3485469736849836,0.3494264789697303,0.3528733875078604,0.3374647482172566,0.3319467071683837,0.3260994842283915,0.3521361606666147,0.3452999795856391,0.3381988713152713,0.3200964108188696,0.3040710056122429,0.3672928348802237,0.3747548899894108,0.2978285240732331,0.3053625140889363,0.3564028223570447,0.3388506333717243,0.3260401053686315,0.3313448541590161,0.3564909105668166,0.3485415388256008,0.3194843711439697,0.2806560744582661,0.2472320420084003,0.3503550344133333,0.3758193936225363,0.4078045309236621,0.2529893883329083,0.3738659105276688,0.3559261977807093,0.3111096826259867,0.2890599172901439,0.2469641598235849,0.3672036474901301,0.3050993200548145,0.3558358277327037,0.3312752214681568,0.3701619481375176,0.3639848095747969,0.3696749943360511,0.357347123385746,0.3468984315796693,0.2893680095363026,0.3531951559742937,0.3397492138993856,0.3256289545050512,0.3449264709791028,0.3305677354905418,0.3777589347131152,0.2927845649159943,0.3479742072448216,0.3503483945188524,0.3656051862107962,0.3135427916323063,0.3189865143808824,0.2931472269780251,0.3197731204701681,0.3192608388757804,0.3847584643922351,0.348953162117872
0.3650926586188632,0.3179022033086502,0.3420525010781529,0.350953024381177,0.3018184299386829,0.308372230745328,0.3609720949328972,0.3663017507302186,0.264301972518337,0.4040945490505605,0.3315799275407243,0.3691230560252202,0.3138960999498801,0.2733635940052516,0.3390710891787483,0.3343736516189029,0.2924136864030806,0.1469046821060496,0.3519096546166096,0.2935340787663416,0.3928559960607297,0.2977930240540065,0.3335851545634589,0.3566655828107751,0.3819091127570679,0.3609247042040922,0.335360161674485,0.2614900916227571,0.3474131413331456,0.3594501381119049,0.2919316956308035,0.3397729327505904,0.3769523397220286,0.3465670620349495,0.34198270162887,0.3248140845399018,0.3537466785057565,0.3544260800050884,0.3107995931033647,0.3487202264419211,0.3516194640438232,0.3533339981755853,0.3405710473824396,0.3308708165403518,0.3298231543858316,0.3525914051116149,0.3454476710942624,0.337652041961202,0.319390416126629,0.3034921738240181,0.3679814388951064,0.3738520941933174,0.2991495623618748,0.3093648976613725,0.3566836892261212,0.338114858294215,0.3246299155315915,0.333771573827305,0.3565768106090169,0.3476275261865573,0.318863494164969,0.2845474228532853,0.2418683796871532,0.3495535313833741,0.3765428386437346,0.4092371339255194,0.2482375390371907,0.3739078619039693,0.3552456387994057,0.3099234335598718,0.2880387085637326,0.2471766552436513,0.3675741534632805,0.3051566003897501,0.3575810228144171,0.3376776229958114,0.3702590612652186,0.363205986237274,0.3716930122678479,0.3574496839781722,0.3451489283508286,0.2875346327940942,0.3563443388023622,0.3389364766703722,0.3250551591569718,0.3439203188118354,0.3302707185629743,0.3735210502077413,0.2910941257758918,0.3564485874240605,0.3511690416794407,0.360985217639528,0.3118915814724305,0.3178053094877248,0.2916256437398024,0.3181201666764384,0.3256041484866939,0.3836117623562091,0.3485946242544818
0.3670107271915483,0.317050144518922,0.3416689591496433,0.3505158640649216,0.2985026687336289,0.3076523978188941,0.3610846347875653,0.3671822650253287,0.2634063613447686,0.4048253499807004,0.3366421615695541,0.3686153505539836,0.317263915460032,0.2754716031361587,0.3418321601020261,0.334246310459016,0.2902039066989245,0.1444359593175207,0.352796190926351,0.288245673600269,0.3922940442506904,0.3008904231401484,0.3370614253174922,0.3585409259123931,0.3848177037240871,0.361823458728275,0.3351373105436634,0.2624066275799827,0.3468223756495878,0.3591420375949936,0.2904754691771003,0.3433436245862121,0.3773612108090218,0.3457043787309784,0.3415020112698321,0.3240026056439153,0.3533516192255214,0.3531115371607157,0.3161344319513195,0.3489761248437503,0.3534593159865474,0.353795742016999,0.343284544088652,0.329787842803592,0.3332377180839814,0.3530233779775937,0.3455610239807786,0.3371751907888078,0.318619779642828,0.3035720586300026,0.3683875972741315,0.3730366695037871,0.3011522715016554,0.3137065031664662,0.3568763157502483,0.3373022227992424,0.3231678408533402,0.3359338985874242,0.3567597979908734,0.3467856791023858,0.3182238303099356,0.2881992744193996,0.2365054760877759,0.348566627037708,0.3771864367139919,0.4104556917178093,0.2433790597993156,0.3738235290764915,0.3544359439025488,0.3088194537989789,0.2868698383881449,0.2476315736156686,0.3679408701526157,0.3052557150508002,0.3590863511343264,0.3436503685161478,0.370132342544921,0.3621476649952313,0.3734708926009842,0.3573913920992189,0.343252565541544,0.2855761729457539,0.3589553587827246,0.3380633136606509,0.3241646045136644,0.3429128960780164,0.3295324653882898,0.3690949191549974,0.2897223166279831,0.3638582171535846,0.3520422504566212,0.3547426473022012,0.3098909634752994,0.3165922036347368,0.2898903060025053,0.3160079013427732,0.3315943118641011,0.3822932873847532,0.3483140887982172
0.3687011644881038,0.3161866924959416,0.3412299114036193,0.3499895973792957,0.2950620425506425,0.3068509413770569,0.3613520118814773,0.3676505229349733,0.2623599446183902,0.405981006375253,0.3419206513909956,0.3675980624927683,0.3208677929644937,0.2784265762851217,0.344171119071804,0.3341145078603652,0.2877451770195336,0.1429303407719377,0.3539779703397582,0.2833667810075564,0.391695751413529,0.3044405624532084,0.3400959695628187,0.3602367809300351,0.3870769416566055,0.3624834528759563,0.3351877954731875,0.2652292694782169,0.3457672351964422,0.3589630951278451,0.2889942389693941,0.3464592489360376,0.3775326180926533,0.3448171666220218,0.3410199557285299,0.3233069410250423,0.3529076006562589,0.3517799067977472,0.3212743942570761,0.3493117281773802,0.3549883037490507,0.3542371483985944,0.3456315566921974,0.3287123075985178,0.3363093370449213,0.3534014816110885,0.3456279709962758,0.3367337982970604,0.3177621303448109,0.3043538291120163,0.3685787591750666,0.372356561916228,0.3038438620898389,0.318234229129114,0.3569521901431474,0.336415417508478,0.3216834534549279,0.3378874566917051,0.3570420147331755,0.3460099442484626,0.3175485093332224,0.2915452184918594,0.2312659403582991,0.347385090792254,0.3777545178607492,0.4114482909591112,0.2384698441556752,0.3736077333570949,0.3534891172328401,0.3077800898535278,0.2856098526536567,0.2483712099036212,0.368263377964432,0.3053684250109109,0.3603751507734279,0.3490348770438135,0.3697943947590834,0.3608444681380592,0.3750183982731803,0.3571499918848823,0.3412819156809686,0.2835372277297846,0.3610928964653024,0.3371239414178982,0.3230905835143079,0.3419064658508896,0.3283591322203213,0.3645904465691667,0.2887189188144438,0.3701853878294704,0.3529249225772667,0.3474620705160183,0.3076832164081414,0.3153793291483919,0.2879590614215487,0.313494416021756,0.3371388127697847,0.3808817422044697,0.3481123880983178
0.3701475983053154,0.315332318989382,0.3407264769799742,0.3493738028879006,0.2916259090693099,0.3059295858210844,0.3617805176645585,0.367722174828552,0.2610516910008671,0.407432405430651,0.3472504498163389,0.3661064864479688,0.3246433098291459,0.2821730883025784,0.3461606778092271,0.3339911060540678,0.2850844168843177,0.1422672086996248,0.355337334538903,0.2791632169062766,0.3910821839012053,0.308311521564141,0.3426852582922813,0.3617509542750305,0.3885814465711925,0.3629029400299391,0.3354615615448623,0.2693225119931277,0.3442113979627099,0.3589040140421917,0.2875899842318032,0.3491747092359369,0.3775298608910242,0.343897544651104,0.3405288270081518,0.3227318192153798,0.352385653551348,0.3504799551910478,0.3261593577503797,0.3497147743730615,0.3562394600533642,0.354635732765735,0.3476448751228561,0.3276532118385212,0.3390368594444761,0.353695838618508,0.345635979947496,0.3362887645609517,0.3168011027829521,0.3058436120707054,0.3686195366432727,0.3718470149782513,0.3071984057025725,0.3227950332625436,0.3568945139207922,0.3354652675843901,0.3202059385338017,0.3397054130435415,0.3574129742192518,0.3452853617586653,0.3168190393650765,0.2945688347903065,0.2262701769849015,0.3459884077673013,0.3782523897195313,0.4122007486496307,0.2335909202833656,0.3732562629195697,0.3524149779924964,0.3067773583174746,0.2843599686866989,0.2494497201103926,0.3684979328820705,0.3054709062610993,0.3614609458128134,0.353720226133502,0.3692638437235558,0.3593400095685581,0.3763252038074361,0.3567145534912304,0.339320125072055,0.281485701502419,0.3628111790889188,0.3361229958678161,0.3219763482234891,0.3408985188172729,0.3267786525121418,0.3601197662615703,0.288112671630263,0.375432344180135,0.3537711224081331,0.3397996662355136,0.3054486193407567,0.3141998508132711,0.2858765252894794,0.3106442752754106,0.3421906499386767,0.3794536655701517,0.347982059419418
0.3713465153419815,0.3145109866748239,0.3401576196963696,0.3486807808717776,0.2883491531421152,0.3048556424919613,0.3623701920768427,0.367424615885258,0.259385726617166,0.4089729450127131,0.3524790591429825,0.3642107497577578,0.3285018244034437,0.2866209900672188,0.3478675804197135,0.3338725326820865,0.2823031067580308,0.1423015091905594,0.3567245828080773,0.2758667389172924,0.3904760599185007,0.3123622054787893,0.3448352799067077,0.3630779480583603,0.3892524516601284,0.3630915562439549,0.3358903442517872,0.2741285463189772,0.3421544406026303,0.3589426599455777,0.2863830226766726,0.3515488502261448,0.3774118455031504,0.3429409481863402,0.3400218585151865,0.3222710701078728,0.3517620879419684,0.349246100460599,0.330758318229373,0.3501620638734585,0.3572405675199618,0.354977294687278,0.3493622651303186,0.326613622117028,0.341441308274207,0.3538791522645865,0.3455721227243573,0.3358029596589553,0.3157231192628407,0.3080083395883957,0.3685666665754796,0.3715334900811322,0.3111556741981642,0.3272546670378377,0.3566950039392484,0.3344736672932812,0.318763215393629,0.3414660045411551,0.3578487413232489,0.3445935039980519,0.3160211054063971,0.2972956179185664,0.2216310999602706,0.3443569297725589,0.3786867271205236,0.4127030409778542,0.2288536976382492,0.3727684572803689,0.3512435889745181,0.3057739542164492,0.2832579008483514,0.2509281042594648,0.3686073471099904,0.305549465738251,0.3623535669833138,0.3576477974979428,0.3685683368386587,0.3576788805883509,0.3773683878850049,0.3560874348139768,0.3374541454003417,0.2795117046948658,0.3641525076633629,0.3350751089185459,0.320962353184442,0.3398934813151653,0.3248392395853351,0.3557914956010617,0.2879158731137038,0.3796319261829607,0.3545411842661654,0.3323870435641013,0.3033898015223866,0.3130800922744285,0.2837097319335505,0.307527799798635,0.3467435510982692,0.3780798012718358,0.3479070494367088
0.3722998106950237,0.3137482622459382,0.3395220424254538,0.347935988791043,0.2854054315694894,0.3036078575987966,0.3631072493273001,0.3668015908480185,0.2572938827361368,0.4103480943694023,0.3574687924375674,0.3620112098303354,0.3323166453869127,0.291645312656186,0.3493481058326957,0.3337406451652365,0.2795177686829831,0.1428821980143323,0.3579833404754901,0.273648999037449,0.3898990991836571,0.3164579209096142,0.346559766049571,0.3642140647564988,0.3890499329662987,0.3630711001862159,0.3363944115768906,0.2792936016426686,0.3396307295608965,0.3590517803801656,0.2855051550573191,0.3536407441891918,0.3772343500125436,0.3419341513514684,0.3394952313239876,0.3219055191486368,0.3510193331306054,0.3481046067194238,0.3350648465531882,0.3506283897062621,0.3580141418538878,0.3552518720268443,0.3508249180681839,0.3255972758501043,0.3435527294767914,0.3539260812325179,0.3454250239699034,0.3352433932232631,0.3145184944685635,0.3107725252721441,0.3684660870244785,0.3714349124399365,0.3156239731966578,0.3315069900999724,0.3563531956456954,0.3334732972480132,0.317377427725633,0.3432349458428367,0.3583243137730582,0.3439116221258519,0.3151474127741007,0.2997779496238308,0.2174412222809368,0.3424833000279308,0.3790638066608709,0.4129510753353949,0.2244158205750187,0.3721401841887238,0.3500207473277778,0.3047295732959487,0.2824637513374631,0.2528672558202307,0.3685647017148966,0.3056131273740231,0.3630657403024763,0.3608210726680936,0.3677468683852735,0.3559050111990728,0.378119851544045,0.3552847897333845,0.3357691535359506,0.2777300500388397,0.3651502503266844,0.3339992809350359,0.3201744382463272,0.3389054844798447,0.3226093741831883,0.35170823683843,0.2881201751168156,0.3828534090051306,0.3552104411476756,0.3257496797177789,0.3017226305773611,0.312040460332687,0.2815448317271944,0.3042230883589868,0.3508221649521592,0.3768174151495478,0.3478692636836508
0.3730181264868358,0.3130718100737529,0.3388204653883355,0.347170072915502,0.2829713457213023,0.3021848177298348,0.3639551049067113,0.3659051687323136,0.2547387833466735,0.411279577675522,0.3620960001180007,0.3596269973606602,0.3359699034126152,0.297100921453889,0.3506432626806101,0.3335701349389437,0.2768782170364783,0.1438589462646673,0.3589418567435529,0.2726040372088207,0.3893757245229355,0.3204769072025611,0.347876427863159,0.3651551714799751,0.387973750430391,0.3628783157723106,0.3368919026580697,0.2845737172750462,0.3367037371145076,0.3591956370842374,0.285089269167437,0.3555085217657644,0.377042899998396,0.340857980692284,0.3389481693268351,0.3216025994705759,0.3501452924798304,0.3470699373626774,0.3390936029830664,0.3510912368232635,0.3585745140715851,0.3554462747159246,0.3520690455012631,0.3246077497178634,0.3454058452325994,0.3538147269930899,0.3451891247639073,0.3345836234249129,0.3131840320654045,0.3140228163858037,0.3683515082546117,0.3715629382612043,0.3204808775689516,0.3354734523951633,0.3558766714756968,0.3325001712458553,0.3160578798615792,0.3450565584895469,0.3588163642896645,0.3432139444322442,0.3141916821919301,0.3020846722483994,0.213757757362916,0.3403776469664629,0.3793907496362859,0.4129471229140478,0.2204774140323221,0.3713625920064682,0.3488018003148772,0.3036058340144982,0.2821459346019833,0.2553213682915967,0.3683509465882267,0.3056914242140301,0.3636097613614177,0.3632958322695191,0.3668428609799539,0.3540668446710064,0.3785521278248006,0.3543325423316388,0.3343411168045539,0.2762757686355989,0.3658278466064291,0.3329114366555896,0.3197047068506876,0.3379445675992727,0.3201672122178766,0.3479675244786682,0.2886900687607644,0.3851896926659462,0.3557659652331483,0.3202337426649929,0.3006679792005123,0.3110975320377759,0.2794914132792552,0.3008233935269163,0.3544713593779979,0.3757004652018082,0.3478477404001726
0.3735278225234625,0.3125104481038184,0.3380635378914203,0.3464111674979551,0.2812119301546574,0.3006069879991008,0.364861250306397,0.3647888237479606,0.2517249266662895,0.4114864570261924,0.3662556210952012,0.3571889164727145,0.3393820182427782,0.3028392975484978,0.3517751245487668,0.333333374630321,0.2745605916253238,0.1450816807580865,0.3594266553416547,0.2727301790675094,0.3889326423834507,0.3243071995874428,0.3488082362527887,0.3658995886200876,0.3860650320725466,0.3625592682034971,0.3373038485965998,0.2897442969081913,0.333468584556184,0.3593236620544714,0.2852606972603775,0.3571992827190428,0.3768628485393563,0.3397051957609604,0.338384451983044,0.3213198860781435,0.3491324033741006,0.3461344496571832,0.3428743409219279,0.3515255994985377,0.358931137013616,0.3555482069572374,0.3531201586099941,0.3236416921414219,0.3470385192777417,0.3535331762367191,0.3448656408255225,0.3338091459768622,0.3117227522745171,0.3176246406839998,0.3682444533631799,0.3719185988425475,0.3255800496099617,0.3391050088162763,0.3552777303902406,0.3315854733753068,0.3148011434697182,0.3469560822784915,0.3592922249797603,0.3424797852701471,0.3131430322299441,0.3042922479899365,0.2106003409121418,0.3380704080217645,0.3796778897826671,0.4127031240970219,0.2172605677590477,0.3704331060739868,0.347645698158339,0.302365471951515,0.2824663715014563,0.2583327304513129,0.3679570774859242,0.3058196221061655,0.3639920561041624,0.3651524660451598,0.3658969563455918,0.3522198345888107,0.3786433798659438,0.3532629899586432,0.3332297407728488,0.2752897008993981,0.3661979035783329,0.3318220499186513,0.319598092981844,0.3370087100467494,0.3175870124295174,0.3446613659884639,0.2895677236962943,0.3867421812922879,0.3562006611408023,0.3159862302752211,0.3004336222791831,0.3102579046155515,0.2776859769600017,0.2974443129454392,0.3577458767488103,0.3747390808754933,0.3478116917908105
0.3738656619770158,0.3120893895762301,0.337268788282701,0.3456863538294583,0.2802735385839615,0.298912482262969,0.3657681973383951,0.3635138862843449,0.2483203739003026,0.4107154310486302,0.3698714086480144,0.3548366557420118,0.3424832497751178,0.308715135557298,0.3527495510589107,0.3329991840716604,0.2727529516945166,0.1464117593872861,0.3593112700554216,0.2739143215141176,0.3885885849134209,0.3278479548819947,0.3493884025891806,0.3664569760044066,0.383409611491271,0.3621570078551865,0.3375611884715064,0.2946787085445305,0.3300557907715894,0.3593788019054051,0.2861295957761707,0.3587401459014015,0.3767028192326653,0.3384859844714,0.3378123761504639,0.3210110621259894,0.347978620514376,0.3452714651744426,0.3464397115850008,0.3519020234025317,0.3590966496105664,0.3555534964933285,0.353996390114986,0.32268801277747,0.3484840967204456,0.3530848109677145,0.3444609136986006,0.33292031186064,0.310144363949107,0.3214401010793803,0.3681567507352831,0.3724921628645831,0.3307684548667415,0.3423847886476879,0.3545710387221327,0.3307537385427013,0.3135958586668281,0.3489399553037046,0.359706432754428,0.341699174321877,0.311990246441007,0.3064700818174808,0.2079589006165929,0.3356185476585832,0.3799369532412104,0.4122438530956027,0.2149998648491639,0.3693640633833461,0.3466087223314096,0.3009719920814189,0.2835593393224019,0.2619247427044611,0.3673898161013318,0.3060331766928946,0.3642151913032904,0.366479268728388,0.3649479199979135,0.3504214905589196,0.3783820504254959,0.3521153359154091,0.3324733077190311,0.2749044738255027,0.366269452192054,0.3307375048278556,0.3198566080673279,0.3360930814700706,0.3149342223966744,0.3418736468130943,0.2906851748234507,0.3876216741342992,0.3565172972171964,0.3129976337331169,0.3011948699698708,0.3095109451739402,0.2762851172062902,0.2942209500583838,0.3606985163746214,0.3739282380411404,0.3477203374847046
0.3740666400391467,0.3118246099843677,0.3364490913083514,0.3450244761822704,0.2802742412573125,0.2971563226662452,0.366611014263123,0.362155077483841,0.2446672469239756,0.4087714737546258,0.3729002245697454,0.3527089732932179,0.3452092354659896,0.3145897372211451,0.3535644587113832,0.3325362463051884,0.2716361471920581,0.1477417924414855,0.3585420101845245,0.2759347589691538,0.388346508291314,0.3310198239082632,0.3496624553040954,0.3668487575662648,0.3801339708501113,0.3617070655100667,0.3376173906548455,0.2994136540250265,0.3266202076505638,0.3593137658491715,0.287778506252736,0.3601419795738225,0.3765686039415331,0.337214510586131,0.3372423014500787,0.3206315031862568,0.3466902742681498,0.3444490798979934,0.3498132844574545,0.352194760189033,0.3590898469138376,0.3554636700279146,0.3547128322567554,0.3217333606690928,0.3497641017522557,0.3524857553699658,0.3439874452262831,0.3319294378399148,0.3084692682548752,0.3253344920665211,0.3680972194475104,0.3732677236321375,0.3358997905539842,0.3453189218848631,0.3537750311986489,0.3300247436237377,0.3124209862983741,0.3509879971683278,0.3600134893679687,0.3408697677156058,0.3107297349964238,0.3086665276377984,0.2057991871289242,0.3331070084788416,0.3801776302519449,0.4116070431203108,0.2139428357689355,0.3681776753313356,0.3457397343075526,0.2993957868477537,0.2855084898884824,0.2660920165490636,0.3666690355644551,0.3063702549755203,0.3642817415174758,0.367372466060111,0.3640333412117139,0.3487251997615435,0.3777711032749453,0.3509327637798041,0.3320824500084935,0.2752369630249952,0.3660594658761311,0.3296584765475518,0.3204480611293703,0.335196428635085,0.3122651995877937,0.3396766153973202,0.2919703825168395,0.3879523190483263,0.3567332820913137,0.3111552486161021,0.303087219894352,0.3088315912348659,0.2754513169654393,0.2912979093981762,0.3633689259972149,0.3732523454225309,0.3475313151557144
0.3741621269482196,0.3117206522796858,0.3356087805606264,0.3444475113708877,0.2812845451494417,0.2954145157317299,0.3673142480074707,0.3607895627628352,0.2409739650313301,0.4055313956472311,0.3753255395680363,0.3509303278861584,0.3475484819764978,0.3203402228588907,0.3542157513514426,0.3319271993941215,0.2713665026843401,0.1490020721950423,0.3571204828596983,0.2784858840782735,0.3881967624864661,0.333767745055538,0.3496844783878122,0.3670989010613784,0.3763896838062069,0.3612426578193418,0.3374571783003786,0.3040435107175698,0.3233214425101447,0.3590951747291792,0.2902477784345624,0.3614064981837258,0.3764680821234639,0.3359013927271582,0.3366867094826947,0.3201423482297982,0.345282947379481,0.3436350132165327,0.3530070115990517,0.3523873171360643,0.3589326184449774,0.3552814515848473,0.3552818299842143,0.320764880855585,0.3508907064775189,0.3517589290061939,0.3434654962604571,0.3308571981119918,0.3067308584800983,0.3291770365464863,0.3680805501514088,0.3742252139771648,0.3408368872559431,0.3479204892687038,0.3529096922004811,0.3294112581724878,0.3112414130746431,0.3530490422665102,0.3601795752887364,0.3399934485885285,0.3093667451222673,0.3109063802711641,0.204067740030693,0.3306352597324339,0.3804092818574013,0.4108432838548723,0.2143338512285227,0.3668971903484521,0.345076751131194,0.2976217584135699,0.2883369308036692,0.270794374001963,0.3658186740374103,0.3068612010434136,0.3641927420505289,0.3679284560161445,0.3631836190527372,0.3471797341216318,0.3768305081362209,0.3497529068761792,0.332033380702981,0.2763808106273784,0.3655975355546961,0.328577101598595,0.3213058191983239,0.3343118627672468,0.3096242140266997,0.3381253131194227,0.2933499618801198,0.3878568935124831,0.3568729757387458,0.3102737726170843,0.3062030195145988,0.3081886689235156,0.2753386876234948,0.2888245148898951,0.3657795884830421,0.3726818298114085,0.3472080349114073
0.374185623108729,0.3117717379463122,0.3347465499082405,0.343956709930271,0.2833114902604773,0.2937831340910941,0.3678056855130369,0.3594821572459135,0.2375086029012209,0.4009462485241082,0.3771523736683091,0.3496084334654419,0.3495490614819771,0.325868705045301,0.3546979073943745,0.3311786442389897,0.2720625557729921,0.1501506456605804,0.3550924397063113,0.2812106631756627,0.3881187546657361,0.3360463938222541,0.3495104739334754,0.3672305579112353,0.3723341299858757,0.3607941463656834,0.3370961617906769,0.3085867556062882,0.3203153208297522,0.358696828650031,0.2935287454258539,0.3625253611855328,0.3764044293639973,0.3345622803856442,0.3361622573212212,0.3195132611329627,0.3437775999044446,0.3427926671032967,0.3560249322207547,0.3524667647273832,0.3586487687267861,0.3550133500017101,0.3557148688051021,0.319768101389662,0.3518731466529057,0.3509331816441288,0.3429192369442561,0.3297318018669363,0.3049739589748977,0.3328514014165857,0.3681316664936142,0.3753341377191844,0.3454574196313775,0.3502044729948179,0.3519891445695958,0.3289116163873136,0.3100144868143644,0.3550499140195465,0.3601810006717238,0.339079125254649,0.3079125959002164,0.3131958115400475,0.2027060082028633,0.3282987748036799,0.3806460848402194,0.410016876820561,0.2163801537145812,0.3655462684296757,0.3446402615676683,0.2956512837014521,0.2920141001036604,0.2759606588123674,0.3648649584552005,0.3075082548196733,0.3639457646021716,0.3682217031045403,0.3624189172555305,0.3458319915625436,0.3755958597001403,0.3486022598684323,0.3322661200419154,0.2783937863126607,0.3649220067757741,0.3274796824440141,0.3223328196770418,0.3334204977171279,0.3070426847708525,0.3372509143085613,0.2947605643466772,0.387432739317773,0.3569568005559966,0.3101253976635219,0.3105783427132723,0.3075471065346077,0.2760794021337542,0.2869539955930816,0.3679395366670621,0.3721741799071484,0.3467222428622455
0.3741695373236059,0.3119631189791589,0.3338515040981969,0.3435322183951811,0.2863014536780333,0.2923692092030525,0.3680318809031056,0.3582855598257298,0.2345978178473707,0.3950501222524455,0.3784119500191146,0.3488376674109684,0.3512608905998868,0.3311034905687297,0.3550056572227467,0.3303140216718474,0.2737914961634244,0.1511697979217597,0.3525628863046708,0.2837332137040081,0.3880706705301903,0.3378066228531906,0.3491939286349178,0.3672704109128744,0.3681162825368291,0.3603787288631891,0.3365802267485309,0.3129768790718947,0.3177537728100848,0.3580995989094195,0.2975654619397904,0.3634794599464083,0.3763752883900184,0.3332214072873166,0.3356866451619284,0.3187239127116243,0.3421955047574643,0.3418850862885026,0.3588619756442209,0.3524191584627762,0.3582663130962395,0.3546706410735838,0.3560263119885451,0.3187249945206964,0.3527179283320278,0.3500460600840672,0.3423705899303964,0.3285864369837053,0.3032561868130618,0.3362737797129733,0.3682830958879947,0.3765454620203448,0.3496689234728289,0.3521916959916273,0.3510206054662469,0.3285055115046917,0.3087030799867788,0.3569105265526497,0.3599997368545688,0.3381436173911805,0.3063874364324443,0.3155237139658856,0.2016684508707465,0.3261823529855732,0.3809082180977473,0.4092039557732663,0.2202257171366551,0.3641513302656354,0.3444238561870468,0.2935023037968425,0.2964645577169035,0.2814968763878174,0.3638411958854824,0.3082818502428631,0.3635388350195051,0.3682930407975974,0.361754892166273,0.3447250482432036,0.3741144470028797,0.347499482923621,0.3326877371168443,0.2812858042234689,0.3640757239227316,0.3263516580629897,0.3234232213111357,0.3325012905780987,0.3045460948905978,0.3370579191192556,0.2961631757851147,0.3867454526010261,0.3570018348721978,0.3104926461064735,0.3161790182689964,0.3068648753400885,0.2777695656570176,0.285831833714951,0.3698475454366938,0.3716870308288241,0.3460559379836737
0.3741345724548972,0.3122724786393242,0.3328958540004028,0.3431470328444503,0.2901539278058853,0.2912812658902605,0.367955357171394,0.3572476110109003,0.2326073248517082,0.3879708987866778,0.3791637329005894,0.3486901749509981,0.3527135568709101,0.3359954022999518,0.3551406281102596,0.3293623521425354,0.2765548878756804,0.1520794327453288,0.349693161935427,0.285696701566145,0.3879805411551182,0.3390017832045087,0.3487858591688149,0.3672453249055363,0.3638681606844543,0.3599976204352732,0.3359880225008778,0.3171016725244343,0.3157734890713782,0.3573001367133575,0.3022570968832715,0.3642481686317659,0.3763829583073063,0.3318988505539763,0.3352715020217875,0.3177644409815497,0.3405576854057001,0.3408867162222357,0.3614978469195392,0.3522370361064881,0.3578172655365276,0.3542631002609142,0.3562312312211786,0.317615276117165,0.3534267549610355,0.3491419106287837,0.3418384709733392,0.3274519024003678,0.3016534596113548,0.3393984618005141,0.3685719569473994,0.3777908998195224,0.353415797893034,0.3539033420480727,0.350012861908509,0.3281597750984902,0.3072784715095792,0.3585530527823983,0.3596274915714141,0.3372039813779163,0.3048280729639539,0.3178605900433166,0.2009310402278993,0.3243611063492957,0.3812190091042097,0.4084876826110631,0.2259407717292235,0.3627383197336937,0.344391362010832,0.2912156873908929,0.3015690177449459,0.2872906352581667,0.3627845246253292,0.3091349318804132,0.3629768995709566,0.3681605027997188,0.3612059414830728,0.3438892597989634,0.3724432974870664,0.3464558858163174,0.3331743052032319,0.2850151373180672,0.3631055210497868,0.3251773336324154,0.3244854841959766,0.3315398116166334,0.3021615631741843,0.3375259660378829,0.2975444697304353,0.3858410511559637,0.3570263109844008,0.3112277996954402,0.3229025907656591,0.3060945107550623,0.2804575091514349,0.2855727403044765,0.3714917265837714,0.3711927109429716,0.3452039887960632
0.374089022175102,0.3126734119804136,0.331839213289226,0.3427747384988551,0.2947277657558289,0.2906223902271451,0.3675478149316367,0.3564070156055705,0.2318967443360025,0.379923949257419,0.3794828600183674,0.3491991916808562,0.3539538752406285,0.3405143554871885,0.3551163147154699,0.3283600715925096,0.280282643699184,0.1529477136215139,0.3466619460814512,0.2868054632628368,0.3877533046200982,0.3396018670166564,0.3483358247412395,0.3671705148542664,0.3596970670921373,0.3596486053034644,0.3354245746281939,0.3208015332191726,0.3144740801518793,0.356314227878137,0.3074610324536868,0.3648189943121299,0.3764394546337579,0.330600454484138,0.3349216928777775,0.316635937578047,0.3388876002897959,0.3397879455554574,0.3638975771282342,0.3519276601263913,0.3573337084320114,0.353797629752217,0.3563397548763294,0.3164207168240083,0.3540014662727906,0.3482636549700919,0.3413407252263585,0.3263495299147487,0.3002591104876172,0.3422054474637373,0.3690412865947508,0.3789864097876227,0.3566703010638029,0.3553475989965591,0.3489794974721519,0.3278386415079951,0.3057147206677054,0.3599051077820006,0.3590730844880033,0.3362700831612459,0.3032919850071133,0.3201633293423577,0.2004913169614784,0.3228933591801546,0.3816037166200371,0.4079547275844366,0.2335104301273314,0.3613287380551747,0.3444843912641074,0.2888646704741582,0.307168920483022,0.2932152516861879,0.3617247689737335,0.3100082739977381,0.362276340798932,0.3678327295969282,0.3607798743707265,0.3433334656367478,0.3706489489229434,0.3454676976468118,0.3335718365164523,0.28949197036619,0.3620615261431387,0.3239395155675428,0.3254481036815152,0.33052233381556,0.2999187673521925,0.3386098526944092,0.2989094884409173,0.3847515081160845,0.3570434699248811,0.3122878267903242,0.3305899525985096,0.3051912406826873,0.2841360462619775,0.2862447503133044,0.3728539069329252,0.3706814078439194,0.3441756435445033
0.374039203814836,0.3131394162140577,0.3306393832339871,0.34238157919619,0.2998413699372948,0.2904800718038866,0.3668001720223663,0.355782584994765,0.2327771093070356,0.3711884108934986,0.3794439718113753,0.3503553148292514,0.3550458958088836,0.3446456104118114,0.3549545867097662,0.327356007189897,0.2848405333747338,0.1538822432487748,0.3436336183435489,0.286860034472034,0.3872841365322759,0.3395934322997181,0.3478885134262633,0.3670472405307395,0.3556770480548902,0.3593360422865891,0.3350015734118811,0.3238881300946455,0.3139067459780149,0.3551699828487425,0.3130041241865118,0.3651865029056634,0.3765594908953601,0.3293242071590461,0.3346416860986134,0.3153512818714394,0.3372102934198362,0.3385914568836083,0.3660218125739946,0.3515082666539861,0.3568446554853903,0.353286009759142,0.3563594945100755,0.3151300256188202,0.3544524378800559,0.3474445544094946,0.3408902877234036,0.3252893305602036,0.299172523972038,0.3446897608228659,0.3697395708869323,0.3800313011511016,0.3594245614142419,0.3565191164129217,0.3479299518255338,0.3275069717285765,0.303990675773461,0.3609052472417153,0.3583632614168505,0.33534634508746,0.3018543116216727,0.3223844060509104,0.2003710892932344,0.3218086152539839,0.3820895771463597,0.4076906099336066,0.2428178905880347,0.3599407477248827,0.3446309300946125,0.2865560937788156,0.3130860753993327,0.2991406637447515,0.360681127725467,0.3108210646098435,0.3614674354544053,0.3673093173781941,0.3604760963369458,0.3430440176299228,0.3688026883560992,0.344514300669494,0.3337042558868804,0.294584482748448,0.3609929941383232,0.3226279039279664,0.3262599134629128,0.329431718508763,0.2978487456367789,0.3402347722864383,0.3002829592885804,0.3834860723058541,0.3570513386595968,0.3137329634504189,0.3390302841517785,0.3041203905609196,0.2887362043926755,0.2878678686612501,0.3739222614415826,0.3701554078456375,0.3429952918542908
0.3739946672103655,0.3136444202689552,0.3292519774823613,0.3419208921075906,0.305284817464038,0.2909138067473907,0.3657350948438469,0.3553739809283553,0.2354877754002599,0.3620835266652366,0.3791176057217511,0.3521136310938033,0.3560169938959487,0.3483854114027904,0.3546778545319874,0.3264005328260532,0.2900431185327788,0.1550155739767498,0.3407570795671458,0.285780403738185,0.3864633677804484,0.338970760189544,0.3474774158259933,0.3668731560887545,0.3518456137779098,0.3590647317702899,0.3348199092278834,0.3262171629816417,0.3140780310175494,0.3539001320459356,0.3187004168959813,0.3653490627686352,0.3767545815194092,0.3280692346554436,0.3344370137185693,0.3139348003553764,0.3355471794170505,0.3373115838188441,0.3678360669224746,0.3509966231420906,0.3563741648632281,0.352745666985541,0.3563039634539199,0.313739480276461,0.354800319473706,0.3467047676075153,0.3404886184613199,0.324271116746179,0.2984887012044349,0.3468644018641557,0.3707123767728142,0.3808064771039202,0.3616925037619327,0.3574124901643885,0.3468638883440843,0.3271261240644166,0.3020994207142747,0.3615139759917752,0.357537188638406,0.3344359804970236,0.3006033484264802,0.3244774269284455,0.2006204888469374,0.3211066166105355,0.3827027231618244,0.4077657345601629,0.25363821344012,0.3585887367478063,0.3447469152193936,0.2844219461775863,0.3191480744304167,0.3049466455363546,0.3596685432031574,0.311472962739232,0.3605929035224369,0.3665798290626715,0.3602934207312008,0.3429895331178569,0.3669707295787278,0.3435697627374239,0.3333896911037535,0.3001272267945619,0.3599425129045154,0.3212480209250831,0.3269021292145795,0.3282586060159235,0.2959859030882759,0.3422939060735092,0.3017151557815993,0.3820308469526575,0.3570335146922412,0.3157021192863446,0.3479646045761229,0.3028590492021095,0.294125236190431,0.2904133249399694,0.3747004849672982,0.3696252392503482,0.3417018419781392
0.3739641551262778,0.3141612567164081,0.3276243096378707,0.3413469037568729,0.3108464574973324,0.2919498015320863,0.3643995523450038,0.3551714406617661,0.2401729484873972,0.3529520429299039,0.3785734328680034,0.3543923556845201,0.356849836760901,0.3517368945360852,0.3543056667736599,0.325527208969862,0.2956650149299206,0.1565054149864659,0.338162819135101,0.2836201252641133,0.3851805209511581,0.3377392085422577,0.3471235191969088,0.3666471626094301,0.3482125866381413,0.358832106432562,0.3349649069101323,0.3277311893336445,0.3149520953858586,0.3525385989405372,0.3243661044211961,0.3653144460271854,0.3770347296657118,0.3268347725780305,0.3343077717657374,0.3124193286003822,0.3339136008697497,0.3359755649855735,0.3693130697755714,0.3504113881288571,0.3559381982052028,0.3521884566740522,0.3561921723723584,0.3122491536566479,0.3550717214428724,0.3460522783832391,0.3401274534135183,0.3232851001699414,0.2982956893869805,0.3487611770546323,0.3719923058533651,0.381182432722193,0.3635070062702392,0.3580284542273901,0.3457800644654965,0.3266553100703344,0.3000512695042238,0.3617246428671185,0.3566405583150618,0.3335386184305164,0.2996390174701549,0.3263985926530873,0.2013127539198801,0.3207664083432841,0.3834639472076234,0.40821440022482,0.2656512698253336,0.3572771514889376,0.3447369286998458,0.2826112013679863,0.3252042933683783,0.3105292043923992,0.3586990281010146,0.3118672307113784,0.3597011076086442,0.365633881344497,0.3602339202123904,0.3431221588925125,0.3652086011107209,0.3426115587870616,0.3324566666294124,0.3059348436801452,0.3589418338658289,0.3198167760996412,0.3273991774771277,0.327010742654915,0.2943689443451699,0.3446556710792178,0.3032723040705645,0.380370832278861,0.3569672837899306,0.3183855234584559,0.3571035393873605,0.3013944620608466,0.3001173524779844,0.2937970076230372,0.3752050525116243,0.3691106558144692,0.3403434080050522
0.3739555267074463,0.3146641372991191,0.325704139670778,0.3406350034515012,0.3163352016717075,0.2935826921451929,0.3628500049100394,0.3551573695438523,0.2468467925837081,0.344142264475813,0.3778746631090781,0.3570661999949188,0.3575331876641493,0.3547037749977135,0.353857205788848,0.3247492968807136,0.3014580624184272,0.158542380829227,0.3359417899982083,0.2805661442167146,0.3833403898187026,0.3359292105799955,0.3468404417485085,0.3663633080215994,0.3447775952784231,0.3586353275209919,0.3355019841715809,0.3284455188542046,0.3164466999488581,0.3511175883980204,0.3298314782394423,0.3651058893585963,0.377407089238553,0.3256191313483865,0.3342464161457594,0.3108414844210629,0.3323218900769258,0.3346172362822098,0.3704356487578106,0.3497769750804825,0.3555432291986619,0.3516166375996262,0.3560385441648507,0.3106637189524563,0.3552965781445813,0.3454854132493629,0.3397980008239258,0.3223128296842649,0.2986697237200482,0.3504158757942316,0.3735961016536123,0.3810352891271026,0.3649060600247567,0.3583677915060906,0.3446860208280494,0.3260639187512531,0.2978709296932587,0.3615658881316591,0.3557218805429712,0.332646246593324,0.2990707325688774,0.3281092066937757,0.2025307456537441,0.3207511902306948,0.3843873621687521,0.4090202749263269,0.2784657612429903,0.3559990406136269,0.3445025303093996,0.2812857079200505,0.3311334792898989,0.3158027153303021,0.3577753599153313,0.3119296609653582,0.358840555880135,0.3644732181885933,0.3602953142719319,0.3433735381141903,0.3635639241281805,0.3416158750006126,0.3307561613780567,0.3118201319545384,0.3580114465101604,0.3183518616834535,0.3278085471919588,0.3257043418510996,0.2930367745495633,0.3471770048878548,0.305014982063615,0.3785150756592718,0.3568258501577708,0.3219929422564251,0.3661530379626089,0.2997248213464447,0.3064954212204857,0.2978814789394191,0.3754611286422634,0.3686402679019117,0.3389691207390737
0.3739835102580641,0.3151351184565749,0.3234580431018832,0.3397842406952046,0.3215878477687134,0.2957736701893947,0.3611528416899081,0.3553003577542944,0.2553740670404393,0.3359837444476768,0.377065885646165,0.3599745925715095,0.3580727636397035,0.3572828308344945,0.3533541060243205,0.3240685797882855,0.3071807158953049,0.1613425062429579,0.3341355358468627,0.2769165784538712,0.3808824711409118,0.3336012188707729,0.3466366283426212,0.3660100141100649,0.3415442038802663,0.3584825586163914,0.3364614733131474,0.3284497192596683,0.3184369450915882,0.3496639239118417,0.3349553074655756,0.3647567327305105,0.3778683356977206,0.3244274520605568,0.3342453663914079,0.3092367965069864,0.3307832065455987,0.3332672381411794,0.3712041935920286,0.3491197246932399,0.3551904875962415,0.3510333247170374,0.3558487532326228,0.3090020390421237,0.3555072449860665,0.3449934661689569,0.3394949939333646,0.3213297892819338,0.2996605296668159,0.3518532669180745,0.3755255454363009,0.3802594175044007,0.3659235316939057,0.3584314576585753,0.3435934343224114,0.3253414470617883,0.2955998947796125,0.3610929524735724,0.3548300134396207,0.3317460092212312,0.2990073216561388,0.3295791997398049,0.2043564628996007,0.3210094007220962,0.385478159372063,0.4101121952453453,0.2916471773267997,0.3547454690002733,0.3439539176611372,0.2806113221932485,0.3368514092832689,0.3207049558799002,0.3568904533738736,0.3116072182884311,0.3580609515374756,0.3631136080916031,0.3604658066213041,0.3436558591616977,0.3620783175861228,0.3405553698995569,0.328173650414166,0.3176101802569363,0.3571642359785573,0.3168724731574389,0.328200194041487,0.3243525233526491,0.2920235837690651,0.3497134846123859,0.3069896282592195,0.3765002354191063,0.3565763463293915,0.326693279182922,0.3748300839394479,0.2978653310960347,0.3130293271144808,0.3024942759395166,0.375508054882707,0.3682448015976087,0.3376251291917385
0.3740731184077004,0.3155663362795166,0.3208742363265937,0.3388041540388486,0.3264732248325146,0.2984453206450407,0.3593892392160751,0.3555585105811721,0.2654871003931673,0.3287607546481134,0.3761690123173996,0.3629421842390242,0.3584523281610208,0.3594644018941124,0.3528191983668274,0.3234759764955919,0.3126259338022745,0.1651219984747598,0.332750043172645,0.2730442194882419,0.3777888898927602,0.330838829016815,0.3465099307522581,0.3655801603663953,0.338525953990043,0.3583895293303675,0.3378241500951062,0.3279262106870131,0.3207713528662859,0.3481977639589278,0.3396367391069656,0.3643010962471074,0.3784023698314158,0.3232768472177341,0.3343027709496936,0.3076347876998681,0.3293044203332155,0.3319507513295663,0.3716401731947047,0.3484598633587278,0.3548805758943371,0.3504471171494142,0.3556263885537004,0.3073037912189323,0.3557342803216393,0.3445542662405217,0.3392120845542405,0.320308443340742,0.3012777054821241,0.3530899127624095,0.3777641949805032,0.3787751680664822,0.3665907788162972,0.3582322712117615,0.3425077701355379,0.3244928490143473,0.29330056736904,0.360375452740133,0.3540111686963408,0.3308264302480844,0.2995384650998925,0.3307884027032023,0.2068654394678034,0.3214826992874202,0.3867255073562619,0.4113591692725366,0.3047497899612552,0.35351283397627,0.3430159029523726,0.2807387755958144,0.3423167606342378,0.3252004517841829,0.3560347766192261,0.3108644901110291,0.3574119944837376,0.361580753898365,0.3607303338725152,0.3438748974699023,0.3607818639016961,0.3394117424572745,0.3246414571946488,0.3231561263989523,0.3564097375238576,0.3154067687077673,0.3286467389709803,0.3229687811071482,0.291355744560532,0.3521241598360452,0.3092359730094451,0.3743783869834912,0.3561835236370026,0.3325315607365992,0.3828716123811443,0.2958556592422944,0.3194859935787552,0.3074480409960484,0.3754042478037337,0.3679457370598587,0.3363544797019657
0.3742537470195867,0.3159542864986254,0.3179511170628927,0.3377105233397622,0.3309040392582011,0.3014871301586917,0.3576432521765162,0.3558942201515859,0.2768183271538146,0.3226886451054734,0.3751892559357231,0.3657926172305562,0.3586383546485492,0.3612426229609983,0.3522717470623454,0.3229441172830006,0.3176311144628525,0.1700734602631443,0.3317656348124475,0.269360670071526,0.3740863970513934,0.3277446605448749,0.3464448387157156,0.3650762632770059,0.3357519800840101,0.3583668142026857,0.3395219780102479,0.3271144309040868,0.3232880751448533,0.3467331545360193,0.3438160285970314,0.3637735032337485,0.3789852482578046,0.322188981873977,0.3344180748637026,0.306053787933569,0.3278866486715704,0.330689140041415,0.3717808594766309,0.3478117805711576,0.3546115713422577,0.3498615788182563,0.3553781623215871,0.3056236117575919,0.356000847346622,0.3441340969348695,0.3389385952518072,0.3192212019926369,0.3034898419321025,0.3541427302537476,0.3802733465357214,0.3765398048321336,0.3669353157158557,0.3578004927819329,0.3414281903761415,0.3235290497893947,0.2910524250128752,0.359491915424907,0.3533042616172623,0.3298796896524493,0.3007183284475592,0.3317261209182774,0.2101175304876117,0.3221159597092047,0.3880975021628564,0.4125616361252436,0.3173511372482071,0.3522973462778309,0.3416297219518451,0.2817824157684435,0.3475293925998691,0.3292746259591983,0.3551995443797732,0.3096939493874048,0.3569313196113233,0.3599093016937006,0.3610748689522853,0.3439454480566059,0.3596888738903563,0.3381861487949771,0.3201458421462224,0.3283393833618852,0.3557541846677339,0.3139869129940368,0.3292198145334024,0.3215747190875019,0.2910464504483746,0.3542770625536953,0.3117861628670779,0.3722130883542469,0.3556169924817253,0.3393834223948653,0.3900525915810149,0.2937612004261778,0.3256435742570933,0.3125514434699684,0.3752171283220737,0.3677454585049883,0.3351924096422745
0.3745539248418678,0.3162940638274584,0.3146980124322198,0.3365370153783578,0.3348464833725745,0.3047739909508298,0.355984248445751,0.3562834061355757,0.2889251006583913,0.3178977361024483,0.3741209719112054,0.3683580442476727,0.3586294766805388,0.3626213433046074,0.3517236060497331,0.3224307579419734,0.3220779725190804,0.1763537073162968,0.3311327974221852,0.2662800770989733,0.3698536687326397,0.3244405695730269,0.3464215471200523,0.364504468109817,0.3332760994178023,0.3584166336564171,0.3414478385591497,0.3262435053468019,0.3258258482794997,0.3452769263023427,0.347469264057541,0.3632124713850404,0.3795846509022662,0.321179768489584,0.3345862819142821,0.3044974892898699,0.3265298442463422,0.3294949893607781,0.3716741568707324,0.3471883042193607,0.3543761618422181,0.3492699568091713,0.3551118626688557,0.3040245439089625,0.3563212956446559,0.3436961845310276,0.3386628977856942,0.318043949546046,0.3062303283848501,0.3550232652046409,0.3829958228953466,0.3735610967982727,0.3669729031551783,0.3571758120405459,0.340355035964514,0.3224684789971785,0.2889472639921244,0.3585286360526494,0.3527361166979161,0.3289019330544779,0.3025622206566574,0.3323907491629267,0.2141426481268286,0.3228565820085014,0.3895446173427915,0.4134547752288008,0.3290851702630283,0.3510879242757898,0.3397574310071896,0.2838065726688998,0.3525238009191737,0.332925877239392,0.3543731873550831,0.3081256684963647,0.3566323286964851,0.3581438104154149,0.3614788867339905,0.3437961952630414,0.3588032273139042,0.3368909738188188,0.3147282946149017,0.3330789888331598,0.3551979227552894,0.3126340518274854,0.3299775059150231,0.3201950130736065,0.2910882296311621,0.3560592256744745,0.3146500529995762,0.3700867451822729,0.3548536890453974,0.3469828560917009,0.3962089103890583,0.2916675486084852,0.3313153643911224,0.3176200079026631,0.3750064247537353,0.3676241144788479,0.3341570705820764
0.375002017828008,0.3165815380301849,0.3111503987199261,0.3353407588397886,0.3383132162106608,0.3081812733888172,0.3544654115748429,0.3567115248205436,0.3013201182239711,0.314428681698318,0.3729507501923857,0.3704998701082555,0.3584585734692947,0.3636087671544733,0.351181369167431,0.3218940354315738,0.3259007318589365,0.1840727921733193,0.3307784493698793,0.264173083790683,0.3652248569399144,0.3210596484045332,0.346427889797114,0.3638720291206179,0.3311796183160901,0.3585391741095163,0.3434619473267311,0.3255146478359684,0.3282369149614733,0.3438265698471204,0.3506068918923219,0.3626563027136125,0.3801535921861352,0.3202562716847588,0.3348002785754164,0.3029555682257885,0.3252362703788806,0.3283649021209467,0.3713794336957556,0.346596720127863,0.354167560929457,0.3486661898799582,0.3548352095430598,0.3025843551808024,0.3567021728113775,0.3432126992707182,0.3383756123860946,0.3167587619361329,0.3093997685630441,0.355726922615932,0.385864215421314,0.3699039098794931,0.3667069517239185,0.3564001396164559,0.339292009876259,0.3213438550030978,0.2870924152895109,0.357569572535213,0.3523194555242908,0.3278959012069248,0.305051871697392,0.3327890304289311,0.2189306906330846,0.3236495224353169,0.3910038373328138,0.4137341415979303,0.3396710905522856,0.34987071779797,0.3373868659561787,0.2868187134643971,0.3573616100508292,0.3361659024774338,0.3535408248497951,0.3062196884582458,0.3565066088052694,0.3563364212281308,0.3619089184654238,0.3433680482550557,0.3581252018239821,0.3355382854183647,0.3084848652317156,0.3373372414190348,0.3547369851226138,0.311354232772557,0.330950026575986,0.3188464873861769,0.2914508104306224,0.357387283422037,0.317811479428042,0.3680975252269134,0.3538775493354966,0.3549692926379751,0.4012467124834378,0.2896771538012949,0.3363675356193593,0.3224936184942996,0.3748193648038389,0.367542838596495,0.3332470754595842
0.375625437951755,0.3168192396994873,0.3073732720549726,0.3341873092368151,0.3413450319661095,0.3115885422595466,0.3531287681646745,0.3571685121574363,0.3135244172835028,0.3122354782544695,0.3716633666538744,0.3721328801647058,0.358151426465448,0.3642150725458918,0.3506541570907276,0.3213010234596741,0.3290974488062517,0.1932753003916155,0.3306282115794655,0.2633198664767894,0.3603758701589198,0.317730691094936,0.3464604663437485,0.3631946456339624,0.3295600557179278,0.3587325886309356,0.3453986628062587,0.3251051703129873,0.3304020282523612,0.342370734027988,0.3532705119423213,0.3621352715493437,0.3806340560402305,0.3194136131514972,0.3350553863079099,0.3014066558526894,0.3240069142453718,0.3272816440728047,0.3709654334160289,0.3460317964418571,0.3539888816171324,0.3480527673048316,0.3545588304819949,0.3014030369626772,0.3571408679726424,0.3426680456268818,0.3380678491894532,0.3153543184582109,0.3128691828718689,0.3562387962362475,0.3888026046613058,0.3656872023070689,0.3661370264113761,0.3555192196084512,0.33824197608729,0.3201964623132324,0.2856094789475907,0.3566766714531371,0.3520532206405382,0.3268719590347612,0.3081348109513648,0.3329364286406407,0.2244313823212322,0.3244427943733518,0.3923955565520476,0.4130904054142876,0.3489313353264752,0.3486370007551512,0.3345302629853527,0.2907650455903105,0.3621199386213373,0.339020937062689,0.3526875306165006,0.3040510756230025,0.356534153769578,0.3545417311440865,0.3623248696754,0.3426197627984464,0.3576499751674971,0.3341449185363123,0.3015603658473054,0.3411159473142735,0.3543688625452171,0.3101472985345956,0.3321381061014405,0.3175359251692776,0.2920858893061387,0.3582125375141599,0.3212452957576466,0.3663358399079896,0.3526828675186573,0.3628970179040381,0.4051384400974461,0.287912531455602,0.3407183823397517,0.3270497655963864,0.3746958702619882,0.3674483255402176,0.3324490321305923
0.3764438076306495,0.3170162287204816,0.303447846858374,0.3331320526922616,0.343998698569096,0.3148854440743046,0.3519963700660268,0.3576520694920754,0.3251228254240786,0.3111881398088909,0.3702496124073284,0.3732336444545626,0.3577299158021377,0.3644619914892705,0.3501589640224952,0.3206254151019085,0.3317226112978483,0.2039221228732057,0.3306197866357765,0.2638834925948596,0.3555028073840652,0.3145692297764731,0.3465196960430393,0.3624991016443352,0.3285141197343446,0.3589840280915068,0.3470821306527016,0.3251275111969518,0.3322381927121102,0.3408931507364738,0.3555182609595146,0.3616717605910364,0.3809715366102082,0.3186235271579735,0.3353474939052565,0.2998195401109708,0.3228377624923009,0.3262225787969909,0.3704987379703864,0.3454800352381827,0.3538517767673164,0.3474334119217785,0.3542967643173059,0.3005924419593099,0.357624763608708,0.3420531383695843,0.3377291093198613,0.3138263002825857,0.3164924647675627,0.3565496188414689,0.3917224308796733,0.3610761655917616,0.3652624026853865,0.3545832241838814,0.3372044185714778,0.3190603295695579,0.2846172069722579,0.3558796377570759,0.3519224297237489,0.3258435223276175,0.3117164352275,0.3328610357977077,0.2305595622697161,0.3251960155318293,0.3936227056152118,0.4112371287856237,0.3567914881440358,0.3473811137077013,0.3312180264562306,0.2955308401325676,0.3668754913133862,0.3415219491153201,0.35179826781105,0.3017050307219426,0.3566860766597912,0.3528123546576973,0.3626884139226538,0.3415400430518704,0.3573642726797661,0.3327420561980699,0.2941314175691558,0.3444433892303873,0.3540940022835344,0.3090089524851627,0.333517084195587,0.3162634703690222,0.2929309999571675,0.3585194863052812,0.3249313553985837,0.3648601088526708,0.3512787307956267,0.3702550239822255,0.4079207990429055,0.2865166707146809,0.3443316767941698,0.3312046599298802,0.3746673594650453,0.367276361581751,0.3317432936081479
0.3774618013189996,0.3171813445613867,0.2994671764468022,0.3322186527510817,0.3463444764933818,0.3179884178358,0.3510578821716399,0.3581713003361544,0.3357924450186104,0.3110786792928228,0.3687089687949976,0.3738383689490925,0.3572486463260123,0.364388809816591,0.3497172522828874,0.3198489977357921,0.3338605487884478,0.2158846792470234,0.3307015537966804,0.2659063652439417,0.3508091297907168,0.3116760297469055,0.3466139151524864,0.3618134635711776,0.3281259849531961,0.3592656153820303,0.3483450786178571,0.3256041205718799,0.3336986592936494,0.3393778294163101,0.3574078546444253,0.3612855235205824,0.3811218222088273,0.3178221642831302,0.3356686462958901,0.2981533205922597,0.3217232070025136,0.3251630339188996,0.3700331181210356,0.3449306233888789,0.3537657346984798,0.3468079791383813,0.3540639312547904,0.3002559971124673,0.3581363456923038,0.3413637789231438,0.3373483877146588,0.3121802863214898,0.320124355891305,0.3566583227847802,0.3945242186527065,0.3562687711898863,0.3640802003046858,0.3536410456973122,0.3361765425032839,0.3179564158526713,0.2842152814855031,0.3551851527370408,0.3518987045680053,0.3248221616697032,0.3156613183863083,0.3326070357299562,0.2371998711672028,0.3258742278055713,0.3945828287423936,0.4079357698385211,0.3632670349977778,0.346094615471839,0.327494849072857,0.3009493217587001,0.3716917920037215,0.3436923656832384,0.3508577195528691,0.299278631831877,0.3569238917863794,0.3511966317388253,0.3629612938920014,0.3401506588552617,0.3572504139272065,0.3313670635013215,0.2863842061620417,0.3473616900485007,0.3539107926536983,0.3079207358883788,0.335034990325501,0.3150222205926185,0.293909945235893,0.3583210913122915,0.3288505258806408,0.3636917730976506,0.3496883288017678,0.3765672277055134,0.4096944495254307,0.2856417703784284,0.3472188891908236,0.3349105949355303,0.3747481591725843,0.3669577023288607,0.331101448848197
0.3786660367252344,0.317318408844688,0.2955469652218508,0.3314858845464127,0.3484596275038896,0.3208539173762513,0.3502767270632572,0.3587410516380406,0.3453092213270574,0.3116426388641057,0.3670469776486127,0.374044710939087,0.3567798896007855,0.364043069083538,0.34934816282379,0.3189699787446723,0.3356032754433705,0.2289512432603749,0.3308360121987623,0.2693133761002692,0.3464954141043644,0.3091307126492383,0.3467712087619832,0.3611585841677115,0.3284578338423437,0.3595414024515386,0.34904143685279,0.3265301185800243,0.3347735686170012,0.3378129828138102,0.3589925378506737,0.3609934072873325,0.3810453567582249,0.3169081573671224,0.3360077964264039,0.2963629929238685,0.3206603263325595,0.3240758229892104,0.3696100524333848,0.3443763625956886,0.3537342574841646,0.346180128284283,0.3538765660275177,0.3004807974317453,0.3586606094663515,0.3406071928369374,0.336915372283223,0.310435015073217,0.3236348270448412,0.3565630649776806,0.3971077765755523,0.3514737598031613,0.3625913585221745,0.3527358039896253,0.3351546027588686,0.3169004034363144,0.2844853811254548,0.3545882218613685,0.3519449252201435,0.323817697242622,0.3198127307332812,0.3322312806159556,0.2442109489227037,0.3264344499078918,0.3951831184772446,0.4030278445119621,0.3684496355017869,0.3447694732959239,0.3234185488239472,0.3068168178419309,0.3766108081990303,0.3455494301570365,0.3498561909656555,0.2968761431577076,0.3572082177983915,0.3497384167441427,0.3631015330826041,0.3384958481119261,0.3572907663892945,0.3300457556979339,0.2784991295023387,0.3499201997952851,0.3538130236210385,0.3068454702365906,0.3366148484288958,0.3137966691760438,0.294937287793668,0.3576525854310335,0.3329813080638319,0.3628210350418755,0.3479444519214043,0.381511516437012,0.4106122842963223,0.2854325331766894,0.3494402162283911,0.3381546919007508,0.3749336255589047,0.3664282890256635,0.3304851038212652
0.3800237797605005,0.3174281382310005,0.2918258316704478,0.3309621924720541,0.3504106836532917,0.3234746171849997,0.3496071310937866,0.3593717331105936,0.3535544375595009,0.3125936025685863,0.365273704072752,0.3740079111418578,0.3563640252440029,0.3634714956331515,0.3490680871876224,0.3180040732565378,0.3370436884530197,0.2428390333213984,0.3310091803743387,0.2739166039224764,0.3427366413465145,0.306981440775283,0.3470422719782974,0.3605514527888834,0.3295358505458302,0.3597749815256444,0.349056262279457,0.3279253346242231,0.3354909168079519,0.336191457147972,0.3603241895949907,0.3608055194217585,0.3807071353897239,0.315749620329104,0.336354327310388,0.2944131867539771,0.3196459850935467,0.322935921719815,0.3692627632081978,0.3438059839985343,0.3537618726812799,0.3455606629528384,0.3537531955625332,0.3013403539050268,0.359187006721327,0.3398038311451485,0.3364202372633614,0.308623436370619,0.3269188051055601,0.3562630529750584,0.399379840642577,0.3468868087733746,0.3608117106562008,0.3519041121815307,0.3341350489463852,0.3159056621175877,0.2854923929008249,0.3540692718414921,0.3520217088992902,0.3228391245667119,0.3240159625795371,0.3317960741234216,0.2514333833426852,0.3268276202570968,0.3953440884130283,0.396465835572219,0.3724926847107029,0.3434057740808232,0.3190561867147171,0.312910313641944,0.3816422778496869,0.3471128189775249,0.3487927455539495,0.2945992052546215,0.3575107081163213,0.3484775319783074,0.3630689366272827,0.3366315651123604,0.3574628194974898,0.3287892626872181,0.2706414698228893,0.3521701277156366,0.3537938018092225,0.3057364202867522,0.3381728854002315,0.3125649053271674,0.2959298675486234,0.3565633517772429,0.3373119177195006,0.3622048886696071,0.3460859339342553,0.3849309159337315,0.410858258905104,0.286014318231541,0.3510883451054155,0.3409516085347832,0.3752080869139227,0.365639257872644,0.3298533649556261
0.3814828543759341,0.317511685952014,0.288446432316288,0.3306515074380397,0.3522368564560644,0.3258685501416615,0.3489993144984375,0.3600643860848579,0.360518724335585,0.3136519257318556,0.3634048935922542,0.3739170846141536,0.3560084225203024,0.3627250112174811,0.3488957129943749,0.316974932877938,0.338270371351252,0.2572127996979083,0.3312284718871953,0.2794350079747546,0.3396548791061462,0.305244978481597,0.347489808451023,0.3600108624606279,0.3313377944075336,0.3599294535871594,0.3483185645750307,0.3297693638910251,0.3359100368349638,0.3345082852672461,0.3614478491303798,0.3607275598910663,0.3800888742250193,0.3141942356927238,0.3366978628090027,0.2922930833350437,0.3186723886695945,0.3217284003235035,0.3690127241475885,0.3432050962877435,0.3538571913643376,0.3449577046875264,0.3537095762516281,0.3028877560961699,0.3597075024279774,0.338977422640127,0.33585515538005,0.3067933624438221,0.3299039960983154,0.3557714785123906,0.4012531445199077,0.3426738172144703,0.3587723601491999,0.3511735825271976,0.333116078590856,0.3149738171389383,0.2872667535913199,0.3535901376242237,0.3520898435484745,0.321891688813962,0.3281289718666842,0.331366457031774,0.2587034713056143,0.3270131802484153,0.3949993412841379,0.3883261174932898,0.375584878755451,0.3420116214939143,0.3144769777532749,0.3190074272847885,0.3867540299297968,0.3484025602027971,0.3476671047982875,0.2925425524411549,0.3578146147217121,0.3474486584824204,0.3628341705153252,0.3346236818078494,0.357732711787645,0.3276040075526564,0.2629477132617266,0.3541564859012582,0.3538467988832357,0.3045469931420165,0.3396376597640578,0.3113009087808561,0.2968175717879395,0.3551084085747303,0.3418509890971651,0.3617623302342365,0.3441555417982763,0.3867495442264268,0.4106318544482481,0.2874840095716498,0.3522643764671432,0.3433304712092131,0.3755520648145966,0.3645627384278915,0.3291713357741966
0.3829756314553483,0.3175690531206824,0.2855424522699477,0.330530971415536,0.3539491171961413,0.3280757771857233,0.3483953883824745,0.3608101816640837,0.366285970620513,0.3145605548720239,0.361461559201946,0.3739653738667929,0.3557161769075448,0.3618635449239262,0.3488530533591678,0.3159073931613456,0.3393546864662741,0.2717134002360854,0.3315115631806958,0.285534845466102,0.3373074220329509,0.3039179187718954,0.3481786293482897,0.3595549339206846,0.3337921736369469,0.3599653193576143,0.3468100944853894,0.3319308947610357,0.336108847960601,0.3327606000372259,0.362391822917868,0.3607671600804076,0.3791966686976599,0.3120831801279104,0.3370260767005189,0.2900245189361325,0.3177295897710292,0.3204509728608694,0.3688641885192093,0.3425675460967688,0.3540244778092937,0.3443721841223168,0.3537530892785984,0.3051385820527456,0.3602185643360672,0.3381457550094722,0.3352176544117571,0.3050089437682073,0.3325550444534036,0.3551169069811051,0.4026455848736956,0.338958486907315,0.3565114397083566,0.3505601970923709,0.3320974304189836,0.314088858793947,0.2897868188919668,0.3531077115980376,0.3521095062876429,0.320973871890989,0.3320250200350517,0.3310100426782507,0.2658689668523371,0.326962719507375,0.3941053955519072,0.3788033729084307,0.3779146433446297,0.3405974802127499,0.3097460840900768,0.3249072115331359,0.3918753237121676,0.3494303255460575,0.3464740406868807,0.2907961292976816,0.3581093407696268,0.3466797217146254,0.3623812680930197,0.3325463866968201,0.3580589396599148,0.3264933245317203,0.2555099339281951,0.3559118855205347,0.3539600122231154,0.3032317473854109,0.340951715922916,0.3099754031053759,0.2975482257709641,0.3533428168266256,0.3466196968653833,0.3613858189968534,0.3421978623849413,0.3869332837460318,0.4101400827618995,0.2898969566799605,0.3530675604638896,0.3453284250505161,0.3759452200716526,0.3631959790902627,0.3284119556528724
0.3844266524985509,0.3175935299335599,0.2832422488746074,0.3305625873668036,0.3555405840821949,0.3301570567416252,0.3477349164240211,0.3615876121828855,0.3709994577163237,0.3151003311762647,0.3594663326927995,0.3743306669182416,0.3554716280126037,0.3609465798344718,0.348959924158478,0.3148281166208499,0.3403402613120476,0.2859903532839692,0.3318810423328263,0.291875588393059,0.3356897013474639,0.3029848937035487,0.3491744200932875,0.3591956736043503,0.3367860890112975,0.3598444124997902,0.344562433040004,0.3342384556009729,0.3361732448565329,0.3309530784936249,0.3631693645187682,0.3609335425823588,0.3780552367836014,0.3092698332388174,0.3373262603636139,0.2876649934597013,0.3168096723719406,0.3191120261734767,0.3688077206791127,0.3419002790779648,0.3542560873516781,0.3438070745288563,0.3538855966687571,0.308063124607845,0.360726883524084,0.3373227595678515,0.3345119701207346,0.3033495797311569,0.334872236759031,0.3543292252229704,0.4034876893812138,0.3358086598628036,0.3540733077705457,0.3500714911616835,0.331078260670648,0.3132255885863441,0.2929859796541198,0.352593864865344,0.352042523083762,0.3200782392679089,0.3356004673156804,0.3307910086902708,0.2728002532292317,0.3266507426321705,0.3926533498320892,0.3681973102204254,0.3796445728062038,0.3391755468696607,0.3049196162352418,0.3304453505848974,0.3969093408082407,0.3502024744598011,0.3452139866205775,0.289445419510733,0.3583931341051061,0.3461934040023628,0.3617063903593038,0.3304716022047145,0.3583992651710503,0.3254480801020112,0.248373015216005,0.3574560482610269,0.3541126748951282,0.3017465972817434,0.3420668363957264,0.3085602031732853,0.2980914855506092,0.3513184217974259,0.351637132039919,0.3609673527836,0.3402565289149613,0.3855394473267852,0.409586194539025,0.2932545318705882,0.3535977206205892,0.3469907407847581,0.3763706560822275,0.361565416695629,0.3275565433248401
0.3857607414939516,0.3175694328321554,0.2816658133570501,0.3307008867908131,0.3569923955980807,0.3321822501175445,0.3469697904650753,0.3623590798217584,0.3748294074610446,0.3151093485498812,0.3574393909350332,0.3751546659687853,0.3552092500435949,0.3600232309745738,0.3492287830980362,0.313762286958406,0.341243388572474,0.2997266584433988,0.3323589380113137,0.2981443129752557,0.3347371866329612,0.3024207425075463,0.3505409035007611,0.358938452979899,0.3401735923465258,0.35953803443423,0.3416484741651633,0.3365951344098126,0.3361893230451805,0.3291030682673895,0.3637895395028628,0.3612305971048445,0.3767018828239955,0.3056376637448444,0.3375894428801361,0.2853119722419991,0.3159038698339312,0.3177303366778757,0.3688290809652864,0.3412159070722553,0.354535778281533,0.3432702433810626,0.3541077125102893,0.3115932152231333,0.3612504684977382,0.3365221387700912,0.3337481907924536,0.3019049980647802,0.3368868259339107,0.3534321691559109,0.4037324406956992,0.333228034235721,0.3515142762125014,0.3497107860603049,0.3300568431046797,0.3123603896691865,0.2967695426101715,0.3520380773149007,0.351858069224371,0.3191929262877042,0.338785818953887,0.3307609704856827,0.2793955532663947,0.3260542232007117,0.3906664601191185,0.3568918100139265,0.3809040755370588,0.3377638578859318,0.3000390535007369,0.3355010179701744,0.4017371019939978,0.3507316982846172,0.3439041258854388,0.2885667102556202,0.3586774666347875,0.3460103773334246,0.3608192395866174,0.3284561012037936,0.3587083353058323,0.3244443998201444,0.2415474327442969,0.358797339008194,0.3542826213978937,0.3000555378111606,0.3429520926034384,0.3070344731988003,0.2984454282089461,0.3490788924285311,0.3569149665566688,0.3604176444325892,0.338369493546091,0.3827497485413043,0.4091537747522984,0.2975011675448821,0.3539511583136521,0.3483630573339571,0.3768198110767065,0.3597252210955078,0.3265994952530913
0.3869111826074358,0.317476108285857,0.2809034920977378,0.3308912638967119,0.3582716186175608,0.3342138480469316,0.346072552292666,0.3630748715427805,0.37794978700554,0.3144911760699899,0.3553962540231256,0.3765094601248672,0.3548316822518294,0.3591359020651656,0.3496633804348124,0.3127232475414026,0.3420581923311249,0.3126538451825715,0.3329525979442906,0.3040774072840232,0.3343262053172708,0.3021970580578813,0.3523269440195523,0.3587838392566337,0.3437870440991865,0.35903205412551,0.3381760639617093,0.3389608516201542,0.3362340158808466,0.3272378328966051,0.3642617455638757,0.3616535919260605,0.3751877803171919,0.3011128627700535,0.3378112888592292,0.2831066035738986,0.3149982510443181,0.3163344366506957,0.3689133418477746,0.3405267664001753,0.3548442161027367,0.3427616971737892,0.3544128310902388,0.3156297213606424,0.3618120581194333,0.335751039877211,0.3329421954205292,0.3007709210349763,0.3386529764025308,0.3524513054251592,0.4033575720348131,0.3311612160546502,0.3489002845638905,0.3494749350939859,0.3290328685372085,0.3114717386137534,0.301016654464219,0.3514376285338256,0.3515360011660003,0.3183015741638919,0.3415487052926994,0.3309570301202097,0.2855849060626759,0.3251654729929729,0.3881908586558895,0.3453186687483551,0.3817889913110687,0.3363875855277651,0.2951282987378678,0.340000244395322,0.4062140353149777,0.3510370965357131,0.3425699327127472,0.2882214663447455,0.3589778527671517,0.3461483272879896,0.3597442821615438,0.326537573152302,0.358932747348035,0.3234539374095302,0.2350235420026955,0.3599333673391733,0.3544526543034082,0.2981396872646534,0.3436058098464886,0.3053857737735603,0.2986406966324621,0.3466540589765127,0.3624541373410255,0.3596714550575597,0.3365634836592096,0.378825404543342,0.4089938352642585,0.3025291623945202,0.3542067448880161,0.3494773437815888,0.3772922507084411,0.3577472430505844,0.3255506445508406
0.3878275612848761,0.3172921883853947,0.2810000127662266,0.3310730992792152,0.3593330908368675,0.3362996040166521,0.3450347830410939,0.3636838162759297,0.3805190210786827,0.3132033713407784,0.3533477973651382,0.378373886727898,0.3542417253043597,0.3583249761953994,0.3502570851718722,0.3117081893199344,0.3427608526631315,0.3245657178774023,0.333649365042666,0.3094773006151761,0.3342869536308279,0.3022926721772285,0.354552014752219,0.3587272346864146,0.3474566016573554,0.3583269633617251,0.3342788022878565,0.3412680430171701,0.3363665800860564,0.3253867691913356,0.3645936238053684,0.3621918666736112,0.3735757148496042,0.2956737161786933,0.3379895651361348,0.2812282069401999,0.3140781118226072,0.3149568066158098,0.3690459460300186,0.3398480420863601,0.3551570772845093,0.3422668371776466,0.3547788621479445,0.3200457659514528,0.3624309574730561,0.3350025810749457,0.3321153718770185,0.3000463297678622,0.3402343105421042,0.3514196754339121,0.4023624918204094,0.3295052506512219,0.3462965609055067,0.3493517898088987,0.3280083897794798,0.3105367452971849,0.3055807751808312,0.3507977883794383,0.3510659944924591,0.3173855340457118,0.343887900500934,0.3314054368313061,0.2913340488841561,0.3239985466228908,0.38529589870926,0.3339106328903442,0.382359990796933,0.3350765804759529,0.290197436302759,0.3439178674326086,0.4101805577220938,0.3511330872143459,0.3412310100003389,0.2884532924586171,0.3592985767043113,0.3466170849583711,0.3585179192517432,0.3247388921934573,0.3590174562330421,0.3224521631442361,0.2287800906266293,0.3608539535935683,0.3546050632666736,0.2960033732047078,0.3440514997416446,0.3036092083756196,0.2987370678816869,0.3440604940389721,0.3682331357926728,0.3586935479804576,0.3348530438344402,0.3740579344512484,0.4092142824273253,0.3081849406630281,0.3544184742734526,0.3503510805297227,0.3777930377171254,0.355709611857727,0.3244294774873313
0.3884798510210045,0.3169938395549726,0.2819593760960815,0.3311930810699042,0.3601311442178497,0.3384737366904548,0.343864012191194,0.3641403351509768,0.3826641374789556,0.3112407436854484,0.3513026367393879,0.3806380540600481,0.3533290700741044,0.3576231204938687,0.3509892703759088,0.3107056831809815,0.3433158804720173,0.3353331916913806,0.3344314347080493,0.3142260859502426,0.3344276515639834,0.3026960581714918,0.3572007032759057,0.3587581360826578,0.351030128353123,0.3574364355998051,0.3300982454237853,0.3434511653326492,0.3366257593828889,0.3235776765968217,0.3647935538835227,0.3628298398166553,0.3719298850474953,0.2893566785133599,0.3381233878936737,0.2798782474709487,0.3131361126002184,0.3136271774844107,0.3692173415652423,0.3391996195485544,0.355442700688262,0.3417679238721753,0.3551731522818963,0.3246949091226077,0.3631188418687777,0.3342609089188887,0.3312913721696672,0.2998261333710361,0.3416895930879372,0.3503698853962912,0.4007689593033136,0.3281180419336838,0.3437611762167278,0.3493260090546444,0.3269860295116449,0.3095336186790672,0.3103113964940588,0.3501400958314198,0.3504457401809236,0.3164285439115289,0.3458258524395749,0.3321203619677454,0.2966423110669911,0.3225819117431236,0.3820768632224839,0.3230597066940313,0.3826451354839267,0.3338617657964194,0.2852495718659105,0.3472723554196422,0.4134884995482902,0.3510276692481632,0.3399050862750622,0.2892863501638039,0.3596301679408554,0.3474167835034201,0.3571849508957641,0.3230724085903699,0.358917978678343,0.3214168671581897,0.2227963977197732,0.36154764282236,0.3547149663473649,0.2936771741140435,0.3443236678665586,0.3017131424328081,0.298815022013545,0.3413095956048931,0.374197567541463,0.3574903098362829,0.3332445947429923,0.3687713707551898,0.4098669497535745,0.3142786986154636,0.3546216298203785,0.3510005104998241,0.3783331480286223,0.3536903237286414,0.3232585575816676
0.3888589495840614,0.3165510142290542,0.2837513606827945,0.3312153463680296,0.3606312360677924,0.3407562655984354,0.3425816248332797,0.3644046048730207,0.3844736696715144,0.3086276857077788,0.3492711591407009,0.3831158884340578,0.3519560736358544,0.3570530108291971,0.3518244337043472,0.309702431331036,0.3436837606782715,0.3449094924112041,0.3352858500879317,0.3182892755874715,0.3345552570871049,0.303400651977559,0.3602237038229142,0.3588608292486597,0.3543825105849655,0.3563863852646204,0.3257652015393011,0.3455454489542736,0.337029931843735,0.3218380540699728,0.3648753225186691,0.3635438885425013,0.3703094314619647,0.2822527863820853,0.3382158633689231,0.2792623641833717,0.312172576491864,0.3123707960074121,0.3694268150760412,0.338599336498967,0.3556681885735632,0.3412537641371906,0.3555643593355045,0.329425899466566,0.3638790500527272,0.3335119837439313,0.3304924083498607,0.30018751678001,0.3430652375293507,0.349325524100718,0.3986247318953422,0.3268285929976119,0.3413434442323541,0.3493859698902774,0.3259676325689652,0.3084461246328022,0.3150794185448096,0.3494972587561313,0.3496790996080305,0.3154174395625027,0.347401239862057,0.3330989358282182,0.3015331744186145,0.3209527464051734,0.3786424100359855,0.3130876610178854,0.3826503967977628,0.3327693734036526,0.2802847854425341,0.3501117042873603,0.4160178920490078,0.3507326400132334,0.3386191186859251,0.2907221053118575,0.3599559554086053,0.3485394382362553,0.3557962428661254,0.3215417802019544,0.3586034636352597,0.3203263427640196,0.2170745106116299,0.3620067391493339,0.3547566079716634,0.2912185592293465,0.3444628093500655,0.2997259930049192,0.2989669111058354,0.3384142162974892,0.3802610747458287,0.3561117800976655,0.3317371710499743,0.363319942927313,0.4109370859819852,0.3206008942561535,0.3548412154235038,0.3514450036004146,0.3789283898215362,0.3517603737612262,0.3220643066555925
0.3889792763621267,0.315931114000288,0.286303939557505,0.3311204748861657,0.3608126591289149,0.3431497639365655,0.3412197729718169,0.364445464152743,0.3859996140671028,0.3054133746503282,0.3472687713500582,0.3855483582611251,0.3499957806783048,0.3566369490760528,0.3527163252122176,0.3086796860223251,0.3438235664679244,0.353317185166433,0.3361922218983406,0.3217022987349758,0.3344898698162001,0.3044060339233554,0.363538977848694,0.359014653867606,0.3574179402117209,0.3552129517489659,0.3213890477544732,0.3476687411245606,0.3375762131337812,0.3201942003964778,0.3648545891470643,0.3643012186515138,0.3687683685248117,0.2744921364699724,0.3382754901842961,0.2795753329928605,0.3111905359427289,0.3112071383252731,0.3696782886937952,0.3380562676267683,0.355807125461301,0.3407135071003477,0.3559233941626906,0.3340957622039009,0.3647071871374769,0.332744046725073,0.3297381493612907,0.3011781152148627,0.3443925764047502,0.3483033318616548,0.396000023082128,0.3254555415339288,0.3390814411487234,0.3495218939370643,0.3249548866076292,0.3072627121105141,0.3197783743611463,0.34889532392191,0.3487733302039066,0.3143382972562589,0.3486594305423063,0.3343231190020169,0.3060460116095422,0.3191590247964922,0.3750944854554118,0.3042238679262198,0.3823733598053962,0.3318147649104288,0.2753041423572979,0.3524990811557543,0.417674180300792,0.3502663224931371,0.3374019548754447,0.2927332368471264,0.3602504787272682,0.3499664700951624,0.3544038191697143,0.3201448854974087,0.3580537712443592,0.3191646484478142,0.2116609621846515,0.3622285347814734,0.3547135705385405,0.2887119027051046,0.3445169310875706,0.2976935430906964,0.2992877650126692,0.3353879129599397,0.3863076266270448,0.3546364538509334,0.3303177050866994,0.358037181413696,0.4123409473400187,0.3269397552403517,0.3550934507163026,0.3516968648725752,0.3795915838820363,0.3499709413337652,0.3208793891265127
0.3888827081733897,0.3151099726574035,0.2894983887718077,0.3309030371117076,0.3606684483553514,0.3456405443450601,0.3398184916779189,0.3642515502764559,0.3872652089335709,0.3016598345694217,0.3453168437612543,0.3876196980744141,0.3473666003053833,0.3563998710384702,0.3536130853667079,0.3076085789100466,0.3436925192403078,0.3606249136582268,0.3371150382588646,0.3245415584963477,0.3340823826115039,0.3057225817680254,0.3670356428439674,0.3591940463330752,0.3600748514379106,0.3539587943232264,0.3170505142446431,0.3499000273588732,0.3382409500485783,0.3186657944128553,0.3647423946513899,0.3650627538185717,0.367349077699303,0.2662251303971143,0.3383125973415818,0.2809844118806128,0.3101959674310639,0.3101432493371904,0.3699736517023479,0.337572102329836,0.3558391134463905,0.3401306167372305,0.3562167402555438,0.3385801964237594,0.3655919634305579,0.3319406833449549,0.3290436263154022,0.3028112808575201,0.345682453411254,0.3473181736955736,0.3929747045519605,0.3238244126901236,0.3370017334816328,0.3497221592232177,0.3239501131127661,0.3059736001463645,0.3243167976374291,0.3483461374554334,0.3477376847476421,0.3131761894582218,0.3496444940169221,0.335767542578679,0.3102328800075994,0.3172566520545556,0.3715220637011239,0.2965901820169502,0.3818164524835349,0.3310023371783999,0.2703210351107164,0.3545047579276136,0.4183871860560762,0.3496437862581473,0.3362679200284257,0.2952583019583971,0.360473314529414,0.3516618890780998,0.3530540565982123,0.3188801646899934,0.3572639811851923,0.3179277191980366,0.2066557409716641,0.3622162407979747,0.3545753531365163,0.2862707989456967,0.3445340370297876,0.2956736688977168,0.2998637611559738,0.3322435152349256,0.3921864706436347,0.3531531586291292,0.3289619371829093,0.3531905631640056,0.4139250894676649,0.3330941781129754,0.3553846115466247,0.3517589570878557,0.3803254189831636,0.3483429713177264,0.319736836141592
0.3886341259971094,0.3140793233915789,0.2931838008092634,0.3305754075316821,0.3602104340869323,0.3482040748494405,0.3384214191377838,0.3638399151920553,0.3882773019734868,0.2974293813000481,0.3434426864556761,0.3890032072817947,0.3440114164169069,0.3563564983873512,0.3544601524755725,0.3064560768374043,0.3432510748338927,0.3669287565049157,0.3380214338158153,0.3268930817113561,0.3332347017673474,0.3073633454843355,0.3705843758191074,0.359370484771487,0.3623299991228413,0.3526695972963832,0.3127917093579634,0.3522352187296659,0.3389828981716906,0.3172614324208773,0.3645479312063572,0.3657849106575283,0.3660688772558166,0.2576103884131197,0.3383338454316678,0.2836086247864541,0.3092010925335468,0.3091678557644992,0.3703127630239967,0.3371446430479378,0.3557466748052486,0.3394897553136584,0.356410120788048,0.3427846507593186,0.3665148723672213,0.3310830149149321,0.3284135402130819,0.3050639882454677,0.3469208593943745,0.3463818951625321,0.3896266382469179,0.3217734080373299,0.3351235307962016,0.3499775084667302,0.322956171472843,0.3045718886632689,0.3286306668284448,0.3478547151316723,0.3465845394408362,0.3119204609793788,0.3503961945115431,0.337402854311571,0.3141512845143903,0.3152987572962752,0.3680054648879344,0.2902004177809736,0.3809978957033956,0.3303301918044704,0.2653772612695901,0.3561995259486396,0.4181237253514664,0.3488721623358108,0.3352188686163657,0.2982033704270241,0.3605756192594585,0.3535707608174344,0.3517850196066828,0.3177552286284508,0.3562529811998308,0.3166227830370572,0.2022099083823603,0.3619804127233237,0.3543262238412046,0.2840380629092242,0.3445498633213738,0.2937405664643495,0.3007590096957571,0.3289986816095289,0.397713049407065,0.3517518516331226,0.3276452304903788,0.3489872748277047,0.4154632765175738,0.3388871773159635,0.3557132759094711,0.351638293063267,0.3811232757759771,0.3468694044918534,0.3186586929389602
0.3883069715864057,0.3128450520599803,0.2971981046769659,0.3301704904963402,0.3594735294944069,0.3508090592361171,0.3370661624459229,0.363250548812442,0.3890396763346614,0.2927832093328186,0.3416799818644658,0.3894073581031783,0.339883009958536,0.3565048767236838,0.3552025412429032,0.3051962983352257,0.3424714860328498,0.3723414820042895,0.3388970451323289,0.3288315684074633,0.3319099314903382,0.3093250482361362,0.3740495909058692,0.3595147040108141,0.3641915147475245,0.3513908476598432,0.3086104986450638,0.3546473979133708,0.3397448233177271,0.3159780740005809,0.3642847319225492,0.3664195167699918,0.3649172303541322,0.2488092848235157,0.3383408843818523,0.2875007613120234,0.3082212339334622,0.308254866624177,0.3706960580648977,0.3367655692542275,0.3555190744964048,0.3387835823080327,0.3564806827087549,0.3466499128855837,0.3674486822607229,0.3301618141053872,0.327839549922881,0.3078752416319964,0.348075926458869,0.3455015475648197,0.3860270297086678,0.3191571884862031,0.3334590520197618,0.3502859166277703,0.3219753691781231,0.303056656125873,0.3327006235968246,0.3474220768389649,0.3453283779958779,0.3105668774825182,0.3509472919082739,0.339194724706891,0.3178483196226671,0.3133317557731037,0.3646116072713941,0.2849760671334495,0.3799543230204268,0.3297896707925481,0.2605528576511418,0.3576447029921998,0.4168960355363067,0.347958239589855,0.3342575635544458,0.3014517316716313,0.3605159867577218,0.3556256551690894,0.3506264268910869,0.3167936734941574,0.3550621380311716,0.3152631695111781,0.1985197759462795,0.3615380608554914,0.3539467297085512,0.2821737603712452,0.3445872274016293,0.2919894554887862,0.3020044265253886,0.3256837340980907,0.4026879744993657,0.3505157776900867,0.3263493350773019,0.3455888974140124,0.416663522403525,0.3441831683374782,0.3560749742069741,0.351353444654984,0.3819703098740694,0.3455241856662815,0.3176501442186322
0.3879721656572902,0.3114232604871113,0.3013785357799713,0.3297357360706932,0.3585099657880183,0.3534201170273903,0.3357754783396086,0.3625332387208707,0.3895605120988473,0.2877888242514957,0.3400675406822629,0.3885956484384675,0.3349846993987704,0.35683814367097,0.3557887536106649,0.3038133618607127,0.3413403842690901,0.3769811645164207,0.3397366096488721,0.330409856220742,0.3301288502185731,0.311580106134233,0.3772986943116833,0.3595974152063203,0.3656841547559143,0.3501621701990777,0.3044678949322693,0.3571110126191574,0.3404543751130816,0.3148010858276412,0.3639664099199731,0.3669180573753036,0.3638673690946406,0.2399813443206501,0.3383339979653549,0.2926381247070931,0.3072679671537253,0.3073715381839637,0.3711211234417034,0.3364161291569136,0.35515733817023,0.3380101233697568,0.3564189820057238,0.350146669006993,0.3683584954611189,0.3291828144573431,0.3273050100572209,0.3111505379445718,0.3491126522417715,0.3446833243332308,0.3822356213471291,0.3158614693146455,0.3320091255102905,0.3506487239361288,0.3210069070977188,0.3014340065172911,0.3365411220522758,0.3470375494563157,0.3439802962492585,0.309113836716828,0.3513181934683426,0.3411067986600928,0.3213493787054601,0.3114011657852644,0.3613823521066753,0.2807707302557448,0.378733350653387,0.3293596812512298,0.2559661275578208,0.3588841884903427,0.4147550461780873,0.3469143081832022,0.3333833171871718,0.3048751246691865,0.3602665341704735,0.3577515643626431,0.3495943019180971,0.3160349559577526,0.3537454612512212,0.313864678654164,0.1958179048366924,0.3609112721875367,0.3534269119882894,0.2808353970833723,0.3446637946530716,0.2905266927714746,0.3035937302130377,0.3223427212108679,0.4069205550690924,0.3495072453684854,0.3250568305621197,0.3430974025851233,0.4171949025365595,0.3488982201522034,0.3564658830508837,0.3509244202008651,0.3828376646442484,0.3442658104806657,0.3167022587578724
0.3876984155841819,0.3098412615911854,0.3055676410175407,0.3293229622711816,0.3573786616527278,0.3560013893415885,0.3345590979058117,0.3617412152714174,0.3898539018432991,0.2825255433847227,0.3386426450405734,0.3864010121141957,0.3293969059146754,0.3573503951731023,0.3561763149721043,0.3022941522451422,0.3398584618293657,0.3809550442676845,0.3405344143752294,0.3316509447017892,0.3279621367895347,0.3140852888055708,0.380212508881393,0.3595924268498883,0.3668391719608551,0.3490100394598202,0.3003022110362637,0.3595560588077958,0.3410313553674433,0.3137030206606688,0.3635977673992334,0.3672408448551544,0.3628838515079665,0.2312806708860253,0.3383148853433045,0.298919570292737,0.3063483813921189,0.3064807461574125,0.371576914274142,0.3360686370911817,0.3546697571034873,0.3371722241339142,0.3562200004556805,0.3532690928553046,0.3692081465973021,0.3281587813247475,0.3267886134174743,0.3147724425465101,0.3500007849981392,0.3439371415195179,0.3782912854763754,0.3118208453344507,0.3307669827898511,0.3510653910537457,0.3200450337524791,0.2997179636144605,0.3401732953219845,0.3466775248835125,0.3425443045681769,0.3075616250764503,0.3515163072462346,0.3431050314584611,0.3246633319549264,0.3095510763205878,0.3583346916410685,0.2773976340243727,0.3773865307164199,0.3290078645234279,0.2517711537141052,0.359944836017355,0.411785307389173,0.345754901155308,0.3325748674899944,0.3083415676009266,0.3598089316095372,0.3598645734730752,0.3486826854073296,0.3155274935203212,0.3523634530229821,0.3124453773233065,0.1943551236118783,0.3601286540010474,0.3527699830175465,0.280167000227645,0.3447914620683908,0.2894551771046967,0.3054888763977667,0.3190288497451944,0.4102396743303091,0.3487555144088607,0.3237476497253692,0.3415479152293929,0.4167214921034508,0.3529940160250153,0.3568837653944562,0.3503650178224312,0.3836800865770272,0.3430379837140775,0.3157968650989737
0.3875532348981313,0.308140114131766,0.3096255519276659,0.3289810581187355,0.356141772579328,0.3585185864251229,0.3334191622826888,0.3609313505416153,0.3899424662075773,0.2770850842065397,0.3374303896618218,0.3827547874816762,0.3232411400252716,0.358022210938385,0.3563378076320646,0.3006231301422438,0.3380487296097378,0.3843460455920694,0.3412950212608542,0.3325416416649128,0.3255239654784905,0.3167869509057875,0.3826995054351068,0.3594840974887301,0.3676905943156583,0.3479448942254398,0.2960394486353435,0.3618619415735153,0.3413988877239695,0.3126441282877822,0.3631777065610881,0.3673622820177181,0.3619188785538502,0.2228604798162491,0.3382844853896092,0.3061662325112533,0.3054676510482474,0.3055386221477288,0.3720437476473607,0.3356935865810038,0.3540633599857938,0.3362832846929601,0.3558811600163033,0.3560365614393946,0.3699678949585164,0.3271014110634639,0.3262599929794302,0.3186086878736727,0.3507142891720868,0.3432757478193617,0.3742077601096833,0.3070260507241446,0.3297311650417187,0.351535215353321,0.3190817712654825,0.2979342990563697,0.3436170310987936,0.3463175299755744,0.3410198335666253,0.3059189323838007,0.3515448197509528,0.3451552238228383,0.3277941131824715,0.307812966741496,0.3554716611035161,0.2746588559990431,0.3759692385069511,0.3287004461276309,0.2481566028636398,0.3608414929099482,0.4081118484207385,0.344494191111378,0.3317920303021617,0.3117238234310898,0.3591370403192187,0.3618726608623496,0.34786438949854,0.3153225235531595,0.3509799999878617,0.3110260912400125,0.1943725889339453,0.3592248920923578,0.3519815940233108,0.2802979178355861,0.3449679272225671,0.2888732235285838,0.3076306501771748,0.3158015511756393,0.4124996466450112,0.3482560259099124,0.3224089660065864,0.3409339025260786,0.4149288146920984,0.3564652755884723,0.3573257754289086,0.349690814354326,0.384446259498875,0.341778656520481,0.3149081500253526
0.3875939098592291,0.3063725550752944,0.3134423144951874,0.3287515599044784,0.3548670286772312,0.3609381887023642,0.3323450563708278,0.3601587538700991,0.3898613544505658,0.2715716153639869,0.3364371778111321,0.3777028800645527,0.3166538810164546,0.3588113387147887,0.3562650830220085,0.2987874088100549,0.3359697039295983,0.3872103578272642,0.3420372859497118,0.3330343914712602,0.3229627088612422,0.3196129638165723,0.3847056668047387,0.35927184577011,0.3682702673764556,0.3469644939597355,0.2916031305725643,0.3639183200182539,0.3414863011825142,0.3115765128063608,0.3627106940104719,0.3672679156480973,0.3609140571788847,0.2148881813628406,0.3382398545375442,0.3141298806143172,0.3046248503754514,0.3044972062684812,0.3724958547617198,0.3352659323712534,0.3533444173377355,0.3353652467749743,0.3554100992455014,0.3584924394677663,0.3706171094168261,0.3260231086697339,0.3256772388772097,0.3225174866519423,0.3512347129072137,0.3427110027800328,0.3699822382975136,0.301525643302854,0.3289093195240193,0.3520580365542582,0.3181116275744441,0.2961262888100127,0.3468976460009767,0.3459423874318903,0.3394047015679868,0.3042086538450484,0.3514115399822417,0.3472191435856739,0.3307423389494582,0.306201477891989,0.3527865565321189,0.272370987966851,0.3745376187910124,0.3284073844599154,0.2453386750657899,0.3615804255771949,0.4039022275204619,0.3431478399704326,0.3309961283423011,0.3149134023381577,0.3582669540717674,0.3636850834865187,0.3471017855865062,0.3154722230734885,0.3496536784534254,0.3096280455333622,0.1960706904319925,0.358233792713999,0.3510639807553676,0.2813323904823385,0.345175660021706,0.2888772924051949,0.3099478572414153,0.3127257167547541,0.4135965039363087,0.3479760163550507,0.3210438990030451,0.3412252910960671,0.411550075737902,0.3593346687642838,0.3577861778945739,0.3489254540340917,0.3850899897318298,0.3404351210973459,0.3140017562670562
0.3878560813723625,0.3045967254495536,0.3169416554935857,0.3286647910591207,0.353624006382795,0.363228563926154,0.3313052491673116,0.3594641362081208,0.3896551398892772,0.266102022463719,0.3356534104912231,0.3713832305852728,0.3098161225405357,0.359666845888241,0.355968818329977,0.2967859050964426,0.3337179397050949,0.3895846974311775,0.3427738658470397,0.3330595476803643,0.3204455979969461,0.322468889213105,0.3862131170111593,0.3589668547330448,0.3686021285147415,0.3460564720390695,0.2869321469150393,0.3656558253160613,0.3412239737131507,0.3104496232578408,0.3622093128597608,0.3669511982067446,0.3598155297191725,0.2075611929682609,0.338175923632928,0.3225105659344626,0.3038053240055618,0.3033130449799488,0.3729002155805734,0.3347667431005047,0.3525249001513193,0.3344375059642141,0.3548255179675179,0.3606888270739039,0.37114238986013,0.3249415235944247,0.3249963805291236,0.3263605012630678,0.3515605162066351,0.342251827627998,0.3656067756356002,0.2954339563515048,0.3283080042306693,0.3526273996217307,0.3171303851411743,0.2943600275399369,0.3500362438492288,0.3455450420795787,0.3376937400029194,0.302468314704099,0.3511283707654635,0.3492593192564908,0.3335003057491121,0.3047248483583997,0.350260761927771,0.2703800603693522,0.3731359817689747,0.3280987467512951,0.2435416390549046,0.3621617693225542,0.3993532330129135,0.3417304836384829,0.3301579670235677,0.3178350033953645,0.3572383043056374,0.3652242078457091,0.3463546878205126,0.3160241692806957,0.3484276803451608,0.3082672637469312,0.1995828316045968,0.3571831565945891,0.3500247674638173,0.2833268068471627,0.3453895248157846,0.2895479643936128,0.3123658482651311,0.3098687724281607,0.4134877542976388,0.3478597469831597,0.3196641939968482,0.3423562111673817,0.4064026911732268,0.3616511403914574,0.358258299039692,0.3480914593077834,0.3855688975419699,0.3389720352193527,0.3130353210826601
0.3883525722466737,0.3028682467056714,0.3200804180260512,0.3287363033167545,0.3524731054792893,0.3653639501463975,0.3302555596788792,0.3588661327534539,0.3893664093198151,0.2608016791659699,0.3350583472369985,0.3639901603634057,0.3029633813442687,0.3605426619797554,0.3554743556894686,0.294632337933095,0.3314193668508787,0.3914950139300387,0.3434983192748022,0.3325437516798017,0.3181403302562662,0.3252518441238469,0.3872342221471086,0.358589166904967,0.3687037616227234,0.3451957538990942,0.2820014021604146,0.3670125678751692,0.3405454815227395,0.3092148038025237,0.3616869318940281,0.3664168665163571,0.3585858724317394,0.2011105666404408,0.3380902517521019,0.3309767437727539,0.3029815733766685,0.3019533080750327,0.3732170089970225,0.334182112850327,0.3516210052098725,0.3335148509140923,0.3541468270343862,0.3626703516335078,0.3715369077192111,0.3238773384986839,0.324181975215232,0.3300226409223487,0.3517100589297655,0.3419036886042,0.3610708893178362,0.2889393026500322,0.3279266449752681,0.3532267209537177,0.3161285652630591,0.2927268193299654,0.3530282604433016,0.3451234333900647,0.3358782067855386,0.3007512686469419,0.3507074099403977,0.3512455823396623,0.3360549799454465,0.3033929788786128,0.3478698166053076,0.26856692793406,0.3717877154695235,0.3277454227299283,0.2429712492102629,0.3625833349403524,0.3946781096469937,0.3402490235666044,0.3292480902499319,0.3204518619829843,0.3561035601713256,0.366431662983285,0.3455799572775003,0.3170073390432056,0.3473278551873007,0.3069502299020172,0.2049570341231635,0.3560998626237985,0.3488851727213858,0.2862781999528512,0.3455802791294719,0.2909289667004748,0.3148205984104538,0.3072961798540501,0.4121975108076899,0.3478366182092074,0.3182794541031793,0.3442230149886542,0.3994224014795146,0.3634790001215348,0.3587380654256064,0.347200314471321,0.3858403589791128,0.3373708634598284,0.3119643482036223
0.3890795983201338,0.3012308094212902,0.3228479755871766,0.328963253208922,0.3514591372760992,0.3673243930600538,0.3291579177330144,0.3583647567700639,0.3890270416354987,0.255792214913151,0.3346176286763639,0.3557560987373323,0.2963341814799975,0.3613900545946506,0.3548185614064776,0.2923533069487477,0.3292242532709831,0.392961498236817,0.3441994333456601,0.331430067239684,0.3161975377077793,0.3278684204738096,0.3878096554618082,0.3581720902949376,0.3685944611569843,0.3443443004908869,0.2768318998302638,0.3679111530906204,0.3394010052140643,0.307829345911719,0.3611555071060134,0.3656848091246903,0.3572021976160539,0.1957919245584158,0.3379844835235266,0.3391832434391745,0.302121243066233,0.3003965136366068,0.3734081719569099,0.3335039421815358,0.3506446535428025,0.3326162880323892,0.3533880685169439,0.3644731821788841,0.3718026695478039,0.3228481105536455,0.3232042895253382,0.3334222867311727,0.3517143187723782,0.3416684041557941,0.3563632680366399,0.2822990506634497,0.3277617764087061,0.3538351489866746,0.3150901238343158,0.2913389491996574,0.3558417675234948,0.3446824076169243,0.3339496283398701,0.2991311852199376,0.3501637004529145,0.3531510469840957,0.338398720702359,0.3022114409344982,0.3455948921045711,0.2668498805474888,0.3705003006609549,0.3273289842450723,0.2437919763494391,0.3628434719136141,0.3901045148759488,0.3387033329171717,0.3282366479729342,0.3227616157613048,0.3549183634312845,0.3672693307212132,0.3447326448747686,0.3184212210719566,0.3463637376065509,0.3056750280999895,0.2121437508294253,0.3550148384040293,0.3476744010691842,0.2901341201229808,0.3457120197549362,0.2930246093990442,0.317276667619768,0.3050684021783716,0.4098076595128242,0.3478341305328623,0.3168996899420709,0.3467162814241118,0.3906758136221289,0.3648803180028182,0.3592218629345168,0.3462557006734219,0.3858692789141318,0.3356313124232291,0.3107539468386097
0.3900184384387061,0.2997082293254122,0.3252610135345601,0.3293221036105855,0.3506149799722207,0.3690910944617204,0.32798527469736,0.3579480606489964,0.3886589969227866,0.2511732001644953,0.3342785688013446,0.3469341445509683,0.2901359382523968,0.3621510569309248,0.3540487803016712,0.2899916313385244,0.3273079837785714,0.3940017517720783,0.3448687343727232,0.3296950558714487,0.3147372926069125,0.3302404078041719,0.388005710372158,0.3577640014252014,0.3682999385700642,0.3434602478598733,0.2714894709186923,0.3682822338817048,0.3377665020622048,0.3062605429325583,0.3606316976060502,0.364785469455191,0.3556541141643456,0.1918738641118176,0.3378624221237448,0.3467921998893454,0.3011899949256976,0.2986342997087483,0.3734462343866209,0.3327346647057419,0.3496026225215967,0.3317643017479266,0.3525626508381455,0.3661295484161259,0.3719512690862134,0.3218652776621837,0.3220323854709529,0.3365068914029703,0.3516099568062077,0.3415436048304086,0.3514854693749033,0.2758248540573102,0.3278051425745307,0.3544308161264045,0.3139988510041487,0.2903189277703982,0.358435393593487,0.3442345107270419,0.3319019780177016,0.2977023184570284,0.3495210961504998,0.3549455396487598,0.3405346286249952,0.301174907663125,0.343423696256627,0.2651845747416614,0.3692724292127619,0.3268464819445417,0.2461118520525357,0.3629416246851957,0.3858681080030056,0.3370934890818807,0.3271094077621669,0.3247903203565181,0.3537372690099428,0.367719520490833,0.3437749321968839,0.3202393884910333,0.345523732047269,0.3044347720913466,0.2209897985202717,0.353955194354031,0.3464192418941649,0.2948016641515595,0.3457435294330575,0.2958104379150124,0.3197376500041625,0.3032371055664321,0.4064495454020029,0.3477878446630636,0.3155413234464898,0.3497482623480057,0.3803549786573898,0.3659048447743347,0.3597007450829536,0.3452585322909617,0.385639678859109,0.3337762188138548,0.3093902583738221
0.3911295931592785,0.2983034450376584,0.3273532242942302,0.3297722665324002,0.3499664193332925,0.370647930082761,0.3267129589509315,0.3575946520103363,0.3882779565017558,0.2470042969553047,0.3339769279525488,0.3377596236305051,0.2845692130741534,0.3627738172196977,0.3532191870582936,0.2876167029622029,0.3258629193032882,0.3946359590475807,0.3454808698226377,0.3273561584564833,0.313842482709547,0.3323048636395941,0.3879029499894918,0.3574161173511604,0.3678507517527371,0.3425092464208485,0.2660832732751751,0.368087904040882,0.335640180352591,0.304488873371983,0.3601393973702886,0.3637502538902296,0.3539516286542931,0.1896259005496846,0.3377299446406433,0.3534997474532541,0.3001485195026931,0.2966781891558448,0.3733136634082413,0.3318915462632649,0.3485052722768476,0.3309712714673476,0.3516868827406998,0.3676617172943185,0.3719999947983652,0.3209338309933739,0.3206409443405721,0.3392493776570578,0.3514376054805339,0.3415198432394374,0.3464685308988194,0.2698682821086058,0.3280327215184044,0.3549844529751834,0.3128414190327202,0.2897888931374239,0.3607668785750658,0.343795852504883,0.3297295161832114,0.2965725428297236,0.3488114074942846,0.3566020772080697,0.3424733314634947,0.3002729178863885,0.3413424736035548,0.2635567479331451,0.368091782888042,0.3263027127132887,0.2499709092696349,0.3628797801209628,0.3821921742804423,0.3354190333140244,0.3258742521170464,0.3265866536289114,0.3526071776242296,0.3677861084712834,0.3426851451725756,0.3224180634515781,0.3447727435611735,0.3032168525156192,0.2312430749270844,0.3529346839790973,0.3451419040829111,0.3001420572888494,0.3456342889054083,0.2992317597265931,0.3222436121511318,0.3018378069195433,0.4022977912058293,0.3476439652875983,0.3142202784315282,0.3532503633409067,0.3687680895271891,0.3665912877887673,0.3601614491771779,0.3442024327654673,0.3851546060418259,0.3318496226037891,0.307883112641878
0.3923459230178875,0.2970020846523724,0.3291674416557963,0.3302649884985555,0.3495302558679181,0.371992107970401,0.325320069502532,0.3572752029252982,0.3878919948720655,0.2432946423697636,0.3336531418787651,0.3284134608197347,0.2798324427731419,0.3632285905904024,0.3523828238313299,0.2853305176770763,0.3250766010817225,0.3948933016782652,0.345983874064861,0.3244699990042268,0.3135571269873083,0.3340210343933379,0.3875815836233694,0.3571655494318088,0.3672813267405044,0.3414672258794667,0.2607667352851255,0.3673201745245367,0.3330377595791187,0.3025105577571224,0.3597045283368625,0.3626072014214557,0.3521296773571886,0.1892947733237815,0.3375969400484432,0.359059129107503,0.2989546491396718,0.294566330468493,0.3729992267552269,0.3310040804760494,0.3473700561682099,0.3302346027661039,0.3507756138325562,0.369074485137677,0.3719658712167427,0.3200508044161487,0.3190237390665006,0.3416526385179165,0.3512377093292461,0.3415762388184347,0.3413727357522596,0.2648010015287194,0.3284038490945115,0.3554574702566689,0.3116026195053159,0.2898632360992292,0.3627883306577902,0.3433817015805599,0.3274285281910817,0.2958559871100089,0.3480676962673767,0.3581089894461674,0.3442301464267508,0.2994976188235794,0.3393341937102407,0.2619712863911603,0.3669351005867916,0.3257035312079491,0.2553311774189367,0.3626654163664106,0.3792674482085897,0.3336695845073906,0.3245493397966777,0.3282102735611968,0.351558824756089,0.3674967157694546,0.341459554527867,0.3248951067722661,0.3440632177816296,0.3019995512235101,0.2425715913635334,0.3519604079565406,0.3438630964316951,0.3059720836904532,0.3453467384899042,0.3031927668246915,0.3248627283988082,0.300883621966669,0.3975555640774302,0.3473619798815524,0.3129410783531937,0.3571696871768814,0.3563223358801115,0.3669708874667888,0.3605942913957284,0.3430705667801775,0.3844290131355353,0.3299057980140975,0.3062600179402894
0.3935704729746263,0.295771724459646,0.3307510471975608,0.3307484491834279,0.3493101625069004,0.3731401565012833,0.3238030968392528,0.3569578781898557,0.3874976168990621,0.2400008488169807,0.3332602342062175,0.31901582979186,0.2760713774132487,0.3635011963368871,0.3515846078418619,0.2832622803863771,0.3251097402523485,0.3948146318931489,0.3463235117723694,0.3211317716800739,0.3138841072500749,0.3353784432845471,0.3871140266555834,0.3570312873711454,0.3666325215250055,0.3403179403091239,0.2557301747202397,0.3660003757066109,0.3299956033264795,0.3003416527294945,0.3593504154799634,0.3613826394085261,0.3502376245845555,0.1910653962137201,0.337476267838251,0.3632916268024843,0.2975725675703149,0.2923642438258874,0.3725019735905315,0.330105991860489,0.3462140749789883,0.3295460860305728,0.349838599962862,0.370362157231874,0.3718619281263557,0.319203891479045,0.3171931419767987,0.3437477994459529,0.3510414610909141,0.341681052426832,0.336273065355716,0.2609785419823057,0.3288727280306284,0.3558128034448187,0.3102641578693608,0.2906375636718079,0.3644511097317478,0.3430030678349866,0.3250056276954417,0.2956670442128566,0.3473201970390202,0.3594686139248413,0.3458261975766712,0.2988406859748469,0.3373823762160574,0.2604471264386437,0.3657811049402612,0.3250604710637887,0.2620728856051154,0.3623118736937399,0.3772404610428145,0.3318234348900534,0.3231558349151819,0.3297132237231701,0.3506053076661925,0.3669035636328203,0.3401108916789831,0.3275869641457251,0.3433490097687959,0.300753862349873,0.254592329235453,0.3510461164752169,0.3426015911901474,0.3120889248377295,0.3448460609855394,0.3075617584877446,0.3276829358637718,0.3003657684826237,0.3924309032402512,0.3469221184136357,0.3116986739866748,0.3614810475241951,0.3434864513451058,0.3670679335490273,0.3609954409236264,0.3418447553861236,0.383488261108245,0.3279992029667405,0.30456095628408
0.3946806277264862,0.29455762072635,0.3321482903793423,0.3311665923255171,0.3492981061094907,0.3741206919556886,0.3221790723600046,0.3566159639545334,0.3870797709390664,0.2370298869767678,0.3327593278614189,0.3096359065737494,0.2733528298571946,0.3635816043297318,0.3508587360194724,0.2815598749485076,0.3260826072221267,0.3944494512526679,0.3464661311696445,0.3174785847784191,0.3147839179823224,0.3363938179831454,0.3865626578458452,0.3570206125827402,0.3659519436946653,0.3390553230282859,0.2511790440331545,0.3641853908446803,0.3265742748228991,0.2980239274658606,0.3590972491969482,0.3601008161193129,0.3483254035915065,0.1950231514868267,0.3373796689318076,0.366090851173769,0.2959797825419915,0.2901610622262758,0.3718369593752879,0.3292307582517536,0.345048727418465,0.3288955061240749,0.3488827844924774,0.3715202323351971,0.3716966054887692,0.3183732753662252,0.3151697706600981,0.3455787101957567,0.3508657063091852,0.3417993416974134,0.3312510999450985,0.2586973796769257,0.3293906888015314,0.3560235536070962,0.308813130792125,0.2921709285716913,0.3657232810872264,0.3426617256838608,0.3224812603086791,0.2961087085599059,0.3465967514475458,0.3606865425751191,0.3472880554667409,0.2982879649604751,0.335468328799795,0.2590187290465567,0.3646215890262207,0.3243955466413869,0.2700021974018757,0.3618359901289639,0.3761975266746067,0.3298587704394264,0.3217253411373877,0.3311240290005947,0.3497466402352298,0.3660774131102854,0.3386684092541061,0.3304003400531898,0.3425862278212492,0.2994504405436624,0.266901824290122,0.3502098869077569,0.3413713829150039,0.3182973433744134,0.3441063452776831,0.3121927653545043,0.3307988067765478,0.3002573376677002,0.387116307559954,0.3463296964210919,0.3104859473836618,0.3661856666938633,0.3307400861567884,0.3669009765883235,0.3613606299614832,0.340517588360654,0.3823680421857842,0.3261796278153681,0.3028390854930471
0.3955360835830179,0.2932864102083961,0.3333917573408834,0.3314626100746918,0.3494806038551762,0.3749662050845533,0.3204742304260796,0.3562334448347465,0.3866176024580133,0.2342454986019296,0.3321195566931505,0.3002954269044801,0.2716969875561502,0.363470237511666,0.3502267866511881,0.2803865435310044,0.3280639533670587,0.393851649612821,0.3463930101722237,0.3136851261660993,0.3161830534562049,0.3371002839158037,0.3859745457370893,0.3571282634623491,0.3652876915473917,0.3376885417490073,0.2473074100350528,0.3619610384681107,0.3228556953397707,0.2956281388684698,0.3589604782877452,0.3587796318271056,0.3464402815932111,0.2011347612433986,0.3373159299677634,0.3674284701704337,0.2941690338402966,0.2880669834366269,0.3710311221996922,0.3284130554511703,0.3438852857050813,0.3282631293974674,0.3479142490460522,0.3725441682581712,0.371473525118624,0.3175348979130948,0.312984970917687,0.3471884224811771,0.3507157047750836,0.3418992721046676,0.3263970676062588,0.2581662886348582,0.329897032488386,0.3560694733461573,0.307248482109126,0.2944726075356434,0.3665985072378626,0.3423476007991529,0.3198830510870607,0.2972560615659766,0.3459230204826222,0.361770796287663,0.3486436345253373,0.2978249440633955,0.3335637382149555,0.2577364455939661,0.3634568410603371,0.3237341927650409,0.2788693156576795,0.3612577472675653,0.3761406004988487,0.3277618037220167,0.3203016444745988,0.3324423505140784,0.3489705959431837,0.3650940987256466,0.3371760411317785,0.3332520174660517,0.3417293062300788,0.298062467508078,0.2791061114861913,0.3494623355311278,0.3401814826387876,0.3244164627239461,0.3431201781141114,0.3169388770504029,0.3342905254691878,0.3005136149976551,0.3817776447870415,0.3456093790673944,0.3092913642415002,0.37128345083139,0.3185304257059268,0.3664876898244476,0.3616830109443666,0.3390973573397154,0.3811067577367316,0.3244864675604755,0.3011601736915731
0.3959840507345662,0.2918798770227378,0.3345014553690232,0.3315917816783941,0.3498432854514192,0.3757161463590048,0.3187191568952657,0.3558070050510985,0.3860930584054461,0.23148212767033,0.3313283558855349,0.2909787987710272,0.2710927871430013,0.3631871088915769,0.3496939370277261,0.279915125146952,0.331059894007064,0.3930778831629031,0.3460948626829729,0.3099465375654384,0.3179910654150101,0.3375409412561915,0.3853759929520014,0.3573261547078021,0.3646785077380782,0.3362404977222547,0.2442786927661398,0.3594278408265264,0.3189390186833735,0.293250300932636,0.3589471192405156,0.3574289874070786,0.3446276456939081,0.2092445809597228,0.3372918379975668,0.3673560553134982,0.2921516189316562,0.2862128286345435,0.3701140150457899,0.327687440197057,0.3427411791304667,0.3276198836797155,0.3469368150834777,0.3734242049282906,0.3711885961727427,0.3166617932893411,0.310695633562088,0.3486184053274896,0.350588625537114,0.3419507683654862,0.3218046944153967,0.2594938976654492,0.3303233317080298,0.3559352335694016,0.3055775379970836,0.2975028646482965,0.3670907516778159,0.3420430289093494,0.3172413839951118,0.2991464859744632,0.3453207671529928,0.36273936741069,0.3499183834152903,0.2974460684579303,0.3316296056059543,0.2566644815608112,0.3622897876799277,0.3230940487732824,0.2883906290995086,0.3606017294589387,0.3769731899045621,0.3255231394398226,0.3189255151349029,0.333639619326284,0.3482499445152856,0.3640235493149671,0.3356849975940568,0.3360754350885289,0.3407399824528772,0.2965625019757077,0.2908512579322742,0.3488089982259085,0.3390371410046904,0.3302798729220966,0.3418998953163563,0.3216530434437392,0.3382036520071662,0.3010709502754997,0.3765472057386004,0.3447955286243759,0.3080929713490565,0.37674416705164,0.3072422581571527,0.3658506629804945,0.3619601469009676,0.3376120889335982,0.379738392065777,0.3229412893103328,0.2995929135709408
0.3958598926625774,0.2902663118085716,0.3354891904135835,0.3315301467035211,0.3503706250141982,0.3764223369244266,0.316954893737701,0.3553446810051346,0.3854981067984741,0.2285680514211055,0.3303941689560135,0.281665306753098,0.2714685777317075,0.362762718808438,0.3492475542321208,0.2803090894109359,0.3350107135858511,0.3921856156942835,0.345586837552797,0.306462430863108,0.3201121865802041,0.3377674350600557,0.3847754025384191,0.3575608245522398,0.3641453199556774,0.3347416211877853,0.242212600792735,0.3566956984685296,0.3149381851638299,0.2910037445135923,0.3590547531648332,0.3560540137382441,0.3429240609152043,0.2190765865877787,0.3373111951556115,0.3659939668400087,0.2899629957355304,0.2847457684846828,0.3691156223371281,0.3270792575394976,0.3416357038891499,0.3269392593602532,0.3459521292670552,0.3741540186963636,0.3708252577855773,0.3157245661798378,0.3083869224156683,0.3499071192313524,0.3504739391758411,0.3419235823885095,0.3175537607014321,0.2626775734968362,0.3306155448909257,0.3556197001788465,0.3038145767762498,0.3011792669399499,0.3672298969306463,0.3417276027046823,0.3145955110868637,0.3017791471320545,0.3448065434200674,0.363617491651953,0.35113444917917,0.297153782171808,0.3296194004631891,0.2558824911757998,0.3611341599888122,0.3224825920668238,0.2982703620619075,0.3598954235821514,0.3785039065341501,0.3231335598705718,0.3176209994901967,0.3346581574867288,0.3475453765052542,0.3629285299945971,0.3342447577293319,0.338814359627151,0.3396026050605251,0.294923645983944,0.3018501655090187,0.3482628226014631,0.3379401781320758,0.3357498837865064,0.3404716871435482,0.3261964521331207,0.3425383511775065,0.3018512025727541,0.3715176519440676,0.3439274052433747,0.3068624751768505,0.3824869531304233,0.2971739591126975,0.3650206058215458,0.3621977071307232,0.3361185320331347,0.3782954661962899,0.3215459618961697,0.2981946998355054
0.3949936022544835,0.2883837147913673,0.3363593396523662,0.3312697718886739,0.3510431446997354,0.3771425041876745,0.3152305107713797,0.3548622862020225,0.3848370197662629,0.2253513932923122,0.3293330469447346,0.2723642150931419,0.2726903258948317,0.3622237261131898,0.3488616036507577,0.2816970973835699,0.3397988281279787,0.3912275466032589,0.3449144240002199,0.3034322560859754,0.3224456038002564,0.337835272559507,0.3841710436359848,0.3577666713680454,0.3636868152175486,0.3332275237669285,0.241170023933434,0.353877379243653,0.3109753910127528,0.2890145843243695,0.3592736469253619,0.3546575952674785,0.3413471995857484,0.2302477090096267,0.33737197486401,0.3635122632824888,0.2876643463487864,0.283816656276169,0.3680685394335216,0.326595956655183,0.340581096823931,0.3262018972510074,0.3449618003519663,0.3747427080458085,0.370353130062711,0.3146939283739899,0.3061576011317095,0.3510782594598751,0.3503558323929436,0.3417931610473439,0.3136972566413514,0.2675918235818051,0.330746564091144,0.3551412902429437,0.3019913476361673,0.3053780251029526,0.3670627895535949,0.3413772516771908,0.3119982875665961,0.3051129280963891,0.3443921183988191,0.3644250267975397,0.3523121213933635,0.2969516079740195,0.3274790245280611,0.2554895310828081,0.3600216877021915,0.3219012823167612,0.3082216399743659,0.3591655653747457,0.3804528622593426,0.3205880516589878,0.3163976377223821,0.3354126198386013,0.346815169005358,0.3618652717215883,0.332897328541769,0.3414231734422145,0.3383254819624254,0.2931299122190298,0.3118982419636859,0.3478418484870037,0.3368907501392131,0.3407343071770822,0.3388754106893864,0.3304576349219507,0.3472446160609574,0.3027713912067402,0.3667408686243863,0.3430476145655721,0.3055725089330845,0.3883538290326936,0.2885195738710701,0.3640359861607961,0.3624030419963978,0.3347078280531252,0.376811446505687,0.3202860662125853,0.2970030851310986
0.39323047003144,0.2861847432049261,0.3371079642637118,0.3308136251198686,0.3518357478610309,0.3779268114301014,0.3135881862326427,0.3543797950514422,0.3841244908042809,0.2217207183886505,0.3281586747031556,0.2631309083376103,0.2746061350684771,0.3615933265744962,0.3485033073287364,0.2841566815737851,0.3452615648011119,0.3902472650906699,0.3441336196703869,0.3010511174439182,0.3248870577055582,0.3377951319795763,0.3835535034389269,0.3578819504481782,0.3632802571401878,0.3317380434867749,0.2411368348922354,0.351071376192187,0.3071702657012767,0.2874210521631842,0.3595882259874722,0.3532396692058835,0.3398932218133139,0.2423020286771224,0.3374665170293786,0.3601154008792452,0.2853399688738662,0.2835634692862404,0.367003635654702,0.3262272966071306,0.3395809226963791,0.3253895192511059,0.3439671908659561,0.3752086864839278,0.3697337682470278,0.3135446445745745,0.3041100447502667,0.3521337973806854,0.3502200043479643,0.3415490053819756,0.310262529273188,0.2739929850400842,0.3307085589406593,0.3545292695708508,0.3001669989876795,0.3099380262039719,0.3666497385588181,0.3409646668071943,0.3095083730520965,0.3090605883530495,0.3440864284484309,0.3651724883601605,0.3534722723096754,0.2968452304794163,0.3251493998974538,0.2556005265180722,0.3589900549842889,0.3213460210974508,0.3179870329279646,0.3584382275185281,0.3824580974078871,0.3178901374426056,0.3152565325272162,0.3358028581529755,0.3460233379863173,0.3608757318179331,0.3316730474545499,0.34387564566736,0.3369299569514704,0.2911853862940209,0.3208778561176381,0.347554151036429,0.3358911966925794,0.3451848495685874,0.3371705390383459,0.3343622750451944,0.3522177732851222,0.3037514401167088,0.3622344354704198,0.3421975138717498,0.304194401514762,0.3940916854501074,0.2813654067562651,0.3629400439270593,0.3625797209147862,0.3335011175170173,0.3753109806303835,0.319131029836844,0.2960335333584375
0.3904544554051857,0.2836488061533569,0.3377272573827925,0.3301826254202664,0.3527186760763902,0.3788116225933817,0.3120551556866892,0.3539180837723137,0.3833849132161196,0.217617610007223,0.3268887748657449,0.2540735676089484,0.2770651618420595,0.3608962335481779,0.3481376140059833,0.2877079599064505,0.3512060461193335,0.3892818248672635,0.3432965138867629,0.2994958900338505,0.3273410117735009,0.3376870235479692,0.3829046663855242,0.3578556959236989,0.3628867747386422,0.3303095509912236,0.2420171155054541,0.3483528274197356,0.3036332175457402,0.2863670535284643,0.3599779429868834,0.3517980046065448,0.3385401412945332,0.2547564332467908,0.3375841149669644,0.3560301215419828,0.2830964053006747,0.2840995260591573,0.3659420898538972,0.325950255566687,0.3386347431495698,0.3244870618920343,0.3429684580972946,0.3755644195159408,0.3689292344580169,0.3122587905409083,0.3023535206530981,0.3530636573579563,0.3500597752245939,0.3411955444216867,0.3072549753900746,0.2815487820324649,0.330507188359749,0.3538155877054543,0.2984230918329804,0.3146792112842769,0.3660554280049787,0.3404675270201801,0.3071792991586237,0.3134921332373315,0.3438980295201843,0.3658673408787518,0.3546372332519406,0.2968493190636002,0.322577697807538,0.256332868575925,0.3580656804157601,0.3208031004474905,0.3273552727732063,0.3577404809682174,0.3841016331283871,0.3150485348881436,0.3141875054238499,0.3357351579127652,0.3451428706451576,0.3599768125887929,0.3305846913820602,0.34616447702361,0.3354458531675963,0.2891137646944972,0.3287565375628185,0.3473958569456151,0.3349476651437135,0.3490850512531592,0.335433671073765,0.3378675224136291,0.3572996847623333,0.30471721365658,0.3579925003471855,0.3414096857177311,0.30269506470969,0.3993748526878141,0.2757013295979134,0.3617773526125747,0.3627305008267102,0.3326404239344805,0.3738002811186249,0.3180323392509104,0.2952764809942544
0.3865969160280995,0.2807918380412814,0.3382109019012141,0.3294238646125744,0.3536593854596185,0.3798203504548202,0.3106476967399953,0.3534941706266055,0.3826547006445916,0.2130428975101159,0.3255499593395928,0.2453620520657789,0.2798989839766392,0.3601518669968589,0.3477301384292719,0.2923064289009092,0.357428583288032,0.3883657755026571,0.3424574557711774,0.2989117731530732,0.3297317752824997,0.3375398282758054,0.3822031230620099,0.3576514122680412,0.3624575530141045,0.328965363163135,0.243640247835207,0.3457815926309843,0.3004641822519568,0.2859851613397559,0.3604197986400611,0.3503325660394606,0.3372505883083033,0.2671404338909116,0.33771072732003,0.3514878074196341,0.2810620232757203,0.2855071668058276,0.3648948085728014,0.3257306871589638,0.3377391568539227,0.3234944509620689,0.34196707806484,0.375816870917322,0.3679056611236912,0.3108292627780641,0.3010016531972124,0.3538564201200384,0.3498779569168087,0.3407470131938204,0.304656348459103,0.2898792040664421,0.3301682671256142,0.3530375298078197,0.296852679038428,0.3194271306185274,0.3653422980190943,0.3398747982898911,0.3050577573200537,0.3182522302656705,0.3438353777726328,0.3665133893980591,0.3558280490896948,0.296986048355319,0.3197262962154614,0.2577921521380744,0.3572631957609581,0.3202474847925425,0.3361702759508434,0.3570972193500317,0.3849586963807576,0.3120721388596431,0.3131652840533187,0.3351382821251951,0.3441575317035168,0.3591586421285515,0.3296226198226356,0.3482894125914093,0.3339145316885243,0.2869566568953948,0.3355775757675223,0.3473619359151457,0.3340681153201504,0.3524464193732927,0.3337434768924009,0.3409569267466794,0.3622939382125456,0.3056024393336069,0.3539966325668331,0.3407024696975592,0.3010464587589971,0.403853393946069,0.2714391577101895,0.3605914042888941,0.362859295331478,0.3322780774220173,0.3722732044201444,0.3169310507535514,0.2946939873655409
0.3816349553436732,0.2776682794993107,0.3385533990932678,0.3286061341224536,0.3546224521310643,0.3809609795651299,0.3093704674154831,0.3531162861326741,0.3819817886146122,0.20805759185751,0.3241668414725864,0.2372255349494928,0.2829342705387733,0.3593656763207084,0.3472507874822638,0.2978349146351153,0.3637339609914137,0.3875274913489935,0.3416703373660852,0.2994089241419924,0.3320002928317243,0.3373730675101993,0.3814340479796347,0.3572559791432163,0.3619386386146894,0.3277157161204443,0.2457742723957126,0.3434075004518074,0.2977489425880942,0.286379401723926,0.3608908826974394,0.3488481612357916,0.3359754385788459,0.2790300122126322,0.3378272494905964,0.3467034319057867,0.279379780847172,0.2878292615405082,0.3638670278521383,0.3255231661022194,0.3368832634583484,0.3224269877438995,0.3409676374339361,0.375979219572837,0.3666318682069622,0.3092649286170933,0.300154295464584,0.3544958762992676,0.3496858685246216,0.3402242254243151,0.302426842591395,0.2985918014736665,0.3297389643423402,0.3522370215216264,0.2955587086585687,0.3240270799307869,0.364566120083466,0.3391825350306076,0.3031854369248789,0.323178064735704,0.3439040166724573,0.3671009484240467,0.3570620276405453,0.2972751059306277,0.3165706679354052,0.2600622212986991,0.3565922145052382,0.3196466254062909,0.344332072673895,0.3565269952636807,0.3846451113574051,0.3089715752205548,0.3121547403733353,0.3339701870547512,0.3430634937972269,0.3583909076335194,0.3287563446269807,0.3502507704836035,0.3323842998459368,0.2847806164182089,0.3414382357689204,0.3474435483968615,0.3332605293785108,0.3553072873458645,0.3321680884682148,0.3436429863668533,0.3669905136024323,0.3063515362130397,0.3502246816868306,0.3400789785662748,0.2992378335001282,0.4071827697468462,0.2684352708231697,0.3594220853837894,0.3629659129678468,0.332559542860355,0.3707222164361223,0.3157730716983635,0.2942239466024083
0.3755967770982147,0.2743734015323769,0.3387499643426389,0.327811949809843,0.3555676672946056,0.3822203156072054,0.3082076994026037,0.3527835526163611,0.3814180605299798,0.2027784703081506,0.3227539149977169,0.2299289901416225,0.2860373685449764,0.3585332546870307,0.3466782744921408,0.3041071157709138,0.36994639718171,0.386782286085503,0.3409673330928719,0.3010593068667178,0.3340945520959318,0.3371994106358471,0.3805921072805074,0.356687552692798,0.3612767194609982,0.3265640832727056,0.2481389627659015,0.3412670043095139,0.2955525217348513,0.2876186980676426,0.3613687314792089,0.3473515579758905,0.3346614204277421,0.2900834641443501,0.3379126164834619,0.3418621321125356,0.2781938711865069,0.291056889483728,0.3628577656854342,0.3252746588298781,0.3360464807750292,0.321302574790755,0.3399735639295662,0.3760688859871389,0.3650813552070829,0.3075948045506863,0.2998812745908472,0.3549569693670746,0.3495009951127614,0.3396535797690198,0.3005165334843223,0.3073104945895671,0.3292754850852719,0.3514473146783691,0.2946552645943236,0.3283490988026397,0.3637696412717313,0.3383898243599718,0.3015944200067404,0.3281082702745178,0.3441051567324992,0.3676046903809288,0.3583559181359999,0.2977286817298573,0.3130984422117596,0.2631949173883587,0.3560506522439089,0.318967515627902,0.3517917531409313,0.3560451952733514,0.3828501985080283,0.3057648094035793,0.3111194460296685,0.332225024856161,0.3418692933758302,0.357627492217646,0.3279422029884808,0.3520507088255054,0.3308976284355561,0.2826850839336856,0.3464611939031409,0.3476117213228664,0.3325322062911963,0.3577202812543805,0.3307648212321167,0.3459654215495231,0.3711869831206578,0.3069206978208218,0.3466575664475653,0.3395291144512318,0.2972747663640575,0.4090369834748452,0.2665174786637537,0.3583021496487302,0.3630433326412597,0.3336004799118117,0.3691360676504226,0.3145160452213213,0.2937917449276538
0.3685721445277795,0.2710481760641462,0.3388040336500508,0.3271396489050009,0.3564502005045688,0.3835645951882932,0.3071220235344172,0.3524897277637609,0.3810101638993164,0.1973686070143185,0.3213269145504784,0.223743233787184,0.2891192035578822,0.357648307968469,0.3460051575570456,0.3108861173415715,0.3759150362865548,0.3861352635165989,0.3403508586233109,0.303886157161497,0.3359690182085663,0.3370284523015012,0.3796771491804091,0.3559919501937348,0.3604285304129608,0.3255071472760739,0.2504227403817122,0.3393892780595827,0.2939173751279261,0.2897352555759371,0.3618316949396138,0.3458470211437737,0.3332582282516655,0.3000698025369393,0.337949805187171,0.3371149159385361,0.2776380174873465,0.2951234645794303,0.3618566970579532,0.3249312331475984,0.3352036860944783,0.3201385110099616,0.3389831845826735,0.3760930417195692,0.3632408627406526,0.3058679791723474,0.3002203334322239,0.3552175803615159,0.3493448603242362,0.3390639303529705,0.2988756801124421,0.3157052202161767,0.328833167950871,0.3506832275866435,0.2942560963638959,0.3322962391696806,0.3629795040117316,0.3375045229776853,0.3003009797906827,0.3328916272821032,0.3444387992361709,0.3679940089216461,0.3597300275007049,0.2983541504710745,0.3093197271783377,0.2671980731867419,0.355612715079302,0.3181831103667629,0.3585420520658846,0.3556692970801394,0.3793713842656651,0.3024797308420224,0.3100255748088372,0.3299441116065139,0.3405947362812818,0.3568087583989162,0.3271309048427772,0.3536872094489079,0.3294853649750076,0.2807976105856211,0.3507728706273414,0.3478163574349674,0.3318871840216908,0.3597368687748425,0.329581447752956,0.3479788126524244,0.3747020540742319,0.3072750559581222,0.343284902948674,0.3390320456319824,0.2951733792601234,0.4091410181486283,0.2655090714306948,0.3572549564936327,0.3630834081516447,0.3354676896295007,0.3674919476665735,0.3131246437240399,0.293318278729187
0.3607088494131411,0.2678745771586088,0.3387325683653353,0.3267063400469921,0.3572248984657902,0.3849478347115763,0.3060627564761836,0.3522240681056598,0.3807952232725342,0.1920240304476632,0.3199152546474391,0.2189195373449151,0.2921057319313899,0.3567018172778961,0.3452416797241731,0.3179070802385198,0.3815218549915476,0.3855925645324018,0.3398069894448573,0.3078588302698688,0.3375903405338253,0.3368702582476933,0.3786933634293214,0.3552311832470003,0.3593712122259095,0.324529421085833,0.2523082907802778,0.3378063831826028,0.2928663523709874,0.2927172136451837,0.3622612592817038,0.3443356727368857,0.3317212636485469,0.3088725739992255,0.3379268694655204,0.3325754985527262,0.2778263167177289,0.2999126211695806,0.3608490067748101,0.3244442127638654,0.3343328637147523,0.3189614158437953,0.3379938227299252,0.3760464528085664,0.3611174646817662,0.3041509852252332,0.3011767751729557,0.3552732765209649,0.3492433221018561,0.3384824384982512,0.2974562707583556,0.3235193744534083,0.3284649790607576,0.3499468121545456,0.2944554073399925,0.3358143051109584,0.3622114142392168,0.3365463053936895,0.2993057075389027,0.3374025352584793,0.344905605604154,0.3682413812920856,0.3612035357047958,0.2991528327551652,0.3052746554198982,0.2720288528346913,0.3552330709834121,0.3172747751919609,0.3646049102678296,0.3554146113680316,0.3741553746787031,0.2991527084460381,0.3088442464526436,0.3272197421092332,0.3392690679914008,0.3558674008606594,0.3262712600781932,0.3551424024402649,0.328170033467245,0.279260261906719,0.3544926771919752,0.3480047057685808,0.3313231509844778,0.3614048389544875,0.3286473788557791,0.3497382209549768,0.3773882637710739,0.3073838828552988,0.3401092710259932,0.3385579700971655,0.2929671139454828,0.4073165128626939,0.2652414900831314,0.3562949130274142,0.3630808094753296,0.338167100466107,0.3657609851504358,0.3115715073960953,0.2927204039098363
0.352192766458202,0.2650579560838766,0.3385594952802762,0.3266371003891488,0.3578513301269028,0.3863191129736189,0.3049681532718589,0.351968166316587,0.3807979793523857,0.1869591466928392,0.3185559316206761,0.2156617704949349,0.294944652942491,0.355679949753003,0.3444141031821033,0.3248972042718302,0.3866869492711334,0.3851652616673216,0.3393116737718473,0.3129013919428994,0.3389358819697708,0.3367368597541762,0.3776531479074195,0.3544762296137785,0.3581077089899714,0.3236047977461988,0.2535013356423925,0.3365427029590845,0.2924034268304714,0.2965011739829769,0.3626436598835826,0.342818513648926,0.3300148451023605,0.3164733418619881,0.3378343525509469,0.328317873143683,0.2788413649111225,0.3052718226164528,0.3598250863208455,0.3237762288585105,0.3334175612878092,0.3178074460023989,0.3370070081223093,0.3759244781395006,0.3587369485814476,0.3025262111386991,0.3027153021750122,0.3551348859801354,0.3492259294506291,0.337932720905498,0.2962126109452541,0.3305823474579852,0.3282153661235116,0.3492338530589476,0.2953183016823518,0.3388908958345878,0.3614767265083043,0.3355353086810115,0.2985945289479132,0.3415534276873175,0.3455015194401971,0.368321785385358,0.3627840975187659,0.300112018828695,0.3010251873265456,0.2775958993653687,0.3548618529926193,0.3162311150834485,0.3700183762616157,0.3552857283460822,0.3673201032877707,0.2958278783175327,0.3075559178384431,0.3241847756972477,0.3379264886207355,0.3547360431097125,0.3253138002847144,0.3563844921607245,0.3269646589191066,0.2782212922439011,0.3577246524221407,0.3481300852700971,0.3308318043998794,0.3627718420684437,0.3279631733499335,0.3512901938877767,0.3791473021191041,0.307217651662868,0.3371457861404975,0.3380708649444464,0.2907197278160284,0.4035041092674071,0.2655574655705051,0.355428172124649,0.363029497862542,0.3416344217711206,0.3639221521982068,0.3098508502520501,0.2919147947569989
0.343229708804552,0.2628118454664918,0.3383081611682153,0.3270485730008547,0.3582956882830695,0.3876245543287216,0.3037619536986087,0.351696941991207,0.3810230659877128,0.1823935659287339,0.3172854063001837,0.2140987969844739,0.2976357263889817,0.3545701424187828,0.3435568679694454,0.3315971282051835,0.3913605247317454,0.3848618503525557,0.3388281652603429,0.3189005773848198,0.3399860558890955,0.3366424111449404,0.3765760073002815,0.3538045160954173,0.3566641967106704,0.3227058010160601,0.2537542830621762,0.3355953551732426,0.2925138411370027,0.300977502202521,0.3629688272580179,0.3412991127325803,0.3281199173877349,0.3229334891880879,0.3376676506713881,0.3243824590718604,0.2807221196242765,0.3110208700408708,0.3587824690193315,0.3229068565402326,0.3324435597728589,0.3167074754532398,0.3360247321708955,0.3757285012385786,0.35613791699557,0.3010898849076106,0.3047567291098267,0.3548173168013473,0.3493173159973388,0.3374334551884846,0.2951075936672169,0.3368033482343384,0.3281090096361978,0.3485287307121558,0.2968806710125879,0.3415446189690858,0.3607842806718859,0.3344810569373862,0.2981341021927895,0.3452945038542697,0.3462114182404444,0.3682126147762218,0.3644655522351566,0.3012027309771085,0.2966442729045053,0.2837653666340331,0.3544486719649802,0.3150482086539712,0.3748249981167573,0.3552790912917148,0.3591405659235878,0.292561664516913,0.3061524037027001,0.3209978178817397,0.3366005294785475,0.3533511276054407,0.3242190565899924,0.3573823403887206,0.3258645661447922,0.2778306294172549,0.3605471937279291,0.3481425917970558,0.3303998925742079,0.3638794981695894,0.3275032762083598,0.3526688380746886,0.3799410062935819,0.3067484881378794,0.3344147051958538,0.3375345691616745,0.2885255911065473,0.3977657260491648,0.2663124723142654,0.3546530071919578,0.3629226261280163,0.3457312671036894,0.3619653957654328,0.3079861077115794,0.290831856675944
0.3340359619791855,0.2613524204944203,0.3380052344455485,0.3280417343796631,0.3585312172390607,0.388809315890179,0.3023610401026422,0.3513868555536801,0.3814468830853169,0.1785395759171866,0.3161493673590475,0.2142744384106165,0.3002146865384871,0.3533676709974102,0.3427056556047477,0.3377851950761708,0.3955072726871401,0.3846842813358911,0.3383212394889605,0.3257044596077152,0.3407232991909791,0.3366024487323621,0.3754812878149504,0.3532910066679137,0.3550816111492752,0.3218095885009712,0.2528854706371574,0.3349397128150016,0.2931707932192275,0.3060041990604026,0.363229309491478,0.3397827385755978,0.3260404149708065,0.3283765463449284,0.3374328659638071,0.3207900740199454,0.2834605096622907,0.3169594106944126,0.3577208342984672,0.3218331235058151,0.3313971643306266,0.3156791177817237,0.3350427434809611,0.3754581063890406,0.3533697238306401,0.2999453460193905,0.3071895611106085,0.3543407391307077,0.3495248521211725,0.3369952095390819,0.294117867976589,0.342158411949966,0.3281498481201574,0.3478008479195683,0.2991438660396187,0.3438161377805929,0.3601419956293418,0.3333882823603495,0.2978692480756371,0.3486072472766673,0.34701162790564,0.3678990491320046,0.366235472071574,0.3023884667896054,0.29221635858147,0.2903695795408778,0.3539364100071124,0.3137337971127995,0.3790624534417184,0.35539357288808,0.3500152321296144,0.2894316565424668,0.3046345186630739,0.3178337755041135,0.3353220396062871,0.3516565970547048,0.3229674291365501,0.3581098232763844,0.3248450830263135,0.2782251111259361,0.3630077825589943,0.3479885930585867,0.330006110019279,0.3647537710524698,0.3272284731478434,0.353896156759505,0.3797904494916226,0.305951673528921,0.3319318297435504,0.336920039362084,0.2864985228365037,0.3902941516886165,0.2673755108233218,0.3539636626762882,0.3627614927293408,0.3502544597999008,0.3598845543351206,0.30601792508831,0.2894280473441626
0.3248250746608452,0.2608870668185148,0.3376861384442798,0.3296967310554345,0.3585414422240103,0.3898240645499697,0.300692304838734,0.3510221871697731,0.3820193028371319,0.1755883412583745,0.3152131185657528,0.2161544895530713,0.3027116468016086,0.3520754321664429,0.3418960958053727,0.3432967391783051,0.3990990784320359,0.3846353530894408,0.3377752018870298,0.3331285068515656,0.3411389425381905,0.3366308190805696,0.3743842864412791,0.3529911209174967,0.3534061133081822,0.3208982135922167,0.2507976748853682,0.3345494780055985,0.294344712713119,0.3114148671384972,0.3634210450439175,0.338272082762949,0.3238015965854887,0.3329600773143025,0.3371457954242549,0.3175530001256861,0.2870065446088427,0.3228842183563311,0.3566422017744936,0.3205645968189987,0.3302706301428832,0.3147327494104899,0.3340524500203132,0.3751092486756248,0.3504930359945528,0.2991925215597145,0.3098851391032396,0.3537407475798857,0.3498373483162761,0.3366185834032915,0.2932313294842374,0.3466807723257665,0.3283295641110666,0.347015296793198,0.3020640537700511,0.3457622495251277,0.3595600476046967,0.3322664618352734,0.2977306897256718,0.3515005271442765,0.3478773205521735,0.3673780830191873,0.3680783698475374,0.3036325746459685,0.2878374817169068,0.2972239302891081,0.3532637551899276,0.31231040778723,0.3827569939230945,0.3556304322715705,0.3404305019191923,0.2865419098933046,0.3030116012069455,0.3148741066279237,0.3341193955005307,0.3496127388188594,0.3215626432753694,0.3585374882184911,0.3238696436845825,0.2795046806688727,0.3651279592057906,0.3476290752912365,0.3296189338120802,0.3654071973357297,0.3270918029725354,0.3549841698774788,0.3787653008307535,0.3048052855804546,0.3297038359756448,0.3362084911471703,0.2847648522579228,0.3814156431948097,0.2686242798104481,0.3533568182166119,0.3625608519683886,0.3549557986841009,0.3576762060636491,0.3039883474854276,0.2876851488002983
0.3157872644105286,0.2615871487611799,0.3373883905704453,0.3320562245294214,0.3583256505866857,0.3906323359134683,0.2986984557092623,0.3505926882929862,0.382674394827494,0.1736984304325816,0.3145499921401141,0.219633294342847,0.3051553870589462,0.3507037739300449,0.3411618374738421,0.3480326893577241,0.4021167783362637,0.3847239828372626,0.3371829916220966,0.3409781154970995,0.3412366331541838,0.3367351994376753,0.3732975463642889,0.3529298264508874,0.3516822244495167,0.3199601205718003,0.2474914870158078,0.3343934920131103,0.2960048465834119,0.3170234076078238,0.3635439404948001,0.3367644032334069,0.3214434429883682,0.3368423689192919,0.3368242828133962,0.3146797300613401,0.2912717936393418,0.3286124890045782,0.3555563758662785,0.3191207306057222,0.3290692663996187,0.3138730787063535,0.3330474687854543,0.3746842913735574,0.34757573649013,0.2989189109358707,0.3127060176550335,0.3530675725781262,0.3502359039371182,0.3362960528609645,0.2924417052976136,0.350448708218287,0.3286291058141733,0.346145698239035,0.3055518027523307,0.3474452574857812,0.3590491875164742,0.3311231714048628,0.2976457374780325,0.35400536190345,0.3487830283597511,0.3666582641607303,0.3699685010914791,0.3048956083220088,0.2836019700599504,0.30415010541732,0.3523784674313392,0.3108123837586231,0.3859203282223269,0.3559814510383981,0.3309163906183925,0.2840172667743512,0.301305963846427,0.3122902984377874,0.3330145081222626,0.3472041802249566,0.32002736293482,0.3586347137750751,0.3228977503635256,0.2817179339563153,0.3669140777663244,0.3470515071782125,0.3292032290442996,0.3658496274204195,0.3270354402682871,0.3559330401323943,0.3769715762051084,0.3032899463189537,0.3277277556204294,0.3353903372170631,0.2834614567813309,0.3715543407677257,0.2699350544566413,0.3528326383386551,0.3623425329453475,0.3595637965984588,0.3553461188380017,0.3019405943227915,0.2856059661081216
0.3070751107165148,0.2635619807540463,0.3371416697547381,0.3351063067170211,0.3579011680887297,0.3912120478370653,0.2963328529822941,0.3500895155135153,0.3833383417662951,0.1729926255340811,0.3142237245338489,0.2245419795871279,0.307597368956139,0.3492736971666848,0.3405259527049851,0.3519603616588106,0.4045487628277645,0.384957057574381,0.3365301183852313,0.3490659224459327,0.3410294877183087,0.3369151977896957,0.3722291153563068,0.3531068074629552,0.3499479276718359,0.3189928512912692,0.2430676942589676,0.3344189754036481,0.2981147671937077,0.3226403682829315,0.3636014610007353,0.3352554337057948,0.3190159804214216,0.3401624658933402,0.3364854345342279,0.3121808575279535,0.2961289260881279,0.3339959148378302,0.3544794217964226,0.3175332901606435,0.3278099178463162,0.3130909329147143,0.3320237321964381,0.3741962525555741,0.3446834272537025,0.2991934458899924,0.3155154097460668,0.3523728623547232,0.3506986357041161,0.3360145930230385,0.2917458932864593,0.3535631322838579,0.3290141781286422,0.3451751412738176,0.3094857430296431,0.3489198917121734,0.3586157894748049,0.3299521354985817,0.2975418349601351,0.3561628998995818,0.3496971614403226,0.365759572193909,0.3718647736211897,0.3061325775938254,0.2795885061762049,0.3109929290374479,0.351245405831418,0.3092793231306681,0.3885489144135998,0.3564244516928196,0.3219874916164514,0.2819909209146518,0.2995558619551449,0.3102287682815127,0.3320161853588613,0.3444389443959187,0.3183976550449847,0.3583861493829545,0.3218869750312567,0.2848628720428694,0.3683679804526289,0.3462619799051669,0.3287297513190848,0.3660924355277349,0.3269930143345926,0.3567273426709902,0.3745409947829575,0.3013943694386593,0.3259886050202297,0.3344654563885587,0.2827265798187041,0.3611776884880278,0.2711754864933018,0.3523891977771113,0.3621293491113022,0.3638084729952566,0.3529109953512658,0.299925178567104,0.2832215913776589
0.2988012689062939,0.2668516653918025,0.336968911765601,0.3387723020462952,0.3572994347005231,0.3915502349502938,0.2935658886317318,0.3495079794235931,0.3839304233861385,0.1735596574315872,0.3142891334974702,0.2306746485181817,0.3100856836181259,0.3478151385348892,0.3399925163007645,0.3551095726828165,0.4063866259123815,0.3853285652732069,0.3358165619255999,0.3572081487932297,0.3405401559818838,0.3371636896927887,0.3711774240160618,0.3535075648783327,0.348228061687771,0.3180010079261793,0.2377229489662014,0.3345609309195045,0.3006311468858806,0.3280973277064821,0.3636016476335401,0.3337467055566601,0.3165768325587136,0.3430351245178354,0.3361494426665479,0.3100781819034126,0.3014179258228374,0.3389221288291125,0.353424114596873,0.3158454227682943,0.3265115440626358,0.3123627086952036,0.3309757484287531,0.3736605903021064,0.3418712986533472,0.300060113516107,0.3181935154277462,0.3517007182880901,0.3511920777630742,0.3357572839827008,0.2911418192534916,0.3561253498986678,0.3294405289345349,0.3440929883763948,0.3137268671285748,0.3502276968219289,0.3582639904703114,0.3287386040461015,0.2973477541243355,0.3580118410012947,0.3505822017023531,0.3647129585824448,0.3737178189739576,0.3073002952041041,0.2758599350852091,0.31762559938113,0.3498439744805111,0.3077503674147399,0.3906242311200077,0.3569320412203056,0.3140841153520829,0.2805960236795256,0.2978120969092877,0.3088051021950225,0.3311197671538758,0.3413439572187944,0.3167196715609239,0.3577973565218756,0.3207956521246629,0.2888878130080474,0.369496513535582,0.3452778664765674,0.3281758355162091,0.3661455567702986,0.3269036324120303,0.3573414457381407,0.3716184424464697,0.2991270618423038,0.3244564285124497,0.3334457673247418,0.2826829677859295,0.3507607575325511,0.2722077191615403,0.352020940834359,0.3619489126302342,0.3674519413328225,0.3503935056988262,0.2979924961950878,0.2806040430456143
0.2910379729877246,0.2714295116719273,0.3368916057999413,0.3429251668481083,0.3565592409310255,0.3916379647742809,0.2904064375827995,0.348853743895652,0.3843678155112892,0.1754505968927057,0.3147972816960198,0.2378223782591253,0.3126235815301871,0.3463598649919601,0.3395472293822371,0.3575625472163347,0.4076299230542761,0.385819977462553,0.3350839852764852,0.3652196870344263,0.3398060918670615,0.3374671650076656,0.3701318940179469,0.3541058977858603,0.3465260368835742,0.3169917948354093,0.2317455777385456,0.334768722403371,0.3035048925625241,0.3332589334646808,0.3635595696784472,0.332245590798529,0.3141868406650665,0.3455460723115691,0.3358387737786105,0.3084086045816654,0.3069649825264385,0.3433155373121479,0.3523954863603066,0.314102382319349,0.3251906262827783,0.311660937774083,0.329898340646923,0.3730899621092848,0.3391813828957007,0.3015314704753561,0.3206499520444693,0.3510887800409014,0.351667793461116,0.335506087429738,0.2906244385348256,0.358231654073161,0.3298669461280373,0.342898950463241,0.3181264938290664,0.3513982137322219,0.3580017824359582,0.3274746718173436,0.2970019097395528,0.3595829802051595,0.3514021897492982,0.3635552238010727,0.3754812630979509,0.3083668286091133,0.2724659161854812,0.3239531716711082,0.3481647548055125,0.3062594009217939,0.3921155004815295,0.3574767840793862,0.3075278123214615,0.2799608065228888,0.2961328366897864,0.3080993857918195,0.3303132635035785,0.3379662903622389,0.3150443027708728,0.3568824628747959,0.3195906496241928,0.293685498693543,0.3703185369837282,0.3441330259305621,0.3275211538140842,0.3660181819066518,0.3267241384999292,0.3577537223637111,0.3683460201355704,0.2965261857393216,0.3230903582494814,0.332354172546504,0.283424375783164,0.3407554517060382,0.2729004544451633,0.3517254226944197,0.3618371203783497,0.3703136199173974,0.3478190678222014,0.2961768714937112,0.2778662573235738
0.2838149625526882,0.2771975680137182,0.3369263413512344,0.3473843441315752,0.3557221602644764,0.3914719640423706,0.286914775940443,0.3481442147905814,0.3845819393439347,0.1786700311143759,0.3157813317805979,0.2457879077263389,0.3151854180768716,0.3449398360850489,0.3391626039830481,0.3594375733453666,0.4082987642900978,0.3864058430046184,0.3343892124788223,0.3729261775682612,0.3388805370227034,0.3378035896863594,0.3690790846637774,0.3548611298087611,0.3448197730893474,0.3159744596863639,0.2255074566872953,0.3350078456889777,0.3066773935314727,0.3380196232243271,0.3634973689181325,0.3307564808281448,0.3119026024934071,0.3477465557995866,0.3355699560694615,0.3072188238503905,0.3126040343097765,0.347142956174484,0.351395544312075,0.3123424778238466,0.3238667663897929,0.3109578946669131,0.3287908579831251,0.3724979633093815,0.3366424651623332,0.3035861346408696,0.3228251442703195,0.350569345646486,0.3520764854803911,0.3352451404085391,0.2901827030794282,0.3599802770669657,0.330259586020953,0.3416083168428495,0.3225358558281019,0.352447971851034,0.3578361561751237,0.3261599904140963,0.2964646500997563,0.3608976653783711,0.3521270689721311,0.3623224566624831,0.377115738527663,0.3093110291392273,0.2694356925296001,0.3299201747115518,0.3462104423580905,0.3048312912711933,0.3929869323143492,0.3580246706198464,0.3024903372482523,0.2801959269947756,0.2945825897925269,0.3081452873688949,0.329580342924655,0.334375640535518,0.3134183423904157,0.3556585915559968,0.3182550013732055,0.2990952411613997,0.3708662712379236,0.342878424169557,0.326751575707204,0.3657243422345447,0.3264276082224704,0.3579542249554042,0.3648490790059057,0.2936616847245925,0.3218492453541777,0.3312179390488035,0.2850079813237551,0.3315351233750053,0.2731415673833434,0.3515065346209018,0.3618315817526455,0.3722783141315209,0.3452146054258931,0.2944921645633041,0.2751506641726301
0.2771254812006141,0.2839817582205917,0.337078728103928,0.3519214826147364,0.3548305356963872,0.3910591501613339,0.2831960724489671,0.3474045565208699,0.3845355527088569,0.183174004297112,0.3172379432258332,0.2543838350807917,0.3177522339459959,0.3435905936788127,0.3387993555720901,0.3608706507899669,0.4084392298256621,0.3870514483962111,0.3337581434291515,0.3801745224689103,0.3378255301113233,0.3381422735690872,0.3680035737012769,0.355723656651767,0.3430659393188927,0.3149601839931479,0.2194442867464602,0.3352414455043863,0.3100750262336923,0.342303300390526,0.3634403479380306,0.3292762525328229,0.3097683342359373,0.3496606181848368,0.3353493771684626,0.3065575737037214,0.3181881523257508,0.3504140448532107,0.3504253163020528,0.3105963210449155,0.32256656272414,0.3102190991433141,0.3276557847145731,0.3718974230712205,0.3342693369680276,0.3061708527779483,0.3246900321666354,0.3501653627841531,0.3523821258017401,0.3349612444597437,0.28979908831757,0.3614711166272271,0.3305884214108755,0.3402490583434187,0.3268210019201873,0.3533777132629122,0.357760219542952,0.3247900019717089,0.2957254849457481,0.3619647927138731,0.3527304662037664,0.3610480940145149,0.3785874827609177,0.3101165206883897,0.2667721501700875,0.3355120572612332,0.3439971834391866,0.3034815490521559,0.3932063347697239,0.3585312546312679,0.298978948347212,0.2813739395472426,0.2932335963414146,0.308924577499462,0.3288980253960148,0.3306582477082986,0.3118780150544768,0.354156697937189,0.3167904300586101,0.3049225324443152,0.371182255857205,0.3415687559945896,0.3258677334896327,0.3652853578135583,0.3259963376499457,0.357941135995679,0.3612300420801485,0.290633642868017,0.3206992207744376,0.3300627200573556,0.2874464966111063,0.3233443870890434,0.2728459504173543,0.3513667873644235,0.3619639314365229,0.3732953264291237,0.3426030692824936,0.2929386411390785,0.2726243515224411
0.2709410348698795,0.2915436178230053,0.3373461409195818,0.3562779338012463,0.3539241277751301,0.3904144235924852,0.2793913408088355,0.346663652406858,0.3842248050217776,0.1888781458031625,0.3191313056298968,0.2634383045747528,0.3202944655787305,0.3423468598350285,0.3384078485015028,0.3619983653066964,0.4081190733396717,0.3877062972639986,0.3331948140034171,0.3868213567060286,0.3367058731801635,0.3384488404118173,0.3668829643540283,0.3566477572644603,0.3412090946087757,0.3139564159278698,0.2140281154079459,0.3354309393625381,0.3136105057170293,0.3460716121412858,0.3634121207845497,0.3278016995866329,0.3078098434234865,0.3513040738082466,0.3351776643370038,0.3064699889551471,0.3235919012465026,0.3531699983152884,0.3494780917807997,0.3088888128708155,0.3213150820563256,0.3094046669819917,0.3264958439019837,0.3712889000340176,0.3320618471795128,0.3092039964874152,0.3262491411840764,0.3498871208126796,0.3525587143229772,0.3346440382569632,0.289449753366127,0.3627960873865154,0.3308293496943009,0.3388552945069291,0.3308737477926382,0.354176081023525,0.3577524423507164,0.3233553280973857,0.2948052335874273,0.3627797511123938,0.3531889394098683,0.3597626167466817,0.3798696201763017,0.3107711337493198,0.2644587916340452,0.3407415704741834,0.3415540690996351,0.3022172393967244,0.3927492382300277,0.3589502356780061,0.2968498866080726,0.2835161483290198,0.2921639534771381,0.3103779374103759,0.3282376979314755,0.3269059607600436,0.3104470742980129,0.3524247202234628,0.3152159988851473,0.3109618802822944,0.3713168215916756,0.3402518222013041,0.3248825834813658,0.3647273080744332,0.3254233533752511,0.3577199997660488,0.3575691618570314,0.2875721983491172,0.3196153206426188,0.3289110984642143,0.2907007983715727,0.3163019326512526,0.2719630281523058,0.3513003066521259,0.362260447257766,0.373381715994651,0.3399963092155015,0.2915033749558142,0.2704827748053577
0.2652222556128658,0.2996064041455197,0.3377234501073827,0.3601913161579281,0.3530336354638629,0.3895523730002423,0.2756776899668073,0.345952929156015,0.383669449413121,0.1956650505035305,0.3214080365469909,0.2728041108932095,0.3227428361903219,0.3412309031282584,0.3379365006199649,0.3629425581808191,0.4074263612430363,0.3883062297101386,0.3327173403877295,0.3927174306725037,0.3355893880939982,0.3386921277029731,0.3656893052122545,0.357595993131158,0.3391909413397482,0.3129614047781756,0.2097411988940133,0.335554953927148,0.3171885901726315,0.3493253077624959,0.3634311506347171,0.3263366029788137,0.3060326263316554,0.35269746063691,0.3350524207698284,0.3069902174934063,0.3287149976219413,0.3554692497882512,0.3485344844878668,0.3072362699882977,0.3201239416906907,0.3084810582395897,0.3253166710912458,0.3706564246429302,0.3300056332529336,0.312581102121682,0.3275364446706946,0.349733702661779,0.3525828698337709,0.3342905119759398,0.2891050840867712,0.3640375111158885,0.3309698998823872,0.3374636866827794,0.3346131456236075,0.3548289671575383,0.3577893881320905,0.3218546085005524,0.2937580674065564,0.363329839858154,0.3534859055976153,0.3584893404642825,0.3809467411001281,0.3112689942977817,0.26246767593843,0.3456292830737245,0.3389205418288106,0.3010337592334843,0.3915993331149622,0.35924306876968,0.2958461915501068,0.2865931095661957,0.2914513934994393,0.3124188268802138,0.3275719273249019,0.3232107296064929,0.3091336490720617,0.3505115874789848,0.3135654797244924,0.317009489857014,0.3713259571534269,0.3389695879898597,0.3238093138315989,0.3640786564789685,0.3247191536801908,0.3573106019550719,0.353928340932035,0.2846359661512982,0.3185849642979753,0.3277816730727289,0.2946804365121419,0.3104371446984883,0.2704894850341755,0.3512970568496147,0.3627431903570813,0.3726219809714529,0.3373934177797509,0.2901527439306807,0.2689430685230957
0.2599222012570791,0.3078790091553378,0.3382020538711641,0.3634177500377141,0.3521748862448776,0.3884851251332865,0.2722664629987784,0.3453069707965115,0.382908910341328,0.20338640888521,0.3239956609102102,0.2823475508286793,0.3250182831451945,0.3402485028203267,0.3373411125961434,0.3637986685055659,0.4064725845292481,0.3887829486595771,0.3323389248415443,0.397713738946385,0.3345460164655152,0.3388491090377047,0.3643991605698341,0.3585297500654387,0.3369597933814022,0.3119667799163929,0.2070500392339794,0.3356136566003533,0.3207078966342773,0.352092541015871,0.3635072015559766,0.3248857013703504,0.3044237889091777,0.3538670051323119,0.3349640042707498,0.3081310874825964,0.3334898860907762,0.3573788298790848,0.3475685410589906,0.3056429842237458,0.3189913862889794,0.3074250899910186,0.3241287859743378,0.3699774620977913,0.3280752964851501,0.3161855730015059,0.32860032551159,0.3496967489922253,0.3524408892126521,0.3339086550722807,0.2887313934986636,0.3652783321359154,0.3310073088384938,0.3361096561217269,0.3379848403363821,0.3553251727413239,0.357850432967891,0.3202989499265504,0.2926723037125265,0.3636022507902576,0.3536135709750572,0.357240024928768,0.3818177059955799,0.3116058105773104,0.260757348810876,0.3501918487727342,0.3361398692099185,0.2999103862474735,0.3897522802645269,0.3593787893198377,0.2956386924515832,0.2905268004623265,0.2911671733242841,0.3149339251232314,0.326879108696645,0.3196624652414733,0.3079248414727021,0.3484560840497096,0.3118843695147274,0.3228746132050017,0.3712650805678997,0.3377563445942226,0.322657595718029,0.363370109147108,0.3239098587038387,0.3567469514539639,0.350357639159151,0.2820040423537069,0.317615072126324,0.3266853558713167,0.2992527238199194,0.3057097569727899,0.2684806549371289,0.3513487917200277,0.3634235459016358,0.3711489717623454,0.3347823833715433,0.2888336265803286,0.2682196734452628
0.2549916250483579,0.316072819225462,0.3387679599462466,0.3657505463715663,0.3513484542203905,0.387230022882413,0.2693883149483655,0.344762567007916,0.3820077724791154,0.2118699855118082,0.3267945137620855,0.2919239947892892,0.3270752536998751,0.3393942457765037,0.3365864785540298,0.3646305456318002,0.4053859138599413,0.3890695187034042,0.3320222960701393,0.4016792483653604,0.3336394815574062,0.3389081125926538,0.3629984241431755,0.3593984839024617,0.3344802978380227,0.3109623112319215,0.2063737052098914,0.3356181328494853,0.3240613296013559,0.3544174680595001,0.3636358153390798,0.3234451427489903,0.3029543039287877,0.3548448267588683,0.3348935519189766,0.3098772583052852,0.3378850941521966,0.3589671668541196,0.3465579266457551,0.304103818383719,0.3179117100874198,0.3062181148476218,0.3229415612543595,0.3692294386114904,0.3262398812507879,0.3199009977042795,0.3294915943703043,0.3497637427314915,0.352139799901134,0.3335117249480391,0.2882922959481893,0.3666055239309558,0.3309432649908962,0.3348213501733326,0.3409637958728397,0.3556560795263737,0.3579090558277859,0.3187007093560995,0.2916659451872744,0.3635892263358741,0.3535701840866261,0.3560158069372018,0.3824949254137287,0.3117713869303616,0.2592734432745874,0.3544363917875179,0.3332517209799044,0.2988133582299367,0.3872242662824853,0.3593311193182032,0.2958635712407573,0.2951884934810045,0.2913733616908521,0.3177805994459886,0.32614305132823,0.3163415991139984,0.30678765207638,0.346295167910021,0.3102265778695905,0.3283991823708135,0.371179968744689,0.3366282677806258,0.3214407527114347,0.3626345406551182,0.3230265646515607,0.3560657777151848,0.346904978709022,0.2798644405163178,0.3167324051555556,0.3256216901772291,0.3042545915639479,0.3020195934491032,0.2660487392404347,0.3514454180047519,0.3642966519019077,0.3691135213694551,0.3321390422580587,0.2874862222157602,0.2684996067604945
0.2503876388561825,0.3239198553840243,0.3394058217449782,0.3670413130763862,0.3505439987209942,0.3858143710232983,0.2672713851148706,0.3443528322112986,0.3810534218674809,0.2209351241298449,0.3296902875070235,0.3013693603265929,0.3288865586418577,0.3386528491303348,0.3356460150891706,0.3654712906405735,0.4042912965578423,0.3891016000606158,0.3317003906893525,0.4045076313534819,0.3329177745171997,0.3388713168597012,0.3614756613832894,0.3601373492470101,0.3317389892596846,0.309934210048468,0.2080508059757205,0.3355888903955338,0.3271434890655544,0.3563553639200239,0.3637922861460524,0.3220059223907226,0.3015794874871988,0.3556726055924867,0.3348191865148101,0.3121847487647118,0.3418989857225495,0.3602938245973029,0.3454872818931776,0.302608283588485,0.3168782053129308,0.3048488946872513,0.3217581601211172,0.3683823024105238,0.3244694621018868,0.3236176707265499,0.3302614398594503,0.3499195738608294,0.3517028395511473,0.3331092503017634,0.2877509270348665,0.3680975273271301,0.330785303217761,0.3336165349326689,0.3435537978070951,0.3558156226631448,0.3579310289082124,0.3170641354511506,0.2908779637930784,0.3632919253222389,0.3533588145835529,0.35480978936399,0.3830027867166763,0.3117510140523615,0.2579617985640319,0.3583512289834808,0.3302916600813116,0.2977047105529143,0.3840573924851801,0.359081857488964,0.2961690237646118,0.3004050819819003,0.292120472353666,0.3208006092663309,0.3253535241037999,0.3133096534426404,0.3056784310132813,0.3440700430235939,0.3086489211196229,0.3334738263209841,0.37110211758008,0.3355802882994949,0.3201765428090657,0.3619051273842388,0.3220992870353936,0.3553004995869057,0.3436252597399099,0.2784038146824023,0.3159725137012977,0.3245783786964203,0.3095050806508849,0.2992454851988884,0.263350753464189,0.3515696045094262,0.3653452571937041,0.3666639364282688,0.3294259652104745,0.2860523185434165,0.2699308566244667
0.2460759034237266,0.3311943437810723,0.3401016165234037,0.3672159316678192,0.3497445124582936,0.3842696169142153,0.2661205036101383,0.3440986806134903,0.3801366165508728,0.2304047397272816,0.332578598133128,0.3105076287208153,0.3304150783110351,0.3379946311891755,0.3345080738919566,0.3663274525052057,0.4032934301312524,0.3888241901929819,0.3313339485252053,0.4061205847406418,0.3324108265397068,0.3387551083315868,0.3598166961181657,0.3606672934465884,0.3287442104251076,0.3088626100465932,0.2123138606239237,0.3355604916612033,0.3298631300126353,0.3579649992987845,0.3639293606077053,0.3205650639532275,0.3002409548990499,0.3564003618086572,0.334722561438133,0.3149821083141698,0.3455494741229268,0.3614028863235469,0.3443459060671616,0.3011393773126854,0.3158762489390779,0.3033269027933565,0.3205811754052547,0.3673938214664729,0.3227402879477404,0.3272350546165348,0.3309571326483348,0.3501460715486612,0.3511570258168439,0.3327085106495831,0.287078186967992,0.3698108860846856,0.3305488286074729,0.3325031789936172,0.345777730072262,0.3558032021317585,0.3578873390896676,0.3153893280371519,0.290458298402648,0.3627255210306107,0.3529904896205492,0.3536069181844799,0.3833777033108603,0.3115334396679386,0.2567786470100681,0.3618932920559583,0.3272957872432576,0.2965460003355105,0.3803168763090257,0.3586261847367746,0.296268014667056,0.305981140691755,0.293440284629554,0.323841856433141,0.3245085954577518,0.3106079046947176,0.3045497384115058,0.3418141024352413,0.3072018610525374,0.3380371169184801,0.3710504886224626,0.3345954751441509,0.3188769302220668,0.3612110519986012,0.32115915766872,0.3544875700838868,0.3405849575813144,0.2777962815787269,0.3153686206235843,0.3235338594616098,0.3148202020141535,0.2972985429402926,0.2605807040448847,0.3517007129164662,0.3665442795538712,0.3639379701032805,0.3265967615828923,0.284473435830949,0.2726142497664031
0.2420256526602166,0.3377292447392905,0.3408391256601077,0.3662762448900187,0.3489286262146175,0.3826263450766156,0.2660965714314088,0.3440057645727593,0.3793314094675702,0.2401081222892848,0.3353727186246958,0.3191518298868052,0.331639404712288,0.3373767898308981,0.3331819757758783,0.3671855680870419,0.4024716177114715,0.3882036512919357,0.3308941697622824,0.4064868864581896,0.3321334319546487,0.3385876207915809,0.3580102382180158,0.3608909913891006,0.3255263490722432,0.3077267646676736,0.2192698526667321,0.3355753209399331,0.3321517606365871,0.3592975571608162,0.3639812078986161,0.3191263936610287,0.2988732538899787,0.3570790516405921,0.3345893966860616,0.3181725580029932,0.3488672130003258,0.3623250104161656,0.3431276424270051,0.2996718890406338,0.3148795037324495,0.3016863105734699,0.31941891513247,0.3662220099019519,0.3210366278793701,0.3306689174509556,0.3316100489645699,0.350422415924337,0.3505324331171438,0.3323229130063732,0.2862644182451616,0.3717779873151671,0.3302513881905179,0.331478219689711,0.3476649200634388,0.3556261154241192,0.3577630241723331,0.3136796690642495,0.2905564531642456,0.3619224146812044,0.352486184072428,0.3523854305687261,0.3836687564624396,0.3111126215032342,0.2556857288173539,0.3649811003769266,0.3242990547332706,0.2952968294745533,0.3760859322224156,0.3579732453547313,0.2959710839438493,0.3117223849406981,0.2953360842367663,0.3267655561803523,0.3236125954050258,0.3082618827532572,0.30334882176643,0.3395427578990176,0.3059207093411669,0.3420677405577902,0.3710335617139548,0.3336505441576061,0.3175437055263706,0.360572644810382,0.3202374058335441,0.3536680325111589,0.3378640319883679,0.2781886568528067,0.3149493846474784,0.3224620328001494,0.3200289885791204,0.296141160590213,0.2579661087790769,0.3518212714169959,0.3678560115833246,0.3610534808645291,0.3236035559509287,0.2826925204399086,0.2765871982140694
0.2382077630212027,0.3434214538319219,0.3415995548410883,0.3642936997960128,0.3480736075229443,0.3809192627001488,0.2672977763838412,0.3440686915152883,0.37869143140135,0.2498858120771653,0.3379980343662836,0.3271014572826884,0.3325845917259955,0.3367513095554306,0.331693316770819,0.368020746272271,0.401875495544326,0.3872336239836403,0.33029417552622,0.405647810771874,0.3320870721967128,0.3384050750066888,0.3560550835377009,0.3606906717327273,0.3221407645792033,0.3065117239703321,0.2288832222917541,0.335674092553218,0.3339669535495633,0.360393798919205,0.3638705252181601,0.3176911229535187,0.2974117720777876,0.3577553457428557,0.3344092926276901,0.3216433782670057,0.3518910880899101,0.3630800801061628,0.3418342445301149,0.2981775489668799,0.3138564518689365,0.2999776252233634,0.3182794446423392,0.3648404220884829,0.3193502122816055,0.3338617868950505,0.3322304345997041,0.3507292878787537,0.3498681627449754,0.3319699688543056,0.2853222405066276,0.3740062041479698,0.329907649787288,0.3305261116735068,0.3492447301571731,0.3552997040729522,0.3575514268708378,0.3119414516367386,0.2913083684004234,0.360930442074465,0.3518742287467914,0.3511226617665388,0.3839346263986471,0.3104827702510617,0.2546455508677638,0.3674967153207308,0.3213268982440497,0.2939192896812692,0.371465428510542,0.3571445790059561,0.295187614873979,0.3174478067273095,0.2977795998271478,0.329441695225716,0.3226707811946506,0.3062810230780303,0.3020181207727925,0.3372624639269217,0.3048232319006156,0.3455833343453438,0.3710483925852598,0.332712387774252,0.3161766114380283,0.3600010553972291,0.3193561028603137,0.3528758767741365,0.3355574186445637,0.2796880242687045,0.3147368947921927,0.3213369747221906,0.324987023277743,0.2957722910778891,0.2557525538175872,0.3519156944774767,0.3692233906564404,0.3580962872076136,0.3204035752779159,0.2806652423906105,0.2818074954349454
0.2345970321074857,0.3482276973577183,0.3423671414895693,0.3614025787992772,0.3471602651977499,0.3791907663066011,0.2697503158516217,0.3442730173834805,0.3782536637166084,0.2596014204614142,0.3403981420354495,0.334157450016122,0.333293880828678,0.3360686811021439,0.3300750900203704,0.3688052578470338,0.4015137804626785,0.3859312588242132,0.3294097597711732,0.4037261331123101,0.3322603123185761,0.3382473617791374,0.353956828301871,0.3599359000737189,0.3186650146295134,0.3052072193154666,0.2409691110286596,0.335894013506123,0.3352949996316689,0.3612883628011138,0.3635133354734623,0.3162551248007372,0.295797326449468,0.3584691776636951,0.3341789718476968,0.3252814634592542,0.3546609450636803,0.3636740651422219,0.3404775175008628,0.2966324690637202,0.3127783493829011,0.2982662800160695,0.3171614936008416,0.3632376007008658,0.3176795532458112,0.3367848512364352,0.332816339008496,0.3510525044876803,0.3492065338272074,0.3316583250676064,0.2842787180557389,0.3764685499149368,0.3295328453115093,0.3296240685674362,0.3505456500877495,0.3548460340175822,0.3572482469947453,0.3101783894769931,0.2928233177098976,0.35980826047354,0.3511867868261581,0.3497987987067027,0.384234794797268,0.3096386064032796,0.2536303523502299,0.3692934067365134,0.3183939608424037,0.2923890060987535,0.366575472345607,0.3561739089096458,0.2939135169921903,0.3229991419692717,0.3007175984415699,0.3317549338457534,0.3216887206912111,0.3046541552266733,0.3005053196254192,0.3349812950747566,0.3039107205210788,0.3486380707030125,0.3710814503224354,0.3317418766956879,0.3147783009041143,0.3595036659635406,0.3185218549913637,0.3521306558056786,0.3337715716785593,0.2823576121691877,0.3147352439004405,0.3201336687417054,0.3295855215142093,0.2962172876882922,0.2541741759162008,0.3519672675680349,0.3705726302470611,0.3551178331245456,0.3169663800822946,0.2783689925180537,0.2881516769316116
0.231170717003638,0.3521562913734595,0.3431282123679696,0.3577864224580366,0.3461767858558535,0.3774816947697094,0.273409382356569,0.3445905382574817,0.3780326640060817,0.2691469009473862,0.3425489462939655,0.3401482832914908,0.3337933608926789,0.3352775780943628,0.3283662180363121,0.3695152705011426,0.4013475322821003,0.3843326068141266,0.3281929728226307,0.4009203344977913,0.3326304230020898,0.3381518055017188,0.351718870154087,0.3584982316945548,0.3151848700070172,0.3038043663686525,0.255205537161454,0.336262374907386,0.3361527482010797,0.3620069195640735,0.3628228666507906,0.314816062049137,0.2939800364072385,0.3592476294990075,0.3339038363219258,0.3289832344449488,0.3572095330678067,0.3640989811947562,0.3390781435888761,0.2950182331609329,0.311619463392449,0.2966412724382403,0.3160574921279484,0.361408877673454,0.3160300968687567,0.3394293528085091,0.3333620867354156,0.3513803251813917,0.3485793583841021,0.3313828810971931,0.2831726165074488,0.3790938892516741,0.3291446035773147,0.3287503018745185,0.3515935397316053,0.3542909949708552,0.3568546167699312,0.3083889573254487,0.2951719634161187,0.358620382834584,0.3504581895394262,0.3483955691956423,0.384620655852724,0.3085827411487256,0.2526307717751282,0.3702070132785088,0.3155126483353924,0.2907011389149255,0.3615512215844741,0.3551053092042882,0.2922196153756046,0.328257495363449,0.3040790343831384,0.3336215893169125,0.3206753833189277,0.3033517043331457,0.298773166055354,0.3327030083320095,0.3031649280090116,0.3513065220057546,0.371115299105241,0.3307090329680314,0.3133482580468476,0.3590878435449446,0.3177301940309625,0.3514453730419454,0.3326110366741334,0.286215348912525,0.3149191729647587,0.3188260247178971,0.3337557033249999,0.2975245693107257,0.2534304487664421,0.3519615925904121,0.3718207223160925,0.3521451070658778,0.3132816087735668,0.2758038368400934,0.2954277299756439
0.227905992912694,0.3552580765766495,0.3438619409413239,0.3536535178423631,0.3451191873991002,0.3758202750013539,0.2781631411696461,0.3449788525083485,0.378010511065587,0.2784344480612233,0.3444564156420647,0.3449429694033514,0.3341118216037123,0.3343305168648689,0.326612156077706,0.370135704003067,0.4012992479066335,0.3824920524759503,0.3267142496193028,0.3974990921939201,0.3331651342059928,0.3381467484228767,0.3493400037764326,0.3562650539033892,0.3117786469607664,0.3022986676090315,0.2711571455998946,0.3367828971545948,0.3365849343527896,0.3625577472877618,0.3617202303647065,0.3133757580152058,0.2919269822894606,0.3600985350929346,0.3335950797569494,0.3326548110422687,0.3595600176743601,0.3643436751717753,0.3376624308075243,0.2933197238386255,0.3103537861257761,0.2952136370284444,0.3149619890349114,0.359359402559227,0.3144141694023567,0.3418001196302836,0.333856473088397,0.3516987699377225,0.3480046659246702,0.3311340728260543,0.2820636289808411,0.3817668774344033,0.3287565129285472,0.3278854120797531,0.352407954501763,0.353660946300203,0.3563777754514197,0.3065692403713369,0.2983767039668951,0.357431180795034,0.3497229007347838,0.3468970405523548,0.3851331293277172,0.3073290448300694,0.2516501513342482,0.3700711640624736,0.3126964049631393,0.2888696833172124,0.3565325647365482,0.3539875149857641,0.290231772505014,0.3331569832633653,0.3077757990284936,0.3349961074981893,0.3196410980345589,0.3023364154438982,0.2968000257122038,0.3304190627721952,0.3025438413597881,0.3536634625557888,0.3711371216558222,0.3296011643235508,0.3118799132338433,0.3587577868814284,0.3169711565146939,0.3508342043788693,0.3321594346399788,0.29122708976336,0.3152379851087235,0.3173899021761262,0.3374685521050259,0.2997413250901929,0.2536786002736088,0.3518891335808092,0.3728774722261353,0.3491908573780429,0.3093616195617428,0.2729962207649344,0.3033923331998637
0.2247871904811497,0.3576161484252963,0.344539816568309,0.3492134275696441,0.343990085927469,0.3742232109365482,0.2838386768687251,0.3453925597604027,0.3781392040661224,0.28738969618085,0.3461399556122925,0.3484543726226537,0.3343034361909881,0.3331939048920108,0.3248565760012534,0.3706626968340775,0.4012695563230416,0.3804795205291399,0.3250702338496539,0.3937918645863422,0.333823386534349,0.3382485197847112,0.3468194630985151,0.3531516947589529,0.3085110642691966,0.3006931084927435,0.2882993203503584,0.3374377908858227,0.3366572932255973,0.3629345849789852,0.3601517354668406,0.3119328804668253,0.2896299419358634,0.3610129475303955,0.3332675992207846,0.3362140084095661,0.3617283755204019,0.3644046485458345,0.33625741561602,0.2915286743152079,0.3089568610626717,0.2940998003402182,0.3138697855586037,0.3571145779938828,0.3128488389939965,0.3439166630439343,0.3342827772675333,0.3519930394893979,0.347492446930687,0.3309042986658943,0.2810358899006865,0.3843344849465093,0.3283752297159343,0.3270101604560015,0.3530005248405944,0.3529822673619707,0.3558235913325601,0.3047189057849172,0.3024078639026362,0.3562988325473893,0.3490116036146987,0.3452948288555776,0.3858023236532097,0.3058990731372532,0.2506969985000547,0.3687362505488358,0.3099525836847809,0.286930670110991,0.3516553788801372,0.3528675046466973,0.2880960166647774,0.337682810876838,0.3117038899262264,0.3358619407497459,0.3185915523266612,0.3015727820866731,0.294579525029404,0.3281151737809479,0.3019867151718787,0.3557757229247639,0.3711426196834466,0.3284169961234632,0.3103685882163816,0.358511082732416,0.3162261757848263,0.3503080356818732,0.3324636849731835,0.2973000529911111,0.3156301809978004,0.3158115178710112,0.3407308041479455,0.3028718522886773,0.2550245878220941,0.3517400764772668,0.3736448235189203,0.3462572037761718,0.3052388397847263,0.2700098683276811,0.3117686793227858
0.2218200415726507,0.3593317136237485,0.3451371372246928,0.3446630487409423,0.3427977742626328,0.3727000262857389,0.2902165919171265,0.3457937409059333,0.3783526413038341,0.2959568218079962,0.3476245364121766,0.3506530081592842,0.3344163723222286,0.3318517549370441,0.3231303868886124,0.3711024953355373,0.4011477064175391,0.3783707289214639,0.3232994602851809,0.390161717935317,0.3345584610055892,0.3384614888992531,0.3441604233071583,0.3491143728092227,0.3054323583290504,0.2989935047250739,0.3060479101313298,0.3382063076954927,0.3364483692398218,0.3631301557147883,0.3581002148367052,0.310478437836582,0.2871065591105614,0.3619732985766387,0.3329401822825678,0.339601349164005,0.3637241572519056,0.3642846539979368,0.3348850891270332,0.2896515666018259,0.3074120411207556,0.2934095279922843,0.3127685726196098,0.3547191107213503,0.3113509856701421,0.3458108607866066,0.3346289717344591,0.3522512664675544,0.347043490158312,0.3306820216257083,0.2801822638236995,0.3866136947896688,0.3280063040068602,0.3261104695763096,0.3533775025573852,0.3522830910397971,0.3551931545615215,0.3028453333629756,0.3071870040206377,0.3552724712179171,0.3483473079442585,0.3435889008031815,0.3866393994301645,0.3043216341510672,0.2497895667567783,0.3660933858091343,0.307281010563318,0.2849494232083329,0.3470497880032371,0.3517859103602859,0.2859428869960997,0.3418605093497623,0.3157532219406003,0.3362247160929323,0.3175278488345783,0.3010298359226914,0.2921283600738084,0.3257792311171283,0.3014266695060835,0.3577009156291449,0.3711350977321125,0.3271635482734561,0.3088157146056541,0.3583421468680557,0.3154633589672446,0.3498705043487825,0.3335235556306127,0.3042886411973122,0.3160315804811535,0.3140900421841615,0.3435774459238768,0.3068475861304201,0.2575031103062078,0.3515016898698779,0.37402294145233,0.3433374342063212,0.3009652524539922,0.2669516288768588,0.3202666517566923
0.2190390063452519,0.3605075483386092,0.3456362715373582,0.3401734280145254,0.3415546389805359,0.3712467931974623,0.2970548008534064,0.3461501011621817,0.3785718852168088,0.3041035374690534,0.3489423023086889,0.3515835032036617,0.3344636730334867,0.3303035708785266,0.3214509370463877,0.3714681589934385,0.400817404570986,0.3762356769113029,0.3214149493348083,0.3869659487229557,0.335325165200629,0.3387776862556337,0.3413676950069469,0.3441619283246511,0.3025727828286152,0.2972043680025163,0.3238038734326813,0.3390671832570562,0.3360410357333048,0.363141384257295,0.3555830765102064,0.3090001160777007,0.2843979474930181,0.3629571155541479,0.3326322903335312,0.3427885643270956,0.3655492838844792,0.363987780966978,0.3335590519719755,0.287713429415321,0.3057137446709195,0.2932453463599668,0.3116406440011434,0.3522235770947399,0.3099321258467578,0.3475152634650776,0.3348950989347399,0.3524616294257348,0.3466430389689949,0.3304474903075436,0.2795855905339441,0.3884030282386392,0.3276542998224495,0.3251857161768426,0.3535450506624926,0.3515917996569166,0.354488049695241,0.3009622309092413,0.3125925273087835,0.354391352583205,0.3477425938532299,0.3417816865244112,0.3876238426812763,0.3026382195383353,0.2489620741464556,0.3621034444988787,0.3046861140160158,0.2830198102866778,0.3428417078437467,0.3507738497710064,0.2838660490708494,0.3457479064668254,0.3198204236766537,0.3361144229528283,0.3164518342289484,0.3006816616113871,0.2894943687836286,0.3233956828310871,0.3007975469633694,0.3594798223241018,0.3711248838933259,0.3258635489957232,0.3072207378084448,0.358247193998829,0.314642165819337,0.3495253043190191,0.3352839977221735,0.312011323263872,0.3163753569325164,0.3122314525762231,0.3460602593100381,0.3115124831827798,0.2610662293622481,0.351165511323069,0.373921942971052,0.3404204471065553,0.2966140198230446,0.2639657842881092,0.3286055092494484
0.2165062654788856,0.3612367701554615,0.3460156812752647,0.335873307343824,0.3402738618414417,0.3698387217303352,0.3041131232083957,0.3464320134953,0.3787045198376321,0.3118146808529732,0.3501247444551868,0.351359030528291,0.3344518674807568,0.3285648873758006,0.3198270072977614,0.3717768363868535,0.4001679306267158,0.3741315377005703,0.3194681248733501,0.3845210766899725,0.3360857338702218,0.3391760574745561,0.3384436985258332,0.3383612362758959,0.2999360571490986,0.2953353865741445,0.3410020020251938,0.3399817652367816,0.3355139743669638,0.3629639208539736,0.3526467161165124,0.3074851105089368,0.281571066713805,0.363937950657731,0.3323575707193108,0.345772252634317,0.3672005498939849,0.3635251773680298,0.3322851669862381,0.2857573030166767,0.3038656887266034,0.2936958478407801,0.3104689929245055,0.3496756232147507,0.3085972789980626,0.3490538651008792,0.3350882884404112,0.3526073970334958,0.3462642771789632,0.3301809738442448,0.2793168956887735,0.389499962008492,0.3273131567072724,0.3242467201323011,0.3535143670838961,0.350932021752461,0.3537111913998078,0.2990862988059681,0.3184647063368365,0.3536812176218741,0.347197298664826,0.3398761651873194,0.388700260621698,0.3009038244354609,0.2482605616505428,0.3568231073779284,0.3021853250667352,0.2812548174490108,0.3391494286091693,0.3498511893435925,0.2819135231567871,0.3494257437101646,0.3238147574587995,0.3355827533065025,0.3153656017755986,0.3005091585999996,0.286755572454983,0.3209402531662099,0.3000328963869007,0.3611282287162181,0.3711316078164563,0.3245578058199814,0.3055755120806035,0.3582231196634934,0.3137233579628079,0.3492827585147023,0.3376320194034145,0.3202644251564749,0.3165989747445124,0.3102479816878086,0.3482355048760466,0.3166092326695956,0.2655960186423992,0.350731679774695,0.3732704522277669,0.3374960644508991,0.2922732925477305,0.2612267603918478,0.3365374877077495
0.2143133355050856,0.3616003868545847,0.3462470611490022,0.3318434152644094,0.3389661830952279,0.3684377771675922,0.3111725883598654,0.3466224531270552,0.3786524679409898,0.319084247436238,0.3511866220501374,0.350137193117579,0.3344106078001888,0.3266689181075518,0.3182572395176143,0.3720471217840718,0.3991094684777863,0.372098742855926,0.3175342356699514,0.3830740138370492,0.3368099387743777,0.3396248134516332,0.3353873395361139,0.3318332888054877,0.2975020152249176,0.2934111176696977,0.3571439397238165,0.3408955554756219,0.334933527297897,0.3625935346054356,0.3493664721634195,0.3059152125251242,0.2787240859426095,0.3648911146562994,0.3321218248284059,0.3485597128416325,0.3686750860342359,0.3629237224286936,0.3310623908654907,0.2838457249635021,0.3018803792675892,0.2948165557844342,0.3092339338703553,0.3471220131702926,0.307347938765094,0.3504443638640854,0.3352175893837825,0.3526707870971197,0.3458791339585509,0.329872195300966,0.2794409175382188,0.3897206716814433,0.3269651558153482,0.3233056651325647,0.3533033795387673,0.3503208981891341,0.3528587812439226,0.2972389004228586,0.3246153559112962,0.3531491456868928,0.3466974957417011,0.3378815040225462,0.3897865587500468,0.2991800932986481,0.2477387190100165,0.3504167758171539,0.2998005903965459,0.2797803474371592,0.3360731750502064,0.3490254180624035,0.280086032467592,0.3529798940125995,0.3276597356927595,0.334689977918312,0.3142652657873684,0.3005013643549188,0.284017351423552,0.3183901721986935,0.29906971665845,0.3626410485486829,0.371185421497687,0.3232933811796343,0.3038718699233281,0.3582645726999877,0.3126738985468227,0.3491547285009728,0.3404022008815816,0.3288269634909391,0.3166615968400788,0.3081697455821249,0.3501568627144731,0.3217738649433416,0.2709245541532254,0.3502013966554885,0.3720189944635513,0.3345578671014583,0.288031084407914,0.2589348751501821,0.3438689832746391
0.212585915429522,0.3616663789384422,0.3463103491701516,0.3281276677827446,0.3376388320289672,0.3670068795765585,0.3180493673885986,0.3467288328724365,0.3783261659066557,0.3259166746476435,0.3521218085245913,0.3481012995763649,0.3343704533458388,0.3246626878195348,0.316725391724213,0.3722949378804608,0.3975817557020117,0.3701570054113612,0.3156612436056498,0.3827726938494292,0.3374736832659745,0.3400865782142703,0.3321959069766459,0.3247395410747083,0.2952358658595153,0.2914724815590684,0.371815730424808,0.3417628605775235,0.3343458061972497,0.3620370621590969,0.345844362738189,0.3042633890248091,0.2759845091161189,0.3657999251117851,0.3319259351408924,0.3511613653391782,0.3699718470773964,0.3622207934599104,0.329880457280328,0.282063429908564,0.2997846998437781,0.2966171156085881,0.3079066599937868,0.3446094916662081,0.3061831879466248,0.3517017073067405,0.3352982968453069,0.3526406064664266,0.3454605518377,0.3295188262074382,0.2800086406262284,0.3889202866788024,0.3265939072114639,0.3223732056921476,0.3529341805695588,0.3497724730254302,0.3519178102085101,0.2954505904908271,0.3308453082652028,0.3527845073055428,0.346217700627589,0.3358153969357208,0.3907802358031028,0.2975325275040512,0.2474641981682626,0.3431546067715626,0.2975481244328338,0.2787321299754465,0.3336858870802263,0.3482886469432549,0.2783445442930718,0.3564834585438458,0.3312978138863234,0.3334938010512948,0.3131415168498612,0.3006550884652696,0.2814155698495983,0.3157355327697074,0.2978607432386909,0.3640028184156242,0.3713219600453818,0.3221111988703151,0.3021092000522334,0.3583658121642409,0.3114687975061219,0.3491476927629562,0.3433903668034863,0.3374665442483422,0.3165556607198643,0.3060516475880294,0.351873642821333,0.3265564308788407,0.2768422534565952,0.3495719831956893,0.3701432737115819,0.3316014768062564,0.2839637315714622,0.2573046315053659,0.3504719536120793
0.2114805937415207,0.3614855360511985,0.3462039369167397,0.3247443976847458,0.3362960788606348,0.3655120306165209,0.3246031583801888,0.3467788755160483,0.3776489326163271,0.3323288960391017,0.352913617468049,0.3454499162867575,0.3343435810824111,0.3226014034570496,0.3152035793458788,0.3725308053656125,0.3955517509673837,0.3683028724746259,0.3138719503016758,0.3836417130745702,0.3380620447590866,0.3405223171894295,0.3288672591227242,0.3172614179550155,0.2930931585298109,0.2895746403553949,0.3847042871854146,0.3425524631773875,0.3337717839574218,0.361315745212097,0.3421954037012668,0.3024995266251054,0.2734988266448091,0.3666544431281945,0.3317657552939324,0.3535896335094537,0.3710899250312958,0.361450730921288,0.328718305557759,0.280514516298854,0.2976266642101576,0.2990651983618964,0.3064558432625684,0.3421772029354918,0.3050952807812246,0.3528322045462652,0.3353544510081965,0.3525101512809574,0.3449779950523899,0.3291213760219348,0.2810429177075359,0.3870131556233329,0.3261901233325326,0.3214637401403737,0.3524304117737635,0.3492995338437006,0.350875745643715,0.2937588608765369,0.336962403594926,0.3525674797219655,0.3457257419214732,0.3336992385944424,0.3915592862968357,0.2960365847330517,0.2475237404846247,0.3354051902612012,0.2954442151106018,0.2782434565837291,0.3320336542388583,0.3476151611941815,0.2766268821062604,0.3599887833273478,0.3346941644371664,0.332046366350137,0.3119886014124282,0.300972783852283,0.2791156042693309,0.3129747412624062,0.2963827558851922,0.3651913302731934,0.3715721833476673,0.3210443757220076,0.3002910210822596,0.3585224826768796,0.3100970777853422,0.3492637262058447,0.3463725743572131,0.3459552467051505,0.3163019658458186,0.3039634370306929,0.3534270580408259,0.3304611479696923,0.2831058098874653,0.3488459166435176,0.3676488276843054,0.3286194733651396,0.2801332446500698,0.2565424660088958,0.3562810390298219
0.2111704386270678,0.3610923652986612,0.3459358911544371,0.3216866077152082,0.334939893156231,0.363917352415361,0.3307392587803194,0.3468083921590501,0.3765523251077681,0.3383430201758783,0.3535425234907889,0.3423804218163345,0.3343539458553333,0.3205472686757253,0.3136598007395864,0.3727618115900482,0.3930070045364992,0.3665121112355396,0.3121995668445172,0.3855748466706248,0.3385742297400406,0.3408936982170939,0.3254002446047437,0.3095801965937425,0.2910211084011094,0.2877903843924468,0.3956116956171523,0.3432275506236312,0.3332107135622763,0.3604574843208227,0.3385305617396003,0.3005987029984587,0.271423580686276,0.3674488123330262,0.3316287107875388,0.3558548870403882,0.3720317183079432,0.3606428098997683,0.3275489407452578,0.2793142763486028,0.2954744392312858,0.3020927671715723,0.3048610862908049,0.3398491641497502,0.304065317968291,0.3538267371972798,0.3354105297635097,0.3522697440244596,0.344402405714874,0.328685166431139,0.2825381363357651,0.383987449650005,0.3257414760743565,0.3205944442849384,0.3518188133672578,0.3489113091445353,0.3497290093034458,0.2921989822475308,0.3427935424598688,0.3524764647339058,0.345187581192635,0.331557356551084,0.3919908515290855,0.2947799312452555,0.248015094110376,0.3276203178790088,0.2935164403722877,0.2784255641124179,0.3311414789882947,0.3469663377761927,0.2748665137688121,0.3635231347201798,0.3378321345668593,0.3303907128138358,0.3108077660517098,0.3014567724185986,0.277296534009097,0.3101076672032032,0.2946348384720292,0.3661784265060501,0.3719542877622004,0.3201190818296759,0.2984231971350042,0.3587270767989318,0.3085667766740226,0.3495015554093651,0.3491281511153064,0.3540889830315402,0.3159392658562219,0.3019795805747913,0.3548433997567304,0.3329888826597209,0.2894628511974285,0.3480382520637042,0.3645731799826958,0.3255997560220814,0.2765835046866746,0.2568273778779503,0.3612836543750736
0.2118276769074932,0.3605169013355845,0.3455156546242792,0.318925454953761,0.3335711871130261,0.3621908771426953,0.3364064087190827,0.3468604420902067,0.3749795954163499,0.3439770391130597,0.3539860961432738,0.339068496766866,0.3344610108828017,0.3185672059994494,0.3120588749544235,0.3729945919728645,0.3899516651273802,0.3647465221440574,0.3106865808389248,0.3883454647777398,0.3390238760337135,0.3411669348506115,0.3217941764007583,0.3018628673449247,0.2889660404989849,0.28621412436667,0.4044520653836219,0.3437449755569976,0.3326497258536023,0.3594937194641837,0.334947423913246,0.2985436527386575,0.2699211481501328,0.3681861345494015,0.3314955179704962,0.3579585637672388,0.3728094448812713,0.3598297338893202,0.3263480116005104,0.2785817012800776,0.2934084720028853,0.3055950552774688,0.3031144094864193,0.3376346862319977,0.3030663651988509,0.3546655369810643,0.3354839133488471,0.3519097471645175,0.3437193100904986,0.3282244467244313,0.2844726648531864,0.3799104380682568,0.3252276331648027,0.3197749468219274,0.3511317265116666,0.3486134097144711,0.3484810968956376,0.2907996092861746,0.3481949656105276,0.3524880492741056,0.3445705750514187,0.3294240857922446,0.3919519287689707,0.2938526264541246,0.2490357622569735,0.3202989031147882,0.2917990110888833,0.2793563303233506,0.3310121159661349,0.3463009629297039,0.2730103451497348,0.3670799201864585,0.340706271280806,0.3285537400597939,0.309599148727151,0.3021004905734195,0.2761308564982057,0.3071463980876869,0.2926375430391122,0.3669381287330161,0.3724718273888553,0.3193488783962944,0.2965256359750896,0.3589639658286832,0.3069001655429187,0.3498505572022373,0.3514631068606175,0.3616974345778277,0.3155215953279469,0.3001861293906609,0.35613315082982,0.3336821902766228,0.2956825250906545,0.3471677584200667,0.3609829165756099,0.3225325914027118,0.273330249632089,0.258299718019693,0.3655126623169361
0.2136066712000301,0.3597953060245927,0.3449616828773434,0.3164275855407389,0.3321935663533565,0.3603173593265769,0.3415919009346842,0.3469917295587482,0.3728981949807824,0.3492431517403487,0.3542226812722072,0.3356575355969191,0.3347343628564652,0.3167231664065481,0.3103605855177705,0.3732339071920826,0.3864049199022646,0.3629622984465579,0.3093555706888454,0.3916289536616046,0.3394347205180266,0.3413168411994629,0.3180497151932691,0.2942519604120156,0.2868857551640594,0.2849576205096233,0.4112305084002516,0.3440823717278105,0.3320690373472656,0.358464105556426,0.3315236011556378,0.296324628017367,0.2691512039402998,0.3688825703669866,0.3313465938432108,0.3598904820122394,0.3734439872759064,0.3590470717737145,0.3250977841172374,0.2784321362874292,0.291517881240022,0.3094344638682886,0.3012138944405169,0.3355324070370232,0.3020710340949137,0.3553289790374319,0.3355875018319882,0.351430800409283,0.342931964094592,0.3277600780684124,0.2868153087889538,0.3749302650150615,0.3246316405946331,0.3190010820128187,0.3504042478063331,0.3484124818493652,0.3471392895383933,0.2895877491481495,0.3530634974189167,0.3525743293373369,0.3438461250912105,0.3273462966030313,0.3913472197857887,0.2933369003242759,0.2506807349851919,0.3139313668017002,0.2903159981731745,0.2810785996991661,0.3316166375236255,0.345579835618351,0.2710364521992282,0.3706144783597865,0.343322745755345,0.3265444308714453,0.308353981083229,0.3028835463242542,0.2757748247759612,0.304133212440263,0.2904401636269126,0.3674560094617166,0.3731138149930983,0.3187278154505669,0.2946449660535841,0.3592110594096808,0.3051261942070025,0.3502855204285885,0.353227542387516,0.3686427456620995,0.3151179353231618,0.2986902294765625,0.3572992553054471,0.3321763376524791,0.3015723596675413,0.3462467076527013,0.356967025369846,0.3194202227345432,0.2703552052287174,0.2610459839183752,0.3690378717016288
0.2166240770965684,0.3589669471444224,0.3443084042541184,0.3141705812075832,0.330819705677745,0.3583002600841463,0.3463116668712221,0.3472679003369778,0.3703034173691417,0.3541480273985551,0.3542426769891555,0.3322587098220392,0.3352327195627316,0.3150622495376319,0.3085258040383813,0.3734798717939767,0.3823980186716971,0.3611178332143951,0.3082071735502929,0.395035009368411,0.3398368080919809,0.3413266501163918,0.3141712113388212,0.2868566646824916,0.2847550464738974,0.2841406014004764,0.4160220746257037,0.3442445396708276,0.3314416084064126,0.3574146879051052,0.3283062001929273,0.2939442139030856,0.2692535725588482,0.3695587749538599,0.331163623850889,0.3616295125772281,0.3739563988740878,0.3583213495089851,0.3237853083358652,0.2789647713963728,0.2899051410984169,0.3134578777291872,0.2991699680458715,0.333531789300674,0.3010540648097407,0.3558012978449157,0.3357322734146997,0.3508429334288716,0.3420521936081433,0.3273145604845231,0.2895236456101692,0.3692758089692816,0.3239484170892112,0.3182591058873789,0.3496679334664818,0.3483180112677263,0.3457175012907321,0.2885935378575466,0.3573405550635973,0.3527053161469595,0.3429939135772787,0.325376594420819,0.3901151440985972,0.2933074823915356,0.2530413034470052,0.3089451786313059,0.2890745430020074,0.2835946764003886,0.3328894735975559,0.344764021459174,0.2689658823783078,0.3740552390330481,0.345701737454142,0.3243592118972149,0.3070568534064793,0.3037743803939736,0.276363385927933,0.3011430267121243,0.2881266331224003,0.3677296277175371,0.3738515372070294,0.3182296345875456,0.2928533787300558,0.3594429504766682,0.3032829128745374,0.3507685564798443,0.3543264383563346,0.3748169790655583,0.3148015713410724,0.2976109966728116,0.3583440900800914,0.3282444124399216,0.3069851326964306,0.3452867619093505,0.3526288733679737,0.3162799803205029,0.2676112857468866,0.2650777263154956,0.3719474984927464
0.2209392562907854,0.3580679285828524,0.3435971184733211,0.3121415195113552,0.3294764867945184,0.3561544445705119,0.3505957362467367,0.3477501944872394,0.367209236233356,0.3586874968287831,0.3540580291677746,0.3289551283223208,0.3360219092743685,0.3136146613956244,0.3065267334620197,0.3737301397866363,0.3779684332279935,0.3591794998227419,0.3072441281814625,0.3981471886056955,0.3402646244331917,0.3411851958929631,0.3101683872280346,0.2797511240564003,0.2825623520377253,0.2838821021521177,0.4189594885743386,0.3442359207061873,0.3307404392749645,0.3563875765265806,0.3253071609399808,0.2914268978365067,0.270332300451366,0.3702275248957568,0.3309269339797676,0.3631428575929091,0.3743660788653497,0.3576657973179609,0.3224022693627208,0.2802480330284571,0.2886866685514405,0.3175152102525211,0.2970223489791988,0.3316138449916606,0.2999889650011696,0.3560683843552538,0.3359225679190993,0.3501542898099563,0.3410959593183406,0.326910451431989,0.2925485129399107,0.3632424526969176,0.3231780512368128,0.3175310357755938,0.3489490473100896,0.3483368954048652,0.3442387677108341,0.287847894257192,0.3610050413421368,0.3528555406369352,0.3420083357243271,0.3235700910793108,0.3882325548069046,0.2938325692028418,0.2561937370373234,0.3056647987851669,0.2880730367366955,0.2868573161408229,0.3347349087085797,0.3438199633056067,0.2668606735647379,0.3773209092962987,0.3478703297886377,0.3219866533476214,0.3056920655649449,0.3047335424746646,0.2779949618779627,0.2982726460616183,0.2858114379539717,0.3677662705888453,0.3746350722455844,0.317811862269952,0.2912417513147921,0.3596295635944683,0.3014230739707823,0.3512525084879216,0.3547275949762545,0.3801444241816035,0.3146313953301578,0.2970612039883701,0.3592681759555638,0.3218270735626594,0.3118279595359481,0.3443078772263901,0.3480777576216025,0.3131446012856221,0.2650305409991967,0.2703234935669623,0.3743260339499837
0.2265420294653698,0.3571365865885886,0.3428651333789319,0.3103301369046681,0.3282033345322191,0.3539054135215341,0.3544763316326354,0.3484905184622347,0.3636434504520791,0.3628412801075344,0.3537042073158842,0.325812262850589,0.3371777843380603,0.3123934744127598,0.3043498296620886,0.3739842091857651,0.3731538332584547,0.3571245527508957,0.3064779336749039,0.4005630382030544,0.3407542330041926,0.3408877691259989,0.3060579408021547,0.2729863595144105,0.2803078959994613,0.2842891607092478,0.4202206273681058,0.3440481237429437,0.3299563680350569,0.3554158015603718,0.3225127355247498,0.2888263663498654,0.2724494299899152,0.3708939731398261,0.3306191931668769,0.3643877884943858,0.374698308987133,0.3570897200253508,0.3209497702387275,0.2823121904144995,0.2879786616563815,0.3214686206631856,0.2948443691071346,0.3297543571269981,0.2988478167261841,0.3561197224882911,0.3361554248499557,0.3493692949411544,0.3400889405479723,0.3265678858358002,0.295845290043995,0.3571589120175136,0.322320071033054,0.3167940379949812,0.3482716118752765,0.3484680830562726,0.3427321022975173,0.2873789797892571,0.3640663963343403,0.3530074237331012,0.3409030576825043,0.321990761901295,0.3857247906618682,0.2949621829468713,0.2601840800434499,0.3042792958116678,0.2873069608267239,0.2907716687645125,0.3370358610132609,0.3427334900742194,0.2648128614055884,0.3803285465090925,0.3498506853195572,0.3194117415958124,0.3042457432364729,0.3057104286588188,0.2807106443520996,0.2956353305959544,0.283631706319651,0.3675865690002434,0.3753967601147801,0.3174222245009634,0.2899198922189029,0.359735980655527,0.2996050887703017,0.3516830067524558,0.3544621813523284,0.3845822402497305,0.3146391373064908,0.2971414289144238,0.3600690303938615,0.3130510311931247,0.3160668554199576,0.3433310889827423,0.3434194485123144,0.3100681761984361,0.2625277141035568,0.2766415005562719,0.3762439079961163
0.2333475013825823,0.3562227733034547,0.3421478815297603,0.308731372828034,0.327043029633137,0.3515932683486044,0.3579837909563998,0.3495330343535489,0.3596544405174412,0.3665745884090365,0.3532371479276315,0.3228937413482234,0.3387483901577439,0.3113890355242075,0.3019937224239364,0.374242492048209,0.3679900881467241,0.354942702018636,0.3059118411246403,0.4019321957370597,0.3413382917009107,0.3404402340978685,0.3018682466735631,0.2666095685107176,0.2780071289153925,0.2854413931988719,0.420010519350827,0.3436814512956749,0.3291078469183088,0.3545249772493409,0.3198941773110634,0.2862250834818066,0.2756226426649509,0.3715638423241716,0.3302338911415379,0.365320446293163,0.3749854615762016,0.3566051180069968,0.3194413976182073,0.2851490534628384,0.2878784755254038,0.3251999681492365,0.2927304917616931,0.3279278678614971,0.2976085981903398,0.3559547508273908,0.336429434561313,0.3484989184852833,0.3390676941778486,0.3262972975507659,0.2993773719560311,0.3513524051557282,0.3213797290595666,0.3160185439197989,0.347657062789771,0.348704358164901,0.3412291838272849,0.2872143536603278,0.3665649655540211,0.3531482266793001,0.3397080060083722,0.3207141791546956,0.3826687382065177,0.2967123476986454,0.2650200614543503,0.3048142635459926,0.2867623906394458,0.2952080887885458,0.3396565799378191,0.3415156797265907,0.2629348394459493,0.3829970998142682,0.3516571213244233,0.3166270375740314,0.3027058405110285,0.3066391418435669,0.2844852472091141,0.2933624279659508,0.2817425901439312,0.3672259410021337,0.3760615992983983,0.3170071102292481,0.2890166811939217,0.3597283811467862,0.2978730231656988,0.3520046724137159,0.3536091147545795,0.3881118767779208,0.3148282002193858,0.2979417601646351,0.3607478567108464,0.302232822064217,0.3197164061904914,0.3423661000038313,0.3387461747316974,0.3071313545760816,0.2600052825756847,0.2838341347450337,0.3777586266070904
0.2411950671857581,0.3553820169468147,0.3414820263761894,0.3073488990965948,0.3260319431255002,0.3492661814347718,0.3611460026869428,0.3509060732212683,0.3553155899268373,0.36984280447686,0.3527269659632534,0.3202699661101044,0.3407350637747639,0.3105642356205035,0.2994727346650827,0.3745021956709223,0.362514621382881,0.3526385273983406,0.3055321273884522,0.4019937332294935,0.342040371615932,0.3398593369443161,0.2976460442178479,0.260679055329488,0.2756918446722048,0.2873799906090813,0.4185477608291653,0.3431560346551219,0.328232743541917,0.3537306656912498,0.3174077817700112,0.2837274113384725,0.2798188523375974,0.3722427734162722,0.3297750868055676,0.3659029914884317,0.3752554593333409,0.3562222534359673,0.317899521433955,0.2887096313265848,0.2884585571801218,0.3286229481577148,0.2907880812328905,0.3261105045402205,0.2962629837264241,0.3555860912442899,0.3367484064541605,0.3475635310733001,0.3380696837873194,0.3260949099059986,0.3031094369328541,0.3461256982696867,0.3203720845240937,0.3151700978315964,0.3471191769285058,0.3490368401366867,0.3397640580049063,0.287386377934005,0.3685678148715857,0.3532656483028099,0.338460646764583,0.319817998216145,0.3791798440804759,0.2990628038274217,0.2706681747257016,0.3071229449367425,0.2864085360383254,0.3000117528996998,0.3424456419299538,0.3401932518594417,0.2613486213009183,0.3852600603111156,0.353300442384565,0.3136460219241624,0.3010648461523346,0.3074434138990671,0.2892330852282114,0.2915986010204011,0.280311230385704,0.3667261339173146,0.3765567664658773,0.3165186947804359,0.2886679260011184,0.3595789117719056,0.2962486452284977,0.3521700367641978,0.352270517895266,0.3907269586621567,0.3151772380554448,0.2995329702386751,0.3613163079781538,0.2898542652635895,0.3228245056447312,0.3414141013255151,0.3341303119300366,0.3044332882121877,0.2573648535205763,0.2916529568985618,0.3789134882652856
0.2498563407525438,0.3546594486211538,0.3408968994152317,0.3061869795189986,0.3251959305378656,0.3469659043606726,0.3639855768913089,0.3526065828744151,0.3507180243445219,0.3725955872578156,0.3522489201880256,0.3180163486448026,0.3431166267182963,0.3098577082976829,0.2968247800526562,0.3747574978235562,0.3567718812498087,0.3502326534545443,0.3053206101078924,0.4006065068333992,0.3428695933237174,0.339168343379078,0.2934591587357236,0.2552742263119428,0.273406502919804,0.2901045162291218,0.4160636250918434,0.3424909577768506,0.3273799752719915,0.3530335542539419,0.3149975455561032,0.281453243368557,0.2849489270967115,0.3729278411684088,0.3292485078824287,0.3660989500267377,0.3755238143506178,0.3559462211174337,0.3163498967133638,0.2928996206285024,0.2897692957006184,0.3316902855873457,0.2891411080956435,0.3242832226482118,0.2948180978135445,0.3550380629411532,0.3371133081327119,0.3465828720519678,0.3371242793803709,0.3259474941718495,0.3070040381844673,0.3417344265672912,0.3193147235594868,0.314213292177241,0.3466634587923314,0.3494541415798742,0.3383702902924149,0.2879348741817982,0.3701507832285685,0.3533479942683433,0.337200908979092,0.3193709919291959,0.3753942675423073,0.3019661862901881,0.2770501015697409,0.3109082671112586,0.2862015668001492,0.3050097963437987,0.3452468190639872,0.3387997799998613,0.2601660236546969,0.3870823926091007,0.3547871044993688,0.31050613993782,0.2993241695589432,0.3080478167696872,0.2948163277003383,0.2904866925093874,0.2795037959094437,0.3661277198502348,0.3768161602840167,0.3159177497509151,0.2889981977420469,0.3592644464105451,0.2947402709980835,0.3521423436751679,0.3505571024480745,0.3924296161496307,0.3156428458358277,0.3019521605731262,0.3617936203473951,0.2765138865303675,0.3254642446160113,0.3404784415064928,0.329626145162826,0.302075686996022,0.2545183770854775,0.2998115880427987,0.3797322084466514
0.2590563082333138,0.3540851748028563,0.3404059467347402,0.305238991783323,0.3245474817290661,0.3447226679278298,0.3665173080270705,0.3545943713417055,0.3459605055125916,0.3747845392580824,0.3518742834971003,0.316214028216327,0.3458574471608086,0.3091899204332303,0.2941140979371396,0.3750020743716605,0.3508170478505605,0.3477567974886196,0.3052680345140056,0.3977619399313429,0.3438171624920866,0.3383952602887874,0.2893937333190942,0.2505065345103312,0.2712075178566624,0.293568828892443,0.4128069478056001,0.3416894746212142,0.3266148354584183,0.3524239645107084,0.3126138404931708,0.2795367605554243,0.2908733743405547,0.373605988769177,0.3286595617580131,0.3658651203752425,0.3758005672004486,0.3557816851441611,0.3148201950340336,0.2975842806726076,0.2918329502010242,0.3343884135986099,0.2879274058534985,0.3224359425188416,0.2932958456265667,0.3543440704265386,0.3375196206562679,0.3455711535577375,0.3362530047392156,0.3258390848986912,0.311026058316796,0.3383549319231799,0.3182223169349172,0.3131156872004362,0.3462942328934923,0.3499367109940125,0.337073745611805,0.2889041422609852,0.3713806921040621,0.3533871413017662,0.3359720098183775,0.3194303123757321,0.3714578435413185,0.3053512578648966,0.2840416413283278,0.3157659625972285,0.286094401870717,0.3100287256433208,0.3479121728772492,0.3373782055477513,0.2594674883395779,0.3884647078507598,0.3561139947074084,0.3072644638743282,0.2974990009544485,0.3083836465034352,0.3010509993767569,0.2901500367094214,0.2794701791525633,0.3654727122322591,0.3767847896926302,0.3151767330559811,0.290108691606658,0.3587672528168896,0.2933471012254713,0.3518943415193817,0.3485835231314493,0.3932345159037707,0.3161639120260472,0.3051993901205281,0.3621987517111215,0.2628758229275185,0.3277240579312419,0.339563875995038,0.3252763090667655,0.3001543166081343,0.2513939240816761,0.3080187809811366,0.3802216562872728
0.2685001762323107,0.3536820482086681,0.3400102730826916,0.3044865929402442,0.3240753124835929,0.3425607863589585,0.3687515273869298,0.3567964362471014,0.3411448066551384,0.3763749373064333,0.3516620882208599,0.3149541949820759,0.3488797220678695,0.3084673120079707,0.2914282830191635,0.3752263328571548,0.3447178113779349,0.3452433851596099,0.3053682869343142,0.3935797916026764,0.3448576170560612,0.3375756976277406,0.2855516987701416,0.2465261285519968,0.2691678298081215,0.2976748646724446,0.4090430073748414,0.3407522138950055,0.3260215459413105,0.3518904742364173,0.3102317840489624,0.2781243059958318,0.29741708173061,0.3742604638376813,0.3280206443866676,0.3651549169960948,0.3760981592992836,0.3557360900212666,0.313338449887889,0.3026059168672335,0.2946281505772426,0.336728920242314,0.2872794374532109,0.3205701133583186,0.2917355827555414,0.3535433880563529,0.3379685597935153,0.3445444026879823,0.3354711866972297,0.3257506243474263,0.3151439992473972,0.3360604068862896,0.3171105557355614,0.3118512847671324,0.3460193505098032,0.3504533888981251,0.3358880421795297,0.2903346116218961,0.3723131192517531,0.3533774493060976,0.3348168085798121,0.3200402701116837,0.3675158073738133,0.3091175206881735,0.2914790694107564,0.3212337079998093,0.2860406659821403,0.3149164289311587,0.3503099908475896,0.3359806107578982,0.2592949854320412,0.3894343530946992,0.3572702731875927,0.3039998404787818,0.2956258796303539,0.3083875488326693,0.3077174949877514,0.2906771670373165,0.2803316753973212,0.3648057520943891,0.3764277836148556,0.314287033463455,0.2920680121334676,0.3580822806154823,0.2920489148205246,0.3514137682463233,0.3464541884055453,0.3931681323443896,0.3166708123163951,0.3092399990510873,0.3625472540588023,0.2496219786771927,0.329687248535178,0.3386690233328395,0.3211143569713485,0.2987551724091561,0.2479409964510201,0.3160118659164797,0.3803841126449545
0.277896054374697,0.3534657533105197,0.3397038982643759,0.3039056616013426,0.3237295399236353,0.3405000780464769,0.3707014200928945,0.3591061703482958,0.3363727049484725,0.3773543199850227,0.3516505381685693,0.3143287801494164,0.3520605048179692,0.3075903010279013,0.2888758847341813,0.3754119121788939,0.3385558139801905,0.3427178302425464,0.3055993106039593,0.3882954728254086,0.3459542836944285,0.3367532368516344,0.2820511913214605,0.2435121172974768,0.2673782294590248,0.3022779501513471,0.4050447041135837,0.3396883330499224,0.3256875468054228,0.3514193200170506,0.3078488648459798,0.2773614882713678,0.3043832902810527,0.3748737278211652,0.3273515316155487,0.3639280351031762,0.3764258651117765,0.355816019647825,0.3119259713399916,0.3078009199853325,0.2980842108637209,0.3387457267386043,0.2873046208658797,0.3186989261004856,0.2901974896598774,0.352677273103453,0.3384725326322149,0.3435233748215383,0.3347843954236593,0.3256569477821833,0.3193226741288374,0.3348229219117611,0.3159970746600873,0.310401293807048,0.3458454850719973,0.3509639884622728,0.3348166759512542,0.2922540148709054,0.3729963283460185,0.3533102534804519,0.3337647341610052,0.3212257517537749,0.3636955693869587,0.3131375158945356,0.2991709105455791,0.3268435737910616,0.2859933896941135,0.3195496612488621,0.3523317511550671,0.3346548059504931,0.2596557372333924,0.3900396467486045,0.3582452247130483,0.3008188431311471,0.2937707640817846,0.3080026961230223,0.3145793731864938,0.29210989504239,0.2821689751122123,0.3641643788992098,0.3757397329361284,0.3132634126767817,0.294899162090275,0.3572212611194497,0.2907989657488679,0.350712685886522,0.3442387299628543,0.3922611048748005,0.3170970181912344,0.3139985150961923,0.3628528206998427,0.2373979679197437,0.3314156154222442,0.3377880059418267,0.31716329081648,0.2979408069665012,0.2441389350654934,0.3235699698603921,0.3802261833683005
0.2869745078392097,0.3534333697272566,0.3394699386811285,0.3034684182935614,0.3234169166675545,0.3385499098088552,0.3723868023604902,0.3613772690918884,0.3317406223282485,0.3777360129322415,0.351851179746144,0.3144052519614884,0.355271368421975,0.3064682191976013,0.2865842152254345,0.3755326244980141,0.3324266355995015,0.3401985693156317,0.3059156499614228,0.3822387413137189,0.3470639993609,0.335973611740727,0.2790240152347139,0.2416481248905344,0.2659418308763498,0.3072084412969909,0.4010829349054216,0.3385068340604916,0.3256864279494883,0.3509914960058354,0.3054738504414464,0.2773727224451294,0.3115646220393631,0.3754258645593716,0.3266685773504953,0.3621497983261888,0.3767817817345124,0.3560251152993034,0.3105898994781316,0.3130069628793284,0.3020927120374861,0.3404909114456811,0.2880786830301369,0.3168465415455105,0.2887602990535,0.3517872467805037,0.3390423989161639,0.3425238664560173,0.3341854863758102,0.3255301158977491,0.3235167163512463,0.3345288151601782,0.3148932345637695,0.3087517738833542,0.3457720408153745,0.3514254516747426,0.3338570524556507,0.29467537764265,0.3734655682381039,0.3531726457906143,0.3328223510265602,0.3229860013715783,0.3600906894347812,0.3172743833482848,0.3069115907780292,0.3321763110886565,0.2859077374262218,0.3238295257376386,0.3539024140045166,0.3334322141957835,0.2605200009118749,0.3903519373365612,0.3590303055400628,0.2978483895160065,0.2920292632318318,0.3071872366238312,0.3214058687284634,0.2944374507418325,0.2850088266617472,0.3635712934316063,0.3747457313914393,0.3121386096484356,0.2985702019911658,0.3562073046907574,0.289533086513365,0.3498266707912825,0.341963823249202,0.3905475116915132,0.3173886447795428,0.3193531969646085,0.3631283217389967,0.2267587433874262,0.3329513899295939,0.3369164530698355,0.3134399868644248,0.2977315683658012,0.2400036872087871,0.330517921398369,0.3797604688885967
0.295509227292051,0.3535598113440295,0.3392772077903029,0.3031437735526546,0.3230115897357793,0.3367068690722418,0.3738316286215368,0.3634277053606115,0.3273339907810987,0.3775627066840679,0.3522501689834066,0.3152069787887132,0.3584009915767864,0.3050328271549756,0.2846926137543705,0.375560268912018,0.3264359465966281,0.3376994708439175,0.306264738848949,0.3757983067766831,0.3481391347887518,0.3352780696920174,0.276605205776207,0.2410974323879765,0.2649697929980862,0.3122938651365312,0.397419401577327,0.3372114736552092,0.3260778087828384,0.3505921238010324,0.3031292336735324,0.2782482664711029,0.3187569890183305,0.3758970403864774,0.3259800329198665,0.3597831290877405,0.3771587582738687,0.356366329899105,0.3093242787722264,0.3180687798169454,0.3065212920310817,0.3420216635062356,0.2896422658416774,0.3150456843714677,0.2875139961383302,0.3509148950568039,0.339676725602465,0.341550426914384,0.3336571700597538,0.3253469946282333,0.3276732409608486,0.3349910607437077,0.3137986263483031,0.3068938560726593,0.3457931074977091,0.3517968444227325,0.3330017816729727,0.2975998531182297,0.3737353304620039,0.3529545806716186,0.3319793719602268,0.3252939421888946,0.3567571687399742,0.3214009889779192,0.3144962980791926,0.336905815375179,0.285748476328108,0.3276855410389247,0.354986397743428,0.3323295671808024,0.2618137789705468,0.3904622268086442,0.3596156442777308,0.2952144820142224,0.2905167675966293,0.3059223878049371,0.3279924225025352,0.2975965893024429,0.2888162513556214,0.3630396981159849,0.3734931928183512,0.3109543518553125,0.3029972560236025,0.355069256550442,0.2881808949796912,0.3488036093430081,0.3396317174104618,0.3880775103103486,0.317510216995073,0.3251474398745005,0.3633853427117013,0.2181289725555163,0.3343243183764782,0.336048420931096,0.3099682339354066,0.2981010465170761,0.2355912719720813,0.3367378838798784,0.3790090960043988
0.3033343730430593,0.3538096958361389,0.3390868106456445,0.3029022248627337,0.322369882727872,0.3349588771695403,0.3750597791634388,0.3650567395399987,0.323221293475499,0.3769085336206298,0.352812895282764,0.3167087801922053,0.3613418751796932,0.3032455555482903,0.2833417419549009,0.3754658046667795,0.3206929404909683,0.3352271752192687,0.3066040595204093,0.369378178397227,0.3491314178042813,0.3346995968388834,0.2749189156630883,0.2419826824970588,0.2645822902063037,0.3173695958620965,0.394295708773601,0.335809904386214,0.3269084220405061,0.350222202649584,0.3008589007221028,0.280042889103959,0.3257773225378207,0.3762726457129689,0.3252949344880428,0.3567922226636918,0.3775566670101938,0.3568396328473409,0.3081172825417812,0.3228522343226788,0.3112192922143009,0.3433872605719348,0.2919903470694316,0.3133327772666133,0.2865535355407616,0.3500980366745451,0.3403702916243662,0.3406038413758914,0.3331754090164939,0.3250925662662581,0.3317396747789451,0.3359691202296534,0.3127044111582184,0.3048302146169621,0.3459031835641181,0.3520409645120653,0.3322380416391383,0.3010124711580544,0.3738058864245766,0.3526546259519761,0.3312196022105027,0.3280970269516365,0.35371914059325,0.3254073381374651,0.3217357758016703,0.3408247500010847,0.2854930725819715,0.3310881079695328,0.3555831761793601,0.3313522175921227,0.2634257523096975,0.3904657694183012,0.3599924324015325,0.2930261095821794,0.2893574887385006,0.3042127117508898,0.3341749670421097,0.3014731342152712,0.2934980814369099,0.3625796868950582,0.3720432690004288,0.3097575260678161,0.3080529848347783,0.3538421170449229,0.2866655296530481,0.3476955290017859,0.3372393535168198,0.3849288137764652,0.3174471247632114,0.3312076869107185,0.3636323157294807,0.2117739389627206,0.3355480058271806,0.3351712260899761,0.3067875745540309,0.2989853122250799,0.2310036270794713,0.3421788482100714,0.3780095994864906
0.3103519405612976,0.3541474589300262,0.3388602965726251,0.3027220708710867,0.3213391511725235,0.3332886683159462,0.3760935065911649,0.3660632268883047,0.3194468338883038,0.3758728609063536,0.3534866106618327,0.3188341645241257,0.3639918791755029,0.3011050918968644,0.2826620209722157,0.3752167689253357,0.3153043850761571,0.3327757669327578,0.3068916483762007,0.3633578128180996,0.3500002735361538,0.3342584644237709,0.2740672943670028,0.2443628345258708,0.2649055202393311,0.3222865881907021,0.3919116369730538,0.3343166724790031,0.3281961448257725,0.3498935172402189,0.2987192015921402,0.2827728181345217,0.3324781453662218,0.3765429740599579,0.3246283759479476,0.3531592380831746,0.3779832523370668,0.3574346189205266,0.3069541454451051,0.3272590229925282,0.3160249911084739,0.344627076301837,0.2950648173376089,0.3117439708515102,0.285974779573558,0.3493643882660547,0.3411239908616417,0.3396884563425096,0.3327103757422809,0.3247579633058414,0.3356689049632235,0.3372075945782433,0.3115966324713731,0.3025817494397829,0.3460976241854422,0.3521249603499538,0.3315470676089427,0.3048695350953236,0.3736776250795277,0.3522752194730754,0.3305203666032771,0.3313183293017762,0.3509747173528879,0.3292015986868571,0.3284698848930817,0.3438538367930427,0.2851273443649861,0.3340476814454123,0.3557208065341233,0.3304881042541089,0.2652322673732577,0.390446513830136,0.3601612875240027,0.2913710820383162,0.2886792758822663,0.302081795488147,0.3398350712573838,0.3059057334488564,0.2989134125629876,0.3621951911795862,0.370468048240223,0.3085974110840194,0.3135725273866125,0.3525648697979899,0.284903600515264,0.3465564058207621,0.3347788933533899,0.3812028477933096,0.3172050216647847,0.3373486047907717,0.363870617561034,0.2077745418272336,0.3366170306649172,0.334271499913289,0.3039476067918089,0.3002872055621957,0.2263964435920079,0.3468478447497456,0.3768126683577999
0.3165296919085303,0.3545350225807286,0.3385612126369181,0.3025925186142731,0.3197667074011492,0.3316763534321924,0.3769533425330674,0.3662619179825478,0.3160280460560176,0.3745692524378117,0.3542064162761897,0.3214507554575699,0.3662809212516838,0.2986577104913029,0.2827612539439392,0.3747802655465646,0.3103693671377754,0.3303272652680792,0.3070674038867491,0.3580573004818982,0.3507207413060303,0.3339554953518798,0.2741224698856164,0.2482085051234303,0.2660575761411644,0.3269250733726545,0.3903974397771722,0.3327461947324895,0.3299161468308654,0.3496154611855817,0.2967597388165577,0.2864045084257386,0.3387538431923428,0.3767002003328088,0.3239921112070498,0.3488949693637632,0.3784462544974223,0.3581294532675834,0.3058136094381692,0.3312288440030222,0.3207824033995786,0.3457733975868651,0.2987632501596304,0.3103146631910684,0.2858675773773587,0.3487307135505463,0.3419358722078153,0.3388071404347831,0.3322292755324661,0.3243384899919773,0.3394200927669297,0.338475326102455,0.3104554111737037,0.3001878753634445,0.3463690790800143,0.3520236806502702,0.330905044244993,0.3090945300714616,0.3733549610408889,0.3518153022774296,0.329846138329376,0.3348630357655363,0.3485000660521428,0.3327157959553284,0.3345809129963063,0.3460352360560441,0.2846418012382993,0.3365971343758959,0.3554549331723698,0.3297055199421591,0.2671189810069806,0.390472572295052,0.360135066152593,0.2903093872392973,0.2886081159281947,0.2995708772173564,0.3448988752786045,0.3106984215980606,0.304883718406343,0.3618831071031836,0.3688472519261065,0.3075166154368534,0.3193643840552484,0.351271364964247,0.2828188240823862,0.345437008128233,0.3322377593288715,0.3770133585693153,0.3168057603886416,0.3433744466455207,0.3640933381637763,0.2060287886561119,0.337520491630308,0.3333435958964279,0.3014961807738507,0.3018742331902732,0.2219788957260738,0.3507918444415716,0.3754727502838797
0.3218922592592537,0.3549304584108944,0.3381567451754814,0.302517105564191,0.3175174650402096,0.3301050529381,0.3776562731792074,0.3655040469762546,0.3129611895178865,0.3731190479895962,0.3549105670290886,0.3243792312275575,0.3681754690866047,0.2960009558189123,0.2837126648769301,0.3741303866041138,0.3059721046552512,0.3278590543095695,0.3070660858906519,0.3537041203404201,0.351285821751667,0.3337675256453045,0.2751180995345526,0.2533905497183782,0.268130687943744,0.3312062916902483,0.3897951283589679,0.3311147027016242,0.3320129479119624,0.3493958888016468,0.295016143260821,0.2908494323701293,0.3445405515335278,0.3767406937177542,0.3233859659961475,0.3440382831219775,0.3789528073703224,0.3588973713818869,0.3046661540083671,0.3347318756287502,0.3253574356930156,0.346847208695642,0.30295650633744,0.3090780552549698,0.2863040909364255,0.3482077738455302,0.3427883862359953,0.3379544231459961,0.3317025066372852,0.3238330816347698,0.3429587414875446,0.3395848897167349,0.3092558370120796,0.2977041917786698,0.3467066420624329,0.3517247749111629,0.3302868077001685,0.313591009358711,0.3728424417955568,0.3512734933147752,0.3291540356418871,0.3386287523849793,0.3462546515443379,0.3359141250299022,0.3400034868921595,0.3475041407711542,0.2840335479190292,0.3387780327605083,0.3548655563277177,0.3289653621460912,0.268985133683732,0.3905979696770016,0.359934572388878,0.289857800333375,0.2892535919596971,0.2967417866425542,0.349336433615865,0.3156409441477918,0.3112026861382928,0.3616423734624339,0.3672553847943992,0.3065409349761759,0.325232846952392,0.3499855088288975,0.2803587407475739,0.3443767961774385,0.3296157147316202,0.3724830977848713,0.3162799266924625,0.3490965791804478,0.3642920293932795,0.206299942624655,0.3382594719886407,0.3323851775455734,0.2994754847225024,0.3035881967944887,0.218001603747608,0.3540865176235899,0.3740450049332713
0.326505962909506,0.3552987930528427,0.3376239193970681,0.3025185613172751,0.3144948691161498,0.3285646708806491,0.3782130991242234,0.3636989955027756,0.3102265933639471,0.3716468069160782,0.3555551040425072,0.3274173079028926,0.3696575120472233,0.29327555270651,0.2855471086351147,0.3732499485890288,0.3021735804524854,0.3253506195991986,0.3068536007105215,0.350409544461308,0.3517053936537517,0.3336468069048757,0.2770407825059474,0.2596896987884348,0.2711796547839218,0.3350929742395144,0.3900554983835334,0.3294487389982853,0.3344196220393449,0.3492498327104342,0.2935132384374012,0.2959761593611164,0.3498137931521974,0.3766685086179733,0.3228044524547754,0.3386607438415093,0.3795162696405772,0.3597083836035222,0.3034787668052059,0.3377644551987377,0.3296431091737122,0.3478515119968903,0.3074997283678768,0.3080588035218831,0.2873283168909274,0.3478020809982033,0.343654422808466,0.3371203054217772,0.3311076149796979,0.3232432602379001,0.3462594229920657,0.3404029684958635,0.3079712638285118,0.2952043412649273,0.3470973626464788,0.3512307272288278,0.3296710142742084,0.3182558519279055,0.3721494735831041,0.3506572831424855,0.3284091340562594,0.3425114301251743,0.3441888645118846,0.3387938506879699,0.3447232877838146,0.3484451514464765,0.2833070857499742,0.3406390441629737,0.3540441246895688,0.3282324622507111,0.2707438260821483,0.3908620908338109,0.3595868075896209,0.2899806964529887,0.2906893804841368,0.2936796963458004,0.3531605909217659,0.3205272747985999,0.3176506623630498,0.3614780394968485,0.3657449744314736,0.305677412252321,0.3309996706581781,0.3487261262027632,0.2775002031392549,0.3434012332524767,0.3269410027181994,0.3677472208878017,0.3156580075879925,0.3543579612376374,0.3644646773755755,0.208284033434401,0.3388489709580762,0.3313884680931075,0.2979241976312324,0.3052687604891636,0.2147416349419947,0.3568264903645173,0.3725892132531553
0.3304622827080269,0.3556226095460606,0.3369524997281741,0.3026380228684105,0.310653739143151,0.3270486899287435,0.3786288975604625,0.360826373986856,0.3077862021990495,0.3702683501592836,0.3561147862543478,0.3303610712930421,0.370722496043101,0.2906526228715056,0.2882486152274885,0.3721271486268387,0.2990066966696548,0.3227851685007422,0.3064356159733968,0.3481652549441304,0.3520055859991687,0.3335208749655762,0.2798257570553669,0.2668177117152278,0.2752136995872199,0.3385827318245246,0.3910421286315909,0.3277811030245451,0.3370540769773053,0.3491934023362981,0.292261440526412,0.3016275971340687,0.3545852527225051,0.3764914752249262,0.3222465923814606,0.3328814776459879,0.3801563827366422,0.3605241580290667,0.3022213704137242,0.3403491886314117,0.3335604015210583,0.3487754661983598,0.3122372264277007,0.3072679488372702,0.2889525973982896,0.3475126391760466,0.3445107985863394,0.3362976190860889,0.3304291674030311,0.3225727681953439,0.3493103930292376,0.3408653721539553,0.306576383580328,0.2927837134407027,0.3475258104009626,0.3505569682658869,0.3290422007788782,0.3229789206579231,0.3713015721568647,0.3499825068957337,0.3275909935692435,0.3464081634432578,0.3422537200519744,0.341376967396758,0.3487660913054325,0.3490543561912277,0.2824689148731915,0.3422324115389547,0.3530795841807418,0.3274726342641449,0.2723338526239032,0.3912889955242482,0.3591269587375038,0.2905974144188025,0.2929415227210567,0.2904921573213968,0.3564178569863697,0.325169324243834,0.3240150253241814,0.3613923605408856,0.3643419795480948,0.3049179607458909,0.3365117402230804,0.3475088425892418,0.2742519516331952,0.3425225340219367,0.3242651910064869,0.36294985143055,0.3149640722499833,0.3590405820810332,0.3646137993115809,0.2116564037597954,0.3393122006551638,0.3303438377482783,0.2968732727621904,0.3067712348447192,0.2124895913714356,0.3591072494332906,0.3711663188207633
0.3338669749973402,0.3558981828169684,0.3361420941333888,0.3029262430249037,0.3060043137251509,0.3255519239614235,0.3789067685646687,0.3569383471149144,0.3055837272540223,0.3690764050913125,0.3565769590647414,0.3330203143535319,0.3713931596099461,0.2883210721982371,0.2917498629716704,0.3707574843140708,0.2964772314274505,0.3201500004805634,0.305833707170591,0.3468552655215497,0.3522267420215643,0.3332935159419239,0.2833607654244713,0.2744398877053195,0.2801850084760827,0.3417003056317352,0.3925365777334398,0.3261414318805725,0.3398063189831623,0.3492273278365126,0.2912489648857077,0.3076282260426131,0.3588971208311153,0.3762152968002898,0.3217126672563073,0.3268739848607305,0.3808903457298262,0.3612986828253559,0.3008694960149765,0.3425298686499687,0.3370634695804982,0.3496066957010898,0.3170129235934787,0.3067063258215363,0.2911585890445729,0.3473307440102937,0.3453358572516091,0.3354814144768652,0.3296595333461719,0.3218301204640876,0.3521146941803724,0.3409825137139771,0.3050554325390734,0.2905580370382259,0.3479729773676264,0.349730216445668,0.3283887787099248,0.3276428313888164,0.3703412251098946,0.3492629966325605,0.3266881907385969,0.3502255832975237,0.340409243386107,0.3436993939461217,0.3521898517861008,0.3495149280230571,0.2815231672540772,0.3436030212974566,0.3520529301337053,0.326650142023591,0.2737340495176737,0.391892012118319,0.3585959362339611,0.2915954841238987,0.2959884734709904,0.2873048210339782,0.3591723667964276,0.3294107724628671,0.330111505427388,0.3613808238683985,0.3630552301812223,0.3042406252234272,0.3416427598576559,0.3463380380380852,0.2706669692572051,0.3417360236180206,0.321651227570155,0.3582305197027468,0.3142143267536236,0.3630594510828441,0.3647396701122126,0.2161046504705083,0.3396848253301451,0.3292493648732346,0.2963338702631169,0.3079703744002933,0.2115316151156317,0.361009557572744,0.369826440307736
0.3368314663178475,0.3561259565767476,0.3352025633440749,0.3034348575275459,0.3006140707232219,0.3240759972065201,0.3790505622503671,0.3521589299973454,0.3035582320208611,0.3681369811531358,0.3569428077229927,0.3352413743715718,0.3717088837061024,0.2864710913652943,0.2959320483605158,0.3691502490695367,0.2945680180789085,0.3174394488492172,0.3050813360878119,0.3462723789088722,0.3524164556526404,0.3328522287764579,0.2874979706414375,0.2822014788481785,0.2859787341336537,0.3444867971042421,0.3942551917943031,0.3245602342500426,0.3425494062707655,0.3493337065516335,0.2904445174006002,0.3137887872832943,0.3628116893090775,0.375845744896274,0.3211952791810417,0.3208546388007694,0.3817267575981099,0.3619876581157826,0.2994040389221737,0.3443603293858726,0.340143506191032,0.3503356682353703,0.3216874389716387,0.306370655661817,0.2938968572897174,0.3472440686976755,0.3460990183041675,0.3346646309442449,0.328801433768084,0.3210318574260947,0.3546842017694621,0.340821604961085,0.3034170652590367,0.2886564669377011,0.3484178583586033,0.348787924377112,0.327701605564088,0.3321387159005375,0.3693181080523124,0.3485059036718262,0.3256963282205846,0.3538911956715791,0.3386245609778602,0.3458020036343014,0.3550822162426023,0.3499737812360949,0.2804755149668441,0.3447826485519267,0.3510345295338809,0.325739469757635,0.2749616259834822,0.3926798710208532,0.3580335652005703,0.2928388472302157,0.299764512824916,0.2842564397171003,0.3614935777638232,0.3331394543367114,0.335798638151996,0.3614425035400598,0.3618821029944636,0.3036100603064094,0.3463022878385295,0.3452026014707364,0.2668547913398016,0.3410174065315799,0.3191745035039301,0.353710613291974,0.3134186424429769,0.3663647626363484,0.3648430399398935,0.2213776291210914,0.3400221653473661,0.328110128576444,0.296289355342168,0.3087630034194977,0.2121216370188823,0.3625982638165058,0.3686049891361027
0.3394582445050084,0.3563118334015577,0.3341586922643366,0.3042122055000787,0.2946075344944829,0.3226322796584516,0.3790653421599412,0.34667771646667,0.3016601916713891,0.3674944903961613,0.3572315042860564,0.3369328032072346,0.3717024475828681,0.2852736118098548,0.3006364648966641,0.3673280935035907,0.2932437898231234,0.3146585350982198,0.3042525721677152,0.346141184733969,0.3526197047936473,0.3320810086320928,0.2920691313189392,0.2897624385076892,0.2924149174381896,0.3469866963115868,0.3958850501644098,0.3230741722935817,0.3451650579678719,0.3494852559647539,0.2898065732029566,0.3199231755124241,0.3663971230905538,0.3753932238425826,0.3206805434010377,0.3150668044703631,0.3826669889876317,0.3625545899163343,0.2978111255899929,0.3458969479735823,0.3428222822251361,0.3509494446720915,0.3261507790482252,0.3062522216946209,0.2970865832739995,0.3472374687516496,0.3467653081333091,0.333839689945724,0.327866631235204,0.3202032625346263,0.3570316876303178,0.3404823947113621,0.3017017777932239,0.2872131013695099,0.3488393566751023,0.3477747258481328,0.3269750984118524,0.3363848607589134,0.3682844906811367,0.3477165643577697,0.3246243392935339,0.3573562504251569,0.3368695393247677,0.3477229558461918,0.3575494443109793,0.3505173619911571,0.2793391440769749,0.3457938368424366,0.350077555122476,0.3247352154780644,0.2760560498886272,0.3936580584886901,0.3574751923588241,0.2941776379030948,0.3041607575541565,0.2814952967535184,0.3634501144660674,0.3362909626602808,0.3409810336672784,0.3615841888641842,0.3608011855200967,0.3029831943581924,0.3504454825917584,0.3440856302991534,0.2629782161567172,0.3403312111580296,0.3169236185479995,0.3494882066626035,0.3125818449929207,0.3689506281871965,0.3649344411394021,0.2273370985511402,0.3403922622144283,0.3269315825855466,0.2966982344112243,0.3090750831523507,0.2144521012984989,0.3639241898230516,0.3675310802617496
0.341826435138218,0.3564748647499114,0.3330480445606199,0.3052980200032169,0.2881592312222657,0.3212329550432211,0.3789595938883215,0.3407317319727622,0.2998534654415686,0.3671732336330247,0.3574730485984431,0.3380718184557353,0.3714038269676485,0.2848636071563001,0.3056827952772907,0.3653194632161325,0.292457027454213,0.3118248007993719,0.3034699065455679,0.3461533628640031,0.3528712571062678,0.3308706479378778,0.2968985926596081,0.2968336505451308,0.299261828410275,0.3492397309345805,0.3971247783041858,0.3217134885791348,0.3475499343787332,0.3496467274674671,0.2892859478824994,0.3258707289814989,0.3697156001483279,0.3748676961863897,0.3201563392933386,0.3097712345150384,0.3837056212351136,0.3629698494107933,0.2960832197756309,0.3471973444891454,0.3451392817231102,0.3514303065645467,0.3303251959542692,0.3063321948482895,0.3006223991016609,0.3472910145604257,0.3473096930760895,0.3330033881692232,0.3268705953426854,0.3193784778399864,0.3591684248780148,0.3400834463007404,0.2999740866679644,0.2863570321731217,0.3492152003280689,0.3467356229734344,0.3262072520456744,0.3403277531760223,0.3672978607610418,0.3469002278398783,0.3234957720296396,0.3605912178671615,0.3351095706029564,0.3494914511805635,0.3596932791381982,0.3511668573676039,0.2781344431742976,0.3466523767607123,0.3492144141822701,0.3236425556030343,0.2770664823523974,0.3948288765449946,0.3569508495078352,0.2954673972629149,0.3090298583857627,0.2791764298820007,0.3651015334371174,0.3388452820443017,0.3456053914860278,0.3618057040175511,0.3597684725459327,0.302317458697231,0.3540688669350464,0.3429755694923284,0.259241355133561,0.3396437312089498,0.3149819403087895,0.3456402496327019,0.3117048796484134,0.3708507541379692,0.3650334598354301,0.2339716743266864,0.3408607403053327,0.3257209528050701,0.2975008934263343,0.3088626551254063,0.218632553199531,0.3650175334420602,0.3666311285838992
0.3439922694644617,0.356643241191381,0.3319111030780833,0.306713840297359,0.2814806828182769,0.3198818961192236,0.3787498419743227,0.3345801208642179,0.298109095838712,0.367175873516084,0.3576939687735176,0.338691234525959,0.3708536362637449,0.2853302999507588,0.3108826589654815,0.3631563508048072,0.2921548600359631,0.3089686018364348,0.302869903812975,0.3460075025661065,0.3531921945776298,0.3291258675823203,0.3018144516727271,0.3032025306289981,0.3062511969649267,0.3512776853388475,0.3977133210177573,0.3204896784058292,0.3496054134466146,0.3497691054493851,0.2888260215141149,0.3315053767387511,0.372818794116179,0.3742690232979787,0.3196146457808788,0.3052323361149002,0.3848255625062649,0.3632123890642899,0.2942218822871775,0.3483175236557304,0.3471418426649835,0.3517660988349249,0.3341643240923197,0.3065854817797983,0.3043881226517547,0.3473830557828917,0.347718102434937,0.3321567261998172,0.3258304471329748,0.3186034869590195,0.3611053902088251,0.3397463932529225,0.2983154916512686,0.2861997429271777,0.3495209189242857,0.345711296342769,0.3253975853474011,0.3439330261295594,0.3664171696279636,0.3460568136397535,0.3223395652467842,0.3635851581488882,0.3333098407473323,0.3511237354954629,0.3615944846558979,0.3519013625751045,0.2768881676162588,0.3473649461228538,0.3484609594029515,0.3224630320514948,0.2780496887428209,0.3961968848526649,0.3564808997910246,0.2965894701446963,0.3142006253964887,0.2774561563581922,0.366488554829377,0.340823984810028,0.3496569482214716,0.3620880701005635,0.3587326093261429,0.301574661042769,0.3571956628142225,0.3418652335155663,0.2558838651930506,0.3389260764838305,0.3134056767837194,0.3422261620480527,0.3107877125960871,0.3721214698749931,0.3651579670633773,0.2413696699233471,0.3414848319740434,0.3244922401716908,0.2986214863672939,0.3081039385976901,0.2246756055426991,0.3658860902225023,0.365920164248983
0.3460006688471153,0.3568376714575014,0.3307863077354957,0.3084552328239186,0.2748073780404257,0.318578625682904,0.3784618455048341,0.3284801875142032,0.2964079562739578,0.3674890754002786,0.357911177794588,0.3388686210288662,0.3700902374388687,0.2867096975477876,0.3160498040508798,0.3608790545005403,0.2922851800521561,0.3061312438262451,0.302579394325352,0.3454414080466868,0.3535886711108254,0.3267766308834092,0.3066622821431021,0.3087435837806434,0.3130932245212797,0.3531196084648945,0.3974523867072129,0.3194064163322579,0.3512420597447143,0.3497949668789494,0.2883708554906454,0.3367323620859918,0.3757466499033157,0.373587126859423,0.3190487748835267,0.301692316572783,0.38599439976036,0.3632753653428204,0.2922419182134563,0.3493057692970127,0.3488793757045937,0.3519577796473899,0.3376533673960193,0.306990812055916,0.3082677700732478,0.3474947605235229,0.3479768017033745,0.3313003198595053,0.3247672382093507,0.3179393933021228,0.3628504810974601,0.3395678230840884,0.2968301899803457,0.2868233600893325,0.3497329381138558,0.3447367295496847,0.3245469908778221,0.3471855926374577,0.3656915663236038,0.3451806252839031,0.3211825441938464,0.3663475557744025,0.3314384174049662,0.3526200009554634,0.3633137113446336,0.352686689703917,0.2756418617563803,0.3479313081181919,0.3478186284506684,0.3211967265190605,0.2790678774672107,0.3977745976149484,0.3560728154709982,0.2974605582488169,0.3194961982517894,0.2764820238198475,0.3676333994303989,0.3422848666838221,0.353156892526302,0.3624020245125118,0.3576551514680391,0.300720914178099,0.3598654830573714,0.3407462433531432,0.2531749138778794,0.3381506287759772,0.3122231565620076,0.3392877527220768,0.3098327337382092,0.3728304536135695,0.3653201579548578,0.2496768273349899,0.342313851938328,0.3232625157189774,0.2999678936997022,0.3067940340292399,0.2324878215325277,0.3665301629324053,0.3653972679691364
0.3478883618197658,0.3570617022317764,0.3297121989526235,0.3104908190941321,0.2683878278802828,0.3173254616565979,0.3781265942671037,0.3226639610011003,0.2947501798299838,0.3680945459472468,0.3581322635955648,0.3387207835329322,0.3691358774460984,0.2889796991296549,0.3210162270100866,0.3585351956160114,0.2928011297501804,0.3033593930953372,0.3027315184506708,0.344256400594658,0.3540506064289382,0.3237938477392545,0.3113197351095305,0.3134180394124106,0.3194983888430713,0.3547679191445429,0.3962340797365603,0.3184737464263055,0.352398939066965,0.3496734417043626,0.2878733046771753,0.3414896275977083,0.378522594966058,0.3728100079371444,0.3184546174033149,0.2993447314858573,0.3871675379961221,0.3631654040661339,0.2901747276102155,0.3502009624989839,0.3503976771674454,0.3520126925557053,0.3408057680668493,0.3075331972760284,0.3121492666446026,0.3476058798519003,0.3480721227050992,0.3304320987098741,0.3237043392662814,0.3174598446467033,0.364403246502634,0.3395986468297738,0.2956468594270333,0.2882734665162433,0.3498333296768721,0.3438378626336729,0.3236597171254658,0.3500942773178111,0.3651560901544143,0.3442681828856431,0.3200507542614456,0.3689005249907684,0.3294602002758975,0.3539621841952185,0.3648940618256336,0.3534898317437364,0.2744637051747123,0.3483526276877376,0.347269540063012,0.3198506268015241,0.2801792032159763,0.3995772262604252,0.3557268505510523,0.2980331973164862,0.3247457321412894,0.2763819099331567,0.3685499221440523,0.3433067456518995,0.3561536983603126,0.3627191394949089,0.3565130380738399,0.2997277761804754,0.3621295841292054,0.3396114334025837,0.2513912429958451,0.337294929298192,0.3114452029918982,0.3368465788807682,0.3088455073977583,0.3730539900988986,0.3655314154157443,0.2590414421779132,0.3433822156124248,0.3220446036393326,0.3014387788756056,0.3049455909848448,0.2418699762210364,0.3669568895047946,0.3650559218095096
0.3496761267434796,0.357308615743758,0.3287246319442738,0.3127659149235624,0.262472504192542,0.3161226393671802,0.3777778337627325,0.3173143032949568,0.2931554277943383,0.3689754273781929,0.3583495448333332,0.3383853655697245,0.3680153688560676,0.2920642133640659,0.3256499880447075,0.3561696936026545,0.2936641529037764,0.3006987242057367,0.3034735109230579,0.3423358319878758,0.3545497843539417,0.3202003307069538,0.3157037202701456,0.3172669528220469,0.3252065074204048,0.3562140327264925,0.3940618133178933,0.3176991258564226,0.3530489623160704,0.3493663151670674,0.2872926683298457,0.3457564083708775,0.3811484907469097,0.3719250279975453,0.3178342136846346,0.2983179694833567,0.3882951416884119,0.3628959210118659,0.2880697330590299,0.3510360133097031,0.3517331837920046,0.3519351819924293,0.3436521494832856,0.3081972238212248,0.3159286131001695,0.347688191983257,0.3480023333117821,0.3295489907349924,0.3226598818328267,0.3172422141367742,0.3657560938713786,0.339845595902998,0.2949005298099851,0.2905540928509041,0.3498119215653279,0.3430251250747787,0.3227427437091876,0.3526842079024358,0.3648369964428984,0.3433210064057421,0.3189700608804537,0.3712637886382071,0.3273339472382371,0.3551170643281329,0.3663530307958506,0.354288603780219,0.2734497490611394,0.3486363221992875,0.346777510077065,0.3184324080299489,0.2814284937418502,0.4016092882190474,0.355443060316613,0.2982955634463469,0.3297922574990231,0.2772574057285237,0.3692475237060936,0.3439723548319042,0.3587070339697394,0.3630075869843978,0.3552887946873171,0.2985751595836612,0.3640422573621149,0.3384609658522974,0.2507847526244788,0.3363513967471743,0.3110623303696922,0.3349067212354523,0.3078329344877011,0.372870278990132,0.3658002415175754,0.2695366832215058,0.3446986616987134,0.3208474582834601,0.3029373611315831,0.3025861925767121,0.2525314895535945,0.3671768561256184,0.3648944816214535
0.3513688481309006,0.3575694460717454,0.3278470490632331,0.3152078573012509,0.25730215781824,0.3149589990731637,0.3774534510284211,0.312550063573351,0.2916524674569756,0.3701185333166485,0.3585321041139752,0.3379895281357389,0.3667725666104834,0.2958463653092292,0.3298617175261343,0.3538184943567444,0.2948432505881638,0.2981917787829158,0.3049328291460058,0.3396515027941161,0.355040331644531,0.3160740918389416,0.3197682420013366,0.3203976850741621,0.3300119752530993,0.3574490806551876,0.391044682053801,0.3170741143335016,0.3531878507333378,0.3488450979258473,0.2865913120830413,0.349552525749333,0.3836084184099603,0.3709122269767174,0.3171942462450618,0.2986633552613839,0.3893276678950881,0.3624865287287325,0.2859962334708569,0.3518370066996926,0.3529090835225347,0.3517299678887198,0.3462277928749462,0.3089641546713213,0.3195204071959966,0.3477121039703403,0.3477818536716267,0.3286491223396918,0.3216427955923002,0.3173591069796096,0.3669016864329726,0.3402755895082358,0.2947099961515281,0.293621860780362,0.3496663623695216,0.3422901525624368,0.3218025834475154,0.3549822786412346,0.3647525496631507,0.3423393131773791,0.3179593798247073,0.373448687048435,0.3250236969980011,0.3560464249659046,0.3676777492677234,0.3550892546544892,0.272714952324127,0.3487951019717991,0.3463019789836372,0.3169372157304144,0.2828468653577646,0.4038588289141224,0.3552180736188244,0.2982704737767374,0.3345059886612381,0.2791801268381657,0.3697247744988844,0.3443630714926612,0.3608738607567691,0.3632270379225911,0.3539713582208905,0.2972529511331138,0.3656495846407881,0.337301490504502,0.2515581193410464,0.3353294079560928,0.3110353948476866,0.3334657797814372,0.306801525466828,0.3723484545251304,0.3661216806470316,0.2810844776481723,0.3462456322924835,0.3196785603709953,0.3043795729502621,0.2997514383999638,0.2641160157644178,0.3671986678568066,0.3649117569013113
0.352968533514377,0.3578269392150807,0.3270861772445666,0.3177326253531424,0.2530972650947105,0.3138140560106153,0.3771926462745427,0.3084259366310485,0.290270959213835,0.3715180347660601,0.3586308699975612,0.3376281886885852,0.3654499168531067,0.3001832902134674,0.333601390921014,0.351511647617274,0.2963076579656595,0.2958775899420918,0.3071867050544741,0.3362551935656985,0.3554662649589367,0.3115503728328393,0.323500484570716,0.3229618510400095,0.3337774084729669,0.3584670318167807,0.3873721529857211,0.3165841303687037,0.3528328947605668,0.3480943714599653,0.2857402881159435,0.3529214741532052,0.3858790385751104,0.3697428547201452,0.3165421977905698,0.3003452498043074,0.3902187542204967,0.3619678585137735,0.2840464548772906,0.3526168624006199,0.3539337631451903,0.351411775562395,0.3485678293732991,0.3098168792115492,0.3228666758260728,0.3476598154972729,0.3474328090039256,0.3277319768247866,0.3206571539421681,0.317874755933517,0.3678359846680809,0.34080767800612,0.2951705067889089,0.2973834185420981,0.3494019824557969,0.3416091721944911,0.320844859497479,0.3570128340786216,0.3649053418118408,0.341320812667857,0.3170252903212918,0.3754635299101119,0.3225119332570859,0.356717359078779,0.3688368220394721,0.3559393354444566,0.2723861692327756,0.348846818224407,0.3458092281205853,0.3153486281895146,0.2844570970693795,0.4063032233632718,0.3550396503467278,0.2980079260150878,0.3387990014456367,0.2821848359406091,0.3699692660347122,0.3445599116546597,0.3627040183213126,0.3633383769022896,0.3525676309936283,0.2957609706303866,0.3669856488065106,0.3361400940548193,0.2538508526433004,0.3342490253543596,0.3113025169216359,0.3325223648153848,0.3057563648827553,0.3715442334361827,0.3664749199602777,0.2934204105813197,0.3479870064466572,0.3185384369040781,0.3056889322717966,0.2964839745130879,0.2762318929742889,0.3670401704731249,0.3650975443429171
0.354481652598041,0.3580461712340868,0.3264362152995965,0.3202519387600969,0.2500492028888204,0.3126664848792141,0.3770264240842653,0.3049369113565479,0.2890396678219168,0.373176031580618,0.358593402000428,0.3373598478693862,0.364072182674055,0.3049191750310639,0.3368574151774333,0.3492745784024318,0.2980167242834021,0.2937859411371326,0.3102734350791881,0.332264426489381,0.3557744804433324,0.3068228994511982,0.3269176896151399,0.325127054427025,0.336440385502817,0.3592623781704275,0.3832913863116469,0.3162249336492544,0.3520350253827609,0.3471202648510015,0.2847231021667816,0.3559124647233248,0.3879346876304312,0.3683871813491225,0.3158868893071987,0.3032431823256159,0.3909274546681838,0.3613779219835747,0.2823348293352909,0.3533750609439706,0.3548029448434228,0.3510049553496646,0.3507079945553615,0.310741612828289,0.3259347309677496,0.3475237649709586,0.3469794967510907,0.3267966657065323,0.3197058242925885,0.318843071085032,0.3685540002403116,0.3413114114941971,0.2963517469199364,0.3017024142777375,0.3490303795060388,0.3409493671451874,0.3198764475646867,0.3587997345293088,0.3652803864270909,0.3402700480066169,0.3161651966159824,0.3773149464069244,0.3197985307425135,0.3571056924735945,0.3697962334042313,0.3569190135471994,0.2725981064729293,0.3488155353503503,0.3452688217809329,0.3136503264431594,0.2862777666926472,0.4089114242792114,0.3548941726475251,0.2975710699350743,0.3426266288309059,0.2862594714348824,0.3699708934304394,0.3446348818745736,0.3642404192842962,0.363314227354705,0.3511033928324406,0.2941096200671218,0.3680760034659839,0.3349811898104825,0.2577252922989031,0.3331369199759924,0.3117976178613285,0.3320697134862665,0.3046996514101022,0.3705022943071924,0.3668312316453709,0.3060989988739299,0.3498725285945234,0.3174151738086967,0.3067881152124743,0.2928403313231304,0.2884845510886604,0.3667402926724801,0.365434634653385
0.3559117635987042,0.3581813541717101,0.3258807762184446,0.3226809560049188,0.2483123848632147,0.3114945935546778,0.3769730328076635,0.3020197290432906,0.2879838935012788,0.3750954352194601,0.3583705861555517,0.337206501590699,0.362670071139102,0.3098991192161984,0.3396563549407644,0.3471213896545145,0.2999150791394267,0.2919282920381415,0.3142048644492022,0.3278474532298125,0.3559230804300879,0.3021362793753002,0.3300576664341801,0.3270509383833371,0.3380183240780339,0.3598347459646898,0.3790873509991347,0.3159998224611209,0.350879469580434,0.345949954283246,0.2835290777055732,0.3585755877595273,0.3897463778113877,0.3668218919401448,0.3152396255641512,0.3071675324427579,0.3914225486872725,0.3607497529591788,0.2809894134617696,0.3541068324373782,0.3555061729487808,0.3505349337935068,0.3526804542114168,0.3117216008213258,0.3287097868583266,0.3472939534446719,0.3464515386830777,0.3258407307759196,0.3187866561661407,0.3203016657642041,0.3690475786951222,0.3416263905444359,0.2982846543686824,0.3064142697023345,0.3485669218585485,0.3402750565656637,0.3189040950956995,0.3603594807598788,0.3658550841608235,0.339203036143565,0.3153711808714343,0.378999910929082,0.3168943955813452,0.3571960109636974,0.3705243215403604,0.3581194899634541,0.2734810673307501,0.348729118149084,0.3446486831084367,0.3118291299836137,0.2883266111557414,0.4116340314421045,0.3547791431380683,0.2970202949804808,0.3459750314928907,0.2913409089770779,0.3697316710324186,0.3446372432690522,0.3655167845053837,0.3631359872315471,0.3496094479299514,0.2923229489299462,0.368938743485534,0.3338267315122507,0.263153315136272,0.3320253071563139,0.3124580223942191,0.3320863043580708,0.3036298368620287,0.3692575816628083,0.3671553014215354,0.3185122769416167,0.3518401217975331,0.3162897902475075,0.3076017481302519,0.2888963062710298,0.3005089688174669,0.3663494701853909,0.3659081380672182
0.3572535049630815,0.3581938600977576,0.3253904471017126,0.3249483874799753,0.2479964610557372,0.310272952973791,0.3770442442316927,0.2995618753726138,0.2871196649974024,0.3772743021696393,0.3579137313820003,0.3371523560467374,0.3612971948345188,0.3149831911783572,0.3420522030122723,0.3450509852617483,0.301933865890939,0.2902957727668989,0.318938152954459,0.3232012653892358,0.3558798200515479,0.2977686910188381,0.3329625626431478,0.328865094366405,0.3386053954096795,0.3601971885016551,0.3750496246941635,0.3159105596959448,0.3494688398819142,0.344623617600321,0.2821511057763426,0.360963497850932,0.3912863073458185,0.3650324438745575,0.3146090585594621,0.3118750351991067,0.3916892064049457,0.3601059748628069,0.2801394592257296,0.3548086438927487,0.3560330526252599,0.3500262512533589,0.3545037040426099,0.3127333096998373,0.3311930755727751,0.3469592962099845,0.3458841841873558,0.3248626597872053,0.3178890743131574,0.3222624678686938,0.3693100315765484,0.3415832700139843,0.3009478441292968,0.3113411473515553,0.3480300333045674,0.3395537328208302,0.317929369334916,0.3616908288345742,0.3666069751766853,0.3381389214174947,0.3146261991213139,0.3805019466235379,0.313825547373275,0.3569857217829888,0.370993120395794,0.3596263085872311,0.2751395689413033,0.3486156644218591,0.3439231464791268,0.3098694744622748,0.290625947664471,0.4143958459185101,0.3547005112058594,0.2963989676581894,0.3488520456011159,0.2973213752891748,0.3692604008704051,0.3445939655536997,0.3665550801358982,0.3627908292160035,0.3481119672043407,0.2904437856289936,0.3695818866120843,0.3326755007225967,0.2700136679614975,0.3309465087252,0.3132212336767717,0.332539987977329,0.3025432047712945,0.3678370763386387,0.367398566531611,0.3299238844493193,0.3538244937543727,0.3151440012455684,0.3080666238683581,0.2847471980026432,0.3119976178659552,0.3659135001974986,0.3665067787100265
0.3584992027572617,0.3580586942546357,0.3249259558251805,0.3270058402443997,0.2491579784083805,0.3089783369403591,0.3772493216357065,0.2974267162571238,0.2864490071024375,0.379708142923422,0.3571780638816977,0.3371495272856852,0.3600024681362585,0.3200559148129092,0.3441095845281644,0.3430539461870096,0.3039905036028911,0.2888653118258831,0.3243461242143051,0.3185245258741681,0.3556202758268308,0.2940139208145776,0.3356679869465482,0.3306672181934788,0.338354635041224,0.3603738106326842,0.3714307545210911,0.3159621081961021,0.3479100973378575,0.3431907674843047,0.2805982012840943,0.3631252148932096,0.3925388638316414,0.3630159158995792,0.3139943030982099,0.3170815265951171,0.3917333255026371,0.3594640601436241,0.2799053221819741,0.3554726006954491,0.3563751575429445,0.3495080358756386,0.3561787754333744,0.3137514860960916,0.3334022541027654,0.3465231937810022,0.3453114587509514,0.3238669382356304,0.3169992467958121,0.3247062751199915,0.3693403079580685,0.3410100804187075,0.3042713470491731,0.3163042781191255,0.3474414965114092,0.3387601025840685,0.3169464044320342,0.3627779468439936,0.3675092890939903,0.3370928748917136,0.3138991648918889,0.3817993846108804,0.3106393686850992,0.3564912760727994,0.3711860842611982,0.3615057740699184,0.2776358743083781,0.348503105448288,0.3430836478624098,0.3077550650430514,0.2932064863504917,0.4171062961556811,0.3546591544269611,0.2957241383672409,0.35128868189463,0.304058005942191,0.3685664820789195,0.344523156792048,0.3673680565637752,0.3622802303380899,0.3466342194169904,0.2885379067741371,0.3700051450688758,0.3315213901358111,0.2781001873849932,0.3299251968709566,0.3140282508891289,0.3333977690706557,0.3014371346745876,0.3662668025530385,0.3675041125121135,0.3395440979778826,0.3557682622765582,0.3139582234247645,0.3081320942725009,0.2805065905715243,0.3227194591896479,0.3654766980452361,0.3672153800872365
0.3596454858089071,0.357756458328663,0.3244473038845415,0.3288288104985403,0.2517930522290386,0.3075999250032203,0.377586763306722,0.2954809903184872,0.2859576427836617,0.3823891663507746,0.3561370777138363,0.3371302284033128,0.3588071541980741,0.3250292404571192,0.3458954949315007,0.341120824201579,0.3059852744339426,0.2876026743645914,0.3302420109309416,0.3140004862587354,0.355135584023183,0.2911653527255884,0.3382023052810901,0.3325155131695809,0.3374524833561694,0.3603897646816287,0.3684194892355757,0.3161675179514031,0.3463137158571277,0.3417083850836509,0.2789065297997052,0.3650924702811962,0.3935039968176101,0.3607852889272798,0.3133846666755999,0.322486693972943,0.3915789277780516,0.3588388347252562,0.2803894869800905,0.3560822265349296,0.3565282627439943,0.3490142381218635,0.3576979970375063,0.314754195663851,0.335364277477366,0.3460052333923197,0.3447616241477219,0.3228650666632298,0.3161067206873485,0.3275868215642557,0.369140907563024,0.3397409226000518,0.3081498766820688,0.3211371754528515,0.3468236497589794,0.3378767184601466,0.3159435211450699,0.3636030000341839,0.36852516673479,0.3360800800672275,0.3131495175814314,0.3828752500423669,0.3073961872820047,0.3557487672562721,0.3711044083210758,0.3637844224255124,0.28098572533299,0.3484179341038196,0.3421371511745933,0.3054783451028674,0.2961050685966423,0.4196781891492087,0.354649594936549,0.2949854640864242,0.3533370511735141,0.3113769727411956,0.3676669028017414,0.3444389511625743,0.3679655804599327,0.3616241216241042,0.3451953755901346,0.2866938537691049,0.370207703350949,0.3303529945126219,0.2871353433730934,0.3289765338484235,0.3148326032557406,0.3346206294154919,0.3003141767947791,0.3645785802131438,0.3674253364437336,0.346641572463663,0.3576264076327811,0.3127072061233554,0.307748699359131,0.2763033116906364,0.332528489635338,0.3650935104683475,0.3680107791050575
0.3606886524650722,0.3572720133792502,0.3239173885897077,0.3304108012676653,0.2558347689786086,0.3061392221123895,0.3780369227621247,0.2936073006309623,0.2856145475514476,0.385295543788641,0.3547932183276095,0.3370174009214134,0.3577260120264265,0.3298409476985422,0.3474775304383375,0.3392420686355935,0.307803804107814,0.2864589867180713,0.336435362324592,0.3097932856546005,0.3544413951584602,0.2894949391180569,0.3405849997940904,0.3344266360962358,0.3360992170847796,0.3602701934500518,0.366133537717416,0.3165387650405543,0.3447892962398671,0.3402317261777108,0.2771368848894451,0.3668727494506909,0.3941893524683331,0.3583688041359979,0.3127633016531752,0.3278101437927908,0.3912621636769294,0.3582373832796062,0.2816639395146789,0.3566208137257173,0.3564997251061722,0.3485767819239768,0.3590549942317416,0.3157202957506874,0.3371045553154659,0.3454237575965308,0.3442576084347076,0.3218701596050364,0.3152020525260766,0.3308410499392055,0.3687140685570356,0.3376398876601438,0.3124495297247838,0.3257005661648838,0.3461947030249975,0.3368960349868953,0.3149032568927384,0.3641503259059764,0.3696126239271856,0.3351177846628683,0.312338141413798,0.3837191380823487,0.3041533986296873,0.3548087711482575,0.3707653164005543,0.3664283066407612,0.2851573296415854,0.3483798579825217,0.3410984721909147,0.3030436158255226,0.2993598578651846,0.4220353414023231,0.354671515885658,0.2941496633777507,0.3550548061306072,0.3190769474813718,0.366594862912789,0.344343501917922,0.368360140752524,0.3608490418408062,0.3438011454518634,0.2850198818433019,0.3701943264678182,0.3291556085374559,0.2967916463588492,0.3281083054199854,0.3156000189470577,0.336148290789471,0.299188830036827,0.3628107766139513,0.3671347942934967,0.3506517637838724,0.3593670317047548,0.3113652260508387,0.3068638800368478,0.2722750643095788,0.3413616584244053,0.364821608240285,0.3688654033721953
0.3616193446493735,0.3566070958423715,0.3232992709405493,0.3317617464574158,0.2611558461991755,0.3046032029612375,0.3785695848616744,0.2917066215243074,0.285375266438247,0.3883853896886678,0.353174872869104,0.336736004481007,0.3567840050394756,0.3344511119977355,0.348915026623615,0.3374055790551075,0.3093296756431508,0.285372621883236,0.3427552908336783,0.3060428730542331,0.3535729850953086,0.2892266780759809,0.3428185845445772,0.3363835769734196,0.3344957686243706,0.3600467904358907,0.3646159359779551,0.317080411080765,0.3434309971408235,0.3388044027265896,0.2753748897319329,0.3684565321027376,0.3946064581355485,0.3558047347415498,0.3121079305830365,0.3328139549470402,0.3908291706295707,0.3576572114609384,0.2837562318968982,0.3570823650613267,0.3563136360495721,0.3482226765612198,0.3602443880352909,0.3166261841205496,0.338644021188207,0.3447884177881306,0.3438138038788839,0.3208926591099154,0.3142701728829241,0.3343969877840289,0.3680614769498018,0.3346219406880711,0.3170129354192123,0.3298933394315277,0.3455676215980131,0.3358272527926741,0.3138001385945603,0.3644034616953562,0.3707333252531425,0.3342153366825316,0.3114323178857696,0.3843266283107621,0.3009610600578097,0.3537319050022647,0.3702016818405743,0.3693362247366766,0.2900667597646906,0.3483994818482515,0.3399881819714778,0.3004606444498711,0.3030079903559208,0.4241105229904048,0.3547306864346476,0.2931635218028086,0.356489293885584,0.3269426278625792,0.365394332360045,0.3442261309798451,0.3685705363159053,0.359978273490647,0.342440640146382,0.2836422731463196,0.3699759225002588,0.3279162779211,0.3067227255433324,0.3273191355388851,0.3163001725915491,0.3378991993120023,0.2980968199397194,0.3610082230896567,0.3666156172186555,0.3512475694877316,0.3609758983046296,0.3099143887779302,0.3054343693917175,0.2685639015187106,0.3492267929197394,0.3647039097773388,0.3697508418935434
0.362428338100659,0.3557862098300489,0.322559134695761,0.3329116543871435,0.2675725190175519,0.3030055157747469,0.3791552034658197,0.2897055166239229,0.2851876011171597,0.3916052622360768,0.3513269255676873,0.3362285587057559,0.3559921874718042,0.3388391421509849,0.3502464378646885,0.3356008680489177,0.310457202216569,0.2842824924549851,0.3490355304243991,0.3028539741389526,0.3525702485132476,0.290513731848066,0.3448860579801115,0.3383511959916624,0.3328265682125803,0.3597546683017805,0.3638320722879288,0.317795794040061,0.342305527070989,0.3374581123070537,0.2737443308736181,0.3698296169153075,0.3947775246723135,0.3531394748175253,0.311391727603088,0.3373026522568589,0.390335928194231,0.3570920423904251,0.2866423618469068,0.3574708797241286,0.3560048428227317,0.3479770649539464,0.3612580490290659,0.3174498790763584,0.3400017523323238,0.344113451852596,0.3434286745614655,0.3199433130025501,0.3132912332555157,0.3381758996296152,0.3671859262701385,0.330658955332527,0.321674455650465,0.3336549987533833,0.3449514681631747,0.3346998756819958,0.3126014026048799,0.3643505538901881,0.3718524676229339,0.3333660722547438,0.3104018269210749,0.3847039968802314,0.2978664747461607,0.352585622896123,0.3694658649566923,0.3723454154891349,0.2955780853467996,0.3484831318146174,0.3388316414704195,0.2977393147906419,0.3070823120188012,0.4258507084563191,0.3548245871230673,0.2919560011466603,0.3576758034429229,0.3347659696267985,0.3641088046349213,0.3440779501780093,0.3686237740880647,0.3590378610193324,0.3410950302080968,0.2827023162370597,0.3695688181753669,0.3266294796601464,0.3165929442566979,0.3265942353790851,0.3169042350063682,0.3397872391458393,0.2971007608592582,0.3592242818313095,0.3658583840807731,0.3483636072083899,0.3624601693452126,0.3083449589971205,0.3034397917474747,0.2653152183655736,0.3561838000379633,0.3647673210533084,0.3706366242764571
0.3631155396564101,0.354843713851028,0.3216765703766975,0.3339057079332929,0.2748497254031093,0.3013737797486388,0.3797619281478379,0.2875654026561783,0.2849939005666989,0.3948967673900836,0.3493057527078035,0.3354634000029565,0.3553331369959713,0.3430012055994985,0.351488861357185,0.3338254438182021,0.3110960195950772,0.2831403656526121,0.3551104148170534,0.300293504160986,0.3514704716417403,0.293422997356893,0.3467613989321585,0.3402887595520956,0.3312383337577644,0.3594201551571914,0.3636808239616922,0.3186845617315642,0.3414490803909595,0.3362146347447072,0.2724120840135098,0.370977716945694,0.394737459412043,0.3504287477248793,0.3105900123122938,0.3411239194530812,0.389841477906719,0.3565364283563417,0.2902492659886537,0.3577933782974212,0.35560937934877,0.3478622720404406,0.3620906333304016,0.3181772945935522,0.3411915362237192,0.3434238637020284,0.3430840874740253,0.3190371798639187,0.3122472575567851,0.3420945233822713,0.3660927889880676,0.3257879598354318,0.3262787821679316,0.3369624915995899,0.3443495957938121,0.3335553519769615,0.3112714619158229,0.3639965785816693,0.372932260900003,0.3325540466503478,0.3092168536832841,0.3848744097475824,0.2949121155016674,0.3514373946482877,0.3686235807190252,0.3752397769062452,0.3015179401826001,0.3486363637005346,0.3376525122099154,0.2948904237093968,0.3116022904889407,0.4272314163310468,0.3549356610967394,0.2904482212267638,0.3586421333652738,0.3423607650651555,0.3627806622501481,0.3439038222691969,0.3685530369883939,0.3580612551041001,0.3397434379788989,0.2823440573201841,0.3689958800618793,0.3252970622097579,0.3260962558268398,0.3259061045588277,0.3173868976663232,0.3417290382789842,0.2962876243696182,0.3575175384005765,0.3648742784202152,0.3421831427117431,0.3638430356691416,0.3066532049048128,0.3008831074624218,0.2626712426127344,0.3623235297405497,0.365035353985588,0.3714887340948249
0.363689983861793,0.3538107620296978,0.3206493346437983,0.3347873756827435,0.2827146687211614,0.2997473555761439,0.3803455037622607,0.2852799927188184,0.2847310625334295,0.3981891567720401,0.3471791725494499,0.3344265336561194,0.3547889667007755,0.346943393063463,0.3526483001836097,0.3320847883214059,0.3111747933525455,0.2819119904442752,0.3608413073787511,0.2984001979015674,0.3503124479605028,0.2979237741343864,0.3484214895861821,0.3421564068799278,0.3298293228366444,0.3590592525339917,0.3640197112945343,0.3197253906269611,0.3408664230394841,0.3350801481738122,0.2715687381605461,0.3718839888991383,0.394521871782558,0.3477323281562685,0.3096872550520359,0.3441831966928538,0.38939554535507,0.3559854548752286,0.2944618638196472,0.3580608746585773,0.355164742094605,0.34789120766696,0.3627501568490516,0.3188012755778101,0.3422151708916268,0.3427395211121241,0.3427539493412307,0.3181898898653993,0.3111233346646251,0.3460730234012296,0.3647925981949956,0.3201269132968166,0.330691307263713,0.3398261564884755,0.3437574359791095,0.3324338134783507,0.309775950329968,0.3633665618587872,0.3739300331458802,0.331763346736761,0.3078562702936168,0.3848778336116675,0.2921288259865635,0.3503462904641772,0.3677360360639346,0.377762050204705,0.3076994964620744,0.3488618045823559,0.3364679953811312,0.2919286392051304,0.3165638949205825,0.4282635494395753,0.3550416962680829,0.2885719818727122,0.359406078261873,0.3495654455509606,0.3614569630850317,0.3437182451929567,0.3683921327909068,0.3570776225747625,0.3383588508714332,0.2826946797312529,0.3682872923365935,0.3239224839492342,0.3349714367192258,0.3252204603781415,0.3177216208325833,0.3436338581045801,0.2957620105031934,0.3559422247287037,0.3637018869396512,0.3331077726273944,0.3651537517114392,0.3048455063913454,0.2977873722584764,0.2607573150334243,0.3677466149630687,0.3655284488656559,0.3722726420720035
0.3641645883470728,0.3527181804465276,0.3194879821174923,0.3355866998860368,0.2908801256641338,0.2981641830401778,0.380851344748758,0.2828609734584257,0.2843360217336028,0.4013964969520519,0.3450240969860789,0.3331113944069713,0.3543577679977597,0.3506701730393263,0.3537242657655652,0.3303885856659297,0.3106521260627216,0.2805769326623599,0.366138515699711,0.2971894274058593,0.3491375056167082,0.3038831631783388,0.3498495719834977,0.3439226578305292,0.3286564551011796,0.358689811205965,0.3646875740065345,0.3208716613770409,0.3405315392006203,0.3340407693885999,0.2714056206301879,0.3725311001707199,0.3941565074022212,0.345101330346582,0.3086766804371506,0.3464492604965992,0.3890322176977667,0.3554353651107074,0.2991305791732215,0.3582952843176876,0.3547151576594903,0.3480646464348112,0.3632592738491872,0.3193148054300799,0.34306560438877,0.3420630562253118,0.3424110126359606,0.3174097944131782,0.3099033467098652,0.3500437763281993,0.3633039508442523,0.3138731435846891,0.3348037931747365,0.3422838074384304,0.3431673525665028,0.3313688659605651,0.3080850988294707,0.3624993491672055,0.374801804361929,0.3309748550704571,0.3063199052938052,0.3847652418765767,0.2895379738687163,0.3493605254672534,0.3668517497406421,0.3796367161698314,0.3139427906113229,0.3491608877086893,0.3352907440697952,0.2888758583308977,0.3219360754184475,0.428985281890394,0.3551238851471604,0.2862839009617546,0.3599712825687091,0.3562449966463532,0.3601868365903794,0.3435371413405734,0.3681712230373076,0.356100296801853,0.336907457468215,0.2838496181296309,0.3674791906548936,0.3225100908861721,0.3430198494347765,0.3245027428202588,0.3178728805583878,0.345399389896377,0.2956403789611575,0.3545440553174352,0.3623924411307597,0.3217269739516022,0.3664226250784173,0.3029424611764447,0.2942024957229143,0.2596764578965389,0.3725442440767593,0.3662511188520193,0.3729586704766764
0.36455571633736,0.3516002584607732,0.3182108185296738,0.3363242375246639,0.2990669730965947,0.2966517992763734,0.3812268793275971,0.2803254237093439,0.2837550746340556,0.4044350052006369,0.3429173468427224,0.3315228690956748,0.3540264704164459,0.3541784403138179,0.3547070135052665,0.3287507847987702,0.3095256108267583,0.2791389665860474,0.3709491581858943,0.2966459450424655,0.347981203006601,0.3110741855741515,0.3510376071757153,0.3455736867607034,0.3277481385266275,0.3583373902886003,0.3655200741399561,0.3220673705115056,0.340395749436402,0.333069321696973,0.2721077115029283,0.3729115732708898,0.3936613564340893,0.3425701912422857,0.3075579295319179,0.3479329280479075,0.3887729436627455,0.354885736701693,0.3040816402104617,0.3585288709696349,0.3543058910195273,0.3483743204943479,0.3636473826187974,0.3197075851475608,0.3437369941336254,0.3413908452559021,0.3420259420072607,0.316695868785376,0.3085718406635057,0.3539506262207587,0.3616532683421669,0.3072764933679692,0.3385415513539936,0.3443896905472375,0.3425764415947487,0.3303886734843613,0.3061794905544539,0.3614458774013923,0.375504055218683,0.3301599213805019,0.3046317002487563,0.3845934497195819,0.2871605660454576,0.3485199007584456,0.3660158246416158,0.3805986905038038,0.3200867041083069,0.3495429413631657,0.3341279407346704,0.2857656553874225,0.3276614671293626,0.429450666456407,0.3551609534999944,0.2835673871014239,0.3603331809364685,0.3622995208489453,0.3590121066812652,0.3433802277681675,0.3679161087384531,0.3551322412455546,0.3353597458197425,0.2858654993724425,0.3666113162082974,0.321073395675648,0.3501146863936726,0.3237239282963086,0.3177980407221566,0.3469256000096541,0.2960431622366624,0.3533631983475307,0.3609940477741388,0.3087789294354671,0.3676790166037001,0.3009763951536292,0.2902151217762179,0.259519685787747,0.3767854346452607,0.3671889631482108,0.3735247069842494
0.3648865679577232,0.3504827160318956,0.3168449527228873,0.3370169314302418,0.3070193467333401,0.295229251998233,0.3814265289473547,0.2776906152948132,0.2829463864752708,0.4072399437290014,0.3409243669085548,0.3296864694263223,0.3537569091481509,0.3574635402030673,0.3555803955355711,0.3271914480137061,0.3078268457242969,0.2776381926704813,0.3752316493275824,0.2967192223385235,0.3468667518395115,0.3191916207205399,0.3519928703369293,0.3471144838194734,0.3271092377560948,0.3580266855663833,0.3663684416735233,0.3232522926600205,0.3403988102940387,0.3321330722767999,0.273845080960056,0.3730354001530364,0.3930573849524404,0.3401591162315665,0.3063417567676975,0.3486609667829974,0.3886280823068372,0.3543384806841436,0.3091336413561931,0.358795342916802,0.3539685549508734,0.3488039250937459,0.3639467072926141,0.3199691888175471,0.3442258962138966,0.3407254107937417,0.3415669157550799,0.3160411746191734,0.3071247847833904,0.3577383446154406,0.3598723475806608,0.3006152867874893,0.3418664290590695,0.3462008596845544,0.3419860366025735,0.3295124503758683,0.3040569522189779,0.3602730362048447,0.3759931991944611,0.3292868394521094,0.3028328351053752,0.384422829229028,0.2850204447899457,0.3478540275600539,0.3652746456356655,0.3804175255970206,0.3259980684421295,0.3500285200539649,0.3329741216887004,0.2826457920018164,0.333655085512511,0.4297248117649092,0.3551251556628616,0.2804321820118759,0.360489000127842,0.3676705927092609,0.3579638004772858,0.3432784809298675,0.3676481068844215,0.3541754787818243,0.3337009710877852,0.2887511931575439,0.3657242379689287,0.3196382865215415,0.3561933449094701,0.322864698078159,0.3174562034605103,0.3481277193857791,0.2970799209110054,0.3524305570927317,0.3595543496133723,0.2950804239557959,0.3689448116117962,0.2989910197278417,0.2859479817778224,0.2603745793253587,0.3805141961704247,0.3683187299353083,0.3739557147861853
0.3651871980565445,0.3493696190754892,0.3154262072036058,0.3376729038908987,0.3145200753970292,0.2939100076481536,0.381407054359595,0.2749696103001353,0.2818766303910041,0.4097599568857483,0.3390952005460487,0.3276462604896686,0.3535171384831545,0.3605250537183451,0.356330863964908,0.3257328996703026,0.3056100323640848,0.2761494196679633,0.378955287296002,0.2973287852677821,0.3458071482560977,0.3278670870719796,0.3527388405132076,0.3485595993613814,0.3267227730401065,0.3577747896280628,0.3671214349778968,0.3243483467357207,0.3404744392952173,0.3311922894307235,0.2767440030151578,0.37292602690505,0.3923619526429655,0.3378767603273089,0.3050560420284635,0.3486716967015956,0.388591292204641,0.3537963328009729,0.3141180920650923,0.3591245240063002,0.3537161288023214,0.3493276034685247,0.3641946375327015,0.3200925968841662,0.3445251309251131,0.3400680136913422,0.3410069870728831,0.3154336214967581,0.3055779751886803,0.361344747668668,0.357998058309409,0.2941871353170381,0.344771146019038,0.3477671984980872,0.341395564777917,0.3287429669188726,0.301737423292249,0.3590606284947959,0.3762282201401586,0.3283337171557743,0.3009781206705226,0.3843141524824608,0.2831414062341443,0.347375730113468,0.364663852722242,0.378917366115824,0.3315818665566104,0.3506409002850784,0.3318110019817145,0.2795774583085186,0.3398045040904764,0.4298804871481362,0.3549916669263656,0.2769216730203456,0.3604389513321009,0.3723353350893529,0.3570646389931419,0.3432740113088989,0.3673827542303282,0.3532281077262674,0.3319300433350699,0.2924560998231881,0.3648554787442257,0.3182308145798239,0.3612455575311706,0.3219150562977973,0.3168116190517839,0.3489345190627422,0.2988319023363803,0.3517558547333108,0.3581256188851222,0.2814332334789189,0.3702257800083387,0.2970492526953697,0.2815518236058303,0.2623178410767783,0.3837534214554871,0.3696123725299192,0.3742440585314531
0.3654903364040739,0.3482498076140605,0.3139930871835195,0.3382850777917018,0.3214106738683694,0.2926974410041831,0.3811270529535978,0.2721641752976275,0.2805249236307915,0.4119467791459967,0.3374681291129347,0.3254573601729602,0.3533000492784891,0.3633594759108963,0.3569504814418204,0.3243917115724696,0.3029500540848026,0.2747710452621466,0.3821232719911253,0.2983674204802067,0.344808220674511,0.3366897765500495,0.353306320422268,0.3499258395450105,0.3265603137087425,0.3575967763110177,0.3677168543554227,0.3252610135204379,0.3405555899630755,0.3302012876218672,0.2808564008735395,0.3726124800282238,0.3915823850415338,0.3357151322857165,0.3037414621359706,0.3480208801360053,0.3886363434591806,0.3532655953753206,0.3188965748476434,0.3595442247237896,0.3535520596787604,0.3499131485748842,0.3644313167338106,0.3200720063377205,0.3446282528353959,0.3394085579426289,0.3403336697266043,0.3148527868575606,0.3039660032207783,0.3647032894269223,0.3560729073189495,0.288287830245507,0.347271821434969,0.3491263483710017,0.3408039793225022,0.3280644484150533,0.2992670473804003,0.3578898676156862,0.3761754651224138,0.3272919884404751,0.2991426728456518,0.3843214966482852,0.2815463166328998,0.3470798082106113,0.3641999047955469,0.3759982980186246,0.3367879719383759,0.3513995601756051,0.3306189449113142,0.2766370899920841,0.3459787124215144,0.4299890944925435,0.354747705040648,0.2731208410806413,0.3601833852396655,0.3762939330463927,0.3563281826103596,0.3434128856511287,0.3671290701754123,0.3522783104661552,0.330054454866549,0.2968695814579452,0.3640357046856758,0.3168636545845318,0.3653088030286361,0.3208722504097247,0.3158321811269231,0.3492852689697422,0.3013405372862395,0.3513254684492838,0.3567516852209884,0.268546557156002,0.3715093259247876,0.29523718533571,0.2771999617211554,0.2654056368942288,0.3865095677466005,0.371031277864417,0.3743927898964619
0.3658267910258548,0.3471113032471329,0.3125803908681171,0.3388364285873256,0.3276030520914239,0.2915775653744285,0.3805552284169368,0.269260804681377,0.2788950545189076,0.413766463540402,0.3360699603909181,0.3231881309609926,0.3530959889714768,0.3659509297862554,0.357433695832753,0.323175890274841,0.2999462109715011,0.2736201581243561,0.3847804074880704,0.2996979487434406,0.3438671203886841,0.3452427652520092,0.3537282243800776,0.3512343355483773,0.3265980278896753,0.3575122302944171,0.3681384254705258,0.3259057401809952,0.3405877930889355,0.3291220678953558,0.2861527331809237,0.3721297326523028,0.3907207794500182,0.3336457526866655,0.3024403398050647,0.3467736856487433,0.3887242516173362,0.3527570268850152,0.3233692112328838,0.3600805313652324,0.353476885369869,0.3505278809748547,0.3646905109253578,0.3198977699513143,0.3445442125932449,0.3387338523732237,0.3395517569789191,0.3142696145037024,0.3023383759608817,0.3677474139954939,0.3541406888850015,0.2831671206239016,0.3494030196189915,0.3503005752716513,0.3402173276272519,0.3274462689301662,0.2967222114873223,0.3568350264748153,0.3758094741208411,0.326162692820383,0.2974269338552744,0.3844845423839741,0.2802559473256832,0.3469505779139715,0.3638899680261543,0.3716554037198507,0.341607260343801,0.3523238156433229,0.3293845058135444,0.2739236885977722,0.3520418793537129,0.4301089095193217,0.3543896992075649,0.2691535902349277,0.3597287224005767,0.379562130574829,0.3557559693195987,0.3437396979266847,0.366889493410223,0.3513089703633916,0.3280904504147579,0.3018356853445983,0.363287326116623,0.3155388270661539,0.3684602999051863,0.3197439375858694,0.3144925546595555,0.3491368335230261,0.3046027361241962,0.3511149528617296,0.3554505546323301,0.2569990918949116,0.3727688831673901,0.2936555305634615,0.2730825866244556,0.2696775837471057,0.3887775286327751,0.3725252873608063,0.3744183591114834
0.3662217135004008,0.3459407893855866,0.3112168291583017,0.3393097013553839,0.3330730022191176,0.2905176943112012,0.3796786021506469,0.2662344414617636,0.2770217600323868,0.4152174888320014,0.3349088830884411,0.3209293226456094,0.3528745713664754,0.3682781523950243,0.3577786803751108,0.3220897960305974,0.296715116402368,0.2728331544007001,0.3869931045642378,0.3011573394442206,0.3429727128174511,0.3531433665503586,0.3540436309649993,0.3525120214872384,0.3268235653901842,0.3575423946887014,0.368407473120319,0.3262232608107617,0.3405413879085115,0.32793554572569,0.2925291806888873,0.3715236915891566,0.3897817185745053,0.3316279141176811,0.3011912253115654,0.3449891427454724,0.3888134208457833,0.3522788854251158,0.3274762698501773,0.3607525586107617,0.3534836850585097,0.3511386556553316,0.3649952715917877,0.3195574689372116,0.3443001373418976,0.3380404794332318,0.3386791401198168,0.3136511446882877,0.300760283261844,0.3704057908069599,0.3522381127273639,0.2789930450692568,0.3512108909199181,0.3512961956584416,0.3396472054279145,0.3268466585574798,0.2942083098273347,0.3559619714851775,0.3751112144296241,0.3249567745216654,0.2959469565294661,0.384826576564175,0.2792817892069865,0.3469687797360611,0.3637424193335668,0.365985798388988,0.3460577160866974,0.3534335116492479,0.3280966546704741,0.2715629849952623,0.3578627333803298,0.4302767884062936,0.3539193520646749,0.2651747901121565,0.3590971532288101,0.3821677137063964,0.3553412782813184,0.3442959183502008,0.3666594666293609,0.3503055171225436,0.3260636646468084,0.3071685954976118,0.3626254384362692,0.3142581555887643,0.3707958524524665,0.3185532733555919,0.3127807023518894,0.3484700651534558,0.3085687334539701,0.3510971939724086,0.3542174459598669,0.2472294748625355,0.3739678981433006,0.2924103653644138,0.2693942841837318,0.2751621708207256,0.3905493075853997,0.3740386946677135,0.3743486255706548
0.3666917127044479,0.3447153201484132,0.3099233184961731,0.3396901530191097,0.337847480384264,0.2894727442153302,0.3785050701619085,0.2630559355696389,0.2749677120159791,0.4163256930822476,0.3339726145181471,0.3187973698611231,0.3526079362909254,0.3703293437761245,0.3579923321215608,0.321138297073451,0.2933753121027085,0.2725565292311316,0.3888373152083752,0.3025729604153236,0.3421113400028852,0.3600670903074315,0.354296032177531,0.3537828651562214,0.3272297712142643,0.3577044539253319,0.3685743130096171,0.326168854540006,0.3404096644929994,0.3266361302789156,0.2998098808233027,0.3708474276371842,0.3887709416445103,0.3296219404969837,0.300028362032985,0.3427190785895245,0.3888635938962305,0.351831773125043,0.3311978693787007,0.3615686218287247,0.3535547346184861,0.3517094834912749,0.3653616625040811,0.3190459682804394,0.3439275260481883,0.3373317829993723,0.337741896952893,0.3129649152030885,0.2993154719668416,0.3725949516006662,0.3503904134093573,0.2758461839893877,0.3527442521949062,0.3521081418926421,0.3390997733914011,0.3262184206909124,0.2918509665542922,0.3553258451175878,0.374071470210238,0.3236968597221914,0.2948174275172678,0.3853578912946214,0.278618524133304,0.3471117419719868,0.3637620554814982,0.3591813116313082,0.350169832886454,0.3547380765060082,0.3267460570964912,0.2696992394383573,0.3633202966935777,0.4305050756967303,0.3533481955041793,0.2613691936416831,0.358324918674649,0.3841427010459591,0.3550766629769622,0.3451174436616127,0.3664298469120533,0.3492562996159297,0.3240042810591058,0.3126618415938271,0.362058653334788,0.3130217523074442,0.3724106184784146,0.3173345259080817,0.3106990436406743,0.347286834591146,0.3131431863254306,0.3512374233475348,0.3530407515708691,0.2395414253807214,0.375060885383381,0.2916128124515,0.2663207727833295,0.2818653806674165,0.3918256903883891,0.375512321968993,0.3742180130038213
0.3672440001443678,0.3434090585425032,0.3087093568633313,0.3399662077624359,0.3419989992549666,0.2883938393054395,0.377061828667844,0.2596971926496271,0.272824112611376,0.4171244563306278,0.3332399941407056,0.3169300954324699,0.352285405677224,0.3721021665650108,0.3580885675516702,0.3203229901679139,0.2900435247301195,0.2729255894203286,0.3904100429876682,0.3037780495847188,0.3412703719730252,0.3657588939200638,0.3545191223406303,0.3550569855957861,0.3278068035043924,0.3580101969496171,0.3687066693045566,0.3257079127465279,0.3402004518647757,0.3252237472695442,0.3077522149983921,0.3701483109309039,0.3876930749788809,0.3275927715696755,0.2989755600436298,0.3400190364187976,0.3888372392231389,0.3514149304599775,0.3345515165485441,0.362528173828597,0.3536695051643357,0.3522070286684624,0.3657991532162725,0.3183752101849875,0.3434551406925189,0.3366090946926752,0.3367722963973336,0.3121801885836303,0.2981048782984396,0.3742245835341697,0.3486136024176326,0.2737228933812188,0.3540486951234532,0.3527262325519966,0.338572486028336,0.325519657778033,0.2897872304574625,0.3549650087519016,0.372699141592119,0.3224123294751236,0.2941439785326551,0.3860766871742464,0.2782428024744021,0.3473527211703501,0.363944122771351,0.3515124312087925,0.3539779455038347,0.3562273163884055,0.3253342745562277,0.2684785677131342,0.3683125929059959,0.4307834798059297,0.3527001706780361,0.2579534104295064,0.3574514141902905,0.3855134234416359,0.3549546357391178,0.3462295210227335,0.3661949799668486,0.3481510906179668,0.3219415498678596,0.3181036591440303,0.3615885659005385,0.3118176500822841,0.373397344999119,0.3161205133057451,0.3082609040074708,0.3456076659496493,0.3181930286448445,0.3514918476264587,0.3519050943710554,0.2341217972725078,0.3759958611447918,0.2913763397178492,0.2640319035424953,0.289751339386998,0.3926242228213735,0.3768835347980018,0.374064147684253
0.3678773079407368,0.3420105655547673,0.3075702259780717,0.3401354572933127,0.3456372330246516,0.2872329972866979,0.3753910782996805,0.2561349735346372,0.2707176871049258,0.4176508022895061,0.3326920225410993,0.3154796216282474,0.3518930027880926,0.373592112345101,0.3580816036783852,0.3196351430369391,0.2868449873241073,0.2740471543990622,0.391818572930627,0.3046220666269039,0.3404355452408615,0.3700505651096581,0.3547279343224406,0.3563310295097932,0.3285410794385912,0.3584650151611106,0.368876493554538,0.3248339486232696,0.3399355040235288,0.3237100800484114,0.3160708004433183,0.3694602683268119,0.386558535605471,0.3255054632347637,0.2980373393962494,0.336951474875135,0.3887053535095273,0.3510332472277627,0.3375826712860341,0.3636242185923686,0.3538146752365222,0.3526093791756785,0.3663034453986779,0.31757444726976,0.3429192932548951,0.3358751174879665,0.3358076468529481,0.3112694379206183,0.2972388955856638,0.3752141994704326,0.346917099220123,0.2725312632926104,0.3551617446579003,0.3531378209404284,0.3380618763214602,0.3247211858800606,0.2881616097895867,0.3548966525950832,0.3710247067575865,0.3211328926200528,0.2940232559122449,0.3869647091436614,0.2781130387302992,0.3476642981225007,0.3642809061293289,0.3433081469981278,0.3575133342775456,0.3578746732470601,0.3238777973237318,0.2680349053301452,0.3727662006591586,0.4310852904959903,0.3520039033097255,0.2551674337617085,0.356514812208367,0.3862985342127856,0.3549627050448556,0.3476422904289062,0.365960000721962,0.3469843112179124,0.3199021493181979,0.3233030193993097,0.3612095207489929,0.3106212121039609,0.3738500526892634,0.3149363901984285,0.3054897424086479,0.3434760083398965,0.3235603022583549,0.3518190848573305,0.3507819296381271,0.2310611013657567,0.3767214626095669,0.2918021307281797,0.2626742649810224,0.2987341957637709,0.3929791703175574,0.3780938905277269,0.3739247372358889
0.3685823806147975,0.3405265576173186,0.3064871250364654,0.3402085062615537,0.3488844353151803,0.2859432829292966,0.3735458341254468,0.2523591946275944,0.2688100764960711,0.4179560280727574,0.3323084321326247,0.314602126555951,0.3514049585273716,0.3747929524115495,0.3579846142252095,0.3190560800134856,0.2839168937966237,0.2759955805149252,0.3931232470940876,0.3049862388158101,0.3395895692595248,0.3728803468631678,0.3549265209222871,0.3575979329137608,0.3294162081973472,0.3590641135916566,0.3691489483605291,0.3235805639929068,0.339651477019527,0.322126824247938,0.3244710809693453,0.3688076750584325,0.3853885765013342,0.3233270790322941,0.297200583293386,0.3335785087574379,0.3884542021608507,0.3506915268315276,0.3403493480699632,0.3648414519039472,0.3539838484369261,0.3529049156307926,0.3668543288976665,0.3166859351355815,0.3423702664935284,0.335140894790133,0.3348860699342956,0.3102125627251476,0.2968242786768301,0.3755038948443356,0.3453030141133095,0.2720994369845833,0.3561057950895854,0.353330326774919,0.337565241483332,0.3238041956785605,0.2871188718151179,0.3551166463375216,0.3690949828611834,0.31988864955692,0.2945350667917602,0.3879863336337968,0.278166507535103,0.3480210796440731,0.364766943382471,0.3349323023601779,0.3607931958332143,0.3596422799178049,0.3223996065902458,0.2684821276760765,0.3766399633677023,0.4313748253112185,0.3512856246528433,0.2532567429165264,0.3555555714134986,0.3865150100790923,0.355083769602503,0.3493504604523189,0.365738634746265,0.3457574050199114,0.3179080223517292,0.3281092719668535,0.3609111928222736,0.3094048985088085,0.3738565335594528,0.3138028455392557,0.302421652583986,0.3409583375295162,0.3290761072693881,0.3521884120353971,0.3496316970854439,0.2303632247202989,0.3771961220153945,0.2929645073958069,0.2623575730035472,0.3086781331761237,0.3929363961064984,0.3790972512251897,0.3738308067112656
0.3693415862963695,0.3389708742088725,0.3054290597404079,0.3402030900466902,0.3518473957543712,0.2844808098780064,0.3715901461647319,0.248385132708334,0.2672849222679173,0.4181042280937175,0.3320609676079067,0.3144448174194391,0.3508064462155951,0.3757106709891527,0.3578126998808984,0.3185673908378109,0.2813959138119631,0.2788122412859551,0.3943054247011799,0.3048028923538602,0.338716857786912,0.3742926951456723,0.355116342697209,0.3588535282355601,0.3304101527929434,0.3597911601734221,0.36957205287233,0.3220109232241582,0.3393881813864673,0.3205175654786579,0.3326755501037457,0.3682107144460577,0.3842061941890645,0.3210371272037314,0.2964447849108442,0.3299568734533576,0.3880860551871473,0.3503856401160416,0.3429097715984769,0.3661535373837186,0.3541709448866272,0.3530847399279581,0.3674265244999159,0.3157671804741986,0.3418596184692561,0.3344208319218124,0.3340389067652621,0.3090014690257716,0.2969489066072646,0.375053458576398,0.3437670665375716,0.2722095489910064,0.3568868306142042,0.3533000169730127,0.3370711429202732,0.322758692955776,0.2867866632773638,0.3556019130167545,0.3669670437152875,0.3187095949546173,0.2957257720408749,0.389097207294913,0.278322737045524,0.3483985032136584,0.3653894564580873,0.3267554014969798,0.3638111868736287,0.3614786075586332,0.3209231247084326,0.2699063036653381,0.3799250092062526,0.4316140262894778,0.3505709692751294,0.2524576744295499,0.3546148126323843,0.3861819870725381,0.3553025098683981,0.351336293707101,0.3655457457529822,0.3444773031453215,0.3159716690948447,0.3324155034548229,0.3606837702752645,0.3081423094734186,0.3734895838303301,0.3127356599221764,0.2991065658018981,0.3381345634625823,0.3345761384897964,0.3525745486666208,0.3484223027711349,0.2319564855913329,0.3773931617522555,0.2949074884544415,0.2631449256451446,0.3193922586915114,0.3925481610561015,0.3798553631378223,0.373799407542233
0.3701294165597805,0.3373597042134796,0.3043557573659735,0.3401373872053765,0.3546072495943477,0.2828134895008138,0.3695993104961647,0.244259102905917,0.266334713187961,0.4181567116964959,0.3319195112032154,0.3151344683111318,0.3501011131778395,0.3763682987861148,0.3575818492259139,0.3181607526425581,0.2794067539291471,0.2824977667210284,0.3953283991554274,0.3040626084213673,0.337808205320712,0.3744183502677662,0.3552924589188494,0.3600956186547255,0.3314925446373578,0.36062166579631,0.3701674606410182,0.3202072297881592,0.3391716924206684,0.3189232418925868,0.3404444517781246,0.3676831276959052,0.3830246928661981,0.3186324119042015,0.2957446509199552,0.326137800450426,0.3876157906821093,0.3501066109218534,0.3453173336501923,0.3675245087083462,0.3543691549999224,0.3531431701029374,0.3680019492155951,0.3148967564997417,0.3414260037648653,0.3337241284096195,0.3332844851488588,0.307642542794374,0.2976710791961203,0.3738437900466049,0.342305381580056,0.27263538366816,0.3575041651906451,0.3530610523357675,0.3365567122217054,0.3215920316405455,0.2872570797143436,0.3563155690643876,0.3647072087693984,0.3176161782611523,0.2975999326951329,0.3902540834869404,0.2784975849141336,0.3487729777490324,0.3661176355042173,0.3191216765779054,0.366540810872325,0.3633188903682096,0.3194753964591804,0.2723528637107731,0.3826464988057727,0.4317707583025055,0.3498851079307198,0.2529859282094354,0.3537258662683147,0.3853198420369607,0.3556067487184244,0.3535709606314134,0.3653969091108031,0.3431568589935803,0.3140951269731402,0.3361593602545862,0.3605216551878655,0.3068042658012381,0.372813173889269,0.3117377548096731,0.295608510397596,0.3350890707282009,0.3399171132325276,0.3529529539080157,0.3471409894993864,0.2357239343698352,0.3772989539073266,0.2976426846043109,0.2650555669457977,0.3306264703550048,0.3918687018981965,0.380330274186651,0.3738325372868947
0.3709149329581526,0.3357175563090716,0.3032215898868872,0.3400318492545235,0.3572221485422296,0.2809312389929363,0.3676503139036632,0.2400511063587999,0.2661512437274319,0.4181645359284834,0.3318623285703534,0.3167657521400753,0.3492915890307727,0.3767966523167591,0.3573061871527584,0.3178372933864102,0.278063365859433,0.287002331563164,0.3962229615769137,0.3028074954065231,0.3368605415536731,0.3734571834304111,0.355440826808421,0.361322242740624,0.3326275744384948,0.3615258706323447,0.3709297587766,0.3182734726629559,0.3390114113942044,0.3173811899343252,0.3475965173840654,0.3672281464120457,0.3818496036787979,0.3161197287050275,0.2950636246326225,0.3221645684392004,0.3870686241118158,0.3498500055149376,0.3476157774657305,0.368913213000731,0.3545766136905007,0.3530840646004144,0.3685704117489077,0.3141698639015705,0.341097925506197,0.333056851361899,0.3326274615128746,0.3061580279954308,0.2990170700459308,0.3718880239335151,0.3409223942051625,0.2731655361025868,0.3579580309076979,0.3526430237850882,0.3359998342599881,0.3203349834930046,0.2885795238190449,0.3572140641467446,0.362389926984629,0.3166105706548924,0.3001263524391191,0.3914166070793952,0.2786166262677946,0.3491254013813997,0.3669053293939621,0.3123159586492544,0.3689498578972885,0.3650960672688337,0.3180848646967049,0.2758120819990028,0.3848630791737868,0.4318291293151102,0.3492443998648941,0.2550160180288236,0.3529109399188883,0.3839529871979628,0.3559804219245991,0.3560120996103726,0.3653146847840924,0.3418165122345041,0.3122744985268029,0.3393297639751956,0.360422001423445,0.3053603544495849,0.3718935743119206,0.3107964119121105,0.292008258099281,0.3319075269015065,0.344987044013683,0.3533055064309507,0.3457867619801347,0.2415297719752931,0.3769094234860985,0.301139986129325,0.2680702422340997,0.3420829392393455,0.3909488136185382,0.3804911864848926,0.3739200437599687
0.3716656788749964,0.3340767324118345,0.3019790355235,0.3399116786390674,0.3597235121692184,0.2788487619623391,0.3658073439152587,0.2358436216820736,0.2669086536327363,0.4181726079343815,0.3318737666149158,0.3193847629079679,0.3483804771149872,0.3770302753633602,0.3570002845921822,0.3176002851766737,0.2774690631236987,0.2922258925513548,0.3970796707804509,0.3011255646730408,0.3358760522208126,0.3716674536582067,0.3555489736064295,0.3625342721969225,0.3337797799782253,0.362469069267315,0.3718348477602556,0.3163343108196115,0.3389083620793583,0.3159317013301792,0.3540205615365672,0.3668419585080858,0.3806852522233202,0.3135076958758078,0.2943555738417269,0.3180673510191553,0.3864774267817648,0.3496131068979103,0.3498297167517741,0.370276112770484,0.3547987781673546,0.3529183876954486,0.3691243739648432,0.3136826286063136,0.3409014716793206,0.3324266294273491,0.3320615628258617,0.3045882522035685,0.3009807867906013,0.3692383986976674,0.3396328513784626,0.2736240597605693,0.3582451605600277,0.3520808005641793,0.3353883115001747,0.319031226405944,0.2907613924122704,0.3582507982899226,0.3600906781680125,0.3156806450029466,0.3032443008624931,0.392546866135652,0.2786207690784238,0.3494411931287784,0.3676968789994809,0.3065399477002503,0.3710110413554501,0.366751021608765,0.3167690038108839,0.2802123546577713,0.3866585106660716,0.4317950584216609,0.3486519564766372,0.2586532097656284,0.3521851912538948,0.3821190749446618,0.3563978449153494,0.358603724506411,0.36532786774268,0.3404800307929334,0.3105023401934539,0.3419643841900751,0.3603803951953815,0.3037877115861435,0.3707973934391375,0.3098902991404723,0.2884083472717781,0.3286715652603911,0.3497059515399122,0.3536241453430352,0.3443599876076325,0.2491989447361437,0.3762324601640266,0.3053231126208606,0.2721290192654422,0.3534386158662328,0.3898300328591248,0.3803276285438923,0.3740384763106768
0.3723514983761575,0.3324646935735722,0.3005811779614056,0.3398004819366046,0.3621085774631677,0.2766023321573976,0.3641187704675258,0.2317284565936292,0.2687382744784431,0.4182182113186984,0.331936269897199,0.3229757829883277,0.3473962430835268,0.3771140134049841,0.3566820369024697,0.3174533181762087,0.277702719197393,0.2980300253960266,0.397971148052044,0.2991482715235304,0.3348635817268224,0.369342746787356,0.355617375733962,0.3637393444826605,0.3349180639024527,0.3634131534586355,0.3728465458795779,0.3145230731409417,0.3388554761406281,0.3146123486945764,0.3596721173436552,0.3665222236284779,0.3795306543833969,0.3108067585808311,0.2935789516143822,0.3138599325756436,0.3858767377033191,0.3493849352298412,0.3519587100778298,0.3715667018038748,0.355041160436037,0.3526554701529034,0.3696612191257693,0.3135192583537817,0.3408557549618471,0.3318369080620715,0.3315706564850412,0.3029942172966996,0.3035187145466166,0.3659773298490502,0.3384588112995227,0.2738962875445086,0.3583570641579179,0.351412132305801,0.334713740683199,0.3177218277978348,0.2937660152872042,0.3593745108277042,0.3578767123875269,0.3148083288260112,0.306861237433144,0.3936155446514586,0.2784730747184283,0.3497049082555902,0.3684243161689568,0.3019031321860229,0.3727021921691991,0.3682336423864297,0.3155292453049169,0.2854265581632483,0.388131512703568,0.4316936460609448,0.3481048300712669,0.2639150553171516,0.351557817900371,0.3798750075126793,0.3568256857387516,0.3612848311787793,0.3654594805579864,0.3391688493455768,0.3087647549712462,0.3441290705247871,0.3603896418497377,0.3020737321896307,0.3695838393141153,0.3089943341860939,0.2849387950603717,0.3254499061674897,0.3540246408464649,0.353903617673919,0.3428665423020007,0.2584594092536085,0.3752937189055889,0.3100796736676677,0.2771304776367905,0.3643642165287098,0.3885414433233753,0.379847964344609,0.3741482058289851
0.372946020861316,0.3308943619419364,0.2989855961784626,0.3397125709936452,0.3643468133509506,0.2742503072904061,0.3626247125918723,0.2278062154087503,0.2717107010438447,0.4183228568967345,0.3320324762404695,0.3274636194405543,0.3463919452182494,0.3771029226000218,0.3563697070399585,0.3174060297884568,0.2788026280550853,0.3042530797588411,0.3989307908098849,0.2970377562196557,0.3338380558172669,0.3667758470144035,0.3556582905616712,0.364951687103253,0.3360199877162553,0.3643195413532574,0.3739185872036274,0.312973762646395,0.3388286203634014,0.3134427233754014,0.3645654761627585,0.366272003192491,0.3783718288718786,0.3080301967672768,0.2927044301665331,0.3095383871746394,0.3852977296329351,0.3491469903915822,0.3539833441612264,0.3727346298961363,0.3552986633304852,0.3523037587229049,0.3701921904170362,0.3137472255430258,0.3409650722463998,0.3312788133968135,0.3311283320817018,0.3014577514298288,0.3065462667602004,0.3622043082603247,0.3374277211580887,0.2739414352531177,0.3582933363772109,0.3506832678740568,0.3339646106634579,0.3164432883990671,0.2975099290450588,0.3605297698119593,0.3558019108179991,0.3139686814561993,0.3108534038811762,0.3946084725076814,0.2781706135463746,0.3498986699631399,0.3690060072736582,0.2984227891937623,0.3740060549857841,0.3695042749226576,0.3143589462348169,0.2912857338319094,0.3893910100268298,0.4315655646524717,0.3475994742263545,0.2707278103064753,0.3510286739852248,0.3772931342541039,0.3572270737198045,0.364000737413515,0.3657170829188083,0.3379048423691145,0.3070408735814335,0.3458976187980442,0.3604423378501677,0.3002096482629362,0.368308152902088,0.3080774723425823,0.2817615185318116,0.322294419741632,0.3579268334029064,0.3541348953224687,0.3413273226504703,0.2689123756659131,0.3741347909400294,0.3152734691587355,0.2829423932066038,0.3745408373151519,0.3871001871716732,0.3790679354508275,0.3741993483476996
0.373425882307234,0.3293664013931792,0.297160511393816,0.3396544160285584,0.3663973188108291,0.2718795403673525,0.3613562954960789,0.2241745858740791,0.2758303899872749,0.4184933280899254,0.3321511110784766,0.3327253115177541,0.3454153052998509,0.3770502623692801,0.3560797376843119,0.3174761148135298,0.2807635417995226,0.3107224137411544,0.3999997418690739,0.2949636501907293,0.3328168553129418,0.3642319867125909,0.3556910064608461,0.3661869711915903,0.3370794915554775,0.3651499422016162,0.3750028261876886,0.3118180575424303,0.3387865496323946,0.312419616306351,0.3687653998107215,0.3660967534230872,0.3771847183834851,0.3051887386594599,0.2917060169720491,0.3050832083912278,0.3847685048997126,0.3488827575966809,0.3558767804416765,0.3737289104827433,0.3555532108056032,0.351878975248408,0.3707446694358684,0.3144104692510192,0.3412236851079862,0.3307336516981015,0.3307004479751939,0.3000769308405865,0.3099465155804752,0.3580336452337107,0.3365726116699324,0.2737808742117595,0.3580725283164308,0.3499463861096644,0.333132451109939,0.315232329036662,0.3018692215324283,0.3616639989479897,0.3539043671406659,0.3131261180112072,0.3150793973236554,0.3955239048075304,0.2777487231835525,0.3500081325980224,0.3693572174311359,0.2960269648891483,0.3749180845958068,0.3705414049342793,0.3132461452774852,0.2975909716645776,0.3905505700798751,0.4314673118777692,0.3471259652134003,0.2789252908786754,0.3505905423622683,0.3744538439973008,0.357561665603007,0.3667055421643391,0.3660956565577002,0.3367141433568733,0.3053089492573149,0.347346811219829,0.3605312608182761,0.2981880760830647,0.3670292326844247,0.3071041348404661,0.2790687484979959,0.3192405584608341,0.3614260697009649,0.3543076894697771,0.3397741706833837,0.2800725804712891,0.372802040313749,0.3207487391265529,0.2894151229511476,0.3836831505663501,0.3855133960077478,0.378010926942802,0.374144752834785
0.3737714698143183,0.3278750197537934,0.2950902562888241,0.3396298817913336,0.368218192371687,0.2696084219319338,0.3603246178453007,0.2209095978010329,0.2810311115582973,0.4187316062689419,0.3322829431462553,0.33859602831028,0.3445053118618424,0.3769996350035335,0.3558320236002135,0.3176813102490216,0.2835412146337051,0.3172645786576604,0.4012250129671716,0.293084827715564,0.3318191231150054,0.3619369531647603,0.3557434218119842,0.3674565031685275,0.338113184507852,0.3658666104773945,0.3760645050309409,0.3111734353105457,0.3386847017202846,0.3115265854052306,0.3723677749304128,0.3660008458042914,0.3759425800623385,0.3022859331587875,0.2905529481763208,0.300470900601696,0.3843152856912927,0.348579739463526,0.3576104008098478,0.3745052048264962,0.3557818448324626,0.3514025494121123,0.3713522195950145,0.3155182354670134,0.3416257479405962,0.3301800424950891,0.3302510113000524,0.2989578940998652,0.3135878492736692,0.3535960960673853,0.3359295061258256,0.2734782720254522,0.3577233597480259,0.3492456191202367,0.3322199447898369,0.3141196653276291,0.3066934572876438,0.3627338110166269,0.3522025204890606,0.3122411803639566,0.3193979277131339,0.3963671264245124,0.2772714993054667,0.3500252718685716,0.3694030353867047,0.294565147347171,0.3754544964360713,0.3713439022538838,0.3121650157844899,0.3041243153446766,0.3917149222857145,0.4314676056280689,0.3466638300949791,0.2882469825139556,0.3502375812823408,0.3714418133535281,0.3577846327693483,0.369357771267832,0.3665842357093859,0.3356182925718199,0.303551450806053,0.3485530425650059,0.3606449176831124,0.2960109879989753,0.3658043728578796,0.3060425287304781,0.2770724938097993,0.3163043950019796,0.3645497590212139,0.354412707079722,0.3382344042256263,0.2914531867884679,0.3713385315240429,0.3263379383870889,0.2963867689800298,0.3915633352307118,0.3837796459439556,0.376718114178482,0.3739454769127372
0.3739704782570472,0.3264091635358843,0.2927783383117103,0.3396394012554585,0.3697670798438966,0.2675793887344199,0.3595196910715452,0.2180579107837509,0.2871698239752178,0.419037054968846,0.3324153733588983,0.3448734700307211,0.3437162922298825,0.3769867562700018,0.3556535585928094,0.3180305251310905,0.2870518128691627,0.3237163180776619,0.402580129888249,0.2915397832326993,0.330868962735658,0.3600619050300935,0.3558516805509999,0.3687649311332639,0.3391578281671288,0.3664361130864703,0.3770891446496246,0.3111283488313187,0.3384865945107219,0.3107421660149045,0.3754707365279838,0.3659881229602031,0.3746161559889379,0.2993220570726129,0.2892172373135398,0.295692627089092,0.383959405873958,0.3482239423421542,0.3591551371852154,0.3750312138330272,0.3559640720191084,0.3508913724200261,0.3720420352139082,0.3170417020074449,0.342165091510541,0.3295952576756191,0.3297469105568106,0.2982066751528939,0.3173366648647608,0.3490294282536832,0.335530469020857,0.2731249286103103,0.3572731329941569,0.3486086338223395,0.3312368178070963,0.3131181337274989,0.3118170486531607,0.3637033690483676,0.3506919755665938,0.3112814890550009,0.3236774110955416,0.3971532147019178,0.2768205479205824,0.3499417547913825,0.3690846978249321,0.2938332989256462,0.3756492342774998,0.3719217315327236,0.3110752311391843,0.3106662202105006,0.3929670813400026,0.4316345380362562,0.3461902053933865,0.2983501985595816,0.3499682099569971,0.3683430137168968,0.357850305286045,0.3719227567962586,0.3671635187161797,0.3346213209320363,0.3017527361361986,0.3495765515940219,0.3607638596762313,0.2936983341515287,0.364677695295395,0.3048680673350893,0.2759898439623084,0.3134814726785935,0.3673206860629987,0.3544380404397428,0.3367231313342627,0.3026439565467717,0.3697859183096517,0.3318815041422676,0.3036868621646622,0.3980232505521059,0.3818913328824548,0.3752470638205405,0.3735660607573102
0.3740191856249672,0.3249517529058845,0.2902499757842141,0.3396767818438672,0.3710084253167167,0.2659448608857995,0.3589233760939724,0.2156412502131247,0.2940332347730451,0.4193992674770631,0.3325391644331172,0.3513358950644622,0.3431136733008881,0.3770372985430603,0.3555713201957329,0.3185234012626751,0.2911705231274646,0.3299357086309845,0.4039234734617795,0.2904362971595564,0.3299945574675763,0.3587027696359445,0.3560514517879565,0.3701101299988742,0.3402608965858032,0.3668331465680697,0.3780772098099574,0.3117412193901716,0.3381636578242523,0.3100376486344477,0.3781565067734287,0.3660632564893895,0.3731744707485109,0.296299387860344,0.2876840665243257,0.2907680598625906,0.3837147289483265,0.3478004704779093,0.3604867347641599,0.3752854451508113,0.3560794482921274,0.3503569491175077,0.37283077050418,0.3189217419943116,0.3428300524162496,0.3289559770769106,0.3291595995572301,0.2979221644282957,0.3210628055417359,0.3444626039266505,0.3353974814961173,0.2728222701524634,0.3567535869944458,0.3480516762852518,0.330190649460436,0.3122230941597927,0.3170673033580325,0.3645391870026805,0.349347590724739,0.3102220417952665,0.3277997668966345,0.3979109258660179,0.2764890064475369,0.3497445835600992,0.3683680412211392,0.2936073831187145,0.3755425352879897,0.3722884337582604,0.3099357042759102,0.3170174612938913,0.3943662020897787,0.4320235083102849,0.345688410762752,0.3088420030721429,0.3497805119891869,0.365237272344306,0.3577197760498323,0.37438291269345,0.3677984717957115,0.333711418779805,0.299895007797978,0.3504473146716262,0.3608626061571816,0.2912886190890803,0.3636804887762442,0.3035589474740727,0.2760282612868899,0.3107577209157897,0.3697507666997077,0.3543690416192255,0.3352493575072923,0.3133570201534518,0.3681866298998138,0.3372442346706576,0.3111470952249863,0.4029766613225447,0.379840006225295,0.3736582999619353,0.3729743853565361
0.3739189380055028,0.3234815803061513,0.2875545927760636,0.3397317458222468,0.3719264824912244,0.2648551233809338,0.3585147534291724,0.2136554913968975,0.3013615858622798,0.4197960641314306,0.3326550500675581,0.3577678496758779,0.3427410348833527,0.3771581064013656,0.3556038389565292,0.3191524415050193,0.295741152893843,0.3358099285404732,0.4050490213228548,0.2898419547303383,0.3292203403979767,0.3578750437076978,0.3563706208434368,0.3714809027527836,0.3414728752834349,0.3670385286850252,0.3790423237374388,0.3130446202200342,0.3376942255327766,0.3093723973180532,0.380489101783091,0.3662286939036872,0.3715963348772352,0.2932197756253094,0.2859490330969709,0.2857524331414184,0.3835912194322541,0.3473009477515058,0.3615928777903051,0.3752537835404565,0.3561028238795735,0.349814316387516,0.3737268818008318,0.3210752123568092,0.3436061449724204,0.3282443207600428,0.3284662009336366,0.2981873301777017,0.3246481495942013,0.3400099403056956,0.3355405941912693,0.2726564518252813,0.3562086298337176,0.3475847226166764,0.3290848349485065,0.3114218440042455,0.3222773094312574,0.3652091737815788,0.3481293453342093,0.3090393618735682,0.3316667062620786,0.3986751478701178,0.2763715746879937,0.3494242799430909,0.3672587252250976,0.2936728401100415,0.3751727870352891,0.3724638790637242,0.3087119217400183,0.3230138353606638,0.3959488342269896,0.4326748056977498,0.3451452193861632,0.3193151530906236,0.349671869938558,0.3621892109162789,0.3573670426671829,0.3767408175883781,0.3684400810815637,0.3328714392859622,0.2979607084247865,0.3511700348368803,0.3609137768795914,0.2888355283034207,0.3628388289801523,0.3020967580150479,0.2773651191582305,0.3081234836171537,0.3718439846351575,0.3541949526462778,0.3338213552549262,0.3234452534159212,0.3665783358264171,0.3423155276998029,0.3186116600939334,0.4064100364681219,0.3776232940877866,0.3720106408070145,0.3721514096306073
0.3736743481168416,0.3219788767088028,0.284765648352261,0.3397943744336873,0.372527248080981,0.2644512309126031,0.3582616363931984,0.2120616028464741,0.3088751053053438,0.420198875935393,0.3327633046482242,0.3639744491730388,0.3426140856709684,0.377336815901065,0.3557634704158497,0.3198982426648621,0.3005942443008231,0.3412580248782761,0.4057379163224796,0.2897856595393791,0.3285609503248776,0.3575275191483107,0.3568284071910796,0.3728534990852827,0.3428435686258885,0.367035184043934,0.3800171644239172,0.3150368615770181,0.3370703845276816,0.3086964808605457,0.3825094635279983,0.3664778455299919,0.3698799791867462,0.2900811749738112,0.2840128424076652,0.2807463507317812,0.3835989288281456,0.3467264893022053,0.3624743221770433,0.3749320679531325,0.3560093027487864,0.3492824526787272,0.3747291629059256,0.3233962400064722,0.3444812357288865,0.3274503084218364,0.3276514757474621,0.2990581978627037,0.3280001460978767,0.3357757877644937,0.3359565511626217,0.2726770225919154,0.3556822275017628,0.3472085869227696,0.3279195961241144,0.31069512786153,0.3273033286309003,0.3656850578588774,0.3469872480182347,0.3077141459416959,0.3352073882177263,0.3994749815865542,0.2765479365614771,0.3489849989714519,0.3658097510533634,0.2938460438870604,0.3745756290261502,0.3724753973880208,0.3073683842380547,0.3285309953474138,0.3977232649952104,0.4336120434072722,0.3445468281476643,0.329376433100022,0.3496452716209078,0.3592431453017916,0.3567809705987667,0.3790093425914784,0.3690381075540757,0.3320784612651034,0.2959393425182738,0.3517384231543193,0.3608896387556919,0.2864079941837536,0.3621702780635019,0.3004752535828605,0.2801181667037447,0.3055749214440263,0.3735954867446707,0.3539115074784157,0.3324415068384886,0.3329106782772328,0.3649886902161943,0.3470068301292003,0.3259402399299299,0.4083788052601569,0.3752495054286472,0.3703678492466337,0.3710951877224488
0.3732970365737085,0.3204334675553077,0.2819774025648047,0.339853635487194,0.3728285303023315,0.2648582667505054,0.3581201315683581,0.2107872501325372,0.3162944018086296,0.4205737282973132,0.3328498836944784,0.3697862606998886,0.3427433875430704,0.3775528314907866,0.3560623216393742,0.3207227464726493,0.3055626573123407,0.3462307815910728,0.4057529611527156,0.2902667775914794,0.3280233403038443,0.3575536435489929,0.3574314463828033,0.374193228514163,0.3444164286958999,0.366810048093204,0.3810495137585409,0.3176722623247532,0.3363043226548632,0.3079599268807498,0.384223208799451,0.3667906712708321,0.3680368041046805,0.2868843119752751,0.281891433040297,0.2759063669019652,0.3837434619088098,0.346085111769419,0.363141913425472,0.3743331090381356,0.3557844797194292,0.3487746849339151,0.3758190728964665,0.3257658169428015,0.3454417390846327,0.3265662579851731,0.3267096863366647,0.300556255227868,0.3310593562811043,0.3318559541325281,0.3366249744562081,0.2728889856725002,0.3552016071674592,0.3469150636791789,0.326688648856922,0.3100123581957403,0.3320357213214997,0.3659427602672496,0.3458653551410959,0.3062391909871327,0.3383811968692288,0.4003324501568501,0.2770724404697663,0.3484418775412982,0.3641122181524866,0.2939905095253316,0.3737841190037045,0.3723482260909791,0.3058666580336939,0.3334884975712751,0.3996648169884041,0.4348323961760696,0.343884427858401,0.3386749946979512,0.3497095156347491,0.3564217522807664,0.3559655827503415,0.381202726010989,0.36955102554108,0.3312960136832451,0.2938310902712873,0.3521404374611274,0.3607629464815545,0.2840942273864858,0.3616729113404742,0.2987033017231865,0.2843199259770697,0.3031106780678419,0.3749870715617125,0.3535164042085876,0.3311009599684471,0.3419141049566415,0.3634384144989723,0.3512597070319468,0.3330121170930074,0.4089924448903138,0.3727376963465673,0.3687965055120163,0.3698099820366008
0.3728069393048868,0.3188502744280712,0.2793015330092373,0.3398936863510711,0.3728548191834965,0.2661720760495895,0.3580497781135469,0.2097442339107601,0.3233628738733088,0.4208761147079682,0.3328912757965218,0.3750718026016738,0.3431347294763139,0.3777837696407111,0.3565088391743937,0.3215715673656165,0.3104931624395409,0.3507094825906558,0.4048487412402844,0.2912613973225291,0.3276108196322916,0.3577958550864334,0.3581659112984702,0.3754615743693937,0.3462188605830441,0.3663591982300872,0.3821834884748825,0.3208693544746039,0.3354247902632701,0.3071210803023618,0.385600984393314,0.3671355272933,0.3660822997088864,0.2836452108149911,0.2796335299018956,0.2714411886723694,0.3840163341217824,0.3453915090650353,0.363616379793812,0.3734871009295599,0.3554257955145634,0.3482971566685992,0.3769571690946092,0.3280720791482392,0.3464660897168075,0.3255864065836324,0.3256459144495238,0.3026684767450521,0.3337970437458081,0.3283318779041913,0.3375076234978024,0.2732550029003477,0.354780317795092,0.3466961874456266,0.3253777690393287,0.3093351338489478,0.3363987869464732,0.3659602425837215,0.3447083437927745,0.3046190970818369,0.3411750905236886,0.4012667049401159,0.2779739398154058,0.3478116967487541,0.3622825770993851,0.2940260092450818,0.3728251690727236,0.3720964770151842,0.3041788970765575,0.3378543113945581,0.4017236392576657,0.4362993500142244,0.3431597912692767,0.3469346453508434,0.3498688794491617,0.3537265539036617,0.3549419412148032,0.3833379667386138,0.3699438416694608,0.3304784081886812,0.291646327430752,0.3523576443597521,0.3605107043551498,0.2820051839516639,0.3613260961855231,0.2967983221590969,0.2899097138315512,0.3007415604273634,0.375989741248685,0.3530082529340886,0.3297855554859578,0.3507746558126267,0.3619455038368401,0.3550520007696104,0.3397356657285668,0.4083946468706888,0.3701143617449266,0.3673504819564629,0.3682952638444209
0.372225917045884,0.3172457353749978,0.2768639375929739,0.3398965642816364,0.3726405853849584,0.2684401777255975,0.3580210908011802,0.2088406482006421,0.3298739216645428,0.4210487786331196,0.3328679655440184,0.3797539236358314,0.3437671232753317,0.3780025908162162,0.3570986727305431,0.3223823942676895,0.3152584810219676,0.3547017335076765,0.4028389058623111,0.2927286148032816,0.3273209994976191,0.3580637186811989,0.3589983801562072,0.3766205989358417,0.3482555992068886,0.3656870284632997,0.3834466050731575,0.3245249650164648,0.3344690210045363,0.3061488986786867,0.3865974086388785,0.3674738882044943,0.3640414764873294,0.2804011063617513,0.2773244156427635,0.2675922818839208,0.3843899103707176,0.3446685016343602,0.3639280858527882,0.3724314367670667,0.3549361132294516,0.3478572035216669,0.378090910370111,0.3302233712312396,0.3475272717205764,0.3245178413285712,0.3244762788194101,0.305350342020291,0.3362114095209449,0.325266450818984,0.3385559691989576,0.2737044645774551,0.3544295391064519,0.3465499311785686,0.3239713373827245,0.3086269347613035,0.3403477598691425,0.3657162832524119,0.3434702770405571,0.3028656619369693,0.3435987060300093,0.4022884536842827,0.2792536764081076,0.3471125860944896,0.3604574738081575,0.293926708179213,0.3717151729751257,0.3717258592113089,0.3022971934496083,0.3416392146371287,0.4038373764119013,0.4379502152111157,0.342380196764409,0.353975351578233,0.3501155981317969,0.3511424735563298,0.3537497977707893,0.3854358569402397,0.3701823845208598,0.3295848658386875,0.2894078044237061,0.3523716266483127,0.3601188245830763,0.2802725555283749,0.3611038410863006,0.2947858001867953,0.2967364572180169,0.2985044434695559,0.3765736043235662,0.3523913946422348,0.3284853929221256,0.3599331223885287,0.3605228297764142,0.3583878896752656,0.3460502822971469,0.4067485960575418,0.3674096504263202,0.3660615399112705,0.366548159019793
0.3715732816740996,0.3156394851351449,0.2747985507429204,0.3398490633362425,0.372228794290419,0.2716487452956362,0.3580052352252028,0.2079764590421348,0.3356896153272614,0.4210220936331079,0.3327627416236601,0.3838101530998136,0.3445952230927631,0.3781802693286587,0.3578119051311987,0.3230872403360357,0.3197665096068225,0.3582331440423381,0.3996322035766377,0.2946219560028179,0.3271403324085276,0.3581694278542927,0.3598850057178012,0.3776312890088964,0.3505105277284316,0.3648004911842212,0.3848533599193307,0.3285155327265165,0.3334794491039726,0.3050216495567625,0.3871664835280977,0.3677624925944652,0.3619568526051004,0.2772092335632013,0.2750770542924866,0.2646143516535078,0.3848154797861524,0.343943843657555,0.3641103459419372,0.3712001919484619,0.3543235904208801,0.3474630661324661,0.3791649270265049,0.3321469552056827,0.3485982667508913,0.323385630526497,0.3232254168217044,0.3085258190873973,0.3383255904936835,0.3227055151941878,0.339720962688346,0.2741485750735193,0.3541540376683957,0.3464752491194781,0.3224579903935818,0.3078552741901894,0.3438696100616001,0.3651919881001241,0.3421211970006967,0.301002861018614,0.345678302417827,0.4033894293326371,0.2808796426327706,0.3463708834382656,0.3587856762661188,0.2937115044338426,0.3704605444733219,0.3712409648200629,0.3002280279300514,0.3448803740025175,0.4059363118294379,0.4397075722224821,0.3415518811983055,0.3597137791081735,0.3504335325341282,0.3486473430457755,0.3524431871440752,0.3875117055036107,0.3702373425632275,0.3285846723305126,0.2871592224463753,0.3521750579039565,0.3595838399352577,0.2790390290121765,0.3609825405995404,0.2927105656032173,0.3045593759864557,0.2964577230288422,0.3767156086332936,0.3516765357304741,0.3271943634886709,0.3698735243377566,0.3591762553569299,0.3612836025102784,0.3519157457696409,0.4042255797344158,0.3646557719840667,0.3649439847616987,0.3645688388134476
0.3708702096580031,0.3140535231725542,0.2732376796856067,0.3397443261440293,0.3716619280070093,0.2757257937613736,0.3579683418275244,0.2070410486510373,0.3407421657032302,0.4207102437901753,0.332549929765685,0.387257558766802,0.3455733662111492,0.3782996859972963,0.3586175158668296,0.3236095131292468,0.3239609961331321,0.3613394808951343,0.3951793614375032,0.296894153450235,0.3270431352783378,0.357955513457816,0.3607738695279543,0.3784538852908748,0.3529518052753617,0.3637086113647883,0.3864091209410946,0.3326992142956153,0.332503040422015,0.3037287932584716,0.3872621089518578,0.3679536633243981,0.3598790728068091,0.274147355937557,0.2730289494492234,0.2627582738728273,0.3852155769575781,0.3432446495499871,0.3641917241670352,0.3698231522421805,0.3536077703370622,0.3471126375331994,0.3801218387933424,0.3337898319017713,0.3496485601424166,0.3222210643181624,0.3219226842050181,0.3120881111754754,0.3401797584462815,0.3206802722199317,0.3409556795412006,0.2744967524963791,0.3539428308340309,0.3464694217225321,0.3208272590035788,0.3069882605921058,0.3469821654307186,0.3643745226526669,0.3406488460581173,0.2990764793807666,0.3474502490781738,0.4045440348279589,0.2827919779564832,0.3456203572832439,0.3574067021001624,0.2934323212623223,0.3690646575158916,0.3706464224623342,0.2979902116985052,0.3476290354333785,0.4079477276424947,0.4414783754413967,0.3406829240933649,0.3641542672900473,0.3508027800242472,0.3462204077911848,0.3510794809418643,0.3895652710187676,0.3700955309515384,0.3274540474478526,0.2849741381311289,0.3517771208279932,0.358912329325517,0.2784444287599396,0.3609378622943034,0.2906433101445038,0.3130539605664599,0.294663339152424,0.3764039158612744,0.3508762372054436,0.325903327875327,0.3810302385642769,0.3579104675880989,0.3637645486950783,0.357306187437338,0.4009919504824801,0.3618877092925678,0.3639965916012513,0.3623551018180472
0.3701414815134953,0.3125179130202114,0.2723022531527984,0.3395770431722285,0.3709780831811355,0.2805538264343454,0.3578824277216773,0.205927685251196,0.3450272399015771,0.4200085799129084,0.3321980811568571,0.3901417649438384,0.346658489404219,0.3783656539310006,0.359478079448768,0.3238695871287152,0.327817432542246,0.3640646073109436,0.3894243969616095,0.299485846786988,0.326996244876663,0.3573040031036165,0.3616019836216296,0.3790553510771348,0.355532963154409,0.3624290429389296,0.3881045214186205,0.3369358950587947,0.3315856899882131,0.3022772368359802,0.3868405982676837,0.3679992579929998,0.3578501331806577,0.2713171322263722,0.2713458287668635,0.2622433577660887,0.3854732429397224,0.3425949623670101,0.3641969131522491,0.3683300248042,0.3528166824438955,0.3467914728237394,0.3808991774478328,0.3351289778773311,0.3506380442547917,0.3210499766101817,0.3206017084760386,0.3159095952962593,0.3418167781547933,0.3192080261948613,0.3422136575790742,0.2746737287103379,0.3537770503244382,0.346535501555795,0.3190656721226673,0.3059974736609652,0.3497242023732306,0.3632610544100239,0.3390567854226138,0.2971519908546978,0.3489555973938676,0.4057208057159898,0.2849202380635557,0.344892609814572,0.3564268812948201,0.2931595268314304,0.3675366835687737,0.369944356680677,0.2956272252158388,0.3499483017353837,0.4098105103637549,0.4431489440398897,0.3397877230748474,0.3673807224675829,0.3511957866829375,0.3438450912777512,0.3497107782967096,0.3915820748184089,0.3697632170014659,0.3261804701679318,0.2829559749270893,0.3512032099032289,0.3581200225750398,0.2786144407616692,0.3609443715134628,0.2886725750810058,0.3218392866463799,0.2931795250092084,0.3756455883764969,0.350004956106896,0.3246010056163044,0.3937105621990565,0.3567341470829708,0.3658652693747433,0.3622170324269504,0.3971994959200723,0.3591420164493584,0.363192372802545,0.3598944865380151
0.3694050246443777,0.311067699075184,0.2720934673086724,0.339340973643138,0.3702157857607205,0.2859775021789423,0.3577317606605395,0.2045498364612104,0.3485987256585128,0.4188031476455012,0.3316827356148841,0.3925338607065036,0.3477977372574695,0.3784001809545402,0.3603525986488331,0.3238010644856048,0.3313405815963511,0.3664610807512429,0.3823591111463725,0.3023137330798251,0.3269641009908083,0.3561458879027412,0.3623037290397284,0.3794158620206027,0.3581925565029887,0.3609911789346016,0.3899143670022349,0.341107608485183,0.3307633399082355,0.3006955764730134,0.3858745277682143,0.3678589861037394,0.3559013412221907,0.2688435064646118,0.2702143648686953,0.2632225342037213,0.3854313518597688,0.3420139507487846,0.3641517489564664,0.3667492135723401,0.3519739134317904,0.3464849230722127,0.3814366192304688,0.3361728460693053,0.351521527310776,0.3198970076865273,0.3193022574414295,0.3198593624820544,0.3432731115114881,0.3182916963890463,0.343452490259537,0.2746433606918755,0.3536454649256229,0.3466857397548886,0.3171618570408193,0.3048638810259583,0.3521408042894264,0.3618600065785404,0.3373619080828581,0.2953045740309212,0.350234801954451,0.4068864851396997,0.287193844449539,0.3442115251963629,0.3559075130883858,0.29296200059112,0.3658960889775433,0.3691346246267006,0.2932162916184586,0.3519080461269961,0.4114897464775924,0.444593992629918,0.3388831482150163,0.3695401373293789,0.3515727145159393,0.341510671462708,0.3483838059960344,0.3935399021020246,0.369256792461737,0.3247719861408057,0.2812289374565971,0.3504934080570147,0.3572293568961057,0.2796524955539846,0.3609840014126872,0.2868955276139895,0.3305206543366551,0.2920641527389141,0.3744754778865506,0.3490820471988077,0.3232822972239096,0.4080419816445803,0.3556558263582998,0.3676186360023014,0.3666654711299575,0.3929844278583064,0.3564493897249685,0.362471650361908,0.3571679765419351
0.3686627560339702,0.3097286638011456,0.2726841129699424,0.3390337988832879,0.3694169106622104,0.2918072820148071,0.3575025988022129,0.2028419273944512,0.351560299649117,0.4169884705924584,0.3309894152029476,0.3945209593706317,0.3489383934674292,0.378431232864184,0.3611984433829496,0.3233627897838683,0.334560347390841,0.3685853151182272,0.3741246710942341,0.3052737774519671,0.3269112817560647,0.3544785952444272,0.3628266728897116,0.3795263846275876,0.3608607387007808,0.3594293686178972,0.3918079588664145,0.34511978109043,0.3300581469749875,0.2990337822382777,0.3843612338324859,0.3675071545092105,0.3540600851843046,0.2668679700805562,0.2698188874960652,0.2657628313827067,0.3849044649387304,0.3415120223549282,0.3640808923342722,0.3651003404569075,0.3510933150093593,0.3461838300758129,0.3816898191380207,0.3369449285864623,0.3522591832588381,0.3187924284587481,0.3180664219060535,0.3238171426563618,0.3445794597025715,0.3179160577346789,0.3446411663109179,0.2744324389799815,0.3535447539272212,0.3469303896406447,0.3151135703314539,0.3035758237550238,0.3542745748407923,0.36018960896106,0.3355929141455966,0.2936198694276405,0.3513211866386054,0.4080024951512567,0.2895405790650813,0.3435949049812901,0.3558627819257967,0.2928869753184038,0.3641714699791102,0.3682170777512658,0.290861770791214,0.3535700298520651,0.4129755157255935,0.4456936145417186,0.3379833505570397,0.3708101805367841,0.3518862052270434,0.3392189759781515,0.3471404609122118,0.3954075684200633,0.368594143112396,0.3232557634826655,0.2799290330545288,0.349698168790324,0.3562649366964853,0.2816287803547116,0.3610524237505019,0.2854179898212852,0.3387259214227774,0.2913681383319054,0.3729566710604849,0.3481264213082937,0.321950458279609,0.4239410832759192,0.3546786018752039,0.3690438528614195,0.370672181279882,0.3884685476795306,0.3538249724707785,0.3617518927168296,0.3541592856910815
0.3679067842103367,0.3085096927613479,0.2741098292851699,0.3386633584317923,0.3686234311879757,0.2978330715609419,0.357177416274499,0.2007554209996591,0.354046122478387,0.4144815629535422,0.3301093954242482,0.3961884841248853,0.3500484006427405,0.3784859332644917,0.3619723608185854,0.3225384250259683,0.3375201507899872,0.3704874249768207,0.3650365332285063,0.308246906261343,0.3268041037363426,0.3523709366862646,0.3631333996974552,0.3793831533753983,0.3634723125990093,0.3577736654791055,0.3937551554665193,0.3488998329384979,0.3294809807088624,0.2973638982932499,0.3823159434826932,0.3669342367842468,0.3523450091449934,0.2655388964784523,0.2703173748366477,0.2698445840021239,0.3836919078585195,0.3410901465138958,0.3640006604154233,0.3633895362235384,0.3501865595571721,0.3458755441905105,0.3816325019458365,0.3374697516218987,0.352819477923348,0.3177642763499965,0.3169277733680613,0.3276782521624846,0.3457609336429476,0.3180421444580853,0.3457609942571769,0.2741346262721271,0.3534708151362895,0.347265578910086,0.3129259657083819,0.3021245619641612,0.3561637227419163,0.3582778289768102,0.3337876603907894,0.2922032049363325,0.3522366979149193,0.4090291044520347,0.2918900196861339,0.3430534822016358,0.3562590533884089,0.2929484011292529,0.3623986383448646,0.3671932246287103,0.2886866077334958,0.3549766875117728,0.4142739321709852,0.446337815894169,0.3371013478113351,0.3713658562899311,0.3520910089398061,0.3369924125153337,0.3460092403739123,0.3971379636302262,0.3677971878695729,0.321667832104921,0.2791996629353213,0.348870966399048,0.355250030594012,0.284565504360294,0.3611551439485632,0.284352991504185,0.3461298405452382,0.2911192729074075,0.371172425401405,0.3471462489817774,0.3206104418976698,0.4410913444829266,0.3538037611979016,0.3701484608353651,0.3742454165592017,0.3837563568236745,0.3512669259031757,0.3609440791304501,0.3508565246748824
0.3671286072022793,0.3074095532376008,0.2763638089547021,0.3382468020919862,0.3678753701361473,0.3038488267560834,0.3567463352591695,0.1982693917928653,0.3561948052074159,0.4112331554665197,0.3290450282587564,0.3976073959920022,0.3511111639014007,0.3785879637536137,0.3626339964885956,0.3213347344601054,0.3402628638334837,0.3722053925838917,0.3555113617326109,0.3110932245305833,0.326612791320239,0.3499451896074246,0.3631928701110217,0.3789875988020854,0.3659753099956568,0.3560483018985662,0.3957201988296725,0.3524109082326125,0.3290334176564243,0.2957823557048663,0.3797643378435746,0.3661467002266547,0.3507551842079126,0.2650001167318503,0.2718266182782786,0.2753595822053483,0.3815883683297678,0.3407439553349608,0.3639193295295199,0.3616129573116599,0.3492669407269394,0.34553930271489,0.3812454329163425,0.3377759025670248,0.3531767616691618,0.3168263918850882,0.3159039493300508,0.3313557760303756,0.3468309040090365,0.3186084597582174,0.3468002042824213,0.2738949250278115,0.3534210536515257,0.3476752347076143,0.3106051378370905,0.3005097405241656,0.3578377744691356,0.3561649970970789,0.331985912184406,0.2911752361552383,0.352993995518956,0.4099378741295533,0.2941871090226728,0.3425853012503077,0.3570177772949847,0.2931268644323019,0.36062180597707,0.3660668154057638,0.2868316691724159,0.3561544988471807,0.41540853841287,0.4464207302216094,0.3362500436320721,0.3713622554732509,0.3521490800010914,0.3348750721543512,0.3449952672981101,0.3986670547885769,0.3668967753225221,0.320048069359518,0.2791838303875535,0.3480634693296143,0.3542052675781607,0.2884268278516343,0.3612998185813582,0.2838080290498205,0.3524767750546205,0.291315969396609,0.3692187911678888,0.346138889117117,0.3192656674139045,0.4589090463078564,0.3530364796762613,0.3709369123354379,0.37738638373909,0.37893440110287,0.3487655028075693,0.3599604666380362,0.3472507594385887
0.3663146464294592,0.3064222365412289,0.2793971487730436,0.3378033708418345,0.3672127677959268,0.3096723074539088,0.3562146010322906,0.1954110289829517,0.3581284807433464,0.4072437438211655,0.3278199236189305,0.3988296832878391,0.3521091138684935,0.3787545548612317,0.363155063824707,0.3197889128641739,0.3428240478897994,0.3737682463917129,0.345976826200906,0.3136517938769716,0.3263131202603154,0.3473549421475282,0.3629854191553968,0.3783483719614076,0.3683289079687435,0.3542765899528817,0.3976563536205884,0.3556623722853063,0.3287065079269028,0.2944050085603069,0.3767446316327246,0.3651681204139835,0.3492740209284004,0.2653781087402284,0.2744104878488034,0.2821065417719985,0.3784025676319472,0.3404643918799226,0.3638450924802341,0.3597639382819127,0.3483415998220039,0.3451570069078762,0.3805120847859627,0.3378986050748385,0.3533149106054067,0.3159804418807405,0.3149986695386019,0.3347858161125523,0.3477873417709338,0.3195406730676043,0.3477524719047213,0.2738994521875438,0.3534025823015146,0.3481386475434532,0.3081569876907694,0.2987491052071885,0.3593080242290452,0.3539041127946198,0.3302195730173066,0.2906508957280717,0.3536010110453194,0.4107173807243825,0.296398584797292,0.342175059302478,0.3580272212462303,0.2933779378769484,0.3588944890094976,0.3648408176602733,0.2854506556673929,0.3571223041864311,0.4164275749619198,0.4458451270605469,0.3354362340486689,0.3709278688255692,0.3520309980714068,0.3329264884646413,0.3440843743583855,0.3999208703769334,0.3659271826433603,0.3184389959277473,0.2800057930231124,0.3473235367591206,0.3531460408678339,0.293119623954602,0.3614937473074772,0.2838704994063855,0.3576017562230103,0.2919315427311752,0.3671995956662574,0.3451002262764698,0.3179232113591893,0.4765100855480684,0.3523826312655987,0.3714104182824518,0.3800983342445889,0.3740788004874399,0.3463106117289103,0.3587166367818045,0.3433425379469791
0.365439296108549,0.3055304655928025,0.2831234572728046,0.3373495188956243,0.366676068404432,0.3151533441982725,0.3555918960554483,0.1922679315120762,0.3599433638652254,0.4025783528408312,0.3264761877464387,0.3998837369957524,0.3530294192624023,0.3789910055509501,0.3635264379770343,0.3179763974338096,0.34523198333066,0.375200548878659,0.3368274617383913,0.3157650565211666,0.3258866636820338,0.3447714816415753,0.3625177208121859,0.3774787617322249,0.3704986224301925,0.3524821705222244,0.3995055364112219,0.3586988926482876,0.328481830311538,0.2933538825787782,0.3733077756382727,0.3640381432685015,0.3478827027908309,0.2667701813720899,0.2780674085903165,0.2898071170501614,0.3739869364364724,0.3402336546460494,0.3637899650772192,0.3578363984513406,0.3474066681988013,0.3447227607375393,0.3794279726208617,0.3378661106859861,0.3532347486002472,0.3152244563872152,0.3142047484034004,0.3379321501450313,0.3486186240848342,0.3207575602515692,0.3486203565236107,0.2743746487024217,0.3534292538953072,0.348629073190779,0.3055909394790546,0.2968790122725734,0.3605631850935947,0.3515558167401282,0.3285083403271903,0.2907241415881147,0.3540614193310131,0.411369325341391,0.2985056285940641,0.3418004963236378,0.3591594561057983,0.2936435980221248,0.3572746979400106,0.3635103954446002,0.2846935618589828,0.3578924924153308,0.4173990211812504,0.4445390098979317,0.3346568387516944,0.3701558812006063,0.3517188112588467,0.3312141579141138,0.3432567337628689,0.4008222567333088,0.364915155284565,0.3168785444272937,0.281749766970828,0.346690112880264,0.3520780296228276,0.2985016120116024,0.3617454794776019,0.2846014270022418,0.3614378665597581,0.2929130049721443,0.3652172305930722,0.3440273801145809,0.3165971280352179,0.4927503619251263,0.351841075627526,0.3715625756764419,0.3823775318482791,0.3692629690580414,0.3438887448034055,0.3571390910589196,0.3391500654391312
0.3644739688884553,0.3047005500881168,0.2874253016943159,0.3369001520771894,0.3663028755952852,0.3201809278965024,0.3548835122417303,0.1889888028677779,0.3617079300848767,0.3973677082534221,0.3250621965621938,0.4007696346621453,0.3538747181377079,0.3792827319736843,0.3637536579395279,0.3160059020908176,0.3475064247175873,0.3765200160568104,0.3284108833115532,0.3173105997829393,0.3253213812226676,0.3423665622103857,0.3618197288863402,0.3763932862041456,0.3724591644191087,0.3506825481107032,0.4011886362725252,0.3615855381085875,0.3283384114831748,0.2927485168387544,0.369509404417923,0.3628055702728647,0.3465602389268134,0.269233270539443,0.2827238908653911,0.2981448642269661,0.3682625935181557,0.3400280328194359,0.3637664993119938,0.3558238164833595,0.3464543139727502,0.3442372627359116,0.3780052685208716,0.3376872610587455,0.3529539553138375,0.3145502679608034,0.3135009730004635,0.3407842595461411,0.3493122475540534,0.3221673218654797,0.3494138592668355,0.2755683216538442,0.3535115615020453,0.3491080837915272,0.3029222524901523,0.2949501747686902,0.3615779311975637,0.3491824375117434,0.3268630367106719,0.2914685174994039,0.3543732131279614,0.4119067006996577,0.3004992180492977,0.3414364642026494,0.3602868893746964,0.2938615656250855,0.3558159989607394,0.3620602231589169,0.2846912936815777,0.3584692277008339,0.4183945176083111,0.4424650501993505,0.333904193624877,0.36909844640447,0.3512087649683291,0.3298071866717365,0.3424893883949597,0.4012929636182026,0.3638775476599722,0.3153919637314287,0.2844484793828941,0.3461869256123496,0.3509964799301428,0.3043915595864956,0.362063320955987,0.2860312937291391,0.364007746921922,0.2941765912169203,0.3633601377222915,0.3429123071246043,0.3153033920505025,0.5063930178416202,0.3514018844490661,0.3713837946092921,0.384200780968512,0.3645565693928459,0.3414785972827401,0.3551780960117148,0.3347064997237416
0.3634017649961239,0.3038892648730864,0.2921615919074171,0.3364693854203967,0.3661239641679555,0.324692497866899,0.3540985012498141,0.1857822315955343,0.3634609192385906,0.3917984439656587,0.3236285711472267,0.4014622329045615,0.3546497696119836,0.3795898158805372,0.363848328197423,0.3140047835925647,0.3496545008274865,0.377731841538247,0.3209884633772412,0.3182142316071246,0.3246139874950924,0.3402850890536399,0.3609255988965485,0.3751098652702606,0.3742018951763219,0.3488829618284012,0.4025860592483906,0.364404876233851,0.3282605863787923,0.2927057683628027,0.3654059154033857,0.361518915075087,0.3452725191302719,0.2727713367465579,0.2882384527390665,0.3067979035422497,0.3612273552235178,0.3398298136135936,0.36378567896246,0.3537198357764451,0.3454797817736321,0.3436990686725751,0.3762620593220599,0.3373597136484559,0.3525001166849101,0.3139351195409453,0.3128500147221697,0.3433500002267839,0.3498589953476226,0.3236680016110771,0.3501432620296338,0.2777063128792424,0.3536530076879207,0.3495289675026428,0.3001730721415994,0.2930313294911941,0.3623253459928971,0.3468446136756085,0.3252877510216713,0.2929361569545384,0.3545321583208028,0.4123562853073866,0.3023860439942568,0.3410542479387057,0.3612986234752972,0.2939722119674107,0.3545612933694085,0.36047174701866,0.2855473762473803,0.3588519240044586,0.4194791448413748,0.4396173735271652,0.3331703942106176,0.367775575714079,0.3505112403190251,0.3287693270491229,0.3417460359505525,0.4012543484311653,0.3628273114616482,0.313992029609856,0.288081550732777,0.3458230165688519,0.3498917406841844,0.3105813386214452,0.3624478724177618,0.2881516882487552,0.3654079542608927,0.2956154595897931,0.361695949519885,0.3417402482844765,0.3140543659985031,0.5163359582823447,0.3510495941097169,0.3708710084100666,0.385534343582729,0.3600219102933744,0.3390591556309463,0.352816262211408,0.3300525016355049
0.3622168379549689,0.3030513326808876,0.2971769709880409,0.3360658736170102,0.3661587017797228,0.3286738810162527,0.3532564698289457,0.1829161207411594,0.3652080334734315,0.3861023166649102,0.322231338301479,0.4019214635285772,0.3553462074560399,0.3798527264196037,0.3638295832641482,0.312107231792035,0.3516695822032799,0.3788286265548191,0.3146580800215853,0.3184531050138846,0.323771168456212,0.3386240930794402,0.3598696305041221,0.3736532175228466,0.3757346897966892,0.3470792735690882,0.403529476926725,0.3672492810306925,0.3282408648901064,0.2933325918811251,0.3610602621540467,0.3602203001519874,0.3439744683203628,0.2773274100954865,0.2944127916318843,0.3154536014892625,0.352955301361946,0.3396325942296437,0.3638591690288028,0.3515242821945052,0.3444799630141972,0.3431073973157431,0.3742129284070153,0.3368846200537458,0.3519066598226993,0.3133446558763484,0.3122045844585803,0.345648642566324,0.3502548349594308,0.3251621966616034,0.350816884870307,0.2809594428172314,0.3538501427469109,0.3498475929901087,0.2973756327202779,0.2912161084719684,0.3627808375070621,0.3445976175374863,0.3237749796211986,0.2951435628073174,0.3545385303217765,0.4127561275666236,0.3041902709548716,0.3406247986591729,0.3621162592061477,0.2939279000741359,0.353541379605818,0.3587307068197823,0.2873260628398073,0.359041210903033,0.4207106303328786,0.4360207736097408,0.3324432585767317,0.366194047484953,0.3496509206842472,0.3281524829428145,0.3409771919372598,0.4006306028386817,0.3617752375779527,0.3126803652256939,0.2925748916902536,0.3455976000869197,0.3487549494161182,0.3168508214268909,0.3628841707869374,0.2909110453139739,0.3657889998449908,0.2971145253377779,0.3602715348660943,0.3404973528597274,0.3128599158128755,0.5217678374008572,0.3507648754330893,0.3700315680080989,0.3863539252256233,0.3557184220634551,0.3366248978163452,0.3500689098267978,0.3252379820560693
0.3609161709404798,0.3021374047943265,0.3023146451519607,0.3356891334444141,0.3664100398984277,0.332147339114287,0.3523777945588597,0.1807107976474685,0.3669251574005217,0.3805403880537999,0.3209267558420983,0.4021028512994138,0.3559532003168055,0.3800080639743248,0.3637299532121279,0.3104466895283074,0.3535354504414623,0.3797964545188216,0.3093120226982234,0.3180688977702579,0.3228055976416025,0.3374287006446874,0.3586982926013469,0.3720521323690106,0.3770715961308957,0.3452659588533894,0.4038113830165897,0.3701979561554377,0.3282788808282962,0.2947044615708366,0.3565445848582202,0.3589425727721426,0.3426271181062681,0.2827894437094104,0.3010094398455979,0.3238286746602197,0.3435987010587004,0.3394329579794846,0.3640000280251917,0.3492494218462926,0.3434530156331185,0.3424696723107459,0.371874960632327,0.3362659934841077,0.3512122648987564,0.312744180750897,0.3115152090093021,0.3477058141222164,0.3505034242102812,0.3265720410390949,0.3514452976526345,0.2854382814000288,0.3540891123177651,0.3500291494159243,0.2945765086957076,0.2896195493060711,0.362921545820359,0.3424865105805332,0.3223024734110045,0.2980587422773883,0.3543997485333237,0.4131475525984264,0.3059432746715125,0.3401275285348217,0.362702812789794,0.293703558919125,0.3527733314550038,0.3568246057604943,0.290036400856538,0.3590422481677779,0.4221374053822113,0.4317371399921971,0.331704004189655,0.3643626063826709,0.3486680304843206,0.327993222908748,0.3401393515232921,0.3993550819371782,0.3607245237124403,0.3114421961243134,0.2978008448111017,0.3455003440317677,0.3475788478632385,0.3229847826530138,0.3633413748398393,0.2942216800831804,0.3653297947017955,0.2985550759859193,0.3591122702723125,0.3391770577232016,0.3117299987865768,0.5222137515078571,0.3505246306924182,0.3688837847969108,0.3866487958991717,0.3517120317292755,0.3341904762960377,0.3469802826535691,0.320327839244987
0.3595046954966497,0.3010929291148985,0.3074307975566386,0.3353329238194238,0.3668634324022081,0.3351618117158625,0.3514740450401439,0.1795210464847822,0.3685721230669018,0.3753729916929954,0.3197572725468259,0.4019669050143553,0.3564693476146535,0.3800003871249886,0.3635885570159257,0.3091440627323574,0.3552316376882418,0.3806198577747588,0.3047019506163434,0.3171775238979869,0.3217296761095904,0.3366937139984957,0.3574668284553489,0.3703342175331031,0.3782237852410484,0.3434382480051617,0.4031955507439773,0.3733004318790615,0.328380614436861,0.2968478774027819,0.3519337988496132,0.3577054936405036,0.3412055915343674,0.2890044965236315,0.3077768101179806,0.3317038082694749,0.3333840545660811,0.3392238676344171,0.3642196020273565,0.346918532619978,0.3424043484272626,0.3418005153823107,0.3692760100520897,0.3355040034663963,0.3504570570702914,0.312101279889764,0.3107326420503295,0.3495476180935259,0.3506159037502192,0.3278383510094929,0.352040865722014,0.2911871456712132,0.3543448801948304,0.3500485107524408,0.2918393961971481,0.2883664970882624,0.3627337077821326,0.3405447357562411,0.320840588632505,0.3016045844296438,0.3541288954823561,0.4135708034676799,0.3076749859864923,0.3395549513678324,0.3630605029824514,0.2932969416312102,0.3522555662828631,0.3547381584611686,0.2936278261565267,0.3588671229271231,0.4237930384415873,0.4268647496399994,0.3309343821560684,0.3623005405435113,0.3476144812241654,0.3283102831545207,0.339209380364149,0.397377901328803,0.3596679287074199,0.310245021987289,0.3035865566498117,0.3455107790768155,0.3463576643192111,0.3287915972262003,0.3637798007729549,0.2979708478790727,0.3642137162753465,0.2998138554261189,0.3582197485775651,0.3377808258311521,0.3106724761831434,0.5175470405411525,0.3503024934476266,0.36746145482194,0.3864135098428161,0.3480784377960359,0.3317828968920741,0.3436193304536633,0.3153965183821549
0.3580069760814611,0.299866860742482,0.3124048544944686,0.3349883503775757,0.3674897018718706,0.3377901375297875,0.3505538416089792,0.1797084983996568,0.3701070785410806,0.3708247434445856,0.3187424282139499,0.4014879119932998,0.3568904977457645,0.3797837054566298,0.3634353021129457,0.3082913302277153,0.3567364246950413,0.3812827644072981,0.3005550512244584,0.3159496987611077,0.3205554432049581,0.3363623175172918,0.3562183366952665,0.3685259572552433,0.3792004414670374,0.3415879085341223,0.4014236975599441,0.3765767611531251,0.3285581026067183,0.2997425850919448,0.3473025379748879,0.3565111690834792,0.3396899893673875,0.2957866678007511,0.3144744033878771,0.338944412242449,0.3225896711179408,0.3390006691689269,0.3645246963235616,0.3445583829421023,0.3413480136683365,0.341114084661378,0.3664501101544871,0.3346021873895155,0.3496763113429951,0.3113799802007718,0.3098110720873845,0.351193911288966,0.3506073199627046,0.3289134189026133,0.3526107042029698,0.2981601489674,0.3545867650230925,0.3498911176848947,0.2892465116121572,0.2875830436189689,0.3622254609994883,0.3387956507369604,0.3193620383710305,0.3056707263243088,0.353745162881496,0.4140652426211414,0.3094153683134267,0.3389101686495342,0.3632213027767157,0.2927154823578181,0.3519640858142267,0.3524590182816213,0.2979994463828616,0.358536795560909,0.42569293159624,0.4215246749964886,0.3301230935460271,0.3600446482620245,0.346543524276899,0.3290998708501019,0.3381765721703925,0.3946716713672421,0.3585917433916171,0.3090486641973786,0.3097308555108345,0.3456064064804638,0.3450907824031698,0.3341220088083749,0.3641565647493695,0.3020288638310757,0.3626143518846377,0.3007731736485014,0.3575760849468263,0.3363189600230883,0.3096894562034578,0.5080172614188462,0.35006821611419,0.3658171887621083,0.385651498955047,0.3448993496568314,0.329437011258352,0.3400744850915084,0.3105153034349255
0.3564633764479039,0.2984196864845654,0.3171426241627882,0.3346389952359928,0.3682447777943869,0.3401198315198144,0.3496296205370744,0.1816091132199374,0.3714906738084553,0.3670629003224582,0.3178794176509634,0.400658682574947,0.3572008193266181,0.3793239731373726,0.3632858583833772,0.3079403117673453,0.3580283590203568,0.3817703789534195,0.2966203730552167,0.314572516920754,0.3193016268062952,0.3363307568012492,0.3549785470555394,0.3666558063783524,0.38001318287513,0.3397038140479222,0.398235006789299,0.3800110071405291,0.328827197413909,0.3033304273567153,0.3427318436602434,0.3553434847704144,0.3380584208868108,0.3029217698769803,0.320889442079884,0.3454905823113076,0.311512401994312,0.3387672085754801,0.3649161621390017,0.3421957409462539,0.3402988589788781,0.3404195401489672,0.3634302180025051,0.3335807977381125,0.3488973252817343,0.3105416308595557,0.3087173673970602,0.3526548222220967,0.3504952691989886,0.3297655691171763,0.3531555594364152,0.3062095600312458,0.3547806031407599,0.3495569263323814,0.2868976676740465,0.2873895015074626,0.361429999409364,0.3372499984754659,0.3178422346054024,0.3101213954963892,0.3532758763014526,0.4146678970240834,0.3111949751225061,0.3382055619027407,0.3632359417907072,0.2919666606301085,0.3518557158226104,0.3499873100133536,0.3030078190249409,0.3580783400884152,0.4278321294627929,0.4158475227080671,0.3292628690401357,0.3576541921595255,0.345502172883124,0.3303315970009264,0.3370311530835274,0.3912338916623093,0.3574799900409596,0.3078129162833898,0.3160226603915222,0.3457729401411762,0.3437867138061133,0.3388808419229543,0.3644261877458644,0.30625925858561,0.3606872743262774,0.3013354559636155,0.3571556711871089,0.3348118011605845,0.3087769894330714,0.4942509432786895,0.3497883081081096,0.3640174753554722,0.3843905162493223,0.3422600724702281,0.3272005096812335,0.3364453316735831,0.3057490607096225
0.3549149336108303,0.2967226500607621,0.3215767794903285,0.3342576959349098,0.3690668565062737,0.3422334097608164,0.3487116126509021,0.185501403312248,0.3726860322851674,0.3641881878890627,0.3171468624609156,0.399491964874497,0.3573899700674068,0.3786105048599932,0.3631479932364295,0.3081007768056096,0.3590885650920719,0.3820750538425045,0.2926551280708218,0.31322210864665,0.3179972821488292,0.3364639935050523,0.3537707935456556,0.3647524815458244,0.380673857418668,0.3377810936737233,0.3934014580452508,0.3835310111605423,0.3292029627006725,0.3075134962029706,0.3383144299233371,0.3541731989669128,0.3362936887637702,0.3101864321900052,0.3268484898079618,0.3513408430634676,0.3004413974426067,0.3385298676973183,0.3653866647480547,0.3398610271746762,0.339267779805259,0.3397215464299064,0.3602529683617,0.3324760529146092,0.3481382863093762,0.3095546350723037,0.3074378045863228,0.3539323014047721,0.3503017563317109,0.3303907680443939,0.3536783036189846,0.3151090977908489,0.3548862242178311,0.349063193804812,0.2849048125442613,0.287887733750275,0.3603965910006128,0.3359009165938466,0.3162563044732975,0.3148027762280637,0.3527542133852641,0.4154119040576329,0.3130374635495652,0.3374645464960089,0.3631623874389674,0.2910639530289376,0.3518766104478947,0.3473356107481722,0.3084717079375222,0.3575193176138924,0.4301805746390704,0.4099677639277732,0.3283470244797265,0.3552107226800678,0.3445313565416397,0.3319501628996801,0.335771762069492,0.3870888881349785,0.3563151876060959,0.3064941107086885,0.3222588182782337,0.3460030874435016,0.342462042119719,0.3430262284225858,0.3645438473320623,0.3105332431154634,0.3585635058914274,0.3014245961599983,0.3569341161626082,0.33328635604804,0.3079260743232069,0.4771846199305281,0.3494332627970307,0.3621360494373974,0.3826871747972288,0.3402508870058495,0.3251353136530325,0.3328308623383768,0.3011615270679912
0.3533986339155687,0.2947598072276836,0.3256694176313262,0.3338171603751905,0.3698822226220156,0.3441947885334978,0.3478025334326574,0.1915777694451354,0.373666084843896,0.3622239034395001,0.3165082244696823,0.3980241746467307,0.357465925568276,0.3776651027336908,0.3630209142802132,0.3087415752407777,0.359904542230683,0.3822009641335864,0.2884637244622474,0.3120481524506464,0.3166753247309786,0.3366128335281529,0.3526178055377476,0.3628387172586188,0.3811878249754343,0.3358275557888227,0.3867597525842695,0.3870049350965092,0.3296940272885723,0.3121508636705591,0.3341511341957618,0.352964786170041,0.3343915472541119,0.3173789886694168,0.3322309401587304,0.356550544278794,0.2896405159448475,0.3382891986200135,0.3659190981529287,0.3375897350792132,0.3382656944236351,0.3390220754245969,0.3569665085197049,0.3313297783488711,0.347405350420357,0.3084004281546288,0.305976326398937,0.3550232876003811,0.350051759854489,0.3308132834782333,0.3541884530002325,0.3245858485464384,0.3548634589621277,0.3484423627054791,0.2833839484454453,0.2891476867240727,0.3591834551733406,0.3347279039395197,0.3145854580168954,0.319557016424747,0.3522131198111636,0.4163300418840408,0.3149541968117622,0.3367178114356437,0.3630528345718113,0.2900334710503792,0.3519684460358875,0.3445234433555062,0.3141882128336317,0.3568870444108011,0.4326815661849909,0.4040152731583641,0.3273735703477374,0.3528138617583992,0.3436651908086091,0.3338818747972902,0.334418899568408,0.3822922179480141,0.35507981398929,0.3050458920748156,0.328262547829802,0.3462893901474008,0.3411373809972641,0.3465618141252709,0.364475477886227,0.314738977877544,0.3563511835408071,0.3009816494261094,0.3568895162701186,0.3317711817949665,0.3071224044470422,0.4579584201120677,0.348985911401162,0.3602528656692801,0.3806156852649627,0.3389650152155201,0.3233070717304033,0.3293170833019306,0.2968128998614699
0.3519519933934724,0.2925412234580614,0.3294132614019168,0.3333041278948929,0.3706204085876497,0.3460504007881888,0.3469053425201019,0.1999175916034396,0.3744225738797945,0.3611065097209312,0.315915175333565,0.3963176258424818,0.3574410651418594,0.3765374779886902,0.3628858086328689,0.309791068415555,0.3604739838043213,0.3821619080692341,0.2839622351026133,0.3111494787250153,0.3153645837586809,0.3366270380526622,0.3515244521449843,0.3609272904612275,0.3815522047818058,0.3338591571820704,0.3782320109472071,0.3902663431312897,0.3302973052974982,0.3170715640104513,0.3303459050123221,0.3516817590656568,0.3323603118973657,0.3243362909479461,0.3369771767421448,0.361226239846824,0.2793286726032179,0.3380416113190618,0.3664881660624897,0.3354154108966714,0.3373044769824415,0.3383220416297977,0.3536259617394811,0.3301874439578424,0.3466913033014089,0.3070724751882443,0.3043543029776446,0.3559216848187833,0.3497669155019304,0.3310744805764984,0.3546952925736211,0.3343353192057685,0.354686110217647,0.3477353314298981,0.2824479135639801,0.2912008333854155,0.3578589452583998,0.3337100470882261,0.3128265044844106,0.3242371041686922,0.3516819661999543,0.4174587607947197,0.3169474558553671,0.3359939241404875,0.362941029434586,0.2889056044479595,0.3520693802460222,0.3415775236865878,0.3199580863452361,0.3562117304034468,0.4352581339042256,0.3980980916661054,0.3263491789790607,0.3505732439860458,0.3429230002019339,0.3360415144711264,0.3330093292001893,0.3769342803080939,0.3537603902784076,0.3034326439206806,0.3338970475419273,0.3466263330016063,0.3398352507220344,0.3495307226629284,0.3642051111089229,0.318781722541877,0.3541475707338609,0.2999739152526177,0.357003498095598,0.3302954429896171,0.306347386753825,0.4378019759512648,0.3484390987257322,0.3584513528218225,0.3782587488396723,0.3384876607858819,0.3217737840059174,0.3259683014770463,0.2927483917565007
0.3506088148016162,0.2901139115028849,0.3328258055829227,0.3327181068718371,0.371222819805986,0.3478316100682654,0.346030947070393,0.2104664101923616,0.3749626525171159,0.3606964845817074,0.315310642356326,0.3944503640747122,0.3573218397343616,0.3752942960218179,0.3627053498994438,0.3111423647926506,0.3608061532997471,0.3819757231242641,0.2791219142341406,0.3105436103685763,0.314091050793135,0.3363693752152598,0.3504753174445206,0.3590218332570808,0.3817598363489682,0.3318928165269998,0.3678453851279007,0.3931363836104914,0.3309953659355782,0.3220977193898948,0.3270043136159913,0.350291865988605,0.3302183213951474,0.3309293690409911,0.3410806741744584,0.3654966271323397,0.2696600001636079,0.337785014618827,0.3670625158945072,0.3333623200365826,0.3363895659713611,0.3376222908748488,0.3502827559286774,0.3291016707196628,0.3459798848077304,0.305578001414796,0.3026180877545034,0.3566211870580407,0.3494616369455629,0.3312233841921795,0.355201241798678,0.3440379124143094,0.3543456307573203,0.3469835901282979,0.2821975036355622,0.2940362405425776,0.3565005259270484,0.3328331193324641,0.3109888177342422,0.328715162372884,0.3511870905370484,0.418835773736839,0.319013374283893,0.3353156860797419,0.362834717613701,0.2877070919892732,0.3521158120785947,0.3385327983108146,0.3256012698910019,0.3555245024760586,0.4378191200372038,0.3922877604511648,0.3252862116422908,0.3485944800497842,0.3423028911223971,0.338338905828723,0.3315787009532663,0.3711371933906086,0.3523511395227325,0.3016372402581031,0.3390684606542461,0.347017171181144,0.338578926646929,0.3520094820579054,0.3637321188951678,0.3225855640990181,0.3520482334729629,0.2984097973449496,0.3572666730318161,0.3288881982164213,0.3055815744607707,0.4179082760675756,0.3477869264386606,0.3568068526558251,0.3757077764410916,0.3388802476622513,0.3205838915736649,0.3228239253257581,0.2889930267724153
0.3493875336170844,0.2875590298001784,0.335939057468799,0.3320602165399045,0.3716391502670223,0.3495496250788983,0.3451936245499591,0.2230332629730573,0.375297658354659,0.3608105414622368,0.3146345141996806,0.3924975140540004,0.3571217272369381,0.3740134252846581,0.3624353954692083,0.3126672204892404,0.3609204959919188,0.381663409978267,0.2738464072374378,0.3101550457530139,0.3128837469103975,0.3357298184958949,0.3494543715483295,0.3571199096917188,0.3818012511139403,0.3299465225544958,0.3557474136752812,0.3954262863240893,0.3317579091108465,0.3270595870213122,0.3242301097571206,0.3487739486819371,0.327994752504009,0.3370618233559468,0.3445715924219939,0.3694786668449401,0.2607179423448079,0.3375185160498807,0.3676050529731371,0.3314466239103112,0.3355159193741168,0.3369230808145172,0.3469825833898695,0.3281261308962955,0.3452514868860298,0.3039446268361913,0.3008415004316397,0.3571204000218417,0.3491456692833699,0.3313129771896921,0.3557055048730249,0.3533950912151037,0.353843312091509,0.346224234808798,0.2827072606313153,0.2975951767785542,0.3551841079964125,0.3320844234146411,0.3090833566457531,0.3328885349855971,0.3507511033222352,0.4204950793120019,0.32113902649295,0.3347033729031519,0.3627170973065786,0.2864743707258194,0.3520507173497148,0.3354244336391066,0.3309618551100409,0.3548506368345961,0.4402591223544809,0.3866170845649341,0.3241996246865582,0.3469641512566168,0.3417859077936045,0.3406858976173901,0.3301581589993841,0.3650448652995428,0.3508564396386751,0.2996533903461728,0.3437239937784272,0.3474698142941885,0.3373885081230724,0.3540942370731806,0.3630673911568837,0.3261014189831162,0.3501458448913718,0.2963392387500705,0.3576807465157806,0.3275718616906067,0.30480667233562,0.3993180272163585,0.3470262887989164,0.3553759218772343,0.3730601617544171,0.3401684760210747,0.3197761271177811,0.3198984515754808,0.2855561635094721
0.3482882675046244,0.2849866197354239,0.3387920141516442,0.3313334708109537,0.371827553770212,0.3511940208251425,0.3444052918017759,0.237308919611462,0.3754410320217371,0.3612537410253895,0.3138353039096802,0.3905211204166312,0.3568673478016377,0.3727804849716648,0.3620325222085334,0.3142327843263306,0.3608453436025089,0.3812528583767821,0.2680262814788003,0.3098297417327483,0.3117732170413705,0.3346324707545184,0.3484520480610453,0.355216496681221,0.3816630845402337,0.3280417745943502,0.3421996600110417,0.396946413683324,0.3325447615503112,0.3318024230988378,0.3221175602607155,0.3471240385231857,0.3257282672414144,0.3426818220664113,0.3475073138882641,0.3732638813942747,0.252526156815668,0.3372409423721189,0.3680751649533579,0.3296802915033832,0.3346725522278519,0.3362236346894172,0.3437685358288217,0.3273039740686413,0.3444856602712308,0.3022225363374915,0.2991140371496373,0.3574261481006874,0.3488282461877813,0.3313963202240192,0.3562101721568522,0.3621629417491214,0.3531909372752095,0.3454877528041444,0.2840116785001347,0.3017728161493095,0.3539717457170546,0.3314488829039013,0.3071224976030545,0.3366882414035669,0.350389348412894,0.4224644877549965,0.3233018162888829,0.3341719630958281,0.3625553674429482,0.2852727405803287,0.3518341226175291,0.3322794695087036,0.3359190744320209,0.354207580731423,0.4424624655128982,0.3810845499886078,0.3231081257528259,0.3457431309712936,0.3413440411376706,0.3430006138740227,0.3287834178544289,0.3588114852308178,0.3492929531588716,0.2974833936134169,0.347853308668183,0.3479861097540199,0.3362755035408472,0.3558812029038745,0.362236767119843,0.3293082520936307,0.3485298989468984,0.2938469259608145,0.358250324426861,0.3263552589012272,0.304005267896674,0.3828718753082094,0.3461676674952791,0.3541969654303801,0.3704078594942525,0.3423373986558546,0.3193715116817304,0.3171819381581527,0.2824327770342096
0.3472974824395322,0.282539359459464,0.3414265631524474,0.3305533411229023,0.3717667992473,0.3527415969983901,0.3436792303235056,0.2528906763341754,0.3754144997176175,0.3618397992134354,0.3128808402717881,0.3885707248104738,0.3565821815349355,0.3716801319014849,0.3614532232174732,0.3157143038432216,0.3606180498108861,0.3807783336722293,0.2617534029516034,0.3093615065469193,0.3107825228959814,0.3330369555014646,0.347450121876653,0.3533070835662579,0.3813295201135248,0.3261994375687818,0.3275515451329197,0.397536551618584,0.3333076539090549,0.3361971839075461,0.3207444793028545,0.3453569856677022,0.3234615588795828,0.3477848237374443,0.349967035878265,0.3769163754772467,0.245064484408326,0.3369548577288234,0.3684347405506377,0.3280679982329784,0.333845104822554,0.3355234839817614,0.340677520873706,0.3266657375097595,0.3436642932598592,0.3004796766258442,0.2975289660463636,0.35755177727638,0.348519657157492,0.3315222282747532,0.3567184170882908,0.370160759286421,0.3524213732572034,0.3447946528885046,0.2861009951415896,0.3064314315354863,0.3529067031817018,0.3309148368906322,0.3051295967044791,0.3400825701014727,0.3501073264694311,0.4247593589687465,0.3254762310871769,0.3337206009080584,0.3623095013378919,0.2841920358921319,0.3514464150051719,0.3291211830855875,0.3404011654502883,0.3536089084003861,0.4443187839881857,0.3756580149157708,0.3220322163562025,0.3449657631715225,0.3409421073785458,0.3452072937184574,0.3274920627173687,0.3525915584963618,0.3476882943886678,0.2951529686860895,0.3514875022799285,0.3485605988320062,0.3352403238586428,0.3574517824081066,0.3612818847005968,0.3321996488699712,0.3472924971233778,0.2910589892399611,0.3589711549327888,0.3252339088254839,0.3031637214432494,0.3692197254615125,0.3452354765646902,0.3532942627424864,0.3678273636008453,0.3453289836480684,0.3193648007714516,0.3146416831216942,0.2795977281425991
0.3463882910083357,0.2803935802213185,0.3438828624173798,0.3297471101294228,0.3714635049129069,0.3541641670244578,0.343033731914908,0.2693045344281914,0.3752465762355412,0.3624097158449834,0.3117586113083307,0.3866802151770234,0.3562787656261206,0.3707848684048697,0.3606580855835821,0.3170049595191976,0.3602834805286833,0.3802723687688154,0.2553532197703275,0.3085223715236963,0.3099209268040959,0.3309411212012537,0.3464188411794741,0.3513901885020758,0.3807880307959587,0.3244331371317384,0.31221379095238,0.3970914926917135,0.3339940940976317,0.3401539176352324,0.3201663456937945,0.3435038278657001,0.3212388274266939,0.3523932398078453,0.3520372680265008,0.3804636922030241,0.2382834133821768,0.3366695052149244,0.3686521662409077,0.3266012186506428,0.3330131449546814,0.3348235328848107,0.3377331016395551,0.3262331296155307,0.3427782434120835,0.2987989407057298,0.2961844213974275,0.3575151738093355,0.3482315365521977,0.3317324644829037,0.3572288761654901,0.3772704329965073,0.3515865124342567,0.344151036065535,0.2889247177963648,0.3114133470082332,0.3520139868017236,0.3304783490275894,0.3031381587385552,0.3430698596364979,0.3499014753272497,0.4273672777476401,0.3276403605465311,0.3333300032035299,0.3619387509824397,0.2833269305482856,0.3508839996652924,0.3259766174033727,0.3443814117731761,0.3530664345561541,0.4457387309408874,0.370281579342939,0.3209874415243161,0.3446347051870579,0.3405378345888538,0.3472370483820302,0.326306606374712,0.346530947174855,0.3460743343198126,0.2927202433109221,0.354685676559166,0.3491846004083581,0.3342731339123905,0.3588665247965948,0.3602488117563811,0.334770158500742,0.3465243163262247,0.2881554950286692,0.3598258091599165,0.3241934505816882,0.3022801594120089,0.3587921408101804,0.3442549023687835,0.3526739133428754,0.3653777659679924,0.3490380654679789,0.3197265375082547,0.3122275245316153,0.2770045987628448
0.3455205171886703,0.2787427824171009,0.3461945512053331,0.3289402269447589,0.3709420717951048,0.3554293382707617,0.3424874038645216,0.286036208567837,0.3749634188262274,0.3628535101326464,0.3104716751400797,0.3848589178081248,0.355970542195919,0.3701472213064288,0.3596225794263243,0.3180260782426621,0.3598893194857031,0.3797590467011746,0.2491485637366581,0.3070993418046941,0.3091841274735679,0.3283812560664945,0.3453377699401637,0.3494719384879917,0.3800322239118326,0.3227490261330296,0.2966323481407099,0.3955648370110702,0.334557108858432,0.3436266089251993,0.3204079806634594,0.341607691159468,0.3191070463515811,0.3565357924520851,0.3537934237014178,0.3838875293859498,0.232120450512831,0.336396047888871,0.3687015543238366,0.3252602983701078,0.3321531646095034,0.3341255008828585,0.3349446451013371,0.3260152474850176,0.3418308011822659,0.2972802826836926,0.2951847684887508,0.3573414004281454,0.3479768026102415,0.3320553025739087,0.357735302727991,0.3834437323060922,0.3507389775662011,0.3435484453079905,0.2923942068653123,0.3165473533059841,0.3513023040507536,0.3301373329238228,0.3011777691440171,0.34566854150966,0.3497623742812902,0.430232587551283,0.3297761782991795,0.3329729161991155,0.3614116073261911,0.2827725036096258,0.3501557823985252,0.3228704225411868,0.3478595025946012,0.3525898893391116,0.4466590942500653,0.3648901740073281,0.3199830702732442,0.3447155851955324,0.3400890618182232,0.3490331963821795,0.325226399441254,0.3407582268784797,0.34448120902236,0.2902642121697651,0.3575150716856736,0.349840267159756,0.3333552436030022,0.3601633251293822,0.3591761624646533,0.3370157150204692,0.3462937928252458,0.2853650898590319,0.3607864548522252,0.3232098890519547,0.3013708076924349,0.3517034981570279,0.3432458445623383,0.3523182668412536,0.3631018826530954,0.3533108191539195,0.320410502164341,0.3098809983791885,0.2745931495842393
0.3446498480288724,0.2777726009516321,0.348386514015957,0.328150998277889,0.3702328038090567,0.356505183134432,0.3420547391257781,0.3025792014751249,0.3745874130817111,0.3631203607482572,0.3090415472355892,0.3830916117623332,0.3556712218442315,0.3697946202370796,0.35834070594744,0.318734313166113,0.3594824860291908,0.3792571553585452,0.2433343455013099,0.304932494661036,0.308556228838448,0.3254243145183391,0.3442055076842457,0.3475744429238467,0.3790596982187124,0.3211490251699633,0.2812486697546789,0.3929694836102984,0.3349650080400999,0.3466081190529821,0.3214564380313123,0.3397185806816882,0.3171122866734784,0.3602456445978105,0.355294731874782,0.3871304343651944,0.2265170187776805,0.3361425198009188,0.3685641470173289,0.3240222832713514,0.331248203417065,0.3334325544113886,0.3323098984798348,0.3260023959840064,0.3408335424823895,0.296038120527688,0.2946274572729275,0.3570646041577005,0.347768680104558,0.3324946403602862,0.3582305715649111,0.3887018426875241,0.3499216473334161,0.3429683894747579,0.2963848933016225,0.3216607751741951,0.3507683066204597,0.3298852272491088,0.2992669442565176,0.3479128841987441,0.349678833689941,0.4332500726203457,0.3318681279737817,0.3326216064412307,0.3607206540533026,0.2826317520972839,0.3492838225674561,0.319813416301608,0.3508537828069782,0.3521896496895446,0.4470462231480051,0.3594262261315175,0.3190277035144428,0.3451457767521378,0.3395638586405978,0.3505546325213028,0.3242363608685946,0.3353762296644006,0.3429369002169064,0.2878759020682917,0.360039559004818,0.3504913442752762,0.3324605509217467,0.361356748384695,0.3580962410155486,0.3389388653229275,0.346630353267855,0.2829459040614686,0.3618161654108797,0.3222509265897154,0.3004692249190056,0.3476986034860427,0.3422308766388078,0.3521914340613349,0.3610270429969943,0.357953095440334,0.3213549219083645,0.3075458322092095,0.2722955941858838
0.3437364850598465,0.2776451995699815,0.350473824858634,0.3273983069442124,0.3693740844537581,0.3573715498092456,0.3417473938145349,0.3184820353752652,0.3741434045098268,0.3632074664336734,0.3075115199034536,0.3813503107628661,0.3553758087169288,0.3697268849590791,0.3568204531158689,0.3191206812204006,0.3591089137621733,0.378788118414117,0.2381512835846643,0.3019437141787497,0.3080112324877717,0.3221606018756052,0.3430230827205158,0.3457419293201647,0.3778723505442434,0.3196298771231254,0.2664548940658715,0.3893848542246825,0.3352022382927525,0.349122438611473,0.3232609124259143,0.3378855436308739,0.3152895764878505,0.3635601640726162,0.3565906437876608,0.3901127655620418,0.2214283098154411,0.3359163515554097,0.3682349104587938,0.3228630953459841,0.3302902086416153,0.3327508831160546,0.3298142980523399,0.3261715573144009,0.3398017338053438,0.2951882842019089,0.2945876554142457,0.3567217671510321,0.3476210419629304,0.3330267853382648,0.3587081883672294,0.3931133485824581,0.3491729621419573,0.3423853296071903,0.3007460619646234,0.3266017157824665,0.3504020019784088,0.3297125562757622,0.2974200109174185,0.3498487294865841,0.3496404816182279,0.4362639264840947,0.3339046128518265,0.3322443190369936,0.359890694831225,0.2830046363550437,0.34830179614618,0.316806944517613,0.3534060944288555,0.3518795786442809,0.4469065628000519,0.3538516552243256,0.3181294257986956,0.3458530416917221,0.338943815829272,0.3517705758889661,0.3233146466927747,0.3304547070750318,0.3414664558448038,0.2856688675285735,0.362316916023376,0.3510890449976707,0.3315588349119229,0.3624399040504345,0.3570388738811892,0.3405436703645725,0.3475258418242501,0.281174970476518,0.3628666519182135,0.3212832173582675,0.2996228667535514,0.3462468542543973,0.3412375333626732,0.3522515276389567,0.3591687251787168,0.3627476697824475,0.322480767554967,0.3051766993590097,0.2700386120525506
0.3427424631513445,0.2784920596976162,0.3524604746958876,0.3267027056910585,0.3684165097675756,0.3580233662899122,0.3415725122144323,0.3333732939411125,0.3736572813207455,0.3631399192931324,0.305936957109007,0.3796038215238499,0.355060087335464,0.36992003699215,0.3550844215635648,0.3192040564260148,0.3588106342305224,0.3783778231132024,0.2339763977862042,0.2981531405754043,0.3075165058831114,0.3187040917261312,0.3417838522175805,0.344036916642276,0.3764817699343562,0.318181263779864,0.252569155451704,0.384951948562115,0.3352645302610672,0.3512165271383857,0.3257355308594672,0.3361478689482255,0.3136565813142241,0.3665053223811869,0.3577214283438868,0.3927456622874882,0.2168262662712347,0.3357277897714199,0.3677249524173909,0.3217537539969395,0.3292736550163803,0.332086922769043,0.3274323073736622,0.3264973620116791,0.3387554078541326,0.2948329938622211,0.2951178499984984,0.3563436800486658,0.3475510519192515,0.3336102175134736,0.3591596865958361,0.3967683662744959,0.3485278579706739,0.3417678896786873,0.3053176625219996,0.3312529213623658,0.3501891957334548,0.3296078656280021,0.2956500919626262,0.3515222145695402,0.349636909671119,0.4390688404607576,0.3358799468765431,0.3318051847467652,0.3589712768350969,0.2839592411301543,0.3472477449403077,0.313858784178385,0.3555740112930204,0.3516733428538525,0.4462931990614918,0.3481572843971836,0.3172881182928396,0.3467636324037115,0.3382221213102678,0.3526526678342065,0.3224296124207279,0.3260285142286102,0.3400851526468124,0.2837844881691639,0.3643933622320159,0.3515865394438013,0.3306207199707374,0.3633896977220341,0.3560230462383337,0.3418267045802864,0.3489362075083195,0.2803426188064206,0.3638787844042692,0.3202796499992516,0.2988938852915136,0.3467254196194833,0.3402857506600691,0.3524560985725323,0.357536772445389,0.367471991472236,0.3236988899912871,0.3027448146789487,0.2677499894220442
0.3416303851275261,0.2804018677102674,0.3543413867631075,0.3260753680014266,0.3674121086148739,0.3584627276522427,0.3415256988227663,0.3469702469235829,0.3731477734326564,0.3629546246018955,0.3043706305202143,0.3778213804767745,0.3547035969098923,0.3703331708404714,0.3531750644490049,0.3190256597903532,0.3586165944510962,0.3780517750954313,0.2310699003610718,0.2936838311483214,0.3070386437481652,0.3151889235376899,0.3404883378729273,0.3425297205343305,0.3749110274117151,0.316790362877127,0.2398308670771082,0.3798498543074802,0.3351588701824073,0.3529505951722756,0.3287592801856381,0.3345297900530364,0.3122160126663425,0.3690829004805149,0.3587126060259122,0.3949423616107588,0.212702037773708,0.3355850351976936,0.3670542329789025,0.320661606549307,0.3281956973142704,0.3314416150091363,0.3251360839300031,0.3269525754806934,0.337719939482101,0.2950535257430558,0.2962518140082845,0.3559543088152341,0.347578343247392,0.3341935424330096,0.3595719569115614,0.3997648294575722,0.3480067029321433,0.3410851924453277,0.30994522610137,0.3355268643796807,0.3501129861660189,0.3295514255626307,0.2939588057803958,0.3529689379284617,0.3496568912589258,0.4414216233371605,0.337793807932193,0.3312758762013919,0.3580235995180875,0.2855172135152903,0.3461572973884875,0.310986579994616,0.357407259642619,0.3515791011276551,0.4452975706468309,0.3423729846134217,0.3164933601922647,0.3477989227245255,0.3374037060360749,0.3531745614312349,0.321538917314669,0.3221050663339147,0.3387925254845548,0.2823713873168097,0.3662944100695059,0.3519405110749393,0.3296219186096185,0.3641750145832692,0.3550470198011001,0.3427805140197983,0.3507693933513633,0.2807290301013418,0.3647892614677344,0.3192208771502648,0.2983623856207291,0.3485523450098019,0.3393796763818327,0.3527607727499375,0.3561391503630497,0.3719127683871231,0.3249239349272267,0.3002413902140374,0.2653708381132046
0.3403761812405037,0.2834030851974476,0.3561088285808824,0.3255141680722395,0.3663986318875927,0.3586976165613316,0.3415896055038384,0.3590880814572068,0.3726280322272846,0.3626829461394962,0.3028609015335728,0.375981113066662,0.3542965748050542,0.3709091516426084,0.3511497414437492,0.3186444507692325,0.3585367920133421,0.3778319283832849,0.2293898278656268,0.2887508858201345,0.306550620085688,0.3117536048251034,0.3391548936019256,0.3412909624692059,0.3731880476228555,0.3154486267251512,0.2283949015089549,0.3742744046916928,0.334907049181797,0.3543887466086257,0.3321793938592787,0.3330396759996911,0.31095874543988,0.3712801428120293,0.3595789194203539,0.3966350671802648,0.209065619538212,0.3354859625094674,0.366244874919966,0.3195591968887984,0.3270645711363967,0.330811136823395,0.3229026729127064,0.3275034965202358,0.336719744606151,0.2959077769847484,0.2979948060768351,0.3555760926765175,0.3477171649215255,0.3347112972145665,0.3599286225046172,0.4021956865644961,0.3476097124713401,0.3403164681270073,0.3144898862387328,0.3393609872326575,0.3501597757361156,0.3295114248203793,0.2923290951268659,0.3542133576190893,0.3496931786708001,0.4430662558445999,0.3396487612719546,0.3306435855122852,0.3571148663707404,0.2876604380068891,0.345062303777448,0.3082054100186943,0.3589362203738714,0.3516010331182726,0.4440364726163707,0.3365733684337337,0.3157312489159472,0.3488817159804631,0.3365056962687023,0.3533176039657397,0.3205993315607023,0.3186756344049905,0.3375750507758848,0.2815624795430355,0.3680229890121808,0.3521034221234091,0.3285454920376011,0.3647672177074758,0.354094886500141,0.3434065653125145,0.3528809295851829,0.2825648833024955,0.3655390184168112,0.3180953233628392,0.2981238774652731,0.3512304392326741,0.3385156800873409,0.3531217594136313,0.3549832124278534,0.3758805844903676,0.3260816630977753,0.2976802722135164,0.2628623996136885
0.3389800701852264,0.2874539347887226,0.357757187598369,0.3250139344108283,0.3653980400056105,0.3587527688848366,0.3417406803036325,0.3696462051350893,0.3721160322730475,0.3623259650780365,0.3014567860290887,0.3740824912227004,0.3538238157795556,0.3715710091610974,0.3490661664204514,0.318128263410221,0.3585695193335686,0.3777376859369173,0.2288383363214254,0.2836359671026775,0.3060409408361218,0.3085285775177887,0.3378059395893101,0.3403867786905782,0.371339606618539,0.3141518224626821,0.2183261128132179,0.3684265666210263,0.3345415904069926,0.3555904074811685,0.3358256187579213,0.3316700873678599,0.3098616764296764,0.3730853564751626,0.3603366791162087,0.3977903088538114,0.2059360739629073,0.3354174936469919,0.3653242362593244,0.3184309183691597,0.3258991106260498,0.3301936470011519,0.3207128036551519,0.3281172506329949,0.3357709576154523,0.2974246185791798,0.3003106006825043,0.3552290330752389,0.3479696860847155,0.3350820744658487,0.3602156818919333,0.4041296202509736,0.3473230712981243,0.3394528933216366,0.3188373088520017,0.3427276015404803,0.3503255290972054,0.3294498242239416,0.2907338263231764,0.3552728564341092,0.3497489354260912,0.4437600906762628,0.3414468461538398,0.3299048300316041,0.3563137241960632,0.2903342354108285,0.3439904637300814,0.3055210510496066,0.360182503935315,0.3517425703635922,0.4426448437732645,0.3308715854368799,0.3149865523439264,0.3499550409600859,0.3355531427397385,0.3530738481795976,0.3195771183876821,0.3157205569094413,0.3364113859006957,0.28147460005145,0.3695675407944517,0.3520286522148963,0.3273829070256551,0.3651489292325036,0.3531503682389142,0.34372037877085,0.355097741057316,0.2860015061892882,0.3660791223680564,0.3169011594772011,0.2982775922056073,0.3543636803082115,0.337688858294815,0.3535033307742283,0.3540792051012101,0.3792236424066167,0.327107333865934,0.2950979559348777,0.2602056596829417
0.3374591655771508,0.2924463079067902,0.359283503782325,0.3245725865379353,0.3644242834081144,0.3586724483816073,0.3419529229622968,0.3786573375046428,0.3716348365752811,0.3618349377297011,0.3002008564149557,0.3721482360279057,0.3532623058417969,0.3722264418439449,0.3469748897122233,0.3175414290756535,0.3587130731703377,0.3777850632270008,0.2295032187855546,0.2786560035353657,0.3055229516592994,0.3056399619122262,0.3364542566938822,0.3398683233236325,0.3693940008276508,0.3128965204097771,0.2096150933675818,0.3624955241355795,0.3340940681097915,0.3566006171742122,0.3395274743734349,0.3303971755561298,0.308886318306768,0.3744872626483839,0.3610057255581556,0.398414442241647,0.2033288757124993,0.3353629620982004,0.3643293665970824,0.3172721566041792,0.3247164384792458,0.3295886243941386,0.3185511497980055,0.328775311980816,0.3348806876823548,0.2995955032971913,0.3031270984226273,0.3549241159496258,0.3483288768075714,0.3352234251860238,0.3604256682408037,0.4056011182813451,0.3471216632538051,0.3384921462803411,0.3229047088379168,0.3456398652433265,0.3506123242837618,0.3293282904724545,0.2891472365135356,0.3561559178643496,0.3498350794892114,0.4432951171239389,0.3431865678089107,0.3290599841973314,0.3556750394724463,0.2934428314868594,0.3429613875780959,0.3029384061118707,0.3611672680789473,0.3520021495326469,0.4412639401162224,0.325403080355319,0.3142367181384663,0.3509889965838539,0.3345741328808955,0.3524448032705639,0.3184507117602417,0.3132096327477059,0.3352719242584113,0.2822114235584362,0.3709104257383784,0.3516873448123214,0.3261347233473923,0.3653157364447061,0.3521973972448526,0.3437464281738889,0.3572497990895926,0.2910981976841455,0.3663749977969763,0.3156460984163365,0.2989119323627579,0.357670757587868,0.3368844597415317,0.3538806788012488,0.353445020045762,0.3818340327846817,0.3279463865935417,0.2925475078873772,0.2574056274982741
0.3358375335495823,0.2982181543492439,0.3606901725360797,0.324184557442621,0.3634824683020742,0.3585053430849381,0.3421958652793817,0.3862033178355425,0.3712011933865077,0.3611117611934172,0.299114892290617,0.370214309466416,0.3525985304483842,0.3727813748764385,0.3449211579815738,0.3169361071722865,0.3589652035835208,0.3779814375761035,0.2313942141740063,0.2741285925074717,0.3050387873644914,0.3032126546706852,0.3351099640575831,0.3397563475279567,0.3673854017427448,0.3116823856320333,0.2022114617719625,0.3566368836198131,0.3335882717223517,0.3574436635865784,0.343123282779968,0.3291829006984386,0.3079847414810401,0.375469880617856,0.361599305419259,0.398554901741902,0.2012537299645048,0.3353079515507883,0.3633016625286948,0.3160872455152134,0.3235267428547462,0.3289867722301671,0.3164155562224341,0.3294726516660572,0.3340495794298018,0.3023710151171734,0.3063533520153249,0.3546637334188822,0.3487844440470173,0.3350709955598765,0.360553735027133,0.4066174630987656,0.346965146652864,0.3374389789774628,0.3266412797029961,0.3481353283240172,0.3510174713710717,0.3291065938504752,0.2875442894401402,0.3568582488613795,0.349959341117501,0.4415244299644585,0.3448627918133676,0.3281202049043696,0.3552236101363917,0.2968604113001161,0.3419827094105081,0.3004690302384899,0.3619037934435551,0.3523670239289359,0.4400160489736566,0.3203088710712031,0.3134519399057603,0.3519673008756191,0.3335992783848356,0.3514405284063189,0.3172115783287108,0.3111089104728005,0.3341186252997237,0.2838439245341717,0.3720312901821795,0.3510746031456936,0.3248105636079182,0.3652734084041228,0.3512135745455215,0.3435171461250216,0.3591813149933754,0.2978120169306051,0.3664092671278876,0.3143445081596196,0.3000954992027067,0.3609650110346152,0.3360708312956788,0.3542347268127647,0.353105057851752,0.3836463361488796,0.3285621581597166,0.2900875226053137,0.2545027001330008
0.3341527082367103,0.3045674841933241,0.3619919603381183,0.3238375433513399,0.3625606156415172,0.3582919072743749,0.342436338174982,0.3924130062691138,0.3708219726648676,0.3600234240904972,0.298198580567824,0.3683224780702539,0.3518320942883197,0.3731486649904578,0.3429417624690289,0.3163500659065467,0.359312450124074,0.3783208903678389,0.2341485505439644,0.2703305317855017,0.3046580360717781,0.3013563547533414,0.3337889627367824,0.3400309841665952,0.3653503406953145,0.3105175950690856,0.1960477750009167,0.3509648466446024,0.3330414272161051,0.358126894504321,0.3464660196711435,0.327982280703498,0.3071088590378613,0.3760228138683597,0.3621213174781389,0.3983022309158837,0.1997204840095323,0.3352389318075429,0.3622770054135693,0.3148911389352473,0.3223411576540831,0.3283676135356984,0.3143232049741786,0.3302048257109558,0.3332716901600603,0.3056656202824059,0.3098846306374093,0.3544499754518971,0.3493207894984235,0.3345834036707596,0.3605894867274778,0.4071674489396322,0.3468020651665503,0.3363125145665366,0.3300237957485712,0.3502549443615456,0.3515278747383817,0.3287418128012374,0.2858954546358865,0.357367478411063,0.3501213978419212,0.4383938283224223,0.3464690565353389,0.3271116432566416,0.3549544261537378,0.3004589090316619,0.3410505923737181,0.298125222566697,0.3623937066373459,0.3528149447204618,0.4389822856158131,0.3157237875920441,0.3126050533047925,0.3528776570395044,0.3326595262901609,0.3500798974283441,0.31586747831895,0.3093941674783939,0.332913461116153,0.2863856004763842,0.3729103130180702,0.3502019791811847,0.3234274156480571,0.3650388112384656,0.350176679926144,0.3430802456018309,0.360752148634174,0.3059866311899284,0.3661799425440168,0.3130172575676923,0.3018743049200741,0.3641284756367466,0.3352099259498285,0.3545464489053422,0.3530810076287297,0.3846360900868242,0.3289420159559723,0.2877724045880492,0.2515769098673776
0.3324631233060779,0.3112664167856527,0.3632184537821299,0.3235208078945926,0.3616298343760821,0.3580692703785963,0.3426451480946314,0.3974439836704232,0.370503256236573,0.3584157792652427,0.2974386040838961,0.366519367380887,0.3509630567015112,0.373246402314047,0.341054931206471,0.315806310976291,0.3597287042210678,0.3787831593336506,0.237463689750206,0.2674594399654377,0.3044772724580886,0.3001511525145589,0.3325043929115659,0.3406295374376435,0.3633211945393264,0.3094168233721656,0.191048428353743,0.3455577885882031,0.3324636279537745,0.3586489389828671,0.3494365674225297,0.3267522194042301,0.3062153539842457,0.3761556547707318,0.3625759404519615,0.3977849330815881,0.1987396097490361,0.335139223346569,0.3612826879304371,0.3137104783825143,0.3211744829688327,0.3277117194263357,0.3123033564605406,0.3309651290977476,0.3325338814237946,0.3093665534860946,0.3135980704688113,0.3542875386801279,0.3499108876002722,0.3337392170247493,0.3605164543735047,0.4072257405998333,0.3465828684068779,0.3351449796285571,0.3330529383432639,0.3520425371753654,0.3521223233522081,0.3281946987539994,0.2841711437031471,0.3576737612335892,0.3503190352838291,0.4339559937646351,0.3479987783707715,0.3260636018012014,0.3548428099275384,0.30412544306327,0.3401525803195397,0.2959104951605783,0.3626400539461433,0.3533182952068274,0.4382012966989544,0.3117658065032223,0.3116760125774841,0.3537187727402872,0.3317769983460367,0.3483908801110857,0.3144420993036987,0.3080559438628646,0.3316284038850252,0.2897920169761497,0.3735347777607926,0.3490943716705467,0.32200602807334,0.3646433241251313,0.3490786432228978,0.3425009121482225,0.3618540298325259,0.3153543441873066,0.3656944164627948,0.3116916586764343,0.3042679045919335,0.3671562224343934,0.3342709013123616,0.3547970260904093,0.3533813195290121,0.3848188920525153,0.3290954254617806,0.2856470687196489,0.2487380178758198
0.3308352019278164,0.3180770235291891,0.3644078318662596,0.3232296620910109,0.3606547382104849,0.3578777086444385,0.3427999209102262,0.4014615487378313,0.3702543815029901,0.3561284414975674,0.2968091664633042,0.3648510024008967,0.3499929218471522,0.3729968446587178,0.3392574146042911,0.3153125521262808,0.3601887132655922,0.3793328502562494,0.2418375863160157,0.2656180299537282,0.3046186129754895,0.29965150729206,0.331256733451853,0.3414466580229422,0.3613269830345597,0.3083927082990246,0.1871420593650806,0.3404598670811651,0.3318529701090089,0.3590005894987466,0.3519585537639395,0.32545769840591,0.305266311250785,0.3758962623158188,0.3629712720281769,0.3971527733823408,0.1983185365138488,0.3349908026308286,0.360339461793991,0.3125797804554837,0.3200345811604971,0.327009385336339,0.3103884517987978,0.3317535416437144,0.331818487420393,0.3133429614869343,0.3173607806298394,0.3541786217502018,0.3505180499310351,0.3325420650850635,0.3603198997351929,0.4067655699351811,0.3462662215635008,0.3339696313642302,0.3357492790912769,0.3535532381671826,0.3527720716645882,0.3274346933151917,0.2823527932051099,0.3577748058564544,0.350551391495018,0.4283551669931568,0.3494457540103152,0.3249962931085604,0.3548442749985909,0.3077640814175876,0.3392704848558883,0.2938195851552383,0.3626592742346046,0.3538415148567319,0.437677853785837,0.3085213050972704,0.3106458446896704,0.3545018651941367,0.3309584693430747,0.3464128054327182,0.3129686041841368,0.307089158221088,0.3302463499332938,0.2939757991791836,0.3739053727974876,0.3477945111660999,0.320566701537223,0.3641286430013168,0.3479248470339708,0.3418513379590404,0.3624316488397452,0.3255566503694246,0.3649662506116111,0.3103933908313779,0.3072604501524387,0.370218135493555,0.333228129279871,0.3549710270128842,0.3539965943457323,0.3842418161212508,0.3290483013233486,0.2837420290404532,0.2461136326147706
0.3293251338966257,0.3247702409654039,0.3656011027066255,0.3229572145283564,0.3596011286845083,0.3577522168304837,0.342884751689916,0.4046202403052565,0.3700796623276609,0.3530221846492879,0.2962662339911037,0.3633500246246969,0.3489363811047297,0.3723335637572579,0.3375318173179005,0.3148648300464817,0.3606784705680753,0.3799173353330068,0.2484258508333942,0.2648205539918113,0.305217124386425,0.2998923156955491,0.3300386557203307,0.3423375369435459,0.3593987414541001,0.3074521399175516,0.1842799862876876,0.3356820798481587,0.3311955042062694,0.3591624426940782,0.3540006546604116,0.3240753685442111,0.3042315859413637,0.3752812381414009,0.3633094010887656,0.3965586334850806,0.1984678443783643,0.3347833710993009,0.3594606065711621,0.3115355975539506,0.3189155929365638,0.3262533835878668,0.308615955996624,0.3325757551011838,0.3311066936182303,0.3174557354823452,0.321050082263163,0.3541223153838825,0.3511046472363394,0.3310292931076963,0.3599886797815029,0.4057786702248821,0.3458173323807708,0.3328146413801182,0.3381448097409796,0.3548444914248011,0.3534365054644225,0.3264377598497066,0.280438080241648,0.3576746089329137,0.3508100618314859,0.4218019313597515,0.350807453041901,0.323925085405815,0.3548879743176634,0.3113046832569976,0.3383848193006153,0.2918443389897854,0.3624761457584922,0.3543387477552261,0.4373818541856215,0.306030086829732,0.3094958386195331,0.3552316192880006,0.3302012080520847,0.3441989383460605,0.3114835871804718,0.3064807513896007,0.3287583285642973,0.2988111124965676,0.3740386668512851,0.3463604750116424,0.3191263080830536,0.3635354307381429,0.3467215871658618,0.3411986412941981,0.3624825735493285,0.3361737459708379,0.3640172321252009,0.3091363166602697,0.3107934814256105,0.373541032273302,0.3320541616614791,0.3550562838940097,0.3549005703847319,0.3829668966535465,0.3288387809078383,0.2820658844934952,0.2438457774502515
0.327979726202161,0.3311454048857193,0.3668418507769609,0.3226876483803992,0.3584365617833227,0.3577117827292566,0.342894037465773,0.40705688541435,0.3699719200765377,0.3490141353139142,0.2957525263791353,0.3620261993042536,0.3478154107698423,0.3712099409150868,0.3358517530266778,0.3144559884475728,0.3611886732730491,0.3804678811309212,0.2579552385217681,0.265001141366801,0.3063988391452754,0.3008767384902238,0.3288423047837364,0.3431301402814111,0.3575689125272369,0.3065998269843112,0.1824428897797919,0.3312186597378183,0.3304715166735078,0.3591129544712705,0.3555674638278362,0.3225959837375964,0.303095026111391,0.3743561899734656,0.3635797248464252,0.3961453894787964,0.1992154471404412,0.334521091142095,0.3586493837451836,0.3106123594855675,0.3178056175511415,0.3254318071017698,0.3070301545429535,0.3334278997568929,0.3303804262496513,0.3215689074299043,0.3245644331068987,0.3541209432818855,0.3516367151177726,0.3292695178128719,0.359506360623473,0.4042832793225133,0.3452114628027796,0.3317072056687088,0.3402733700682712,0.3559561189111372,0.3540617526630176,0.3251850152282066,0.2784383469996564,0.3573843017624699,0.3510706496992606,0.4145567436994391,0.3520886879995429,0.3228679687314161,0.3548855249068952,0.314719463342621,0.337479370808944,0.2899740593372599,0.3621150589989472,0.3547615760891582,0.4372443152389461,0.3042806629371928,0.3082193892418206,0.3558894646600739,0.3295016567222722,0.3418113876498437,0.3100238135379681,0.3062077572986937,0.3271669972225224,0.3041318331212491,0.3739658981780098,0.3448552850445134,0.317696852719771,0.3628982992769284,0.3454743496425683,0.3406020276909394,0.3620414099309373,0.3467568617835225,0.3628760821534846,0.3079243942099066,0.3147693497672298,0.3770831312740342,0.3307276671967347,0.3550394384034352,0.3560507518084044,0.3810595633608589,0.3285132589167011,0.2805996950437887,0.2420885611353564
0.3268442837625017,0.337044435062317,0.3681727387938444,0.3224015369709452,0.3571323758307739,0.3577634027518332,0.3428358647704677,0.4088903747381912,0.3699158710890102,0.3441011642491322,0.2952088970408685,0.3608663150538004,0.346644733280891,0.3696017941628151,0.3341815207892584,0.3140813431482495,0.3617025662260067,0.3809070607109401,0.2700395694448277,0.266019482765876,0.3082655759705754,0.3025627572178095,0.3276561754250373,0.343643450615564,0.3558649723048026,0.3058397836643992,0.1816321805386912,0.3270686662361659,0.3296590795403186,0.3588426725214798,0.3566920799870507,0.3210249738530707,0.301859561318162,0.3731783422100451,0.3637661934503349,0.3960306718501667,0.2006101631102455,0.3342179278516431,0.3579003415219589,0.3098387996846731,0.3166948043493641,0.3245364176182324,0.3056707073403627,0.3342896224612721,0.3296256289626186,0.3255609108670784,0.3278213608691667,0.3541802020659942,0.352082799908779,0.3273517346253203,0.3588474571326223,0.4023188696535301,0.3444413973929047,0.3306716189528131,0.3421665130835894,0.3569072965680484,0.3545859924139557,0.3236663637326342,0.2763758416568487,0.3569252746643846,0.3512985525944682,0.4069100336546267,0.3533000473891166,0.3218382252480967,0.3547537965206652,0.3180200635216402,0.3365413601726172,0.2881897238885372,0.3616037169262783,0.3550686701382898,0.4371697130565932,0.3032187941343123,0.3068317377811215,0.3564410651796117,0.328852579030107,0.3393086077870061,0.3086208149367216,0.3062388533763005,0.3254905812001238,0.3097440697149681,0.3737288675648101,0.3433419024796628,0.3162846206466855,0.3622505196824664,0.3441973926894573,0.3401132970964476,0.3611716978258196,0.356864177788583,0.3615679397861963,0.3067608210835742,0.319062876608926,0.3803573816086822,0.3292504978397061,0.3549029748805885,0.357385340344593,0.3785889105401832,0.3281213514467481,0.2792983452145271,0.2409968650981186
0.3259520355073433,0.3423575091783572,0.3696249391578133,0.3220826965748893,0.3556712689927799,0.3579118450325546,0.3427260835536022,0.4102197127269187,0.3698919329434444,0.338362403114996,0.2945743330887093,0.3598399699513298,0.3454381957990964,0.3675064679424213,0.3324805301545393,0.313736987413697,0.3621955384393832,0.3811586532499965,0.2836772706872642,0.2676809271480436,0.3108910588872449,0.3048718101962003,0.3264617100666256,0.3437028953975787,0.3543067007809286,0.3051707309336381,0.1818601697415059,0.3232402152777848,0.3287344371495517,0.3583570614968314,0.3574334403074052,0.3193805604911783,0.3005454017997471,0.3718075298693322,0.363855963760723,0.396287770067385,0.2027109474381443,0.3338874808882396,0.3572015158204105,0.3092331566997852,0.3155722060013176,0.3235728684369167,0.3045592144725838,0.3351353478601755,0.3288365204045926,0.3293336317126544,0.3307596828847141,0.3543008009362055,0.3524148486187801,0.3253778132098895,0.3579890935970506,0.3999462593286534,0.3435166741661876,0.3297177701072772,0.3438534336262707,0.3577113210229242,0.3549467785119479,0.3218808346486108,0.2742847493838538,0.3563276073884043,0.3514606372514616,0.3991429327619464,0.3544539654978511,0.3208340403931058,0.3544267825938109,0.3212325844035477,0.3355599165251671,0.2864618329961447,0.3609798072982046,0.3552255179311093,0.4370617560443838,0.3027593042578924,0.305367364260284,0.3568508577332242,0.3282344334405681,0.3367389623633091,0.3072934967952234,0.3065288342117403,0.3237566659629193,0.3154496417882814,0.3733743125932729,0.341882592536103,0.3148900455315789,0.3616248926982289,0.342913284299761,0.3397704581053019,0.3599621941154224,0.3660970108261102,0.3601047036245208,0.3056454668697843,0.3235314134888899,0.3827815403241005,0.3276532060364889,0.354629102406833,0.3588210452408928,0.3756303979249025,0.3277114282764427,0.2780965934605887,0.2407097749335154
0.3253043053269981,0.3470234587046739,0.3712118631005767,0.3217171615388173,0.3540539333842942,0.3581587203971443,0.3425805467008195,0.4111244353513892,0.3698745729612097,0.3319498972229523,0.2937793031093968,0.358907916757306,0.3442232995758364,0.3649420237025459,0.3307143157179056,0.3134175225318347,0.3626435401571435,0.3811553518706508,0.2980307395320805,0.2697734446319787,0.3143136743752616,0.3077040696748266,0.3252390250433897,0.3431540868466556,0.352908583213086,0.3045827416468952,0.1831423595479214,0.3197440523997998,0.3276782951695731,0.3576689109706764,0.3578694334811009,0.3176905876658208,0.2991821328978241,0.3702959056263359,0.3638384608372195,0.3969349659977361,0.2055790425390342,0.3335408789520508,0.3565329853050816,0.3087986878025038,0.3144210956934797,0.322555210010886,0.3037004645109948,0.3359435847697067,0.3280150160294048,0.3328184178775257,0.3333492738323583,0.3544764497420828,0.3526120502204375,0.3234562373155129,0.3569238822688334,0.397253837914986,0.342458190215439,0.3288383578592874,0.3453592337344911,0.3583825717638224,0.3550884234066936,0.3198317418336003,0.2722139276326922,0.3556254300044374,0.3515268504887834,0.391483967267018,0.3555654889162138,0.3198440870037877,0.3538500762198367,0.3243806767212254,0.3345306993828834,0.2847567393028583,0.3602851862786946,0.3552012936716421,0.4368429382846927,0.3027924607575356,0.3038753597342363,0.3570793887294082,0.3276169003607243,0.3341452381803789,0.3060451110332728,0.3070117179601364,0.3219923225670961,0.3210622962416709,0.3729497109040124,0.3405299310675411,0.313509343913558,0.3610449012282236,0.3416396719109567,0.3395876988161234,0.3585085418336832,0.3741307461842874,0.3584888749164042,0.3045623420782165,0.328022038669668,0.3843539247178059,0.3259872634623139,0.3542071483336759,0.3602594498764582,0.3722621568243741,0.3273260081078751,0.2769149444579557,0.2413377653318219
0.3248681685862618,0.3510278769375199,0.3729326240123349,0.3212916860834668,0.3522994661563542,0.3584963170253524,0.342417309857213,0.4116725713067237,0.3698313828272443,0.3250761927289273,0.2927507271548173,0.3580303355808093,0.3430332123261843,0.3619457478692411,0.328861553985362,0.3131204648268082,0.3630251870582474,0.3808445846226832,0.3124037834255346,0.2720995355747044,0.3185213232739686,0.3109360472966779,0.323972946661281,0.3418811522877624,0.3516798637241802,0.3040600475636078,0.1854845509102551,0.3165976653051458,0.3264858026808064,0.3567982854756932,0.358082704339497,0.3159880282425614,0.2978017078740885,0.3686907838589149,0.3637029648795472,0.3979383953005148,0.2092789785934287,0.3331922288510667,0.3558668394796868,0.308521931961329,0.3132224619493996,0.3214952551982749,0.3030903608792372,0.336690418616871,0.3271655904694255,0.3359779195246634,0.3355921629423583,0.3547012595377986,0.3526615260773408,0.321689292738366,0.3556596348923909,0.3943513587896204,0.3412994780795511,0.3280193519644054,0.3467019915040997,0.3589277814312617,0.3549711281182178,0.3175272972054829,0.2702281963259201,0.3548569292219155,0.3514648625381882,0.3840888900798532,0.3566544116887854,0.3188588982319953,0.3529774720497711,0.3274856062377375,0.3334634308383192,0.2830441998532811,0.3595542866328047,0.3549747236792756,0.4364628416085343,0.3031907170847034,0.3024217177941836,0.3570747955358659,0.3269691396923299,0.3315651764863011,0.3048650169826656,0.3076038567141773,0.3202233225720851,0.3264166770212131,0.372501247321602,0.3393136568168079,0.3121370002502318,0.3605196087530784,0.3403831428311218,0.3395520621500101,0.356888741689665,0.3807389111632236,0.356725062638046,0.3034788837541952,0.3323840509422417,0.3859356735260343,0.3243194367303126,0.3536358050268567,0.3616019047359518,0.3685603728199667,0.3269948781246201,0.2756659408983605,0.2429545745570594
0.3245882228477539,0.3543965678430086,0.3747730822565043,0.3207989355531194,0.3504424194135148,0.3589104378878419,0.3422606388205894,0.4119282633560917,0.3697255795150508,0.3179962165256778,0.2914249527514259,0.3571706352008311,0.3418911500509377,0.3585711206816988,0.3269133763378432,0.3128525431047637,0.3633158591862216,0.3801941000558271,0.3257814083439737,0.2744926096975971,0.3234459920244514,0.3144154652097614,0.3226529634408425,0.3398240416236857,0.3506205515517255,0.3035849082649678,0.1888698508720424,0.3138330039252645,0.3251678520319095,0.3557803566422379,0.3581469909941746,0.314303841736771,0.2964372416933772,0.3670397864086995,0.363443174733145,0.3992169637014763,0.2138715809795482,0.332857740303036,0.3551743267883012,0.3083743003098168,0.311959869608868,0.3204051928456253,0.3027132958343924,0.3373432721234667,0.3262934246197845,0.3388027294622276,0.3375106845382205,0.3549699923713538,0.3525564442090847,0.3201598182668257,0.3542156924351612,0.3913518799168721,0.3400878446027794,0.3272441318381963,0.347892890112563,0.3593407580444793,0.3545779942087191,0.3149876243335021,0.2684059234429991,0.3540661945006705,0.351242862152516,0.3770443983239334,0.3577404768864794,0.3178682458609224,0.3517776398175537,0.330559123638874,0.3323797785667344,0.2812973096565166,0.3588129468539647,0.3545423827481507,0.4359054836180715,0.303824978412012,0.3010905536111896,0.3567821571334171,0.3262640495761258,0.3290192227694489,0.3037300167111095,0.3082149219703912,0.3184775966812443,0.331380979264654,0.3720710724987853,0.3382397770997577,0.3107665407669274,0.3600512138814685,0.3391455640267314,0.3396271385018307,0.3551570540541314,0.3858060018571865,0.3548230835518122,0.3023594349495175,0.3364876322865474,0.3887431135693846,0.3227334213759837,0.3529193435703541,0.3627635845815887,0.3646014057076405,0.3267295280016042,0.2742637328826606,0.2455905905963908
0.3243896308149837,0.3571834301453767,0.3766985174759367,0.3202442627557391,0.3485313391184552,0.3593887681044792,0.3421328689143195,0.4119517871822314,0.3695180337548184,0.3109793890364145,0.2897524461775994,0.3562963746201381,0.3408178367992779,0.3548829085305899,0.3248721942458384,0.3126285611874407,0.3634859031978453,0.37919555266679,0.3369763338025896,0.2768318306584356,0.3289763873782572,0.3179787591386946,0.3212743266363695,0.3369836346823733,0.349719706065297,0.3031374299433674,0.1932557371061316,0.3114872813311186,0.3237451467066655,0.3546626677943358,0.3581202400073277,0.3126593157393581,0.2951239134597744,0.3653842724086596,0.3630623133594077,0.4006433007615299,0.2193912153415606,0.332546204667989,0.3544342774223517,0.3083160011860543,0.3106190116088317,0.3193059612673495,0.3025345482211746,0.3378706256202407,0.3254068458053011,0.3413047218325512,0.3391376143165913,0.3552671087895604,0.352297406121634,0.3189267904141753,0.3526297770719405,0.3883622780844799,0.3388737247572653,0.3264859326159021,0.3489391613320471,0.3596112472535295,0.3539146629079041,0.3122444287331828,0.2668333688057848,0.3532972171311729,0.3508410396449744,0.3703771179366929,0.3588355362009295,0.3168529173223863,0.3502361205601985,0.3335839662193837,0.3313020773290564,0.2794885331163793,0.3580857821537911,0.3539173899595901,0.4351973854152012,0.3045841444628263,0.2999766456254748,0.3561631360022885,0.3254745810989477,0.3265019581798995,0.302605671594228,0.3087573895332557,0.3167797404917734,0.3358693646315356,0.3716929517875814,0.3373000337124234,0.3093892930882793,0.3596438463341259,0.3379269957503922,0.3397554632399843,0.3533521707728316,0.3893215136417081,0.3527923373215781,0.301170669567731,0.3402374275118073,0.3935266843943253,0.3213287759571028,0.3520664759175065,0.3636801454083841,0.3604669983739823,0.3265244749471755,0.2726349919039941,0.2492283058934014
0.324173531937061,0.3594585200067863,0.3786526441482458,0.3196493744606355,0.3466286910534748,0.3599224105445684,0.3420427083113961,0.4117983738236072,0.3691704027289242,0.30427685017392,0.2876982554317496,0.3553839468257371,0.3398453561656888,0.3509488756038006,0.3227528240280614,0.3124638727302402,0.3635068870683887,0.3778637335753196,0.34536923109909,0.2790603616641752,0.3349707601140441,0.3214763038388747,0.3198422903315625,0.3334171156079356,0.3489580447891375,0.3026940476431775,0.1985743796152616,0.3095840115567993,0.3222488079835719,0.3534910114970382,0.3580423909723856,0.3110627864949736,0.2938946843398255,0.3637529905721984,0.36257217245638,0.4020509992945537,0.225825969865574,0.3322550332769266,0.3536342232440241,0.3083003320364083,0.3091873009236282,0.318223598957364,0.3025051906229887,0.3382552281174192,0.3245160504341911,0.3435105824802736,0.3405148539508746,0.3555639578289543,0.3518954860618786,0.3180239930469093,0.3509672454067062,0.3854844251001626,0.3376982877100618,0.3257093190344569,0.3498472083553564,0.3597352260380498,0.3530059116634666,0.30933136532582,0.2656001748640341,0.3525833669654401,0.3502574837411388,0.3640625550112515,0.3599425248448173,0.315790355766305,0.3483468237077258,0.336509564550419,0.3302484612562859,0.2775942183246167,0.3573972367575671,0.3531231566790189,0.4344077301392683,0.3053829853850515,0.2991752894072985,0.3552018108010814,0.3245732904667961,0.3239920123254465,0.3014514238509294,0.3091541940333571,0.3151406617310151,0.3398432190603682,0.3713895757348087,0.3364750465554481,0.3079935480496466,0.3593027231253369,0.3367201709275834,0.3398578905900659,0.3514951602829291,0.3913600070694538,0.3506419221657798,0.2998730757362712,0.3435743943150869,0.4002310504708533,0.3202111956169988,0.3510947047791198,0.3643111105660388,0.3562456143009048,0.3263622211999982,0.2707271350308293,0.253801390959364
0.3238236064652815,0.3613003775793563,0.3805725850057222,0.3190548964800513,0.3448074421805174,0.3605019335065272,0.3419870697060613,0.4115207505341005,0.368652692332766,0.2980935972411528,0.285251627396377,0.3544232596227848,0.3390069355757954,0.3468308556505043,0.320581603811327,0.3123693771490136,0.3633564777116357,0.3762329239873301,0.3512474311749811,0.2811894950867822,0.3412580835310504,0.3247776970405465,0.3183716414871887,0.3292333240800106,0.3483101973449938,0.3022285824985556,0.2047257228628083,0.3081251907813712,0.3207262141163114,0.3523044576807864,0.3579336525625668,0.309511047924033,0.2927707804966889,0.3621702488297835,0.3619911319801966,0.4032535323003677,0.233116226513204,0.3319770180334869,0.3527670970593103,0.3082771192651562,0.3076567749828667,0.3171786477338826,0.3025763643535354,0.3384937721207666,0.3236271815215524,0.3454557081243335,0.3416902178400952,0.3558314801306453,0.3513704508624475,0.3174541542396036,0.3493187397235865,0.3828100240323197,0.3365936333885732,0.3248863032229938,0.3506256619146683,0.3597155405893014,0.3518961212713516,0.3062812082664772,0.2647984131978604,0.3519461264881195,0.3495031602080132,0.3580434039495562,0.3610580142864098,0.314666171389767,0.3461060885202339,0.3392721545462981,0.3292384088843504,0.2756091207093445,0.3567639613122998,0.3521916313857163,0.4336399193867449,0.3061577950615097,0.2987757973075428,0.3538980044913072,0.3235374304922261,0.3214663871161986,0.300226348158483,0.3093490739703787,0.3135572035861517,0.3433039204233528,0.3711734496301579,0.3357304173027782,0.3065652300829414,0.3590309504516322,0.3355094368374479,0.3398371309716786,0.3495793729730119,0.3920629609579363,0.3483891449145049,0.2984198984829714,0.346473219025711,0.4083043284121557,0.3194796928685611,0.3500309435176212,0.3646455500067497,0.3520304599989922,0.3262142567073069,0.2685143212014131,0.2591971752468073
0.3232230296744366,0.3627888807107197,0.3824050943195037,0.3185207806549285,0.3431406530529513,0.3611171268027338,0.3419601433042649,0.4111675904033522,0.367948871962659,0.2925713179269329,0.2824377282287083,0.3534111143008347,0.338320388979791,0.3425825485883985,0.3183931277284012,0.3123518141515278,0.3630174601451894,0.3743535280632808,0.3553175644689568,0.2832822309644442,0.3476432720309088,0.3277694998320948,0.316882688013168,0.3245851136878136,0.3477450880059806,0.3017141265676725,0.2115725920280526,0.3070916673805536,0.3192363679745251,0.3511430725330373,0.3577931506223333,0.307990561886243,0.2917550225340711,0.3606655382334086,0.3613454704976728,0.4040638457026108,0.2411597534331293,0.3317049107561802,0.3518314083127364,0.3081974636154653,0.30602531179008,0.3161848532139218,0.3027049127358034,0.3385905190473242,0.3227407303314485,0.3471762009762602,0.3427075699110274,0.3560477626213549,0.3507455886168215,0.317187046353706,0.3477916754381121,0.38040917192166,0.33558592833661,0.3240034145841144,0.3512869398827887,0.359559094356881,0.3506493356426983,0.3031339532690617,0.2645206524207394,0.3514031657967468,0.348596054007081,0.3522584306368667,0.3621694626313719,0.3134714206120657,0.3435135117916665,0.3418133519440376,0.3282933574023408,0.2735567284505367,0.3561913614657332,0.3511616306426871,0.4330224082605484,0.3068637275743612,0.2988557035822959,0.3522675236988364,0.3223516506071743,0.3189006940876729,0.2988903361983492,0.3093158799957974,0.3120206926877079,0.3462853853330596,0.3710494670154691,0.3350202545301978,0.3050887489838773,0.3588324790513139,0.3342772089297788,0.3395888857774517,0.3475775679650323,0.3916236869375095,0.3460625905738627,0.2967720630355418,0.3489423617470009,0.4171284735427333,0.3192174460666282,0.3489038959263701,0.3647066243413658,0.3479166727110461,0.3260410226810734,0.2660041335330176,0.2652639229819754
0.3222662652175693,0.3639960425640846,0.3841094594508398,0.3181216198407457,0.3416870624030044,0.3617595513127888,0.3419519604252321,0.410774854203875,0.3670547471286627,0.2877810261713704,0.2793193003911559,0.3523373806445779,0.3377947829609744,0.3382535926826882,0.3162274234304961,0.3124145555804612,0.3624789020780434,0.3722887526579208,0.358059022705344,0.2854359905455038,0.3539277390245525,0.3303715494044192,0.3154023761813875,0.3196505744826801,0.347227508707717,0.3011228290796029,0.2189500726908234,0.306438604942879,0.3178353450434602,0.3500475255476939,0.3576008683492311,0.3064769112822918,0.2908330117760656,0.3592686372374923,0.3606692021526701,0.4043064830891615,0.2498081795019307,0.3314276314013363,0.350834216222444,0.3080223519042214,0.3042968976413235,0.3152537014122932,0.3028488591166829,0.3385591657770779,0.321855722225569,0.3487006092219157,0.3435994809070411,0.3561887759817141,0.3500458496109652,0.3171706424410583,0.3465068209660876,0.3783293617129514,0.3346874225935816,0.3230509626775203,0.3518440908318491,0.3592783561917306,0.3493408741712794,0.2999387542596686,0.2648529418506617,0.3509702544758984,0.3475618446448764,0.3466710383289649,0.3632529867186842,0.312193203178389,0.3405684059657354,0.3440843052783852,0.3274256525650275,0.2714868929966722,0.3556807931880648,0.3500721045143904,0.4327005414308289,0.3074785414081868,0.2994731994579356,0.350349385730881,0.321008123510182,0.3162654817682041,0.2974044573058554,0.3090595778377271,0.3105199758565265,0.3488450055935345,0.371017314912959,0.334299476698919,0.303547513222127,0.3587145631062262,0.3330063487041794,0.3390152329588903,0.3454664374812329,0.3902603876611364,0.3436950248438686,0.2949090765683226,0.3510217804097992,0.4261284409128902,0.3194869019932018,0.3477384551774723,0.3645487178944182,0.3439955917817543,0.3258003765771606,0.2632440867458451,0.2718240156326822
0.3208664120895523,0.3649800285915027,0.3856557564426806,0.3179416854606076,0.3404800147188017,0.3624215357014222,0.3419407765977543,0.4103615135033086,0.3659761578088973,0.2837221128184498,0.2759982948199523,0.3511801135913671,0.3374423269193537,0.3338897076449302,0.3141255969340413,0.3125569010340379,0.3617433219032185,0.3701079908987201,0.3596021573738016,0.2877762240096107,0.3599273070839869,0.3325569403694635,0.3139660791636155,0.3146106980176474,0.3467204584460732,0.3004252132464857,0.2266794604960735,0.306093446912359,0.3165700363766137,0.3490449313393725,0.3573242659866426,0.3049366093429249,0.2899774310541554,0.358001903822555,0.3599997243984883,0.4038282554231056,0.2588647274175221,0.331129548158548,0.3497912892396884,0.3077312690460222,0.3024878772005342,0.3143914054638889,0.3029673857458805,0.3384261606474859,0.3209702475405112,0.3500465230148418,0.3443873452850374,0.3562222763069064,0.3492990091880772,0.3173455581426642,0.3455944214030156,0.3766038037769926,0.3338883563084834,0.3220188431210904,0.3523061362182322,0.358893762878671,0.3480444108421629,0.2967434324538073,0.265866621609879,0.3506526380390438,0.3464357657536827,0.3412882252291183,0.3642817986732609,0.3108202004267287,0.3372623530954495,0.3460544932712269,0.3266310869262798,0.269471702572809,0.3552376389695781,0.3489585680774228,0.4328249090855738,0.3080017409484344,0.3006605316687925,0.3482034445530892,0.3195109008936224,0.3135368878432966,0.2957362941656946,0.308610717475092,0.3090365843653156,0.351050553233175,0.3710731069679359,0.333531937714162,0.3019252671740864,0.3586829238710301,0.3316776309706088,0.3380355702439624,0.343240532396984,0.3881788178930201,0.3413190835131753,0.2928252661808351,0.3527723769934327,0.4346632230057211,0.3203258922729881,0.3465592498119698,0.3642485698472283,0.3403460038197305,0.3254614104714537,0.2603242576921139,0.2786882403915731
0.3189692683647486,0.3657859075628092,0.3870304424023442,0.318073610911936,0.3395220911573186,0.3630933818688643,0.341896645538641,0.4099345010973951,0.3647343576819709,0.2803285456574663,0.2726274949913178,0.349908281741648,0.337268130143782,0.3295271143170377,0.3121223901711985,0.312774711176789,0.3608299290202383,0.3678761386627093,0.3599996230936275,0.2904450834929871,0.3654720919765885,0.3343455864663565,0.3126088586362027,0.3096371465504666,0.3461848667396714,0.299591805323895,0.2345739037032231,0.3059665554534173,0.315482665260724,0.3481425467613617,0.3569261306545255,0.3033328386627201,0.2891489326585219,0.3568848481442685,0.3593738784484827,0.4025111906591609,0.2681004795476646,0.3307979460622273,0.3487245504919878,0.3073233239231026,0.3006353936680971,0.3135931036811216,0.3030285340695428,0.3382225598327179,0.3200765203170424,0.3512222451165747,0.3450830261488291,0.3561204395579181,0.3485344663689973,0.3176504794979419,0.3451813476225523,0.3752516078451304,0.3331639819094679,0.3209103262737729,0.3526801282251257,0.3584320202436079,0.3468240267047502,0.2935890356672565,0.2676133338421184,0.3504411239499488,0.3452589285952603,0.3361662980041139,0.3652364365645237,0.3093570824047247,0.3335826588527307,0.3477323812311086,0.3258951829598999,0.2676103236341999,0.3548701218939899,0.3478562524587826,0.4335368412230109,0.3084432222223737,0.3024191383060758,0.3458978409108925,0.3178816608172693,0.3107113947739377,0.2938663434606053,0.3080203013557999,0.3075433729930005,0.3529689755623829,0.3712095846353345,0.332691146427899,0.3002089313485684,0.3587370801556275,0.3302738646400037,0.336596969619005,0.34090699091109,0.3855493354014564,0.3389717618594191,0.2905293387364253,0.3542624017881901,0.4419888221232475,0.3217422196267646,0.3453931475657421,0.3638958120935805,0.3370277911987028,0.3250092204871107,0.2573748864520339,0.2856661841240803
0.3165690551127194,0.366447602331358,0.3882417666779201,0.3186122103218263,0.3387807768301477,0.3637635012637766,0.3417931375841363,0.409490684581202,0.3633683406957493,0.2774876276378571,0.2694140017285729,0.3484763841042557,0.3372564573660833,0.3251930837121998,0.3102414792915853,0.3130627809368714,0.3597671246686562,0.3656439620608163,0.3593991643770597,0.2935729779110865,0.3704044239964295,0.3357843833404343,0.311352494561313,0.3048857962079814,0.345577759465009,0.2985958647306743,0.2424452837521254,0.3059625524081624,0.3146077528360652,0.3473392274431786,0.3563684586524285,0.3016307734061589,0.2882953922079704,0.3559391116078774,0.3588260590137632,0.4002807505801182,0.2772823894421121,0.3304266198067502,0.3476598140717178,0.3068115597511673,0.2987967132265666,0.3128466744528481,0.3030130130456212,0.3379727789086171,0.3191602057168836,0.3522280479073428,0.3456891494373089,0.3558730094746564,0.3477795308956515,0.3180249829984009,0.3453780836188606,0.3742693587168471,0.3324858789465648,0.3197490215080071,0.3529783527829949,0.3579226459880236,0.3457304940397012,0.2905181734026495,0.2701196680576903,0.3503215556201999,0.3440713258158763,0.3314023532480029,0.3661023207776984,0.307824637792763,0.3295263488372748,0.349174951173583,0.3252001359977882,0.2660331822132244,0.3545837928675217,0.3467972175030361,0.4349555188134954,0.3088113807264099,0.3047165163312643,0.3435016110867485,0.3161577323142228,0.3078037054693841,0.2917897552841628,0.3073548812361544,0.306010112764404,0.3546597665689536,0.3714163562082604,0.3317618524357066,0.2983935375981986,0.3588725261702565,0.3287889090398664,0.3346855859297433,0.3384835957421034,0.3825082172177421,0.3366948681244459,0.2880589356712824,0.355558496675855,0.4473338906117953,0.3237084640706203,0.3442614834419168,0.3635835097471369,0.3340798948370227,0.3244390191386495,0.2545608124801666,0.2925770978052384
0.3137122165675498,0.3669865024887812,0.3893144354267233,0.3196384250014008,0.338183672849451,0.3644189983931446,0.3416100658224573,0.4090104902697902,0.3619253595588505,0.2750710736530445,0.2665981721213235,0.3468158070838307,0.337378582265357,0.3209164630231635,0.3084970082808689,0.3134165172149473,0.3585846855660076,0.3634458481230557,0.3579918656433611,0.2972487574454906,0.3745914428574301,0.336946497454648,0.3102037388178685,0.3004835068390027,0.3448519706178591,0.29741496368172,0.2501235172547048,0.3059824438020002,0.3139569651919713,0.3466350727175968,0.3556134115937781,0.2997994519172126,0.2873561554887328,0.3551799867266151,0.3583849965321982,0.397107039986475,0.2861918645787595,0.3300109530836496,0.3466235772367575,0.3062194380429895,0.2970420467317098,0.3121392108972761,0.3029103317007786,0.337695575623929,0.3182058196379653,0.3530559060103059,0.3462017585479605,0.3554811886498202,0.3470564831518193,0.3184195325260787,0.3462755892718564,0.3736296792022328,0.3318216553781191,0.318563659180172,0.3532187188673635,0.357396146225887,0.3447959302388109,0.2875806851149876,0.2733783394609803,0.3502845096533553,0.3429072463972821,0.3271160399663507,0.3668631971296976,0.3062489069945824,0.3251073207638592,0.3504743959594039,0.3245207618850506,0.2648918217377123,0.3543825925733668,0.3457978383774305,0.4371664554557079,0.3091097275332937,0.3074896437205089,0.3410850899080929,0.3143849721641116,0.3048356874391095,0.2895177809995402,0.3066865171005297,0.3044080127440041,0.3561669774265098,0.3716829134661828,0.3307437440093518,0.2964906084938406,0.3590820516530194,0.3272271826273166,0.332335271225519,0.3360110540334828,0.3791620954792682,0.3345236072734225,0.2854929041946026,0.3567194701222765,0.4499714629054976,0.3261626255325564,0.3431722492447685,0.3633971529637332,0.3315179410997066,0.3237548812607952,0.2520740008185896,0.2992669398377762
0.3104918809465868,0.3674113781527933,0.390280210038576,0.3212077985589355,0.3376192487276116,0.3650435738275726,0.3413282239768219,0.4084571492496282,0.3604512744488425,0.2729655734919563,0.2644274003491861,0.3448447133608563,0.337604278552842,0.3167352793658287,0.3068943744723271,0.3138333519198492,0.357316827917952,0.3613043485912727,0.3559308064353092,0.3015071630010812,0.3779371769649096,0.3379397536041111,0.3091605016019215,0.296514308137521,0.3439555531105177,0.2960335963311785,0.2574746866108606,0.3059307356198951,0.3135109099862145,0.3460259248522827,0.3546281461342463,0.2978123688310954,0.2862714504308711,0.3546086237231924,0.3580706914804303,0.3930065058552113,0.2946313425621125,0.3295475854797728,0.3456377269748225,0.3055817959866677,0.2954538126580261,0.3114522730056439,0.3027163793281511,0.3374100999447854,0.3171978275748674,0.3536935938584037,0.3466147243329027,0.3549458605321625,0.3463799205419609,0.3188046361193694,0.3479432920034509,0.3732874793993274,0.3311321641001921,0.3173738264008364,0.35341601290574,0.3568824203365268,0.344029666689117,0.2848267598916484,0.2773421298371258,0.3503226016527765,0.3417939486238805,0.3234299489364889,0.3675079667694902,0.3046626308660473,0.3203544684312214,0.3517408853914767,0.3238209464801725,0.2643408382620598,0.3542745075215976,0.344855375679318,0.4402092148323891,0.3093371462641839,0.3106558329845862,0.3387163105908288,0.3126157337352117,0.3018386445203285,0.2870844102352149,0.3060780917117542,0.3027103235654852,0.3575104659952844,0.3720011925052294,0.3296515391440028,0.2945380464776349,0.3593494986169063,0.3255950495413158,0.3296300457064743,0.3335599494479406,0.3755814226213634,0.332476398035971,0.2829456495673567,0.3577882205578133,0.4492659373002353,0.3290164430315114,0.3421244991457976,0.3634044217111997,0.3293309680079785,0.3229786846372953,0.2501234942565015,0.305623925547659
0.3070442609234213,0.3677238500996543,0.3911735325609715,0.323354917440828,0.3369460369080796,0.3656170469924066,0.3409314424915124,0.4077897305950082,0.3589919739293344,0.27109040045675,0.2631468049613055,0.342493165173346,0.337896650654124,0.3126946809708859,0.3054254508956855,0.3143152987537048,0.3560075155934482,0.3592337883436036,0.3533119852165191,0.3063282018575807,0.3803762108649691,0.3388909301799763,0.3082107105681833,0.293020943068333,0.3428288786844473,0.2944507148866728,0.2644025298823126,0.3057352323009218,0.3132275412774913,0.3454981319640546,0.3533937463457341,0.2956489283957267,0.2849897169316662,0.3542199032169099,0.3578959323880821,0.3880449014297836,0.3024351189323462,0.3290426068303133,0.3447162992794421,0.3049415513186105,0.2941305964425295,0.3107540050383187,0.3024367553539485,0.3371300892505642,0.3161157611354646,0.3541343365124365,0.3469216354666296,0.3542714021899463,0.3457537731598806,0.3191685485223268,0.3504188118680152,0.3731793187345246,0.3303803588761207,0.316196018738505,0.3535770752865003,0.3564074804221505,0.3434209252464517,0.2823035047194475,0.2819261540225045,0.3504236267061772,0.3407507408148937,0.3204503777689747,0.3680432113162243,0.303118325168868,0.315316978626967,0.3530935341486064,0.3230636995171794,0.2645258278790136,0.3542698157858314,0.3439616875266766,0.4440668703707457,0.3094847035764096,0.314120889675176,0.3364517495989858,0.3109100412831094,0.2988628813548935,0.2845528393407042,0.3055707680844395,0.300894401138756,0.3586866767598283,0.3723608171168765,0.3285120692190676,0.2926045304276709,0.3596442356158941,0.3239009837841647,0.3267029385105734,0.3312178366284002,0.3718004605152196,0.3305580738980649,0.2805550269178142,0.3587857290990608,0.4447292785844747,0.3321648344141596,0.3411166512401661,0.3636480016454663,0.3274835555488316,0.3221536107858674,0.2489218743112891,0.3115798058644511
0.3035449246126637,0.367924540306786,0.3920266284862927,0.3260987517264611,0.3360048836934076,0.3661196744287924,0.3404156172890329,0.4069764679877852,0.3575946345167828,0.2694064493700372,0.2629906286227149,0.3397166372244186,0.338209018049686,0.3088454638126344,0.3040659929088947,0.3148698674880297,0.354702828689004,0.3572383975928321,0.3501577874552037,0.3116353235671554,0.3818637531496892,0.3399148081768627,0.3073253957686333,0.2900176692107777,0.341404329939853,0.2926902279629241,0.270844709439423,0.3053590778155872,0.3130527510371271,0.3450375073306071,0.3519085462559754,0.2932961212618222,0.2834696193878647,0.354010276422396,0.3578685322181756,0.3823333807418008,0.3094889550591291,0.3285124675735399,0.343866915205794,0.3043385573287172,0.2931813318303297,0.3100052136350045,0.3020901206154613,0.3368524720155151,0.3149351202236941,0.3543832667308313,0.3471171982564641,0.3534764655493807,0.3451716454648455,0.3195113860553273,0.3536999823301597,0.373213474073981,0.3295427178432585,0.3150520321627107,0.3537067648687952,0.355989928563617,0.3429443944802762,0.2800661520505339,0.2870131569511341,0.3505722887005783,0.3397872150637478,0.3182446828906997,0.368490964929608,0.3016897350150409,0.3100780055607209,0.3546459304021441,0.322224733256829,0.2655735547094427,0.3543711780894301,0.3431122092056123,0.4486597186068354,0.3095323488214923,0.317779348683613,0.3343324165725743,0.3093289608480491,0.2959712839410959,0.2820155366666394,0.3051778887769356,0.29894636114181,0.3596797148183083,0.3727408024898545,0.3273613694612856,0.2907850672755074,0.3599248843967494,0.3221652950716515,0.3237338038502254,0.3290708309756786,0.3678392747038921,0.3287673204230226,0.2784785126966496,0.3597132559690755,0.4360573958131624,0.3354904928805684,0.3401449601006697,0.3641396246223065,0.3259241926936496,0.3213313800034718,0.2486689550660127,0.3171001126538804
0.3001960030816843,0.3680141857088997,0.3928588392553397,0.3294324617198678,0.3346316202542311,0.3665355005864918,0.3397905839226305,0.405996771793654,0.3562968742579644,0.2679277710124,0.2641519808617065,0.336495227238604,0.3384980093177271,0.3052472798854787,0.3027818321290554,0.3155072849147738,0.3534359650096381,0.3553104981381015,0.3464123652190479,0.3172961104555295,0.3823825726592396,0.3411058309509328,0.306460157432481,0.2874966426155559,0.3396121430188406,0.2908070902869802,0.2767791867836825,0.3047926891033918,0.3129224068901853,0.3446397222640858,0.350182043986484,0.2907502784222794,0.2816831118078721,0.3539685935858978,0.3579873515672784,0.3760196486861851,0.3157420628160122,0.327972456624741,0.3430924359848162,0.303800481104317,0.292709487485715,0.3091728698884244,0.3017087740104782,0.3365604369381965,0.3136364543083034,0.354454995632417,0.3472020082716344,0.3525911398043935,0.3446210690185033,0.3198462642088057,0.3577498514185789,0.3732634880247424,0.3286099895100704,0.3139601681139766,0.3538142421015061,0.3556395310669582,0.3425628764851225,0.2781877597236287,0.2924565514080889,0.3507559847539594,0.3389018579934393,0.3168201284479198,0.3688768650042653,0.300458736941041,0.3047584473728637,0.3564798917180612,0.3212933417718462,0.2675733833107828,0.3545693968728017,0.3422954724762174,0.453840664288948,0.309451910805319,0.3215178720028037,0.3323877773585582,0.3079212200649789,0.2932213768069058,0.2795925059922613,0.3048841861454152,0.2968645808784045,0.3604699615458082,0.3731103130014318,0.326238230723088,0.2891947980365753,0.3601464958870434,0.3204207825858539,0.3209425643927506,0.3271967010936759,0.3637307600586022,0.327095027184525,0.2768904759913568,0.3605597012016829,0.423138641569809,0.3388674316358416,0.3391983256712882,0.3648555683708833,0.3245920165048827,0.3205563858039048,0.2495354521513824,0.3221785926778983
0.2972066271082643,0.3679920848248063,0.3936692252842727,0.3333119421981677,0.3326747990971767,0.3668500855105724,0.3390738892701411,0.4048407928104041,0.355116150939763,0.2667300220652928,0.2667483786672966,0.3328423199292257,0.3387304319968851,0.3019641393555177,0.3015364248413232,0.3162388074561598,0.3522243334760574,0.3534360141288749,0.3420272150091045,0.3231365197250725,0.3819543939405602,0.3425522085779253,0.3055650018866222,0.2854276079787136,0.3373856560999889,0.2888858305769986,0.2822289561577834,0.304045394484522,0.3127648968770057,0.3443067819632422,0.3482302400409585,0.2880191544073424,0.279625112916674,0.35406687290891,0.3582365652816798,0.3692863818789335,0.3211999182675939,0.3274312658293304,0.3423892012759095,0.3033429991045971,0.2928021729551299,0.308231307242201,0.3013397975887493,0.336238204907517,0.3122093088078093,0.3543691290273795,0.3471858532989014,0.3516446254780269,0.3440856010312658,0.3201991638625356,0.3625035796025012,0.3731720066930887,0.3275842209584029,0.3129228292729227,0.3539110808241703,0.3553585785083029,0.3422306346817624,0.2767524674010181,0.2980872482410228,0.3509635072974615,0.3380824001104491,0.3161170927327609,0.3692299525495472,0.2995084838416556,0.2995071913384365,0.3586255988963425,0.3202650962353501,0.2705576559790003,0.3548503325092464,0.3414837550838189,0.4593915229809334,0.3092149512406031,0.3252289566000557,0.3306384883922317,0.3067156809582457,0.2906611266370655,0.2774321449180459,0.3046479647449041,0.2946632070857992,0.3610352291679943,0.3734375793887607,0.3251737780029362,0.2879680390925376,0.3602634958680115,0.318699441908652,0.3185735333143281,0.3256633123052879,0.3595300638022751,0.3255185035136366,0.2759683365333527,0.3613067749456877,0.4061054075520942,0.3421693110633118,0.3382630185794061,0.3657386794325155,0.3234193255537206,0.3198624851767148,0.2516488053442994,0.3268382876859715
0.2947742816254764,0.3678567519091634,0.3944391632876998,0.337664429813714,0.3300173627517206,0.3670483344310367,0.3382882402269245,0.4035167184082663,0.3540542964025525,0.2659392323521001,0.2708117002306392,0.3288227779366504,0.3388738593840672,0.2990490329900719,0.3002910730610836,0.3170794782571142,0.3510799006365022,0.3516043080523244,0.3370984502023847,0.3289656353009397,0.3806340880623619,0.3443376076385711,0.304590707807049,0.2837647445079864,0.3346606162842084,0.2870369302364653,0.2872476488842838,0.3031508396492376,0.3125117211288307,0.3440382861328979,0.3460804336451121,0.2851226923942528,0.2773240624702924,0.3542717291374833,0.3585878474828503,0.3623558089212207,0.3259087090026785,0.3269002333118306,0.341745625601029,0.3029717775556073,0.2935275985198982,0.3071540269133004,0.3010461475518171,0.3358755232313858,0.3106467510151793,0.354151381628357,0.3470836194019859,0.3506615882457395,0.3435432246260633,0.3205968272269043,0.3678654081685945,0.372759997607582,0.3264805690221902,0.3119288097014385,0.3540084301037187,0.3551450126027328,0.3419015681138023,0.2758443711420373,0.3037299892802583,0.3511796673092859,0.3373081625766942,0.3160190380063839,0.3695909369486339,0.298927380277615,0.2944947926142227,0.361060437280237,0.3191413234777001,0.2744968594906171,0.3552000806338131,0.3406449772861944,0.4650266336351645,0.3087996186945418,0.3288221287690552,0.3290950045691358,0.3057226144640224,0.288338037864105,0.2757075867335358,0.3044054587140355,0.2923788629892795,0.3613539561128605,0.3736911409833029,0.3241864807895294,0.2872559436585574,0.3602322227718638,0.3170232483336291,0.316873517788613,0.3245194420916329,0.355312542083322,0.3240037643152235,0.2758724706991644,0.3619317399137717,0.3854271847104991,0.345279237722281,0.3373316920864418,0.3667071237994764,0.322337117327979,0.3192761829190051,0.2550799288929428,0.3311262725622024
0.2930673012530533,0.3676089182633181,0.3951368817241553,0.342406479565656,0.3265914801817534,0.3671187298141385,0.3374637923346297,0.4020584868569579,0.3531067301396042,0.2657022123300059,0.2762934197503035,0.3245527055577389,0.3388970305365363,0.2965341990136567,0.2990026847941328,0.3180484414745569,0.3500134449458941,0.3498126785731891,0.3319069362127501,0.3345976980216593,0.3784963515671079,0.3465243503706941,0.3034906571450632,0.2824591104156993,0.3313772385373294,0.2853961925332957,0.2918956324293066,0.3021683608568945,0.3121085715243202,0.3438328479891298,0.3437757792062117,0.2820930906601296,0.2748439430785888,0.3545602384945442,0.3590077592753462,0.3554840320443758,0.3299467961925532,0.3263981467170098,0.3411447585196616,0.3026783144791314,0.2949294099850492,0.3059163954512232,0.3009027910655247,0.335459228398856,0.3089446855321394,0.353835922703063,0.346909545023671,0.3496667939427439,0.3429684226643328,0.3210530993029814,0.3737068479382454,0.3718355541377548,0.3253256646620044,0.310961381657646,0.3541201076709969,0.354995043859122,0.3415365811973746,0.2755467930499657,0.3092214857448484,0.3513858623232473,0.3365538962717964,0.3163683596194465,0.3700078414069295,0.2988051386342253,0.2899137646193317,0.3637158702033141,0.3179352708778437,0.2793054973080723,0.3555994354538146,0.339759226463222,0.4704089234682279,0.308193958657682,0.3322223761597159,0.3277578008383268,0.3049342131609912,0.2862975167751208,0.2746024199823051,0.3040777578960451,0.290076348181653,0.3614150594255895,0.3738321637186333,0.3232852779853168,0.2872112978387217,0.3600177940335931,0.3154085505645824,0.3160699083277337,0.3237820238246953,0.3511784983670871,0.3225143205571694,0.2767305009176456,0.3624123835539847,0.3619074843848128,0.3480946741856063,0.3364022119881258,0.3676618031687668,0.3212858631017405,0.3188119497780231,0.2598297145091648,0.3350972850937286
0.2922080168058091,0.3672547253398318,0.3957186983278976,0.3474473481123266,0.3223829762392702,0.3670595356721967,0.3366357538534381,0.4005230974225504,0.3522605920203965,0.2661594312727163,0.2830615342892381,0.3201774868984819,0.3387864772722006,0.2944334630065189,0.2976275549160405,0.3191609233552717,0.3490259910709724,0.3480633150001035,0.3268178636256743,0.3398661221432052,0.3756366785713977,0.3491461400645983,0.3022253730930417,0.2814620071321289,0.3274930673467622,0.2841227818760342,0.2962264706643769,0.3011672029221836,0.3115208857357658,0.3436949181868037,0.3413681793480056,0.2789796644268034,0.2722792186936309,0.35491495201578,0.3594599377261951,0.3489406390111637,0.3334201765107762,0.3259393144708002,0.3405672699698023,0.3024364573319667,0.2970156550083948,0.3045103233328384,0.3009888708430034,0.3349722968739775,0.3071133341104946,0.3534612800247768,0.3466784924972714,0.3486845484039677,0.3423400224658627,0.3215688078088833,0.3798786941795276,0.3702008832631822,0.3241487529625109,0.3099981535513636,0.3542649288071419,0.3549039844266726,0.3411055075123915,0.2759426614501254,0.3144207364168099,0.3515644684364175,0.335794292096855,0.3169824278672979,0.3705216275102798,0.2992152126846813,0.2859678409448218,0.3664832093960118,0.3166733243336019,0.2848438979937011,0.3560184991678877,0.3388162560209145,0.4751750829579157,0.3073963781487475,0.3353679738258723,0.3266197269298097,0.3043210251005622,0.284569139739804,0.2742924062005386,0.3035807829953457,0.2878473567070111,0.3612261017754228,0.373817321690685,0.3224691414760081,0.2879639121863322,0.3596000937871655,0.3138701783648913,0.3163503010610929,0.323432352051355,0.3472618173784205,0.3210170780501334,0.2786253618231649,0.3627343202777046,0.3365201260377427,0.3505291703024089,0.3354706372392571,0.3684893055905047,0.320222528786857,0.3184628999755961,0.2658204947891889,0.3387979192410656
0.2922626388704344,0.366807500135051,0.3961350559944878,0.3526829072236117,0.3174342763512952,0.3668791917651336,0.3358368774273638,0.3989803835653188,0.351490185510901,0.2674298112921603,0.2908987522400675,0.3158562657974869,0.3385484813629171,0.2927397542968167,0.2961284954471486,0.3204205178277006,0.3481045641778181,0.3463600419701556,0.3221734101851449,0.3446349151901495,0.3721794434052409,0.3522169687454393,0.3007676800571432,0.2807200350527853,0.3229952861595384,0.2833874846279173,0.3002820765513958,0.3002110466422452,0.3107383210601455,0.3436322260998806,0.3389066685105044,0.2758590386298507,0.2697518582030518,0.3553099076853109,0.3599027578609076,0.3429882024115473,0.3364486612238559,0.3255230581713517,0.3399911832859496,0.3022087721594125,0.2997536969044711,0.3029519350315757,0.3013819627919992,0.3344065440576464,0.3051875934432648,0.3530628554465525,0.3464102927279594,0.3477326586002497,0.3416456332111494,0.3221381808490913,0.3862250031192665,0.3676614423110396,0.322978269070453,0.3090094836493177,0.3544624884163867,0.354867330587157,0.3405889831731499,0.2771026848085302,0.3192148766494198,0.3516979352552034,0.3350079561789686,0.3176747802319334,0.3711635524688234,0.3002013200259621,0.2828470072002036,0.3692248643948866,0.3153884059296465,0.2909204435471667,0.35642244140425,0.3378040961820407,0.4789644898865093,0.3064150434883386,0.3382183617685493,0.3256656101861996,0.3038320682383899,0.2831637142445048,0.2749300352961131,0.3028368698627083,0.2858052142268155,0.3608137412410003,0.373616095247107,0.3217193532629135,0.2896023119171552,0.3589741239633178,0.3124142761692861,0.3178426624769557,0.3234218751567784,0.3437255858270439,0.3194848595315814,0.2815834019250088,0.3628965401727723,0.3102261202971024,0.3525153272686627,0.3345330280460383,0.3690684334390673,0.3191192374230145,0.3181999217214026,0.2728999326789548,0.3422603425952221
0.2932401485351943,0.3662860598499607,0.3963435861913806,0.3580014415284487,0.3118477958124683,0.3665920817556351,0.3350936164487177,0.3975040904264805,0.3507647312348365,0.2695957353827912,0.2995245161323354,0.3117583913247309,0.3381909877178434,0.2914103606602657,0.2944781400710147,0.3218222926089195,0.3472327123557742,0.3447093178697524,0.3182876149182077,0.3488116639097008,0.3682714805697941,0.3557316685279474,0.2991023588058775,0.280176362908462,0.3178973270887308,0.2833513067268595,0.3040845544491508,0.2993566803663603,0.3097786036245037,0.3436446382939465,0.3364351649362563,0.2728399412909667,0.2674109186598084,0.355714497607723,0.3602915409043585,0.3378688176312671,0.3391440407378779,0.325140774412899,0.3393917291719619,0.3019566549191032,0.3030747981193754,0.3012772531808646,0.3021543641714909,0.3337702955437808,0.3032251952767727,0.3526698284585513,0.3461276500245592,0.3468202314188849,0.3408786937620605,0.3227462391025352,0.3925839772441554,0.3640450668815064,0.321845981938973,0.307964134387983,0.354729481395191,0.3548838429787703,0.3399826329388735,0.2790698912470733,0.3235275987394985,0.3517646419072971,0.3341795015168843,0.3182811547682088,0.371962357717255,0.3017773977259793,0.2807083969264431,0.371794276815921,0.3141121467976516,0.2973098387983038,0.3567799850823095,0.3367117791680744,0.4814509441464899,0.3052687617066229,0.3407587513875024,0.3248708018447148,0.3034020622391501,0.2820830830675017,0.2766283651793835,0.301784319112394,0.2840812577749583,0.3602197670166036,0.3732180909979568,0.3209990245686352,0.2921672192946378,0.3581494308206364,0.3110302764580162,0.3205999875732677,0.3236786161541478,0.3407423225257319,0.3179002077759637,0.2855670106111715,0.3629130037630479,0.2839222890925052,0.3540063736525897,0.33359258734836,0.3692846204299509,0.3179617627242086,0.3179787637366562,0.280855176258041,0.3455011280985124
0.2950939810601694,0.3657101542006846,0.3963170190110646,0.3632977460599546,0.3057779292264531,0.366216264301642,0.3344273709061959,0.3961665917826482,0.3500605436507883,0.2726826532660056,0.3086305515974404,0.3080459289943605,0.3377196847682734,0.2903595448746672,0.2926597444185441,0.3233594060313876,0.3464010804921956,0.3431212917896182,0.3154658729702264,0.3523575367510083,0.3640649556159783,0.3596492300272376,0.2972247577029097,0.2797786062381856,0.3122277896215572,0.2841442441941488,0.3076281264070354,0.2986529636917314,0.3086837423557115,0.3437186564964135,0.3339968686164393,0.2700553168783541,0.2654254970780698,0.3561078145696014,0.3605849901644938,0.3337865522436233,0.3415966444384734,0.324785847353523,0.3387454584861589,0.301642329848846,0.3068804527771075,0.2995405062546805,0.3033650597173458,0.3330808511029813,0.3013006730741302,0.3523051853171547,0.3458491666378332,0.3459486952320439,0.3400375219709672,0.3233616367975276,0.3987863033122258,0.3592294519991512,0.3207822193269851,0.3068338852356546,0.3550818657165066,0.3549570677135064,0.3392953010413237,0.2818540188848727,0.3273262670806539,0.3517411184336805,0.3332998720260142,0.3186799601764467,0.3729379838614202,0.3039291123988403,0.2796703592315859,0.3740560345208611,0.3128692650183067,0.3037818733552396,0.3570630562977259,0.3355415129760787,0.4823757293271615,0.3039893165042712,0.3429899273634788,0.3242039413497177,0.3029596371147443,0.2813197206168038,0.2794429275121975,0.3003833278038297,0.2828195770305862,0.3594954599433044,0.3726203395288631,0.3202658768556768,0.2956473292381281,0.3571522267551016,0.3096938872166524,0.3245954739078427,0.3241111207353909,0.3384722172976405,0.3162587334817716,0.2904766314113294,0.3628100202267776,0.2584816836151913,0.3549732661319629,0.3326569925184532,0.3690430744300704,0.3167531666805065,0.3177445550856382,0.2894273837961775,0.3485202843295363
0.2977250958600307,0.3650986840211835,0.3960415189285648,0.3684765670623327,0.299408329689426,0.3657739547654089,0.3338543731205669,0.3950347545369088,0.3493620152497753,0.2766470745561394,0.3179045309285084,0.3048400952083872,0.3371541142581772,0.2894714822076795,0.2906713317069711,0.3250194699922005,0.3456041120870329,0.3416069552285766,0.3139260593530464,0.3552859261950183,0.3597088000631865,0.3638779596987232,0.2951449369875028,0.2794804599153278,0.3060306488920867,0.2858521017624557,0.3108805711101866,0.298129817234365,0.3075096445302692,0.3438325635793603,0.3316321836700666,0.2676514247565106,0.2639690418879792,0.3564766967911561,0.3607479343321847,0.3308802068035265,0.3438765305471237,0.3244482729212657,0.3380357301818277,0.3012250013447803,0.3110483271549237,0.2978195388624481,0.3050466790411674,0.332355685867052,0.2995043146277709,0.3519831011527498,0.3455864878998519,0.3451106331658558,0.3391311837601058,0.3239402222321789,0.4046676239539852,0.3531603998471067,0.3198012196570845,0.3055912774369843,0.3555349339526495,0.3550912706535117,0.3385396047643909,0.285429888508576,0.3306201007038514,0.3516099059464201,0.3323673632743149,0.3188014941456452,0.3740817510064554,0.3066094238219275,0.2798027575752617,0.3759023553993483,0.3116737391551504,0.3101201000666662,0.3572434962024325,0.3343102310302187,0.4815757453025955,0.3026206737663562,0.3449187930104155,0.3236305068966598,0.30243293486119,0.2808433125499197,0.2833607108794003,0.2986211129933006,0.2821643186035263,0.3586943834985506,0.3718205251001492,0.319481544783484,0.2999728992724955,0.3560249705928535,0.3083748410869721,0.3297269771400269,0.3246143896704426,0.337048147759529,0.3145688808476443,0.2961593593278079,0.3626198352641316,0.2347615126855857,0.3554025278307229,0.3317284745075946,0.3682728228043797,0.315514025782094,0.3174336794251069,0.2983255106623684,0.3513031238597022
0.3009932379065642,0.3644729353694846,0.3955172736042146,0.373449240543944,0.292929142389235,0.3652901262914375,0.3333825424248401,0.3941635444823299,0.348656747776297,0.2813825401247115,0.3270455932228013,0.3022037715822921,0.3365293771826686,0.288616900373756,0.2885329570946524,0.3267759670585661,0.3448333405380575,0.3401743881530506,0.3136752299681457,0.3576484016654012,0.3553474829827402,0.368272761034594,0.2928923565331219,0.2792376293353744,0.2993727846580682,0.2885100005613814,0.3137906540387354,0.2977908304884072,0.3063184242721544,0.3439617743594903,0.3293699518210298,0.2657848186872361,0.2632043405375455,0.3568007168276946,0.3607510390890767,0.3291991209177479,0.3460357133790464,0.3241043355934574,0.3372541136931288,0.3006626370503462,0.3154428139421635,0.2962151962511084,0.3071955020021903,0.3316135613959534,0.2979405314492051,0.351706490440981,0.3453472172577382,0.3442905219902436,0.338181685542065,0.324437035364269,0.4100862624978515,0.3458516133833574,0.318898474995538,0.3042106482720886,0.3560955617545135,0.3552859377875091,0.337727464719934,0.2897300053687577,0.3334508868567743,0.3513633100143124,0.3313907917040579,0.3186297776834602,0.3753484365022215,0.3097379035819314,0.2811087039046583,0.3772692075575058,0.3105279241537979,0.3161297370564163,0.3572966540720917,0.333040866145549,0.4790010092056356,0.3012129297128574,0.3465642072689396,0.3231107569326302,0.3017560498617257,0.2805982833599281,0.2883002831036639,0.296517740977523,0.2822432012599085,0.3578675441385652,0.3708317569547546,0.3186076665108687,0.3050165308805292,0.3548198393532001,0.3070384580694458,0.3358243241179566,0.3250799317401268,0.3365649125783835,0.3128514173592297,0.302420870934763,0.3623745046539775,0.2135566234222107,0.3552989732764352,0.3308027152262741,0.3669282700746032,0.314272265860437,0.3169814975494873,0.3072487520814381,0.3538257925034589
0.3047362860696633,0.3638578527845963,0.3947651187684194,0.3781402647489472,0.2865230234832774,0.364788284855947,0.3330091586365705,0.3935845478168055,0.347938452157047,0.2867338315452782,0.3357899109785384,0.3001497179388486,0.3358785705339058,0.2876582514491635,0.2862921069680731,0.3285910701201547,0.344082003637539,0.3388280853616318,0.3145043254076055,0.3595175623622389,0.3511127944771743,0.3726351522302197,0.2905143940893763,0.2790114693865638,0.2923375690149838,0.292097652884326,0.3162957765686192,0.297618082629469,0.3051736118828452,0.3440754249515799,0.3272239885352825,0.2646186056165713,0.2632733495029999,0.3570499787304227,0.360574582551855,0.3286926396798783,0.348101403390928,0.3237195519698278,0.3363976318385676,0.2999202930195305,0.3199274723433124,0.2948400718574163,0.309770390528733,0.3308769733108393,0.2967195104138688,0.3514713230109117,0.345138307404557,0.3434716824894155,0.3372153403645215,0.3248118374788812,0.4149271461172112,0.337384117622777,0.3180637579204927,0.3026769831692855,0.3567554213031098,0.3555361537008802,0.3368753815103533,0.2946404752002822,0.3358816096932952,0.351000987427264,0.3303910685930133,0.3181985036125854,0.3766663433090144,0.313210664178544,0.283519075950667,0.3781472298344302,0.3094239368289818,0.3216517580029652,0.3572062546823651,0.3317581863583975,0.4747198980839756,0.299816481576626,0.3479621187492777,0.3225972280819652,0.3008771957791358,0.2805178017832722,0.2941157308017928,0.2941284904415467,0.2831545774791874,0.3570631894489894,0.3696920806852298,0.3176053214505709,0.3106070541567852,0.3535909540791085,0.3056437777879291,0.342659273639062,0.3254067039874526,0.3370686639874552,0.3111403241027946,0.3090419277443165,0.3621053134788718,0.1955475138297068,0.3546864551310607,0.3298763110703515,0.3649962852273444,0.3130519071160627,0.3163347360521198,0.3159174791936864,0.3560601545465517
0.3087877931513393,0.3632768807062791,0.3938259373118622,0.3824967648718527,0.2803505866334391,0.3642878287449341,0.3327209623316293,0.3932941955849982,0.347212818753117,0.292509632857715,0.3439380561081455,0.298646703284797,0.3352293674819593,0.2864556006965392,0.2840246988738195,0.330427038628482,0.3433537005545521,0.3375697936386855,0.3161130639861678,0.3609761526818532,0.3471119621308663,0.3767140241801341,0.2880730440702022,0.2787808762814477,0.2850044436986838,0.2965361097467477,0.3183351120011491,0.2975772379814246,0.3041303070660893,0.3441305269422231,0.3251982762888454,0.2643038873125056,0.264285163416202,0.3571970869692536,0.3602145637333653,0.3292086158515793,0.350071624955474,0.3232592833580494,0.3354662042043914,0.2989754379840402,0.3243719913394076,0.2938086786599327,0.3126974856730246,0.3301678170854301,0.2959478341619761,0.3512739253148155,0.3449674397503946,0.3426415724634695,0.336253593487581,0.3250269752685752,0.4190959684467258,0.3279205548701184,0.3172857300871467,0.3009908492783362,0.3574931236662796,0.3558362080662574,0.3360050204843008,0.3000120890915906,0.3379836320822356,0.3505281443564828,0.3293957861463524,0.3175782146560524,0.3779435112736748,0.3169132724214423,0.2869093629333387,0.3785788913095982,0.3083431834935387,0.3265823076220132,0.3569624354534936,0.3304902403080091,0.4689105720703814,0.2984807122368489,0.3491527157814573,0.3220413526866731,0.2997640073562149,0.2805310235448435,0.3006030246853618,0.2915397151534658,0.2849576058585363,0.3563244415220709,0.3684465697875938,0.3164498284291262,0.316547479060998,0.3523888075144607,0.3041468795913807,0.3499640485746932,0.3255096426229824,0.3385480120758872,0.3094789933039334,0.3157983265152647,0.3618448257485396,0.1812520034572572,0.353600537919113,0.3289475248756053,0.3625028220675165,0.3118724309695119,0.3154589092615976,0.324097048808006,0.3579785272207847
0.3129887512050813,0.3627477548598151,0.3927483079977739,0.3864824203862466,0.2745308286977665,0.3638053650219163,0.3324961852009664,0.3932538429968271,0.3464939427226184,0.298498299988196,0.3513626992385887,0.2976132099944443,0.334616404281985,0.2848859500565867,0.2818325826313564,0.3322476807420785,0.3426598649303973,0.3363974743818367,0.3182099242808323,0.3621090282015899,0.3434248130867693,0.3802175665382614,0.2856456965069787,0.2785495689368074,0.2774385444691963,0.301690366404611,0.3198699281261908,0.2976171649108876,0.3032222988637965,0.3440765802604398,0.3232916219553745,0.2649541868542938,0.2663011669474053,0.3572209324331049,0.3596830217530383,0.330497716025493,0.3519262081674666,0.3226913346009554,0.3344634104713969,0.2978173161648856,0.3286569459699405,0.2932339638639073,0.3158752393935329,0.3295027134143667,0.2957219583454485,0.3511120048033208,0.3448427905426507,0.3417890112873455,0.3353136258327721,0.3250488709548198,0.4225213320649031,0.3177145543614566,0.3165414440668521,0.2991648088600335,0.3582787915349121,0.3561768524114429,0.33513104835773,0.305677152369661,0.3398238317044222,0.3499562982431065,0.3284287790340363,0.3168581655281846,0.3790613569699724,0.3207294615743699,0.291117176130868,0.3786470552020797,0.3072546420528166,0.330877477034623,0.3565597641922582,0.3292658704612928,0.4618369202247396,0.2972524948125519,0.3501657811027369,0.3214048208316921,0.2984045706135307,0.2805561042591316,0.3075176647952092,0.2888632330474885,0.2876626260769576,0.3556807187062041,0.3671274687806848,0.3151434689389035,0.3226279341653953,0.3512539702178803,0.3025083617417885,0.3574574081097403,0.3253252643321103,0.3409319392899629,0.3079097681093666,0.3224788334863208,0.3616224889041448,0.1709780040336474,0.3520810806037848,0.3280092985378317,0.3595093246039388,0.3107533856547815,0.3143399824310756,0.3316066300043663,0.3595632721558206
0.3171985622432566,0.3622849414758202,0.3915785756135858,0.3900646827155131,0.2691295504838778,0.363356547806464,0.3323082398684244,0.3934030634036536,0.3457955694653306,0.3044905371866221,0.3580003019205172,0.2969234341260036,0.3340759535788343,0.2828634296814141,0.2798393891314442,0.3340095080378333,0.3420097990667572,0.3353032487334523,0.3205172684652848,0.3629894783913288,0.3401052950559819,0.3828372157021258,0.283326786554275,0.278346071119241,0.269698893385398,0.3073812091597536,0.3208986073788175,0.2976743412584058,0.3024567781368601,0.3438702300007735,0.3214964828964406,0.2666329244705533,0.2693280373194433,0.3570987925232475,0.359002897380434,0.3322314930779815,0.353642896280196,0.3219830451390373,0.3334000184543165,0.29644685273589,0.3326835663138419,0.2932190155284052,0.3191801787517893,0.32889275912295,0.2961178461349327,0.3509815261712636,0.3447709674820474,0.3409020239116346,0.3344120669947517,0.3248545215601814,0.4251642499270049,0.3070913795461005,0.3157945016878086,0.2972231289252873,0.3590737195915193,0.356536863666776,0.3342515569679467,0.3114568790419061,0.3414572768176185,0.3493022572415788,0.327503931079938,0.3161308328774636,0.3798740550893479,0.324548440386777,0.295945397041853,0.378465508951108,0.3061181631265711,0.3345401080267899,0.3560022333707833,0.3281083928095139,0.4538132996884362,0.2961706063036481,0.3510255743849109,0.3206632030812574,0.2968085611732631,0.2805019844519026,0.3146019871874072,0.2862348190620269,0.2912262190427111,0.3551427276591098,0.3657615299130526,0.3137089298026984,0.3286385049476292,0.3502102174759919,0.3006982395495967,0.364867540096215,0.3248147119072744,0.3440973825848485,0.3064658690889146,0.32889898534933,0.3614545435258464,0.1648148155579506,0.3501749710892264,0.3270490488309927,0.3561021116908198,0.3097108041232957,0.3129884370893207,0.3383247799568292,0.360817733989539
0.321305550284239,0.3619009966499752,0.3903598877631362,0.3932178526538564,0.264162451523779,0.3629548358801779,0.3321281830010746,0.393670244633948,0.3451289012470193,0.3103007162164435,0.3638448609946435,0.2964340217475863,0.3336247401258629,0.2803462117377746,0.2781858316055837,0.3356623918158509,0.3414077747692401,0.3342736690095704,0.3227793349643108,0.3636643547936778,0.3371763990471643,0.3842748019654719,0.2812261543162564,0.2782251579700426,0.2618459275323281,0.3134047118063734,0.3214587162534635,0.2976832397930497,0.3018176070238053,0.3434840332975096,0.3197977041934855,0.2693538469487849,0.2733217352071754,0.3568057854959175,0.3582047483174737,0.3340360616043031,0.3552000793737189,0.3211048528437051,0.3322961852976067,0.2948800967481663,0.3363824427256046,0.2938392598294718,0.3224771282018219,0.3283417179336441,0.2971758107954105,0.3508797424620082,0.3447554120517953,0.3399741683146732,0.333561848019339,0.3244342382564824,0.4270192277478758,0.2964162732309187,0.3150095917638308,0.2952091938296874,0.3598304229596504,0.3568810225002373,0.3333541936102709,0.3171654643201873,0.3429252811546597,0.3485853128560665,0.3266276328883202,0.3154792522275766,0.3802249360663461,0.3282736420257598,0.3011694507851384,0.3781674644112273,0.3048927475921824,0.3376076001034579,0.3553058215776405,0.3270317076904541,0.4451673759883936,0.2952625302324543,0.3517617709406859,0.3198027122007455,0.2950109165055294,0.2802898674997472,0.3216073132076912,0.2838122910214992,0.2955559017288101,0.3547090736245166,0.3643846923857871,0.3121771668414963,0.3343889951999017,0.3492625675635835,0.2986978279029346,0.3719457520979007,0.3239641308994609,0.3478823388281939,0.3051707369732216,0.3349129774937686,0.3613413780281567,0.162672356506257,0.3479440240011588,0.3260571820033794,0.3523843806701112,0.3087465922176216,0.3114467110986491,0.3441992399203172,0.3617679875705815
0.3252318624639678,0.361601259033385,0.3891283673337284,0.3959352583960255,0.2596008465333309,0.362609570973939,0.3319229733433002,0.3939723424747977,0.3445046703303603,0.3157802444633117,0.3689420020634081,0.2960050571935714,0.3332576211331863,0.2773389889093927,0.2770226670151825,0.3371634941896587,0.3408570611489072,0.3332925867611844,0.3248210012149513,0.3641514276599943,0.3346262811940789,0.384272190805257,0.279465248600727,0.2782711075830431,0.2539376843536499,0.3195537535600247,0.321625456786437,0.2975817070507037,0.3012692442894193,0.3429006239892029,0.318177208199026,0.2730770152292964,0.2781907359315537,0.3563257435921986,0.3573264467825822,0.3355286281924329,0.3565710320351631,0.320038497233848,0.3311774524772714,0.2931514789199226,0.3397108351187941,0.295128129872733,0.3256336127106262,0.3278420663092686,0.2988932876528109,0.3508130512848329,0.3447990193402107,0.33901032680883,0.3327660429715162,0.323789963895464,0.4281042809303332,0.2860796979505273,0.3141596389376742,0.293189310192164,0.3604990163987058,0.3571686054623749,0.3324258939713074,0.3226258764238058,0.3442515836031263,0.34782645690824,0.3258029283408444,0.3149629104713638,0.3799675900549379,0.3318299178809752,0.3065662536455818,0.3778840333740194,0.3035415913952556,0.340147793444084,0.3544906959047047,0.3260383407876795,0.436207035619445,0.2945491455010559,0.3524029438864932,0.3188217175966488,0.2930749453430512,0.2798735836811811,0.3283081018721706,0.2817648977049949,0.3005195413427033,0.3543748891837608,0.3630323714238765,0.3105890646289087,0.3397285997508332,0.3484003958170727,0.296503030357606,0.3784767537112082,0.322782202101274,0.3520980099063525,0.3040363267703982,0.34042277753621,0.3612773302399873,0.1643056542940234,0.3454655834047375,0.3250301206548332,0.3484709775355628,0.3078445074714592,0.3097918255737364,0.349247280030427,0.3624553760532035
0.3289333500484302,0.3613820026774518,0.3879023088092621,0.3982253668723659,0.2553746321782784,0.3623284316519434,0.3316538766638932,0.3942185120719712,0.3439307145878248,0.3208262570246516,0.37337129297247,0.2955018843088289,0.3329600964966183,0.2739014556313573,0.2764979137963245,0.3384837481746451,0.3403594610927224,0.3323432850890311,0.3265557323937262,0.3644491279741412,0.3324173415178472,0.3826452953415761,0.2781702405527017,0.2785948206313119,0.2460308937253212,0.325636504414402,0.3215134088196864,0.297312799809762,0.3007604334224126,0.3421058304289023,0.316622015332162,0.2776994466996267,0.2837944927999141,0.355656258014746,0.3564110600968782,0.3363491951805525,0.357729973648376,0.3187801050695217,0.3300656697812045,0.2913158825945836,0.3426445355991381,0.2970764871778272,0.3285337090482503,0.3273780878529688,0.3012315724066921,0.3507966070538451,0.3449078477335087,0.3380221978771859,0.3320166690252703,0.3229359786227132,0.4284526424229359,0.2764888811304372,0.3132167113877202,0.2912484644588893,0.3610342472426254,0.357361350989115,0.3314506319509161,0.3276918063994092,0.3454371198846271,0.3470476184297005,0.3250273795906516,0.3146064644082599,0.3789802931557541,0.3351667043031281,0.3119467634847989,0.3777222457051538,0.3020319046519446,0.342248494254276,0.3535745084281518,0.325117858171043,0.4271929175252574,0.2940495478562305,0.3529623323644489,0.3177367779432188,0.2910914162345589,0.2792439178295743,0.3345199565334802,0.2802566421842195,0.3059526675061753,0.3541312971149151,0.361720301575201,0.3090016005709057,0.3445529597386755,0.3475996966559658,0.2941300183928788,0.3842901479828815,0.3212949031979593,0.3565415689590833,0.303054710038351,0.3453800533817382,0.3612593695092726,0.1692885084806152,0.3428247688824004,0.3239642664911411,0.3444795386632588,0.3069762699373081,0.3081297912681819,0.3535359183843749,0.362931668093461
0.3323975964962263,0.3612389195671144,0.3866786410306252,0.4000950123778861,0.2513856174314719,0.3621231234826118,0.3312814052001852,0.3943281059978873,0.3434075218046478,0.3253866366695317,0.3772234415722353,0.2947973643743327,0.3327012681979647,0.2701525092178326,0.2767398159486084,0.3395987207307489,0.3399097368899844,0.331407685762084,0.3279031893751237,0.3645446357575938,0.3304980086818064,0.3793118744701484,0.2774596435352258,0.2793251544359751,0.2381982451296923,0.3314908673837664,0.3212729535472137,0.2968331534767241,0.3002317087855571,0.3410961846058949,0.3151280886229681,0.2830592014978872,0.2899514700569179,0.3548024640319465,0.3555017847712109,0.3361948118044727,0.3586692770250681,0.3173386197980034,0.328973874684627,0.2894522324540481,0.3451773778373955,0.2996384695157436,0.331087947796893,0.326935207995222,0.304124206407145,0.3508435348749588,0.3450888220212241,0.3370214962502869,0.3312965615541752,0.3219008016870828,0.4281120691495378,0.2680367357696094,0.312149540464595,0.2894866902969197,0.3613972626520031,0.3574232679356703,0.3304028573442371,0.3322568296681832,0.3464633289335515,0.3462663514663071,0.3242874268611698,0.3143990516591894,0.3771774478975245,0.3382572372456357,0.3171657569634648,0.3777563974276907,0.3003375729450393,0.3439959707580537,0.3525771323768386,0.3242493775131622,0.4183200531035193,0.2937775613462788,0.3534396139046356,0.3165809888730921,0.2891737984854863,0.2784304767395991,0.3401191899265025,0.2794348460367305,0.311667194185246,0.3539628064146475,0.3604484444263115,0.3074793632828348,0.3487994544999328,0.3468244778759914,0.2916209580878699,0.3892668059012115,0.3195381072324749,0.3610154775715095,0.3021925859762002,0.3497796424126741,0.3612831071429727,0.1769997080144795,0.3401074297128095,0.3228538976341729,0.3405181420054808,0.3061067119617457,0.3065869468683853,0.3571570725870134,0.363260470840958
0.3356364163900187,0.3611726001968391,0.3854425491404786,0.4015459823123387,0.2475335926259269,0.3620106632436626,0.330772651444869,0.3942470232857603,0.3429286324807766,0.329456646874705,0.3805875189020042,0.2937850451890307,0.3324157782968063,0.2662598466085114,0.2778424113037575,0.3404837653166539,0.3394945123846936,0.330464949977927,0.328754579653888,0.3644160615528078,0.3288025060142933,0.3743022140776607,0.2774321357581041,0.2806000840196899,0.2305459381097931,0.3369956392516951,0.3210750334365225,0.2961213533411107,0.2996229116464665,0.3398915032822781,0.3136965271751256,0.288957776719731,0.2964631182398781,0.3537743288747876,0.3546362188396977,0.3348577533178709,0.3594051293811838,0.3157357457180336,0.327910713747619,0.2876661040405464,0.3473248212870406,0.3027335866767112,0.3332391034605117,0.3265019183935246,0.3074771875259737,0.3509583708036107,0.3453438970220426,0.3360219316821821,0.3305806226604766,0.3207241762978345,0.4271445099085947,0.2610575673581659,0.310936481593826,0.2880173358385802,0.3615570422150793,0.3573203113223401,0.3292521088206055,0.3362493017677628,0.3473046270959626,0.3454901085678145,0.3235580829129827,0.3143011449119988,0.3745209712918619,0.3410932685303449,0.3221154393005916,0.3780258085818642,0.2984477182537434,0.3454595384753787,0.3515253883903855,0.323406962196612,0.4097130922547021,0.2937368267391764,0.3538330082500584,0.3153937085592914,0.287452050916707,0.2775123072525098,0.3450454635962663,0.2794266357046643,0.317468377334587,0.3538538579870137,0.3592173861924185,0.3060773210893729,0.3524426992327008,0.3460331545694113,0.2890481560252915,0.3933344524766375,0.3175498231589549,0.3653473353317795,0.3013972680689762,0.3536476544721206,0.3613353917175624,0.1866938001534541,0.33739829291431,0.3216979303740584,0.3366749510783702,0.3051919741160782,0.3053021772502147,0.3602157259687127,0.3635141436017394
0.3386714070265598,0.361179953539575,0.3841760510426045,0.402586539951436,0.2437339439594784,0.3620069486552377,0.3301018607520378,0.39394651020118,0.3424836441256091,0.333069223979904,0.3835450967676015,0.2923862116587084,0.3320125943235172,0.2624251667017286,0.2798565771542734,0.3411256042329483,0.3390970006898617,0.329493359904312,0.3290703918306805,0.3640397915984412,0.3272484546574586,0.3677572711268168,0.2781612571379514,0.2825546985053451,0.223216244387271,0.3420765127813162,0.3210931995072806,0.2951740932061562,0.2988751111683748,0.3385318491735659,0.3123272264435048,0.2951823926363781,0.3031356899865436,0.3525932664404196,0.3538408898107115,0.3322505341602519,0.3599654200302142,0.3140062797074809,0.3268863629867059,0.2860846792277969,0.3491181607323736,0.3062479381612793,0.3349631427430004,0.3260623269163123,0.311170153342001,0.3511423698380899,0.3456700988139906,0.3350435563633783,0.3298401423883382,0.319453355439131,0.4256199459916748,0.2558023872762586,0.3095716140003589,0.2869592507999258,0.3614959754836112,0.3570280388190617,0.3279752137837529,0.3396293251653736,0.347937602952711,0.344718254794662,0.3228100671100589,0.3142508496678,0.3710268662397522,0.3436770627829009,0.3267269906745148,0.3785255113183066,0.2963732058187528,0.3466921056969876,0.3504457812928285,0.3225601303735824,0.4014337158435596,0.2939248386747399,0.3541407136178683,0.3142146381242658,0.2860668339932259,0.2766241777672005,0.3492871819634943,0.2803330534733825,0.3231760986672851,0.3537981623958885,0.3580256525647496,0.3048336634081631,0.3554943952310245,0.3451886124973105,0.2865149934056791,0.3964591121566642,0.3153645505511435,0.3693955182628151,0.3006060998863461,0.3570281477696039,0.3613979955816905,0.1976299595118372,0.3347812518749524,0.3205042240896986,0.3330112405855949,0.3041789970926989,0.3044192798033672,0.3628232191933409,0.3637605962521795
0.341523110626087,0.3612455429285668,0.3828573092697416,0.4032334179113033,0.2399171303258955,0.3621193498745955,0.3292466279087106,0.393416554929056,0.3420591918975902,0.3362861593637907,0.3861600555810021,0.2905428105799807,0.3314022658745575,0.2588751048023694,0.2827828911969879,0.3415322285225374,0.3387000544793728,0.3284747031017979,0.3289701465260399,0.3634057145323141,0.3257488452453701,0.3599188443471541,0.2796904697708149,0.2853023454751468,0.2163850524051435,0.3467039571587353,0.3214922845929629,0.2939996311970138,0.2979317311881863,0.3370613200446308,0.3110185345524152,0.3015176798201772,0.3097855522482004,0.3512947097374139,0.3531279465662413,0.328405150553588,0.3603813335698835,0.3121949543651228,0.3259086705605389,0.2848446535372213,0.3505914240486585,0.3100423833728274,0.3362639447754369,0.3255943623805562,0.3150693374487723,0.3513978409638533,0.3460643366582842,0.334107486551098,0.3290510077651998,0.3181476370550394,0.4236070159770435,0.2524331028157465,0.3080558496394838,0.2864252454951474,0.3612134045951554,0.3565398786396461,0.3265620706478101,0.342393675013535,0.3483424547350093,0.3439491208563928,0.3220180735508226,0.3141715084144605,0.3667664644215115,0.3460161695776761,0.330979618412422,0.3791981608242848,0.2941461891798538,0.3477337584110748,0.3493559741043512,0.3216714729013932,0.3934952892456929,0.294340572206363,0.3543555842129748,0.3130852625556667,0.2851634775322514,0.2759464869521278,0.3528712620778582,0.2822140412410452,0.3286397778710147,0.3537983973009718,0.3568557217703819,0.3037719632178588,0.3579990024499878,0.344263911708358,0.2841521148106017,0.3986405077021753,0.3130106793658503,0.3730420116628995,0.2997490253685963,0.3599719780707401,0.3614580416604244,0.209168847258129,0.3323380873940795,0.3192852205078155,0.3295566785872065,0.3030125307120309,0.3040787683793564,0.3650796938203403,0.3640507160500851
0.3442104548940369,0.3613483240339522,0.3814614689295136,0.4034995672522489,0.2360308470964502,0.362345093189385,0.3281895771768266,0.3926700048765406,0.341640158866883,0.339188082329382,0.3884691422162686,0.2882118390926984,0.3305039973838404,0.2558485107286381,0.2865662007864001,0.3417251135930251,0.3382862612897971,0.3273957407419401,0.3286697418181588,0.3625260938395224,0.3242290435315182,0.3511019403034094,0.2820206442848438,0.2889184440458555,0.2102655909094473,0.3508842671233216,0.3224213169841149,0.2926228690732088,0.2967443976396522,0.3355206769551815,0.3097728771186726,0.3077588524590711,0.316242006363779,0.3499193510615895,0.3524967065685543,0.3234575591975031,0.3606953124478555,0.3103516370568764,0.3249733662666093,0.2840815079052018,0.351775350189846,0.3139671182823532,0.337165112655781,0.3250787872665147,0.3190455354120204,0.3517198553716088,0.3465227341556786,0.3332254073134492,0.3281974664850578,0.3168863286360804,0.4211666712410785,0.2510099962419491,0.3063961765518811,0.2865159635766665,0.3607219104425347,0.3558655694557487,0.3250137871212974,0.3445768371170228,0.3485064330272291,0.3431813531648043,0.3211646824326345,0.3139860467101995,0.3618653613379776,0.3481216566137165,0.3348961880404725,0.3799435620734419,0.2918184530391435,0.3486075385922662,0.3482677412114112,0.3207029422802341,0.3858838441888348,0.2949842097238322,0.3544703411955249,0.3120453265382995,0.284882666973674,0.2756873729646045,0.3558616314408275,0.2850729376404662,0.3337437247047883,0.3538595607804832,0.3556790765666857,0.3028987641768536,0.3600194671174546,0.3432429810467953,0.2821113493501652,0.3999069093618577,0.3105093942685967,0.3761911370787814,0.2987494471774631,0.3625291024499173,0.3615097501610186,0.2207862267796455,0.3301435697134792,0.318053232288871,0.326309473111709,0.3016420206759264,0.3044079724012811,0.3670539353268383,0.364417055163893
0.3467495821064874,0.3614717074802976,0.3799693597308539,0.4033903593616024,0.2320585920852173,0.3626716182918433,0.3269243726179953,0.3917464858584716,0.3412126626417658,0.3418579350892611,0.3904851865347696,0.285368098842327,0.3292391777258653,0.2535721132931247,0.2910979614768693,0.341728291796184,0.3378406905641251,0.326245336732073,0.3283582179703914,0.3614305668778714,0.3226296376822367,0.3416468868612908,0.2851000610373963,0.2934366769158486,0.2051052936238122,0.3546484166777377,0.3240063267888067,0.2910906177298067,0.2952771386601547,0.3339534164441478,0.3085975854133391,0.3137343557710345,0.3223640434002892,0.3485041795243589,0.3519365836277544,0.3176323710860344,0.3609683804601143,0.3085269540308743,0.3240632020037752,0.2839230374287654,0.3527003880117318,0.3178768374964801,0.3377054150003943,0.3245050211674619,0.3229842637014042,0.3520860520080716,0.3470349788334025,0.3323973062742237,0.3272687653709883,0.3157663802017885,0.4183527300627375,0.2514748247764437,0.304621706642875,0.2873144226873395,0.3600421722799056,0.3550246739289736,0.3233412772472648,0.346240625761289,0.348432080812939,0.3424084539788756,0.3202404998521601,0.3136319556019514,0.3564949008085997,0.3500037659627255,0.3385223114903919,0.3806380134545985,0.2894635250694735,0.3493168073476874,0.3471916729506878,0.3196293194714623,0.3785844263423124,0.295852047970084,0.3544876456200296,0.3111211464230812,0.2853467005854504,0.27606563426791,0.3583463168266395,0.2888533163290795,0.338408240244092,0.3539867898343236,0.3544738991378495,0.3021969648758891,0.361620341897213,0.3421227246178945,0.2805613179308295,0.4003024102134604,0.30787388607238,0.3787778110548829,0.2975325055028349,0.3647410356059812,0.3615460971034782,0.2320322948474167,0.3282574567007437,0.3168210072471758,0.3232433400117759,0.3000207134183287,0.3055062496253597,0.3687804262641512,0.3648785870829151
0.3491434476954124,0.3615990384749243,0.378373822772481,0.4029164864767625,0.2280340210912247,0.3630711817977802,0.3254563896096919,0.3906994486150669,0.3407647439748308,0.3443665717337319,0.392208857549386,0.2820037878223513,0.327545926247916,0.2522373162532929,0.2962271867971501,0.3415723891240174,0.3373563363580412,0.325013670375378,0.3281809075059471,0.360159244790813,0.320901318105497,0.3318725751231217,0.2888303800930933,0.2988496716724799,0.2011614896632718,0.3580408792338468,0.3263439597362568,0.2894611105142506,0.2935036445906115,0.3324066507818407,0.3074953386026859,0.3193241791155485,0.3280584865166941,0.3470822027043116,0.3514255009347707,0.3112228686783671,0.361270311195752,0.3067661008275121,0.3231588960589908,0.2844800188211641,0.3533974283954583,0.3216437809203374,0.3379371430166412,0.3238665451028942,0.3267880835606885,0.3524611718153842,0.3475844893036399,0.3316180209284721,0.3262585527618487,0.3148895722659939,0.4152172618990778,0.2536540615864641,0.3027922246759569,0.2888716430343032,0.3592019349675715,0.3540467522871385,0.3215655530074493,0.3474602008067682,0.3481390247226796,0.341616972939879,0.3192438290789189,0.313067264521877,0.3508505701509797,0.3516649148609024,0.3419082480490262,0.3811423420872891,0.2871788832003858,0.3498545911425054,0.3461316196904275,0.3184430053763504,0.3716028110218178,0.2969370342971443,0.3544181138687883,0.3103199894138877,0.2866451657070098,0.2772885724350734,0.3604106175176504,0.2934479915245682,0.342590027127387,0.3541865499819795,0.3532249584242595,0.3016260795469351,0.3628588050267445,0.3409159319182587,0.2796811516450855,0.3998740541722163,0.3051111530735396,0.3807653765931897,0.296036111998714,0.3666319024647836,0.3615532811331409,0.2425130702417788,0.3267192101616526,0.3156019024763004,0.3203165073164541,0.2981039411508434,0.3074272531053562,0.3702710717012666,0.3654408578746382
0.3513742962062272,0.3617044792440815,0.3766780202016981,0.4021037914108923,0.2240319127144257,0.3634917128693644,0.3237986765045879,0.3895767969740603,0.340284604630404,0.3467715386099959,0.3936362081422246,0.2781242700874655,0.3254047327067906,0.2519904282786991,0.3017732464849275,0.341302751389948,0.3368364479110122,0.3236975400982514,0.3282968299271962,0.3587638926446394,0.3190109173464793,0.3220482954401721,0.2930804554303501,0.305102863652594,0.1986692921364276,0.3611082309361306,0.3294960305387495,0.2877911261777775,0.2914071662193286,0.3309194502730652,0.3064548832203391,0.3244604596631328,0.3332787794245742,0.3456837008706874,0.350928428120585,0.3045557552845713,0.3616638822804991,0.3051016318240268,0.3222473676025302,0.2858299357897677,0.3538929936689603,0.3251676986332442,0.3379188941883141,0.3231573244240119,0.3303789678366293,0.3528110220492955,0.3481540099053236,0.3308814640652914,0.3251712351640867,0.3143532317887459,0.4118132175970139,0.2572816878131927,0.3009871233537999,0.2911929146391345,0.3582344424365996,0.3529756366429143,0.3197163561319754,0.3483152719299515,0.3476559664154643,0.3407932136654617,0.3181814057124491,0.3122708736855143,0.3451266016717918,0.3530988076536682,0.3451029550070874,0.3813004825260513,0.2850836861584777,0.3502174178609453,0.3450794986263191,0.3171471041221582,0.3649710220758645,0.2982323129485028,0.3542721750094495,0.3096369439041694,0.2888246358609152,0.2795234330803353,0.3621217562796021,0.2987092895678999,0.3462803161931761,0.354464022578366,0.3519096472648271,0.3011293450729855,0.3637834258695671,0.3396481715734447,0.2796436640587136,0.398671456035377,0.3022294023809075,0.3821263651527374,0.2942154004854511,0.3682053453669878,0.3615136634904076,0.2519431931801855,0.3255506365570815,0.3144064675855934,0.317477764389342,0.2958566659584775,0.31016844525396,0.3715231822236537,0.3660926501636307
0.3534108154213072,0.3617583098485046,0.374894439712909,0.4009877025887332,0.2201527529087215,0.363853990626224,0.3219724491298839,0.3884146950274858,0.3397615966755604,0.3491197935339307,0.3947614864012211,0.2737537493498903,0.3228409399787046,0.252927455419721,0.3075386791267426,0.3409723557903124,0.3362926106800752,0.3223047559320752,0.3288624037321092,0.3573086475530111,0.3169542829855049,0.312374354251677,0.2976933945998535,0.3120882632832457,0.1978222262485573,0.3638894805174732,0.333484690185301,0.2861391826839194,0.2889914904223284,0.3295145724780406,0.305453609014741,0.3291181320498553,0.338011130479559,0.3443313111118397,0.3504057286805366,0.2979500943176193,0.3622011456684891,0.3035506205124002,0.3213176088787048,0.2880021551767899,0.3542065064229814,0.3283802902508618,0.3377022699670202,0.322376095067249,0.3337024058146209,0.3531067002666008,0.3487253928966171,0.330177940920839,0.3240243646181935,0.3142493659556131,0.4081903190025264,0.2620207535239481,0.2992960077855253,0.2942399925164716,0.3571723298074819,0.3518650758877801,0.317830086097349,0.3488853879819537,0.3470153062936938,0.3399307023933949,0.317068982040216,0.3112453967128443,0.339500280780196,0.3542970420738791,0.3481488565993702,0.3809494900254226,0.2833123153488951,0.3504115418133116,0.3440231143953529,0.3157519295498763,0.3587394771223527,0.2997282975638677,0.3540621753189634,0.3090604636030734,0.2918827483622532,0.282874989343206,0.3635334241852169,0.3044560237383513,0.3494985781303482,0.3548183719030835,0.3505002991841303,0.3006396244165962,0.3644326603102357,0.3383500309132061,0.2805899440508989,0.3967547714026011,0.2992482085774958,0.3828299388362514,0.2920439382056722,0.3694534053827086,0.3614096134354044,0.2602303760496622,0.3247610044714619,0.3132408645871726,0.3146724263054755,0.293265340571911,0.3136730782693984,0.3725215787414324,0.3668086622414853
0.3552188972011515,0.3617379574601984,0.3730475436469471,0.3996055484700702,0.2165239875666925,0.3640594282590461,0.3200113455571534,0.3872396791541062,0.3391885628376954,0.3514399769770182,0.395583318788156,0.2689489033307717,0.3199130812068814,0.2550825461571608,0.3133266812973984,0.340626552830285,0.3357425314134971,0.3208501502441039,0.3299432142360416,0.3558601083543853,0.3147563757832123,0.3029616410882905,0.3024938710624716,0.3196507168640721,0.1987597499878846,0.3664102450329977,0.3382930150309219,0.2845715523528339,0.2862935344697085,0.3282028563396466,0.3044658073834819,0.3333090241621916,0.3422683786638559,0.3430345829744442,0.3498262700436981,0.2916901375640526,0.3629275264855454,0.3021161736890981,0.3203541854401617,0.2909750890625384,0.3543521463026232,0.3312438467599884,0.3373254262876025,0.3215286435138507,0.3367296124892975,0.3533174705307929,0.3492746541929643,0.3294907871187657,0.3228410595441285,0.3146613994023503,0.4043908856989752,0.2674835829061596,0.2978237771041735,0.2979408917454899,0.3560428753895981,0.3507654180875061,0.3159474031438082,0.3492456991261501,0.3462557009146447,0.3390309607993094,0.3159294575162369,0.3100184232936309,0.3341232850252619,0.355252827918004,0.3510703374300715,0.3799440841468249,0.2820047417705663,0.3504528160756836,0.3429555436133233,0.3142802378900693,0.3529686170537787,0.3014069754069501,0.3538088224655893,0.308567423082063,0.2957656074872438,0.2873746297888113,0.3646872088446378,0.3104841807874745,0.3522818452770345,0.3552406709091383,0.3489821218124448,0.3000846580966042,0.3648308618566324,0.3370528556468079,0.2826104651689422,0.3941951597437964,0.2962035676483092,0.382851374694322,0.2895203001872701,0.370368601870271,0.3612223959385391,0.26750352943771,0.3243456286598869,0.3121087819367217,0.3118526915521373,0.2903417967314941,0.3178356436331693,0.3732471581434606,0.3675600557867444
0.3567620524137986,0.3616245256400779,0.3711705307078465,0.3979992306138433,0.2133071895200871,0.3640026328764955,0.3179599746626579,0.3860629465637331,0.3385588144312972,0.3537344978391291,0.3961143225161614,0.2638028631579635,0.316714899717564,0.2584188292667826,0.3189608235420688,0.3402995641558347,0.3352086070766641,0.3193489733798474,0.3314873945548494,0.3544732121603822,0.3124596126205977,0.2938271642518922,0.3073084314942209,0.3276025953137877,0.2015446545652954,0.3686789235933456,0.3438727269338293,0.2831516542818875,0.2833868478287796,0.326988283232836,0.303463660116726,0.337077476267952,0.3460898779991833,0.3417920116230946,0.3491704536994404,0.2860134075495769,0.3638794561876386,0.3007872656151674,0.3193416704446705,0.294683258224178,0.3543407798388255,0.3337477914103653,0.3368199907496951,0.3206225796233594,0.3394559704794321,0.3534102324299988,0.3497748252201963,0.3287980712623745,0.3216437371104906,0.3156520234389924,0.4004530782771152,0.2732646452723258,0.2966917474479821,0.3021898195927493,0.3548695914442024,0.3497153995590923,0.3141067459593938,0.3494636323043482,0.3454211676485626,0.3380999815215029,0.314788221339003,0.3086347673291617,0.3291097734787735,0.3559587604401901,0.3538661808778515,0.3781759673290483,0.2812947756628177,0.3503677190378534,0.3418713326880125,0.3127676992889198,0.3477222370802078,0.3032438203492514,0.3535362718105056,0.3081201548989941,0.3003696605458523,0.2929722399459762,0.3656020267584409,0.3165860829668286,0.354672228894956,0.3557123593514444,0.3473583370236473,0.2993959960007412,0.3649883167348888,0.3357878776696894,0.2857405223066993,0.3910662449795699,0.2931454802148913,0.3821837265690016,0.2866769084813809,0.3709468453161451,0.3609294691353886,0.2740644911128114,0.3242821357705841,0.3110107646889745,0.3089887562995794,0.2871203643271903,0.3225021878440781,0.3736908507503063,0.3683241136872497
0.3579994947289996,0.3613924633020465,0.3692952419311552,0.3962205361377471,0.2106884273543343,0.3635818482864706,0.3158670434680954,0.3848706585269331,0.3378604848468924,0.3559897877628403,0.396386460624429,0.2584380859447339,0.3133764750759427,0.2628344853034166,0.3242977642268732,0.3400207427226867,0.3347154956908616,0.3178176546540473,0.3333939530193477,0.3531846483978721,0.3101182295953396,0.284921734070812,0.3119873875629589,0.3357352966061354,0.2061384293177889,0.3706841203421916,0.3501492396763345,0.2819260219896454,0.2803830967143048,0.3258653779424701,0.3024134009709956,0.3404884181589096,0.3495316824758668,0.3405972161689267,0.3484249374790825,0.2810997532287918,0.365076623790713,0.2995367277958327,0.3182755837114895,0.2990231996289435,0.3541817194153469,0.3359052672776881,0.3362183249468939,0.3196643970182781,0.3418951132680659,0.3533620220696098,0.3502047792751708,0.3280783713390202,0.3204570282468389,0.3172506882295729,0.3964172238165749,0.2789795365599033,0.29602201396609,0.3068447285099245,0.3536746869294358,0.348744826548683,0.3123356447864198,0.3495965062855938,0.3445515139122632,0.3371459682974188,0.3136686451851493,0.307146268788896,0.3245248910391768,0.3564091299731265,0.3565137089285562,0.3755777704426852,0.2813004524442583,0.3501951121424298,0.3407597532363375,0.3112524130633464,0.3430523421980817,0.305213300500394,0.353262185985035,0.3076764620481324,0.3055480208804719,0.2995309772479807,0.3662742297669743,0.3225709166889325,0.3567077780459004,0.3562031569858652,0.3456396061687932,0.2985168712424803,0.3649086088911428,0.3345817808300392,0.289959101876828,0.38744172614638,0.2901353392464243,0.3808322797690693,0.2835819565952025,0.3711863173263182,0.3605047281418881,0.2803229129091651,0.3245359575901694,0.3099398089345143,0.3060734850186404,0.2836604080436288,0.3274728655809365,0.3738595256370896,0.3690864066656928
0.3588942297591795,0.3610147883678464,0.3674475961688923,0.394327793054836,0.208857789979652,0.3627062536980751,0.3137824868733,0.3836249274436819,0.3370774832543804,0.3581936653472553,0.396448426158079,0.2530030381824804,0.3100398652007582,0.2681793719778251,0.3292327463483747,0.3398130564958669,0.3342871375757378,0.3162780670409713,0.3355775643011111,0.3520131359150762,0.3077994953797109,0.2761725472953982,0.3164109897801134,0.3438286036134252,0.2123982214369335,0.3723987145156458,0.3570175669483151,0.2809271165967658,0.2774402444762622,0.3248183552758006,0.3012781599446166,0.3436095982617442,0.3526500410169409,0.3394411742702314,0.3475854210147283,0.2770596198978105,0.3665191639516685,0.2983240630466613,0.3171651045718595,0.3038551707150061,0.3538866846422107,0.3377477157698715,0.3355493858227568,0.3186636647392684,0.3440693329787582,0.3531691199332651,0.3505490959107984,0.3273164177678118,0.3193089022390781,0.3194489194838231,0.3923267876386898,0.2842926821783541,0.2959203196024031,0.3117413652684022,0.3524766388820292,0.3478766650437732,0.3106485960773035,0.3496880827138548,0.3436760023707924,0.3361791984802849,0.3125902560771572,0.3056093033674653,0.3203854419504279,0.3566095311445209,0.3589767328323301,0.372124435724649,0.2821184350628239,0.3499837759031006,0.3396109406197293,0.3097654357015632,0.3389747329319327,0.3072860799974026,0.3529986769856807,0.3072009960806139,0.3111190290199649,0.3068385326442972,0.3666965691572842,0.3282780143931997,0.3584198404062971,0.3566739418588363,0.3438415808126844,0.2974035972791051,0.3645964306611636,0.3334501727535218,0.2951810746731322,0.3834046386674821,0.2872478652159122,0.3788068461317487,0.2803353688802474,0.3710953867488301,0.3599220715708431,0.2867387898373074,0.3250715381398716,0.3088802214390436,0.303120466027013,0.2800559575347462,0.332517827474688,0.3737733521113923,0.3698394027228982
0.3594233935202126,0.3604787732826084,0.3656511300669633,0.3923761259999813,0.2079988948688289,0.3613030768716976,0.311759410833542,0.3822745118662591,0.3361950309439944,0.360334791121727,0.3963587215494918,0.2476732000774358,0.3068317813764628,0.2742700839929762,0.3337048865730649,0.3396830583755327,0.3339443836395497,0.314753869392852,0.337977815455776,0.3509585143034766,0.305576423150355,0.2675144993284881,0.3204895347267904,0.3516637910148636,0.2200957915279644,0.3737924971462613,0.364340347911639,0.2801810352397541,0.274767327989071,0.3238277994565817,0.3000257797320942,0.3464977039205986,0.3554940174558748,0.3383107576103724,0.3466671468114038,0.2739356749898314,0.3681895178839923,0.2971043257840347,0.3160253906423784,0.3090101182910869,0.3534723095873037,0.3393164196445408,0.3348337610455382,0.317634436580899,0.3460018720638188,0.3528410230325824,0.3507903367398718,0.3265054533234823,0.3182207449624885,0.3221994114724619,0.3882256884731245,0.2889355195202672,0.2964697152891112,0.3167165560434939,0.3512868985667791,0.347119741986738,0.30905188457901,0.349765673856319,0.3428170270583793,0.3352121634893233,0.3115678851718191,0.3040848163394428,0.3166720824986738,0.3565807742343591,0.3612095700431396,0.3678442475785811,0.2838161929465632,0.3497861933257664,0.3384261546366864,0.3083296981593356,0.3354514952502278,0.3094214724661757,0.3527587531797244,0.3066638753403275,0.3168789790250071,0.3146351984510862,0.3668701139905491,0.3335846950408096,0.3598331013215244,0.357084107547316,0.341993752516901,0.2960266869847329,0.3640590068243584,0.3323969894859191,0.3012523587640788,0.3790542617096691,0.2845698773548554,0.3761314139964899,0.2770661610606785,0.3707041188109023,0.3591609978109379,0.2937414784616118,0.3258541373599632,0.3078117331146027,0.3001607229231363,0.2764407085961146,0.3374012352301669,0.3734661005998306,0.3705843424850248
0.3595789535979139,0.3597875155047466,0.3639261599765101,0.3904094476675129,0.2082860875740677,0.3593271439730982,0.309852461673024,0.3807647075141352,0.3351995264488154,0.3623904712141322,0.3961808092433711,0.2426421248806034,0.3038613590796635,0.2809023025012646,0.337699056621994,0.339617979980755,0.3337022804130732,0.3132611328916733,0.3405591283008897,0.3499987503378778,0.3035115554203136,0.2589128082529253,0.3241738037442233,0.3590353879830616,0.2289369046018577,0.3748428181757781,0.3719592865526289,0.2797010547442218,0.2726124669272926,0.3228753974300347,0.2986303858684038,0.3491925575990397,0.3581055427440333,0.3371901247499382,0.3457043042367231,0.2717208691116479,0.3700526125257632,0.2958370160212286,0.3148716714320795,0.314308285824892,0.3529579785619708,0.3406540737201106,0.3340918977953074,0.3165892553465952,0.3477161138327883,0.3523912425301625,0.3509111143450424,0.3256462661616123,0.3171978150889432,0.3254142367289427,0.3841576716525091,0.2927239736522946,0.2977247874148983,0.3216187850021429,0.3501113983510704,0.346461210254356,0.3075448768844057,0.3498421796858301,0.3419931987455081,0.334258928893489,0.3106092300493511,0.3026316155563389,0.3133429047724571,0.3563517020781311,0.3631624412986595,0.3628324235819083,0.2864182157815799,0.3496527400707564,0.3372152687155,0.3069593601645723,0.332391853701395,0.3115695163525285,0.3525536419862396,0.3060344307002547,0.3226232788299208,0.3226403056734843,0.3667967452170077,0.3384133460304204,0.3609631696692548,0.3573937078456362,0.3401390158112474,0.2943784175549031,0.3633053915718156,0.3314185582174142,0.3079619874121964,0.3744999404862859,0.2821878203774718,0.3728579097556809,0.2739303987729073,0.3700625554992636,0.3582112421336623,0.3016522501572206,0.3268429563732341,0.3067119393771156,0.2972395312034057,0.2729826380177799,0.341899708955047,0.3729880129941171,0.3713343766828864
0.3593650558009105,0.3589469988709612,0.3622812796804613,0.3884567047196478,0.2098716516583045,0.3567716236900415,0.3081109053473037,0.3790453741435278,0.334073927778119,0.3643295629178688,0.3959832993883266,0.2381020784994689,0.3012201611786762,0.2878653924908361,0.3412357569216219,0.3395938835903504,0.3335674362163408,0.3118061751073426,0.3433230700110525,0.3490909304018266,0.3016479167982018,0.2503915173054999,0.3274630443239196,0.3657559373984775,0.2385752146877147,0.3755337889284783,0.3797103170537749,0.279478877957319,0.2712400809325681,0.3219418535018473,0.2970685973190436,0.3517162061485807,0.3605133409527674,0.3360664902143893,0.3447359680910775,0.2703756974738592,0.3720566690756188,0.2944919766980045,0.3137212731625951,0.3195805732684676,0.3523649359717351,0.3417992712763328,0.3333552960589897,0.315535542298976,0.3492365577368798,0.3518389931273539,0.3509060729740167,0.3247455816174361,0.3162328500702389,0.3289679171689026,0.3801646002406239,0.2955673357423348,0.2996999135942051,0.3263090247453974,0.3489543658011885,0.345871156697567,0.3061151491168776,0.3499218650635446,0.3412148750559248,0.3333327615403703,0.3097128586148249,0.3013002382955924,0.3103454201878194,0.3559539318852952,0.364793270054123,0.3572524315526543,0.2898961795291951,0.3496275157472353,0.3359872712122569,0.3056552532893908,0.3296630558430264,0.3136824445136691,0.3523865751051712,0.3052844915788482,0.3281701451790448,0.3305700189647033,0.3664767718678501,0.3427332091699139,0.3618148239004594,0.3575600281242354,0.3383211098488216,0.2924801084261285,0.3623514597132463,0.3305039101530784,0.315065406639633,0.3698500147678835,0.2801718534297288,0.3690625039499543,0.2711033878881238,0.3692283685285059,0.3570719398082146,0.3106821825225636,0.3279928929864775,0.305554032571958,0.2944106218310915,0.2698748239328795,0.3458147764049757,0.3723998325761685,0.3721105503278869
0.3588011007256985,0.357961480107315,0.3607100749602157,0.3865307608623341,0.2128639321297478,0.3536735036419427,0.3065732342201933,0.3770795394819406,0.332799351713894,0.3661275662496089,0.3958401884885464,0.2342281490555638,0.2989590018364879,0.2949587724218894,0.3443557212973201,0.3395831118369409,0.3335383309276053,0.3103911165098816,0.3462911296278555,0.3481791875621814,0.3000111757229493,0.2420577522586129,0.3303908939082965,0.3716609383908991,0.2486365909469591,0.3758522653771647,0.3874278233198674,0.2794913263184188,0.2709102969306533,0.3210070571416848,0.2953209872691889,0.3540733891600645,0.3627244696445266,0.3349348172314803,0.3437987343152797,0.2698325271470612,0.3741396347858979,0.2930536817497776,0.3125951755560814,0.324679701888897,0.3517209308137548,0.3427835416990647,0.3326618371744571,0.314478835947302,0.3505833785979669,0.3512142501021525,0.3507843814570969,0.3238151589769489,0.3153139823172569,0.3327104540705715,0.3762794259955739,0.2974601995692763,0.3023634205491701,0.3306710934222148,0.3478191328018407,0.3453151166911609,0.3047379908956273,0.3500036471181255,0.340481800862677,0.3324418913512029,0.3088700482560681,0.3001389057037821,0.3076293263909949,0.3554257408990589,0.3660781778531096,0.3513220311102314,0.294173648509713,0.3497447667295175,0.3347498866926265,0.3044036513643792,0.3271001228848593,0.3157212552303898,0.3522568317306726,0.304396715258674,0.333373127935955,0.3381599497821663,0.3659251227788239,0.3465510211924013,0.3623872176534509,0.3575415673067811,0.3365778827958294,0.2903803468854123,0.3612274527173336,0.3296327233360576,0.3223039962166817,0.3652069769298829,0.2785702433367358,0.3648329330385689,0.2687669319023054,0.3682621244819344,0.3557465564594858,0.3209548612489278,0.3292674801954324,0.3043059609273525,0.2917279453450316,0.2673261083466943,0.3489888250676364,0.371758609910587,0.372930066024854
0.3579234308196315,0.356842054135389,0.3591982891008129,0.3846281850733737,0.2173128355050545,0.3501080802298631,0.3052664186372247,0.374848610080409,0.3313631638749068,0.3677661022278529,0.3958239217584411,0.2311687524303866,0.2970700224920046,0.3020073381696246,0.3471132600837074,0.339555685833697,0.3336080763336065,0.3090143608517227,0.3494509075138295,0.347205525340937,0.2986108987000337,0.2340994429946725,0.3330033406821839,0.3766193641049288,0.2587579537120659,0.3757935152009191,0.3949433487035397,0.2797104260176959,0.2718582641601103,0.3200562796862411,0.2933783136565137,0.3562525993635148,0.3647283691597302,0.3337975938591523,0.3429316394595523,0.2699969343521137,0.3762367289841546,0.2915227283059572,0.3115119717130562,0.3294823773196628,0.3510621385561396,0.3436299290133816,0.3320416678555307,0.3134235994192171,0.3517648083188814,0.3505520429770065,0.3505599203418685,0.3228696361215308,0.3144225067753595,0.336482745879715,0.3725206503218104,0.2984672529947771,0.305643888615999,0.3346274840151614,0.3467059517917538,0.3447607389265228,0.3033845134903944,0.3500807516660418,0.3397897285775762,0.3315861960033733,0.3080682202914941,0.2992032066902191,0.3051570508308409,0.3548129180490634,0.3670129073869878,0.3452943601684065,0.2991380954752891,0.3500260460066074,0.3335153406903945,0.3031803873363919,0.3245195650073691,0.3176539758104023,0.3521677879779076,0.3033657787177176,0.3381219576630415,0.3451958385704484,0.3651807080727821,0.3498973034296588,0.3626825561646037,0.3573116886310182,0.3349429336924414,0.2881493180610795,0.3599777114645392,0.3287800254319015,0.3294218225202346,0.3606660706539552,0.2774110018689643,0.3602664040716972,0.2670973714810477,0.3672305316335074,0.3542422198252501,0.3324132795142053,0.3306439035543063,0.3029353907373976,0.2892386256975419,0.2655467061330004,0.3513225931473806,0.3711084283930756,0.3737977409645091
0.3567787710902957,0.3556098910660174,0.3577297626250628,0.3827288601405977,0.2232061411191658,0.3461761728664984,0.3042070187904371,0.3723541053116186,0.3297638363600246,0.3692162723841239,0.3959953116263908,0.229033798761855,0.295502593357926,0.3088748770910954,0.3495732557476296,0.3394813259973152,0.3337656775626568,0.3076632437569676,0.3527268257736343,0.3461170067964732,0.2974374165641144,0.2267590880844889,0.3353537256953703,0.3805395586034402,0.2686211774552053,0.3753707251379751,0.4020925190242581,0.2801006779987272,0.2742650094942898,0.3190836849522593,0.2912428276942418,0.3582289963995643,0.3665095575677741,0.3326620859648486,0.3421738040526947,0.2707585081154599,0.3782833614160657,0.2899132709878492,0.3104806568135742,0.3338937990254726,0.3504258204642716,0.3443532482937448,0.3315152389737334,0.312367868275205,0.3527784841542444,0.3498807366834168,0.3502485509592487,0.3219228550136216,0.3135263546338273,0.3401252802624131,0.3688945891548292,0.2987088459347195,0.3094380071636386,0.3381400303144129,0.3456099421234387,0.344176162440179,0.3020283246355568,0.3501419603886034,0.3391367606090211,0.3307577827209246,0.3072911387283519,0.298553383820239,0.3029084197555765,0.3541590054566355,0.3676108581381389,0.339442576444203,0.3046459407119326,0.3504789643440328,0.3322984385897978,0.3019527460111063,0.3217462325989161,0.3194567978495466,0.3521249239074948,0.3021964737692944,0.3423463603450121,0.351533227914551,0.364291804940115,0.352818486996023,0.3627090223592281,0.35686552103832,0.3334411900878726,0.2858788387835779,0.358652048372271,0.3279259704233854,0.3361893246418165,0.356310191123506,0.2766959011316834,0.3554718994659819,0.2662538853591282,0.3662005912977755,0.3525760686866561,0.344648374011463,0.3321021812101439,0.3014170419296223,0.2869782766236889,0.2647289620347392,0.3527811405426961,0.370480138026966,0.3747074171500954
0.3554184503440728,0.3542875131987538,0.3562839837449756,0.380797223253979,0.2304670940062292,0.3419935743142565,0.3034022969031383,0.3696223556836326,0.3280105912672414,0.3704339430744158,0.3964028254497908,0.2278809977750378,0.2941845966837452,0.3154709923872784,0.3517970759474441,0.3393348648815579,0.3339961943622486,0.3063106363141548,0.3560140001783339,0.3448675303791474,0.2964644751148461,0.2203049234661614,0.3375052780431846,0.3833630503385591,0.2779687393558777,0.3746129710495419,0.408727127687169,0.2806158663075673,0.2782259617494157,0.3180905605736914,0.2889259192193917,0.3599711164316909,0.3680518137795967,0.3315385113839402,0.3415481242641893,0.2720041546787157,0.3802182010357541,0.2882508386212981,0.3095005959048331,0.3378558517561864,0.3498434983917884,0.3449616499348194,0.3311025418920812,0.3113009575552026,0.353620019773857,0.3492188336242741,0.3498765187618915,0.3209864604370013,0.3125843137292233,0.3434848558563237,0.365397066925305,0.2983402290942411,0.3136146808398919,0.341197851362802,0.3445209442531519,0.3435300519334825,0.3006449364532373,0.3501758303786901,0.3385215989126284,0.3299443317072994,0.3065172066928922,0.2982441444123512,0.3008826537571916,0.3534978093693182,0.3679053669144088,0.3340427326775644,0.3105235194437325,0.3510979011013995,0.3311083460515679,0.3006787140477065,0.318644943495695,0.3211220117153273,0.3521297340668468,0.3009094850703846,0.3460254787142325,0.3570953180999036,0.3633012250216598,0.3553702867582254,0.3624790926015953,0.356212496539419,0.3320787816001476,0.2836855294959129,0.3572994171385643,0.3270588698076086,0.3424264566961906,0.3522035126704674,0.2763877977952789,0.3505602463543074,0.2663633799808753,0.3652247952883752,0.3507782098641226,0.3568828151494189,0.3336162941729415,0.2997388856367778,0.284966755592858,0.2650316053789674,0.3533859642422326,0.3698922238735679,0.3756449428689471
0.3538993382112445,0.3528920528642822,0.3548337901193297,0.3787887176357593,0.238952742520772,0.3376846575312286,0.3028504464386599,0.36670799565031,0.3261233081375431,0.371372139218188,0.397090926455162,0.227709934106722,0.2930196575033852,0.3217465203987199,0.3538254791548199,0.3390998599044537,0.3342838605841491,0.3049203038450568,0.3592359760801356,0.3434203563273212,0.2956601666584377,0.2150050518973043,0.3395175102709641,0.3850579777524397,0.2866107248802143,0.3735543053513414,0.4147208074615415,0.2812095387613867,0.2837314500381875,0.3170859728599955,0.2864522500364573,0.3614504747926335,0.3693346957191349,0.330438566951247,0.3410521238827309,0.2736198080637022,0.3819915533389164,0.2865732928025011,0.3085646533467922,0.3413479020931876,0.3493445029252743,0.3454586068546109,0.330823201047098,0.3102074514944974,0.3542863725249221,0.3485793143107953,0.3494800935355731,0.3200714523173656,0.3115581739058979,0.3464286971524981,0.3620060884659891,0.2975257338945846,0.3180237532880801,0.3438132130988971,0.3434258053613732,0.342798371024796,0.2992119044820306,0.3501730365933537,0.3379407798818958,0.3291319208718639,0.3057209499039771,0.2983243803988262,0.2990995187501971,0.3528580090521362,0.3679510811600665,0.329344066082215,0.316579051931556,0.351867064345959,0.3299457885107464,0.2993120274331705,0.3151390589338864,0.3226635132440252,0.3521834850022496,0.2995498744657048,0.3491855748101442,0.3618630548739532,0.3622520606294276,0.3576023734734407,0.3620123896260521,0.3553699695241408,0.3308416864899359,0.2817086834912685,0.3559684981214696,0.3261698082832009,0.3480086313707754,0.3483890314327111,0.276409700178065,0.3456292804828794,0.2675059222629889,0.3643366032549579,0.3488840550663462,0.3681845018457473,0.3351605521303816,0.2979081576587485,0.2832047459586133,0.2665684748333213,0.3532057359346535,0.3693499965863075,0.3765832479641988
0.3522815946058745,0.3514372423511428,0.353350505379734,0.3766595108729875,0.2484611012377641,0.3333736442233049,0.3025388263594429,0.3636838897677424,0.3241320251588637,0.3719867198319904,0.3981017592865385,0.2284663351674625,0.2918862768135997,0.3276828044499634,0.3556797437176009,0.3387691301277493,0.3346162024274746,0.3034524455328764,0.3623662862870371,0.3417572929500372,0.2949961764222292,0.211094395604541,0.3414264042193688,0.3856229861803448,0.2944329649946514,0.3722302914482209,0.4199701302581698,0.2818456800658108,0.2906631547701394,0.3160891336577545,0.2838689784584085,0.3626490386472029,0.3703384651960614,0.3293727933849362,0.3406669225556173,0.2754835521053301,0.3835719964797946,0.2849285080422304,0.3076575061594347,0.3443766833047329,0.3489599579430206,0.3458455932711221,0.3306857858370515,0.309068844203241,0.3547725889664282,0.3479693265815687,0.3490913522800978,0.3191872248354918,0.3104179053371909,0.3488608865916672,0.3586752273384204,0.2964234253622625,0.322511705539006,0.3460246004082791,0.3423114788092544,0.3419717107628787,0.2977152145935846,0.3501257575152776,0.3373919407546558,0.3283064048348313,0.3048762998676407,0.2988442704458556,0.2975943700002477,0.3522682136810027,0.3678166400804755,0.325531323771789,0.3226260129001811,0.3527656820604721,0.3288064596239949,0.2978126654933068,0.3112135857878302,0.3241155072612418,0.3522948080348521,0.2981869176243268,0.3518800268013189,0.3658694588154899,0.36119528035943,0.3595422623960081,0.3613417413898879,0.3543693488602623,0.32970284462012,0.2801032807802857,0.3547074271707648,0.3252502130950587,0.3528603362183204,0.344887387494694,0.2766608375787219,0.3407618902401176,0.2697084435647205,0.3635587697338401,0.346925584348178,0.3776902208728327,0.3367189546221255,0.2959571007179339,0.2816745428673784,0.269393410965042,0.35235230217955,0.368847942092437,0.3774764783550572
0.3506198855975613,0.349935312638013,0.3518111290193376,0.3743724619095934,0.2587469853451513,0.3291723267382876,0.3024436664403635,0.3606228450707608,0.3220727694199527,0.3722306569449133,0.399465372317994,0.2300518904597593,0.2906635408011253,0.3332854268759005,0.3573755815547191,0.338346130537842,0.3349829584859288,0.3018659866188046,0.3654053134587528,0.3398883661960375,0.2944518501780964,0.2087378315886101,0.3432441037094146,0.3850915406921156,0.301398150661529,0.3706831780714426,0.424399008466405,0.2824969857284135,0.2988016702697978,0.3151244896652682,0.2812487087177783,0.3635613185711509,0.3710574967964037,0.3283486025031876,0.3403657347979132,0.2774656153064101,0.3849436704073797,0.2833640531130398,0.3067528028995965,0.3469666249343303,0.3487137324020077,0.3461254176455843,0.330685697967411,0.3078615346606591,0.3550730045501543,0.3473851804958341,0.3487316154610299,0.3183364692346593,0.3091390598825316,0.350727291068956,0.3553402682342836,0.295180653875316,0.3269354942409255,0.3478876390437609,0.3411651157407605,0.3410568835757218,0.2961550539607063,0.3500294845108005,0.3368775830790965,0.3274542149709582,0.3039559134316662,0.2998501414392308,0.2964065512700292,0.3517512241171798,0.3675740666937045,0.3227003502590027,0.3285014482111629,0.353773650491445,0.3276831030963654,0.2961528691113421,0.3069147930256,0.3255308123467396,0.352475735337403,0.2969096487447873,0.3541718372285805,0.3691897103572286,0.3601791496944259,0.3611953937716785,0.3605113799645419,0.3532614897344023,0.3286251928476275,0.2790331321826902,0.3535574579109474,0.324297033876517,0.3569562808863884,0.341693524490977,0.2770314691890099,0.3360324136865405,0.2729458858412224,0.3629062110912696,0.3449327097576952,0.3846838544821206,0.3382832628658704,0.2939457324413027,0.2803452514808946,0.2734833377869186,0.3509734973040762,0.3683754457047497,0.3782663774635842
0.3489615392905983,0.3483952007818523,0.350200870107581,0.3718986396338012,0.26953991725959,0.3251711339710646,0.3025362787404441,0.3575903838881853,0.3199844793486345,0.3720591327314575,0.4011932136267703,0.2323372383388559,0.2892538143484531,0.3385812570354431,0.3589242701785324,0.3378460852089946,0.335371819004844,0.3001246600786431,0.3683542632260411,0.3378496729025081,0.2940204416286702,0.2080080502001953,0.3449709881948692,0.3835243737381034,0.3075311227857999,0.3689618573155956,0.4279620059834347,0.2831448934395122,0.3078430338931579,0.3142135939330416,0.2786856562305836,0.3641940748184626,0.3715057570013106,0.327370800013219,0.3401095881076401,0.2794390091063498,0.3861011801997312,0.2819168315683245,0.3058180179335089,0.3491577355825047,0.3486098846285879,0.3463039219728704,0.3308152217101382,0.3065611858816304,0.3551891469091812,0.3468130787788974,0.3484206907919431,0.3175130183548244,0.307704630236884,0.3520086439834373,0.3519315132455756,0.2939253451720495,0.3311715388824737,0.3494551519539522,0.3399718327950501,0.3400737974059342,0.2945457871333933,0.3498881654873582,0.3364031993630605,0.3265630922208627,0.3029289782361003,0.3013644782696346,0.2955707307606188,0.3513174356387649,0.367294558929401,0.3208571199991883,0.3340713307725654,0.3548760707355942,0.3265654145574284,0.2943171193325126,0.3023489467671745,0.3269808682416076,0.3527298050456693,0.2958283575071868,0.3561315733607735,0.3719200976481925,0.3592365097135144,0.3625573083584784,0.3595675590396185,0.3521065334802326,0.3275621483526181,0.2786619626537827,0.3525470576707935,0.3233164816771149,0.3603277437427091,0.3387759808093063,0.2774047225799229,0.3315060507000333,0.2771425260122181,0.3623801602091007,0.3429386355887011,0.3886630850979253,0.3398465540523191,0.291962028220309,0.2791773480869808,0.2787353777603918,0.3492358236875629,0.3679217505037121,0.3788976410935898
0.3473545896317863,0.3468234456775466,0.3485121983815665,0.369221385384108,0.2805635985259003,0.3214356514189699,0.302790864218708,0.3546475128890627,0.3179106558167192,0.3714486442934919,0.4032812673391287,0.2351753667040391,0.2875770597768607,0.3436088620931275,0.3603212484781008,0.3372921112310102,0.3357691982283299,0.298207427431307,0.3712205810131179,0.3356910883675789,0.2937183915079978,0.2088846387810561,0.3465955071629397,0.3809980265091518,0.3128967219458966,0.3671151611747967,0.4306391462705267,0.2837912873918622,0.3174239741524647,0.3133768700011541,0.2762951854526243,0.364567345780159,0.3717108634961854,0.3264418651892907,0.3398463864155021,0.2812895541880538,0.3870521269776256,0.2806115715149695,0.3048232963261217,0.3510024941383378,0.3486359912931138,0.3463886552038117,0.3310674790133939,0.305153812267087,0.3551336621979519,0.3462354122179587,0.3481804977753443,0.316706232858201,0.3061131219018929,0.3527150068543733,0.3483770835155477,0.2927567845790592,0.3351240481194548,0.3507684224095426,0.3387174877690143,0.3390505525673483,0.292915765870228,0.3497153830781201,0.3359733848063963,0.325623981579577,0.301766848963364,0.3033710829802216,0.2951157509456051,0.3509695866108535,0.3670475581235859,0.3199246894972354,0.3392324461215975,0.3560660460235507,0.3254412575079467,0.2923040825992237,0.2976700551335739,0.3285505383260058,0.3530481261663053,0.2950756982721857,0.3578340600572557,0.374157177039563,0.3583891037264,0.363617595395064,0.3585546801884529,0.3509577106648983,0.326466454415537,0.2791381975602591,0.3516924290814315,0.3223198683882528,0.3630512437982895,0.3360836978951946,0.2776589846046239,0.3272353466227485,0.2821726911521846,0.3619709838367972,0.3409771181232513,0.3894983551308471,0.3414039521577516,0.2901222497294964,0.2781233186825809,0.2849831381748373,0.3473043901615447,0.3674809402726224,0.379326719059801
0.3458484851302038,0.3452276431702151,0.346743667408561,0.3663437782051925,0.2915579619968527,0.3180039068298871,0.3031839211624133,0.3518438232837976,0.3158976184003121,0.3704060990607908,0.4057078857725387,0.2384108224945562,0.2855656245354031,0.3484030270068573,0.361547758502189,0.3367083801056058,0.3361648611146281,0.2961144103537751,0.3740356023448301,0.3334694850270584,0.2935879723310677,0.2112626212558078,0.3480875947625068,0.3776023137305401,0.3175822933161131,0.3651909474686626,0.4324286784469559,0.2844648870449653,0.3271531891161224,0.3126405927303466,0.2742169767302795,0.364715149214538,0.3717096905196472,0.3255593365083183,0.3395246968337556,0.2829191171633646,0.3878217983710433,0.2794634870997864,0.3037425990909123,0.3525552051521595,0.3487779489020726,0.3463872552862123,0.331429199202371,0.3036409163013801,0.3549266396406936,0.3456329817683147,0.3480219446092429,0.3159046663835846,0.3043822656925866,0.3528858081554611,0.3446011570332279,0.2917530139617119,0.3387297832002423,0.3518634423746499,0.3373979159116086,0.3380173926857046,0.2913110850651795,0.3495285375900497,0.3355900935129406,0.3246351609141437,0.3004560676298814,0.3058168430560855,0.2950633896714342,0.3507111736785528,0.3668944280213221,0.3197440010243924,0.343917974841401,0.3573444700908781,0.3242985815985552,0.2901321219340029,0.2930560749625676,0.3303260434772515,0.353414706916784,0.2947951326854255,0.3593405780519398,0.3759867929626082,0.3576554467360038,0.3643549356602178,0.3575191129110691,0.3498570841695648,0.325303060992019,0.2805780092584003,0.3509999157976912,0.321317043892205,0.3652188550327391,0.3335555872633691,0.2776838120106969,0.3232665576852014,0.2878675515775784,0.361671457005783,0.3390746881820514,0.387498970356286,0.3429565068509733,0.2885688465576688,0.2771282366612241,0.2920165110285184,0.34533104427017,0.3670588924542975,0.3795211836018228
0.3444828088931263,0.3436159363783929,0.3448993719056528,0.3632909894382806,0.3022968567407115,0.3148859652066481,0.3036889033459961,0.3492021729140259,0.3139840323224815,0.3689619480648144,0.4084186192996751,0.2418872338221026,0.283182820561521,0.3529847064744735,0.3625881517829504,0.3361169104812365,0.3365508191916119,0.2938677462517489,0.3768361385710108,0.331251692245579,0.293690074287308,0.2149632835276566,0.3494081067032703,0.3734422356658611,0.3216828333904899,0.3632412120379094,0.4333472368800907,0.285212581744524,0.3366466323355513,0.3120315378081329,0.2726104285781964,0.3646826546006484,0.3715494728199944,0.3247142975593444,0.3391056902071683,0.2842490955861421,0.3884479119953738,0.2784763914295712,0.3025486780043381,0.3538634455204943,0.3490232987722975,0.3463083321841618,0.3318792889767697,0.3020361931009213,0.3545934512406466,0.3449837718093009,0.347935702615585,0.3150939018940181,0.3025462584024032,0.3525851125371663,0.3405303890831683,0.2909850349180123,0.3419538429249472,0.3527724564139353,0.3360232890566798,0.3370011093094129,0.2897978543827257,0.3493438868202413,0.3352511625492725,0.3236054432167771,0.2990058187448819,0.3086192663655655,0.2954229327371914,0.3505458385927281,0.3668804065007285,0.3200818246331601,0.3481002859372802,0.358715962131452,0.3231273318032175,0.2878427237088166,0.288687732055146,0.3323843299195609,0.3538092951717687,0.2951226751939096,0.3606850096270244,0.3774761681265011,0.3570452006886384,0.3647436720366823,0.3565072280572592,0.3488412506160499,0.324053003588452,0.2830541388169725,0.3504655129869261,0.3203137588310394,0.3669179688384207,0.3311261706393988,0.277397695796641,0.3196497874170409,0.2940306794720968,0.3614807266632153,0.337249167932422,0.3832343146538561,0.3445100018356434,0.2874596673720641,0.2761350965690957,0.2995932880463531,0.3434509382991673,0.3666774928978709,0.3794619760771409
0.3432835474948884,0.3419948087811539,0.3429894877968993,0.360104668605738,0.3125956554724996,0.3120722536471969,0.3042791573419614,0.3467174768285671,0.3121924615851206,0.3671693586902123,0.4113141015374885,0.245459565877801,0.2804359776923829,0.3573589486935035,0.363436959671707,0.3355377591347857,0.3369148192313929,0.2915162288774339,0.3796084482913788,0.3291119949205305,0.2940955221343791,0.2197542723353037,0.350526836771698,0.3686344628354628,0.325282430597839,0.3613203509722632,0.4334327464960135,0.2860938370337875,0.3455642700063933,0.3115621281379792,0.2716388767767837,0.3645203671309685,0.3712849753959737,0.323895778258025,0.3385603618677422,0.2852291776083498,0.3889678541858349,0.2776387394453499,0.3012156968596693,0.354970299751827,0.3493497903973832,0.3461628001718193,0.3323992523379261,0.3003664832974967,0.3541676126358803,0.3442673784146223,0.3479017868349413,0.3142550439099423,0.3006558863479928,0.3518878680791684,0.3361049278579995,0.2905131089994195,0.3447829088636607,0.3535139156725758,0.3346104664912601,0.3360226888482887,0.2884589637598022,0.3491783658158952,0.3349488183587547,0.322551536235722,0.2974442265131271,0.3116689056727684,0.2961889727634509,0.3504720403628797,0.3670348485580749,0.32066367724897,0.3517848729120547,0.3601838411962917,0.3219229730218778,0.2855012674363785,0.2847354688230022,0.3347883093474788,0.3542044263997836,0.2961757051177799,0.3618819909349737,0.3786647078167749,0.3565530667190418,0.3647743919674929,0.3555541505474455,0.3479410947269527,0.3227105758980518,0.2865891772743021,0.3500761507928925,0.3193114912271174,0.3682315522722258,0.3287292008434923,0.2767519509892232,0.3164388275729888,0.3004568878842007,0.3613955876996038,0.3355137119008552,0.3773074857885534,0.3460726299525511,0.2869496848723311,0.2750917877286762,0.3074518342808234,0.341780522843231,0.3663718649100783,0.3791526854304054
0.3422740320520319,0.3403719856516508,0.3410303882304946,0.3568371179243366,0.322314764200779,0.3095447492180139,0.3049365406668817,0.3443701376687274,0.3105321481894575,0.3651153428651269,0.4142530123563588,0.2490058138659435,0.277361635819761,0.3615129320105029,0.3640890127511956,0.3349869759987969,0.3372397415178663,0.289142806545818,0.3822560883883944,0.3271162029274109,0.2948792775562153,0.2253818840017003,0.3514252745194549,0.36330213976611,0.328438338224429,0.3594771793870828,0.4327420024461403,0.2871871966239306,0.3536391795991495,0.3112272534256136,0.2714521209655223,0.3642774127771798,0.3709700258358783,0.3230964474986079,0.3378671311947826,0.2858442042249177,0.3894116533605301,0.2769244484894269,0.2997310526283883,0.3559178146136919,0.349721740014503,0.3459627038409817,0.3329792783206823,0.2986807486401072,0.3536901446290519,0.3434728068927871,0.3479008371197608,0.3133688957691636,0.298782884364708,0.3508679194840182,0.3312794114157588,0.2903739592140651,0.3472245137944881,0.3540873157949861,0.3331748078360536,0.3350970062504369,0.287389701851477,0.3490518422798085,0.334670993163869,0.3214914376028409,0.2958153326879644,0.3148316591600374,0.2973462598169481,0.350484095766791,0.3673772553931357,0.3212196193504902,0.3550006341675509,0.3617479461927855,0.3206885943339397,0.2831977014503977,0.281343126691209,0.3375821382145466,0.354563725872187,0.2980446653471753,0.3629404337507028,0.3795636073998249,0.3561680990262523,0.3644648079449616,0.3546784894255041,0.3471721752724227,0.3212846398592485,0.2911477560368989,0.3498165079021825,0.3183070288259255,0.3692372673576738,0.326304049752369,0.2757280935096313,0.313685091562656,0.3069482164523417,0.3614095415328607,0.3338772915944196,0.3703127275285586,0.347657101912599,0.2871750233682925,0.2739527388719561,0.3153348598635322,0.3404138047530649,0.3661844976481154,0.3786245933442504
0.341480167923544,0.3387599718984965,0.3390406245704215,0.3535488447147144,0.3313650939704128,0.307276876790252,0.305649863525799,0.342130545214317,0.3090040033580049,0.3629213691634628,0.417059263366112,0.2524267616918857,0.2740114745404293,0.3654136405322925,0.3645354804881714,0.3344724025199228,0.3375108867477914,0.2868635836445543,0.3846286634796957,0.325307157768279,0.2961116247010619,0.2316025143032729,0.3520895531107241,0.3575748257759241,0.3311790183552259,0.3577550838494681,0.4313478837361602,0.2885892803665676,0.3606902557325042,0.3110145032462573,0.2721738080243576,0.3639954293233861,0.37065218226482,0.3223110111493169,0.3370223486945626,0.2861114742215391,0.3898035848579174,0.2762965202041447,0.2981009391149861,0.3567405811927512,0.3501047160494039,0.3457195755140912,0.3336119047268359,0.2970543894660488,0.3532019530616929,0.3425985887560121,0.3479106059686924,0.31241900474602,0.2970179364021905,0.3495951947365753,0.3260141437971157,0.2905857098193836,0.3493062139393181,0.3544823165346663,0.3317336576714139,0.3342304279714371,0.2866953483344826,0.3489823651158099,0.3344029756144707,0.3204413021890879,0.2941868218849239,0.3179586925210085,0.2988743460492234,0.3505776222403881,0.3679184280712533,0.3215161012750062,0.3577925578272034,0.3634033673386773,0.3194310025591833,0.2810438956789265,0.2786047436697785,0.3407823375581729,0.3548450830964396,0.3007758112659808,0.3638604373234844,0.3801681983429602,0.3558850498713067,0.3638513647460593,0.3538903281238309,0.3465285295923777,0.3198009079844778,0.2966301873275795,0.349674039682454,0.3172929694052928,0.3699933840530833,0.3238031837487032,0.2743437292718741,0.3114377768283067,0.3133256043679237,0.3615238947736529,0.3323417447234358,0.3628509238251083,0.3492811125074629,0.2882444323760928,0.2726767210738821,0.3230153400728575,0.3394189766865093,0.366159542056421,0.377930954146372
0.3409201692292471,0.3371715903414064,0.3370345183396232,0.3503035998694334,0.3397088228900048,0.3052255256825524,0.3064045499225877,0.3399532945728062,0.307598403428088,0.3607242337660873,0.4195250023869376,0.255638234714804,0.2704608373274058,0.3690132695219638,0.3647736246994989,0.3339927605408052,0.3377194966984807,0.2848173585233415,0.3865655056892745,0.3237048186052992,0.2978441262092001,0.2381995375069875,0.3525155056425174,0.3515886708030629,0.3335141216440591,0.3561998922409208,0.4293441880580011,0.2903968908741698,0.36662279055912,0.3109069565954646,0.2738904949773357,0.3637061654123068,0.3703715186451745,0.321529733838828,0.3360476724267442,0.2860727190703124,0.3901629566751962,0.2757085562028421,0.2963436115786413,0.357458404542735,0.3504785760119898,0.345445493152873,0.3342864835091173,0.2955823267277023,0.3527379545895366,0.3416470939927928,0.3479004871689178,0.3113885608867487,0.2954595588192605,0.3481348320119768,0.3202702376657591,0.2911600981084615,0.351065815523545,0.3546900624853542,0.330312278694026,0.3334170247066288,0.2864866606321273,0.3489792748644113,0.3341247414771143,0.319416855753538,0.2926585333064103,0.3209015777734379,0.3007481188676018,0.3507505170807693,0.3686575559767102,0.3213715669021513,0.3602139958368581,0.3651353171656691,0.3181562396004525,0.2791656782892897,0.2765508980182616,0.3443703595114631,0.355006743673281,0.3043532623222054,0.364625822321677,0.3804694754570668,0.3557005211243476,0.3629818257307682,0.3531982435593835,0.3459886421194822,0.3182951840112732,0.302875692381651,0.3496356550162954,0.3162592851931065,0.3705308215888652,0.3211970609805593,0.2726612418994504,0.3097452021796995,0.3194373152969349,0.3617486108041068,0.3309017201065569,0.3553958125217916,0.3509599087798598,0.2902319840742071,0.2712301403836097,0.3303116178542472,0.3388374766787519,0.3663338027101278,0.3771386259634069
0.3405982280095946,0.3356125838064117,0.33502072917023,0.3471598342948002,0.3473477218591521,0.3033351522078565,0.3071826125218514,0.3377853705282678,0.3062936437251514,0.3586566625663734,0.4214211346157498,0.2585700515742705,0.2668152887293287,0.3722614550759938,0.364810408935994,0.333540709892398,0.3378579641584123,0.2831561958826291,0.3879012740290956,0.3223108679235867,0.3000983283966066,0.2449888220149756,0.3527198244770607,0.345481991590678,0.3354441729787339,0.3548592155615572,0.4268534306261643,0.2926923254300314,0.3714259347657479,0.3108740829411763,0.2766396257260367,0.3634345033027736,0.3701565666863867,0.3207381840843157,0.3349789704330608,0.2857892689818521,0.3904997771885558,0.2751065464553262,0.2944856271053652,0.3580817605004163,0.3508309138353275,0.345154449653372,0.3349929766771911,0.2943698638235819,0.3523281294328871,0.340625662450707,0.3478393412683859,0.3102593447193069,0.2942053574240602,0.3465421059594085,0.314012853073474,0.2920919797511854,0.3525398024049021,0.3547055903177081,0.3289367595117571,0.332639047545242,0.2868701286670482,0.349043216020003,0.3338083698648882,0.3184323528324035,0.2913558518665775,0.3235269531769583,0.3029393423952239,0.3509995452195714,0.3695848993228601,0.320673166449075,0.3623153668033853,0.3669126586023725,0.3168726065985672,0.2776962443388305,0.2751545680629684,0.3482933462827526,0.3550144301504133,0.3086985422737768,0.3652141012581208,0.3804569368875465,0.3556048220744012,0.3619207056946446,0.3526054774796551,0.3455265156194214,0.3168018913476686,0.3096763327272671,0.3496835577026435,0.3151935295308877,0.370864024879035,0.3184777645127931,0.2707840694143762,0.3086459308412567,0.3251651548385086,0.3620859608110887,0.329546357396862,0.3481649902548204,0.352697495559386,0.2931645260889352,0.2695977865726138,0.3370939015203977,0.3386858625168372,0.3667253562770008,0.3763236521507306
0.3405133340432023,0.334082187750177,0.3330053175622332,0.3441662854678281,0.3543056572977058,0.3015562082454637,0.3079740598664962,0.3355883730107789,0.3050621311334696,0.3568396937238096,0.4225221987063887,0.2611693309347697,0.2631974212197697,0.3751135274693741,0.3646535721858577,0.3331051920372291,0.3379172597602791,0.2820378938509377,0.3884574648761232,0.3211044878458767,0.3028621160079177,0.2518255414903684,0.3527357671754549,0.3393927762466915,0.3369659450416258,0.3537719508397546,0.4240287051256363,0.2955429305098398,0.37516345861997,0.3108706657226364,0.2803997479039492,0.3632011894227377,0.37001958306578,0.3199244125637268,0.3338512647698211,0.2853390813751458,0.3908114896267906,0.2744336322996929,0.2925716078738868,0.3586221876524154,0.351144537123199,0.3448602515920697,0.3357259084509195,0.2935271181068331,0.3519986626726555,0.3395538332016393,0.3477058657042089,0.3090193769942611,0.2933512126144946,0.3448597319390982,0.3072137268563781,0.2933378497649235,0.353760621068388,0.3545266898678886,0.3276205024131467,0.3318729046116482,0.2879359232534028,0.3491711557737846,0.3334228117009353,0.3174949004450066,0.290410896408038,0.325729065670137,0.3054189141036929,0.3513181597121418,0.3706886223786985,0.3193949651476013,0.3641350748770303,0.3686883313663055,0.3155946457697087,0.2767732376566638,0.2743412671084078,0.3524714739465456,0.3548465634302311,0.3136840102696364,0.3656130682649722,0.3801238111024672,0.3555863306063757,0.3607501467237422,0.3521070643592245,0.3451155456260673,0.3153491945009737,0.3167946082537408,0.3497999440475596,0.314080355280218,0.3710023579164231,0.3156624059029991,0.2688448803858979,0.3081560830369295,0.3304286850045563,0.3625205636818531,0.3282592403572767,0.3412577432869853,0.3544845971879025,0.297008829465556,0.2677911608940063,0.3432884944817387,0.3389603162338925,0.3673289179651234,0.3755656546825806
0.3406651728949276,0.3325783272257144,0.3309896196705101,0.3413624629840102,0.3606170631678223,0.2998547432406185,0.3087779391870597,0.3333454163870419,0.3038739968189062,0.355374998816006,0.422631444474192,0.2633950800407846,0.2597345380958645,0.3775324193456625,0.3643094141673045,0.3326716935281713,0.3378931602666997,0.2816109997937694,0.3880657813332143,0.3200369569696274,0.30608801129408,0.258613547385148,0.3525993162661701,0.333461188345788,0.3380803672336149,0.352965094105771,0.4210504226317906,0.2989985913059287,0.3779500441277978,0.3108497863848954,0.2850872300182952,0.3630189527747378,0.3699597666288732,0.3190816604670463,0.3326985654537198,0.2848068333395624,0.3910848421406316,0.2736331507481871,0.2906734075171309,0.3590905058026498,0.3514013951495871,0.3445738474814963,0.336482586709101,0.2931609938733261,0.3517675690355527,0.3384624785258316,0.3474869936172636,0.3076706993570252,0.2929875748332813,0.3431226902280137,0.2998494239953946,0.2948178146400275,0.3547576177877615,0.3541572503437774,0.326362849115998,0.3310948558766395,0.2897467571959713,0.3493579724101093,0.3329410966013071,0.3166009470818294,0.2899484130031303,0.3274382488528778,0.3081519371867303,0.3516961053142287,0.3719544746431653,0.3175996675406908,0.3656992759942745,0.3704072324611674,0.3143368163984628,0.2765291872477023,0.2739892084283089,0.356805718626406,0.3544943252101886,0.3191415159984542,0.3658205878410633,0.3794805318863061,0.3556401123843485,0.359554360432153,0.3516973621331678,0.3447241038121122,0.3139586217284879,0.3239803174622983,0.3499743281482143,0.3129036926803931,0.370947752357981,0.3127919130014327,0.2670015837833955,0.3082664418328252,0.3351855062547838,0.3630282561605255,0.3270213249831002,0.3348967845404267,0.3562995168051671,0.3016691530184495,0.2658488634890149,0.3488747644236144,0.3396421574739671,0.3681191110969886,0.3749369272235018
0.3410451646948274,0.3310962641793605,0.3289629938010029,0.3387746592216432,0.3663217363024331,0.2982027981089739,0.3095879695728082,0.3310477728381966,0.3026913556403434,0.3543300696089337,0.4215964639704489,0.2652091173014715,0.2565575935292722,0.3794927051714454,0.363793152103292,0.3322235137459056,0.3377929116139126,0.2819945932796632,0.3866041028627029,0.3190387711385527,0.3096897700728429,0.2653047879047863,0.3523473606348278,0.3278273744117665,0.3388053494898475,0.3524617546663953,0.4181224342608751,0.3030795081496537,0.3799218348733905,0.3107704427949623,0.2905612977372391,0.362888010548379,0.3699715061024122,0.3182008020569359,0.3315598523863062,0.28426571676627,0.3912990962936705,0.2726476491625079,0.2888823435170526,0.3594873183957792,0.3515968105597823,0.3443053914914952,0.3372622704858862,0.2933623547129576,0.3516397582326636,0.3373828412310563,0.3471728578365097,0.3062282140741668,0.2931853574240861,0.3413632509803108,0.2919032857060207,0.2964325531818786,0.3555529735887466,0.3536123888895776,0.3251583983144,0.3302827762893612,0.2923282025371234,0.3495943788832858,0.3323402695652441,0.3157382861724013,0.2900810139405262,0.3286219996380338,0.3110879796705338,0.3521189510319898,0.3733579257332691,0.31541937238528,0.3670262986621123,0.3720126613774559,0.3131042861979312,0.2770716117476478,0.2739322043108321,0.3611841124519028,0.3539596289440437,0.3248664464256255,0.3658349219877439,0.3785619725664289,0.3557654801934966,0.3584049538788134,0.3513759057813136,0.3443141909752263,0.3126400230315716,0.3309890161190645,0.3502006057720751,0.3116503784235879,0.3706943024518155,0.3099232865555761,0.2654386132972179,0.3089463646576746,0.339425300723618,0.363583833740018,0.3258190927695034,0.3293831489158033,0.3581052491634786,0.3069978487085367,0.2638375348491277,0.3538705600158869,0.3407012317502131,0.3690507333111979,0.3744920313982746
0.3416291021448795,0.3296228937207386,0.3269041004854942,0.3364065228036517,0.3714592517454769,0.2965706848479537,0.3103857711503059,0.3286908631686543,0.3014670929018967,0.3537272533514126,0.41932494705344,0.2665793524876164,0.2537922391344206,0.3809885603041447,0.3631329286537106,0.3317445310172974,0.3376340035786356,0.2832663417916012,0.3840058384435179,0.3180340855150778,0.3135446648729977,0.2718825623634781,0.3520237497545695,0.3226210236796292,0.3391849664075587,0.3522839900771247,0.4154656220192718,0.3077694676091337,0.3812174812840271,0.3105916400445982,0.2966369600941831,0.3628020982053825,0.3700471044987997,0.3172623164635594,0.330473496142725,0.2837614585988914,0.3914275865908168,0.2714213319964121,0.2872935242643823,0.35980458040259,0.3517392906480552,0.344068425721985,0.3380676191485728,0.2941953834280991,0.3516075901232067,0.3363397014701106,0.3467611519376965,0.3047165585481439,0.2939828316611808,0.3396106521449016,0.2833785200393444,0.2980627152593926,0.3561588809753882,0.3529189460782592,0.3239995170329164,0.3294174253411918,0.2956619798968503,0.3498676194514637,0.331598352204577,0.3148881777451827,0.2909016092684178,0.329280572497245,0.3141599712256845,0.3525685718467347,0.3748603558580606,0.3130295708155719,0.368126531481166,0.3734477525849132,0.311896160118004,0.2784678202273052,0.2739815574113867,0.3654898253286778,0.353256706782667,0.3306343169868557,0.3656581007710084,0.377419051798645,0.3559581141561952,0.357361709360054,0.3511415363706119,0.3438505623444297,0.3113845143340321,0.3376034329198802,0.3504668934365926,0.3103103683637438,0.370242498412858,0.3071217912333914,0.2643563539558919,0.3101436604208669,0.3431603238838761,0.3641532138808394,0.3246477002105964,0.3248090384976184,0.3598465665727085,0.3128114748048798,0.2618600078188548,0.3583163827371065,0.3420959874350576,0.3700540411963264,0.3742628515058733
0.3423837344591277,0.3281384223878832,0.3247937714344535,0.3342363895438933,0.3760629035027204,0.294937676354443,0.3111518035857645,0.3262883687668225,0.3001575960944385,0.3535426963922095,0.4158034044709525,0.2674899845661291,0.251540731542732,0.382037063459923,0.3623612978180964,0.331220281525192,0.3374386422300822,0.2854599944915418,0.3802667461313458,0.316948481777306,0.3175073242780291,0.2783405126605434,0.3516741326074278,0.3179547705603919,0.3392876823652266,0.3524443653152438,0.4133057404188568,0.3130188277425375,0.3819682603557655,0.3102707310123371,0.3031018846033877,0.3627608043896789,0.3701754028596966,0.316237331532897,0.3294646678549208,0.2833079909763442,0.3914401031036869,0.2699108311555798,0.2860017416818225,0.3600376031038286,0.351833596459057,0.3438787790163785,0.3389013637961821,0.2956915308651182,0.3516553652814479,0.3353542559785765,0.3462634037988816,0.3031753531054537,0.295386292881595,0.3378923169793604,0.2743199258639137,0.2995605738619259,0.3565833881291178,0.3521114497418479,0.3228708778671968,0.3284862979507752,0.2996842297219895,0.3501649275531125,0.3306995282746592,0.314024967831509,0.2924674714663313,0.3294426565355615,0.3172930643574307,0.3530243501198854,0.3764121244945491,0.3106241943581892,0.3689987017354197,0.3746592328472037,0.3107146883978927,0.280744756415716,0.273954449513973,0.3696133005616038,0.3524139582953999,0.3362303631997239,0.3653069210817672,0.3761090148129349,0.3562092330524705,0.3564749423564685,0.3509876630808324,0.3433112498312,0.3101651950876995,0.3436526014121295,0.3507531951711287,0.3088739548205123,0.3696109120264162,0.3044581224831548,0.2639480919556728,0.3117831471592463,0.3464189057645206,0.3646865741834054,0.3235042589319415,0.3209845539376701,0.3614542514692667,0.3189053478836349,0.2600608860213245,0.3622679073747146,0.343773199961131,0.3710385613877196,0.3742559133092697
0.3432736860065247,0.3266255413008995,0.3226231320387503,0.3322259795653014,0.3801577610760955,0.2933049330506542,0.311873106095784,0.323876365110337,0.2987334809167003,0.3537081119884546,0.4111030102950836,0.267939528512627,0.2498768770199069,0.3826738030888454,0.3615114749552838,0.3306364928214964,0.3372299441233265,0.2885606059811758,0.3754867969703246,0.3157110826713434,0.3214272463445895,0.2846717077954804,0.3513340677271093,0.3139264027097887,0.3391977588383628,0.352940578660219,0.4118570169043173,0.3187432783862841,0.3822851250235261,0.3097752333884057,0.3097323624586552,0.3627721595157891,0.3703464256641167,0.3150936924202818,0.3285414877308817,0.2828911187835992,0.391307753955834,0.2680973551849862,0.2851066210911622,0.3601884931300989,0.3518714813505217,0.3437486249213621,0.3397614776217458,0.2978437031502372,0.3517636558803916,0.3344456821959529,0.3457015729548189,0.3016677838757785,0.297377113348113,0.3362403446087534,0.264833731077631,0.3007658517353636,0.3568358876552664,0.3512283863787395,0.3217521036738535,0.3274867803843787,0.3042878319228565,0.3504737926156945,0.329643471608138,0.3131182044975765,0.2947880018232781,0.3291607065019458,0.320408838202624,0.353462402495353,0.3779528017478775,0.3083877616997562,0.3696328970558153,0.3756077112020151,0.3095618550435848,0.2838914822163456,0.2736867779913889,0.3734646525040404,0.3514683543368357,0.3414727508730522,0.3648099565967706,0.3746967959417999,0.3565079776876007,0.355775943693827,0.3509098812019291,0.3426863125119391,0.3089455673278389,0.3490219966919317,0.3510388937344694,0.3073318381686724,0.3688299849084233,0.3020056744485393,0.2643820659517368,0.3137722097695891,0.3492425334881047,0.3651277226429404,0.3223856505426807,0.317721681891816,0.3628547943843617,0.3250666873101244,0.2586179162039038,0.3657889789957326,0.3456712137357895,0.3719100324203078,0.3744500583545462
0.3442582869344799,0.325074782236765,0.3203885775188173,0.3303289230227028,0.3837624896331644,0.2916911283092367,0.312534882971215,0.3214956647208953,0.2971745083681191,0.3541144094047248,0.405366760762379,0.2679307147363496,0.2488498285784393,0.382947704702941,0.3606234848116083,0.3299779845885922,0.3370296834797245,0.2924973782211716,0.3699083987497785,0.314261273420305,0.3251593164686511,0.2908657614704426,0.3510279832163828,0.3106162877088382,0.3390080952517973,0.3537604574687034,0.4113029034042442,0.3248207092251179,0.3822469743197308,0.3090916692609904,0.3163089882267131,0.3628438767155026,0.3705602873050722,0.3137995038971857,0.3277001621608689,0.2824698194804545,0.3910077933864598,0.2659935670304988,0.2847079823221001,0.3602579503152773,0.3518419104316063,0.3436837479717269,0.3406454215343555,0.3006031931306689,0.3519125150540556,0.3336250251049233,0.345101251983779,0.3002805452831698,0.2999102814362428,0.334692864547371,0.2550953161593758,0.3015341050213269,0.3569230316260919,0.3503112910932154,0.3206302825803219,0.3264248523717878,0.3093278157738437,0.3507792682622712,0.3284449710781176,0.3121382929950237,0.2978263093935851,0.3285010889720459,0.3234204397935878,0.3538543395046776,0.3794059232174921,0.3064668628193002,0.3700226480202656,0.3762768195022929,0.3084279891166426,0.2878525412687031,0.273037035608751,0.3769798827762067,0.3504560331440102,0.3462212944170184,0.3641945062830802,0.3732550763425872,0.3568386955765129,0.3552688700786541,0.350911557870659,0.3419690934947962,0.3076873165163714,0.353653982607029,0.3513059993889703,0.3056794138213433,0.3679330505685405,0.2998325262609964,0.2657947265067262,0.3160091611096152,0.3516790140591947,0.3654264056169032,0.3213002775754164,0.3150781434244966,0.3639789235949299,0.3310890787155313,0.2577254488362755,0.3689359081176133,0.3477269385296502,0.3725856109122519,0.374798976804585
0.3452902484201115,0.3234825366354598,0.3180882959672287,0.328491310387883,0.3868915867890858,0.290120986200321,0.3131142033996797,0.3191775784604702,0.2954640897360084,0.3546243594087905,0.3987933730737825,0.2674732319119751,0.2484737186189907,0.3829183874721925,0.3597440583016825,0.3292297323576602,0.3368569370492081,0.2971473011788991,0.3638893942972572,0.3125587636974924,0.3285701402169828,0.2969034902234304,0.3507746458387544,0.3080738871768909,0.3388146107148797,0.3548856202691499,0.4117739425592679,0.3311037754717396,0.3819049201262816,0.3082208834278823,0.3226351180585979,0.36297934001937,0.370828244740697,0.3123257531770453,0.3269288072967041,0.2819740303446144,0.3905265321585147,0.2636490270903166,0.2848881594456785,0.360243109366164,0.3517420560930302,0.343686389631821,0.341557797790319,0.3038865521759395,0.3520838201007127,0.3328894836249786,0.3444909207288163,0.299114735916169,0.3029080916785882,0.3332843457766208,0.2453445456088719,0.3017456500333627,0.3568448683696447,0.349404026718675,0.3195053162524445,0.3253116970362834,0.3146321465087286,0.3510645313563319,0.3271253466923847,0.3110590631286865,0.3015066841740408,0.3275313953847923,0.3262330708003852,0.3541701113058056,0.3806786124522276,0.3049502143815136,0.3701737100777376,0.3766735930270939,0.3072936508772505,0.2925236947193293,0.27190341131044,0.3801204026560168,0.3494093502532169,0.3503825311818269,0.3634844825547226,0.3718499881068539,0.3571778518767917,0.3549382056329135,0.350993283538099,0.3411561633012151,0.3063537111556356,0.3575430447696493,0.3515325589821264,0.3039199971757373,0.3669607202068813,0.2979928246280905,0.2682827381277108,0.3183869176668148,0.35376959656379,0.3655382368974796,0.320276228445507,0.3132539900623899,0.3647674222749225,0.3367876173330327,0.2575828926731531,0.3717432525569452,0.3498832481395141,0.3729978654523621,0.375239721692706
0.3463234906816062,0.3218496442888844,0.315731153733827,0.3266522026665135,0.3895583018072544,0.2886251224076108,0.3135898926521916,0.3169473140077691,0.293601829472341,0.3550911205718349,0.391623900203589,0.2665973892761893,0.2487157922817238,0.3826517316338578,0.358916845433599,0.3283786365708473,0.3367288753061384,0.3023515646498819,0.3578332085614691,0.3105875817927949,0.3315498515517683,0.3027499977335021,0.3505842424013878,0.3063098580986422,0.3387061864484972,0.3562862890899839,0.413327317758164,0.3374416343518057,0.381298002148751,0.3071740042121501,0.328553676031491,0.3631841299987962,0.3711643042006888,0.3106526158104096,0.3262080130108772,0.2813087606792662,0.3898612776707663,0.2611579139745402,0.285698692762747,0.3601467832294612,0.3515719622501199,0.3437572648812099,0.342505731230345,0.3075879542296075,0.35226296090397,0.3322233205388591,0.3439009278276148,0.2982759348009398,0.3062653830682292,0.3320377638363981,0.2358777856395965,0.3013059819759113,0.3566024701958792,0.3485482148611745,0.3183832839532253,0.3241623482989416,0.3200180997824992,0.3513146861092799,0.3257103017023385,0.3098562210198031,0.3057170252993247,0.3263138228287682,0.3287568166904379,0.354383383633558,0.3816713693886255,0.3038584442891213,0.3701000981163428,0.3768235733248207,0.3061426967208244,0.2977635563686562,0.2702490635977242,0.3828724643272972,0.3483584451167948,0.3539160527272379,0.3627078020942841,0.3705258356450465,0.3574963140334412,0.354760122168348,0.3511414912234768,0.3402569858126109,0.3049110050878262,0.3607286250702741,0.3516886409156552,0.3020646713290381,0.3659659104111778,0.2965245039181261,0.2718882099840788,0.3207970527743971,0.3555410614040918,0.3654221213704753,0.3193487825442443,0.3123622874471549,0.3651767151183714,0.3420121868797776,0.2583844163061798,0.3742255647286722,0.3520937332974179,0.3730973958323015,0.3757007781999751
0.3473176887128732,0.3201848313013793,0.3133444004679896,0.324751606172477,0.391779232773533,0.2872438874954096,0.3139520191581316,0.3148257859100329,0.291622170030043,0.3553720199946646,0.384117480670033,0.2653569721966943,0.2495117159542458,0.3822129305307293,0.3581789805892734,0.327414403860793,0.3366605993256105,0.3079321934077434,0.3521432566293812,0.308354245486568,0.3340276594421407,0.3083553962433971,0.3504533631211974,0.3053049212257803,0.3387504872857732,0.3579160061489075,0.4159340544604999,0.3436867263866849,0.3804604912903921,0.3059797694215951,0.3339540850770132,0.3634685999961199,0.3715782762075417,0.3087770800876926,0.3255121823560378,0.2803693938103135,0.3890214020375276,0.2586632718763705,0.2871607625305319,0.3599816033963385,0.3513244306332529,0.343893410517207,0.3434866736792474,0.3115856192914111,0.3524409828801819,0.3316011588979599,0.343355181443163,0.2978664832329485,0.309867057365577,0.3309696160466324,0.2270384972483834,0.3001636649703508,0.356207524295393,0.3477762896028259,0.3172735723362799,0.3229952042977999,0.32530875505535,0.3515169347506904,0.3242356823403796,0.3085098270438083,0.310311832862452,0.3249067291058916,0.3309183099280817,0.3544738450145756,0.3822900842310077,0.3031392603922301,0.3698164037172481,0.3767669672922143,0.3049630419469494,0.3034116451003431,0.2681083263727456,0.3852495408498503,0.3473270061077837,0.3568332854872942,0.3618952312716701,0.3693068650081101,0.3577611877283592,0.3547036638727499,0.351334925435642,0.3392970350096844,0.3033307198677677,0.363284360773798,0.3517437084375557,0.3001334932140291,0.3650042192070096,0.2954507433876213,0.2765885844338639,0.323140079598983,0.3570117267557458,0.3650488802000957,0.3185431305121612,0.312405835866292,0.3651848435285936,0.3466575555508904,0.2602974731036396,0.3763885189109375,0.3543247143897211,0.3728608132716239,0.376106311400299
0.3482343203912014,0.3185074532735016,0.3109667127388483,0.322740288288129,0.3935777820651111,0.286018179660416,0.3141955132356062,0.3128188047983821,0.2895967918645242,0.3553387144021527,0.3765161033362695,0.2638203454800532,0.2507903752393025,0.381661963630747,0.3575661956236639,0.3263301377522881,0.3366598950020992,0.3137045211912808,0.3472007744675377,0.3058880978707378,0.335979796771703,0.3136624456909562,0.3503720229023632,0.3050202458420245,0.3389846788660509,0.3597130486329248,0.4194719299143377,0.349691545368055,0.379418647771324,0.304691078363565,0.3387710506120845,0.3638383650468363,0.3720753307194706,0.3067175950184685,0.3248116298816837,0.2790592028970702,0.3880271443391622,0.2563522353185414,0.2892678558039042,0.3597618802461311,0.3509879536242531,0.3440866336954588,0.3444885308452731,0.3157447763115749,0.3526165221061967,0.3309905793478144,0.3428648307954821,0.2979778415725291,0.3136010405270001,0.3300965506447648,0.2191931750730814,0.2983269764753645,0.3556797700187841,0.3471090487857901,0.3161961581057382,0.3218287313440529,0.3303458814497889,0.3516559667647011,0.3227473217294383,0.3070125206370605,0.3151274133164136,0.3233673137298913,0.3326615534698144,0.3544272511576314,0.3824539730620512,0.3026704558080714,0.3693403053916491,0.376554509180171,0.3037332248838611,0.3092984449998349,0.2655697707928902,0.387290885847875,0.3463242077527671,0.3591857892665414,0.3610720315696538,0.3682069199439327,0.3579335766375585,0.354730696490503,0.3515554410620484,0.3383096554191955,0.3015944688970745,0.3653031587668466,0.351675766242992,0.2981612247965467,0.3641212349037784,0.2947784158330155,0.2822986921201247,0.325333044505046,0.3582019534331292,0.3644122601530523,0.3178761017460611,0.3133900422656863,0.3647968784362793,0.3506684101542519,0.2634353032227082,0.3782325429452065,0.3565563068334617,0.3722942637836506,0.3763813358201581
0.3490376644108651,0.3168440109293195,0.3086372420934767,0.3205846463115232,0.3949841593211025,0.2849741757442408,0.3143126451783585,0.3109111510690437,0.2876244893961328,0.3548910049606087,0.3690207166915382,0.2620698490916466,0.2524724322168621,0.3810517370273809,0.3571104832449547,0.3251241292631557,0.3367221165716135,0.3194929780762529,0.343317125971154,0.3032442420444731,0.3374272286115794,0.3186122108391308,0.3503347381257678,0.3053940966943122,0.3394166212297175,0.361603353417016,0.4237194109196423,0.3553220392204677,0.3781938835118306,0.3033801689594914,0.3429836423503429,0.3642861913177057,0.3726562394585128,0.3045174310792942,0.3240752669850762,0.2772997564871,0.386906901383429,0.2544451238908485,0.2919802925888978,0.35949862948888,0.3505562742742193,0.344325637834466,0.345500870322464,0.3199297763406862,0.3527941506552356,0.3303565673000921,0.3424325299226226,0.2986825179911094,0.317359969758014,0.3294293579347028,0.2126858421921658,0.2958523865333617,0.3550386273820261,0.3465594449473369,0.3151834614372989,0.320676707805524,0.3350018611432483,0.3517118319420515,0.3212909866584132,0.3053738075221565,0.3200044586808225,0.3217514100175244,0.3339485557231837,0.3542375701278911,0.3821036687857267,0.302273405734735,0.3687011260746906,0.3762392929374576,0.3024189192905106,0.3152530994626003,0.2627605445811746,0.3890508894852879,0.3453444712718273,0.3610513867525388,0.3602582225827727,0.3672276257353616,0.3579700488397746,0.3548052980953551,0.3517813900260567,0.3373320494416983,0.299699634681987,0.3668812266770893,0.3514710358396833,0.2962030680780707,0.3633521283076226,0.2944943967146753,0.2888778480990963,0.3273051495369321,0.3591333431413495,0.3635275384908966,0.3173666475135832,0.3153059132082939,0.3640488496877968,0.354036027908726,0.2678417426104844,0.3797500276097534,0.3587833677677443,0.3714273006799701,0.3764608709762975
0.3497043317598053,0.3152205825551397,0.3063948696244361,0.3182691860085411,0.3960340426096214,0.2841212314052243,0.3143014022097434,0.3090746120185047,0.2858272885239698,0.3539692212800951,0.3617863873466981,0.2602114750028567,0.2544600645188322,0.3804246766649332,0.3568295376975213,0.3238031842935662,0.3368336762529506,0.3251496352979741,0.3406675471406142,0.3005024451819721,0.3384314180435959,0.3231479634300649,0.3503401937043149,0.3063365892106731,0.3400312877678355,0.3635014274082416,0.4283554193740053,0.3604831711535195,0.3768156909220768,0.3021319335388238,0.346613269329727,0.3647966972186438,0.3733142738513897,0.3022492107504748,0.3232762566277644,0.2750387662524068,0.3856954467128606,0.2531815234918131,0.2952199743844965,0.3592066429599571,0.3500281730546049,0.3445978372157065,0.3465156019891487,0.324023272345479,0.3529792279270189,0.3296667471803449,0.3420572772377422,0.3000251663619501,0.3210438144695531,0.3289629801448336,0.207789765649129,0.2928280713962098,0.3543035858653798,0.3461351146316117,0.3142671993743288,0.3195472650548677,0.3391913568973037,0.3516639334991219,0.3199043741868091,0.3036165170928851,0.324802071194917,0.3201136283802333,0.3347688851573072,0.3539086145870587,0.3812126249476283,0.3017300113484655,0.3679388294094897,0.375866734650457,0.3009865293937397,0.3211187051201032,0.2598423606184111,0.3905865315177921,0.3443750362920092,0.3625216261954503,0.3594753358209953,0.366350770397481,0.3578309023763303,0.3549022463102836,0.3519755522845602,0.3364121035638805,0.2976598719919844,0.3681045686653976,0.3511191200658663,0.2943349280695304,0.3627250931436396,0.2945653138690472,0.2961367653879203,0.328989908153462,0.3598191842588534,0.362422385920253,0.3170290343827519,0.3180051497645133,0.3630077648083146,0.3567872455831527,0.2734902669159199,0.3809305772908841,0.3610148254869653,0.3703075512186496,0.376298185375129
0.3502258934657116,0.3136574210078028,0.3042798952913475,0.3157992061652242,0.3967676521561827,0.2834601345657768,0.3141772879885213,0.3072741016976104,0.2843526331448802,0.3525564433194406,0.3549185353001058,0.2583764070656822,0.2566559168042876,0.3798101429275625,0.3567250296101739,0.322386446111204,0.3369801437070566,0.330565073239968,0.3392615364214503,0.2977612842838914,0.33909039649326,0.3272243958279072,0.3503854911203903,0.3077403768537528,0.3407960260118849,0.3653133175555045,0.4329738783195964,0.365125739242554,0.3753273979448833,0.3010438945571224,0.349712094442399,0.3653535314159217,0.3740311874726494,0.3000167157235709,0.3223976574404565,0.2722643310704557,0.3844328678811406,0.2528011526622496,0.2988777618415864,0.3589092186250103,0.3494015530326226,0.3448883124009294,0.3475147166190185,0.3279359437450294,0.3531745818736583,0.3288935453666802,0.3417291135242635,0.3020118670454659,0.3245703938334123,0.3286794218803848,0.2046787927671475,0.2893799542486962,0.3535004780864846,0.3458358123151274,0.3134644326050606,0.3184464193171193,0.3428765609494099,0.3514958925737632,0.3186173400573212,0.3017748104534685,0.3294009943980621,0.3185089395953989,0.3351464685941102,0.3534506915168067,0.3797956671530277,0.3007983202548618,0.3670931280663266,0.3754665327391501,0.2994126312414308,0.3267664660950126,0.2570018035054329,0.3919527203090777,0.3434008523802532,0.3636870445804544,0.3587452091828981,0.3655446934977898,0.3574860652529145,0.3550047070956575,0.35209296064812,0.3356107875215251,0.29549896821955,0.3690392012855013,0.350613669927681,0.2926497449646335,0.3622566639028627,0.2949408386624779,0.3038501970828011,0.3303260344754131,0.3602640730797474,0.3611334660617614,0.3168546814211859,0.3212123795082807,0.3617654243235714,0.3589726053630201,0.2802816015315911,0.3817742243291137,0.3632691590543362,0.3689999554390999,0.3758663994376124
0.350600765538484,0.3121685474326636,0.3023254086671537,0.3131997228594178,0.3972275577208456,0.2829828830243306,0.3139688245496451,0.3054651886657112,0.2833660714454579,0.3506762112568442,0.3484649210991125,0.256711883210206,0.2589921579854137,0.3792291844200713,0.3567909940814939,0.3209087519547413,0.3371477122457569,0.3356698411465228,0.3389619470760701,0.2951338952819758,0.3395272560304564,0.3308186866274125,0.3504683659156044,0.3095000374094095,0.3416675764140484,0.3669426465856369,0.437111869098336,0.3692330726323508,0.3737771458463345,0.3002241130840616,0.3523454383871734,0.3659359085300014,0.3747745572174442,0.2979491861514226,0.3214318826117144,0.2690218688456822,0.383161928115662,0.2535200070990335,0.3028296173251916,0.3586298916671454,0.3486767245040594,0.345179934053645,0.3484669955006129,0.3316027685392453,0.3533804844705092,0.3280161223985366,0.3414232311669741,0.304602346978495,0.3278829712677166,0.328559286078649,0.2034145073544261,0.2856737191996427,0.3526605755513697,0.3456534430114102,0.3127772254801282,0.3173802418939954,0.3460624101124864,0.3511966813777258,0.3174523567682486,0.2998993324967632,0.3337086010008998,0.3169915340111488,0.3351309249062437,0.3528773170888359,0.3779086301108382,0.2992336428747392,0.3661983396067537,0.3750465651825536,0.2976792079042397,0.3320970636415506,0.2544258696398965,0.3932017373890485,0.342405746101871,0.364623093816015,0.3580837346840126,0.3647819242245461,0.3569149535140042,0.3551022689961328,0.3520994264753515,0.3349908436092391,0.293247214223525,0.3697267680079431,0.3499559528511654,0.2912548981540371,0.3619469863920151,0.2955567144760441,0.3117779519696838,0.3312622523172662,0.3604773702515179,0.3597084026276055,0.3168108847398653,0.3246948208118937,0.360428313483071,0.3606582284106113,0.2880376720617869,0.3822971948990186,0.3655660593450178,0.3675790597693609,0.3751536416912215
0.350831737845005,0.3107624165184652,0.3005461139870993,0.3105096755485746,0.3974552710225154,0.2826629272469915,0.3137038319981703,0.3035976494218947,0.2830316002270108,0.3483936972400901,0.3424226086838423,0.2553775587801488,0.2614280990398057,0.3787031163809166,0.3570161705933208,0.3194236258369868,0.3373191796094395,0.3404339876262661,0.339518967251789,0.2927480657071711,0.3398701966693712,0.3339333599970169,0.350592022210191,0.3115206347287198,0.3426056044935155,0.3682963482765417,0.4402830952880504,0.3728158117267771,0.3722072705637814,0.2997804314270109,0.3545812200087754,0.3665111146235947,0.375497823514118,0.2961899840219473,0.3203774076713649,0.265422904687031,0.3819242073262231,0.2555074960813231,0.3069480220328753,0.3583842965976804,0.3478643989101925,0.3454570276794425,0.3493403694604087,0.3349797861512842,0.3535925536912809,0.3270260036386533,0.3411072614281706,0.3077131002115924,0.3309471774815756,0.3285850951125099,0.2039346772440681,0.281887454870951,0.3518130253927503,0.3455791080407747,0.3121981964265706,0.3163517112569277,0.3487866795100896,0.3507605341150358,0.3164200528570088,0.2980615580841102,0.3376687948442702,0.3156100564473843,0.3347831494978556,0.3522082474554959,0.3756413397068849,0.296816375550139,0.3652882043332319,0.3745891957278723,0.2957723143593956,0.3370371399789908,0.2522790169964446,0.3943767619858819,0.3413768204738924,0.3653836946523056,0.357502759719101,0.3640470957335747,0.356108681265459,0.3551979790720315,0.3519718234330552,0.3346058093276814,0.2909468648305062,0.3701878719553106,0.3491533764105541,0.2902706332230146,0.3617839289430402,0.2963378687534713,0.3196856423278966,0.3317551403554972,0.3604832300522776,0.3582034217743999,0.3168570582570107,0.3283359331293859,0.3591082665561805,0.3619171903045866,0.2965101791664261,0.3825258657362889,0.3679175397978321,0.3661129089494677,0.3741558433356756
0.3509338432895232,0.3094380386874352,0.2989386274663798,0.3077770650177194,0.3974902930620294,0.2824531215978796,0.3134065122984691,0.3016277089617957,0.2834911831227188,0.3458124615348358,0.3367637383998597,0.254548389643416,0.2639339749926159,0.3782547862420595,0.3573793633149363,0.3180056078461554,0.3374755384546227,0.3448648634924213,0.3406075685972063,0.290745699908816,0.3402361943321796,0.3365932637463568,0.3507622288322486,0.3137145396152135,0.3435868674481692,0.3692910402493721,0.4420135467446406,0.3759181527371226,0.3706524480171836,0.299810135460157,0.3564869003869495,0.3670368125342252,0.3761459976850985,0.2948840967328187,0.3192410448484579,0.2616453747437058,0.380757640400802,0.2588666871853926,0.3111061346656909,0.3581849501716934,0.3469821748685213,0.3457079199563153,0.3501104138148885,0.3380478611707046,0.3537966789154106,0.3259302178658256,0.3407552395910376,0.3112297105234594,0.3337467171493645,0.3287368540873007,0.2060513111678,0.2781899537417488,0.3509818030480948,0.3456071948878626,0.3117079814801164,0.31535637327491,0.3511095719145004,0.3501890296091741,0.3155161147751211,0.2963508077564553,0.34126430411836,0.3144032031779543,0.3341717767616152,0.3514720369185269,0.3731083689340943,0.2933726115448102,0.3643972256581323,0.3740535469230717,0.2936955153853202,0.3415424069306861,0.2506934300836823,0.395502477208291,0.3403094331887573,0.366000190025567,0.3570158346709298,0.3633322018840501,0.3550764386932713,0.3553103479596722,0.3516842858513099,0.3345006716589466,0.2886585372860554,0.3704302943490518,0.3482157335171695,0.2898243878469601,0.361747167342026,0.297204230532854,0.3273585285244985,0.3317636538087111,0.3603145624122208,0.3566749279830858,0.3169520411200469,0.3320041336738671,0.3579144650841317,0.3628162843098351,0.3054106932561659,0.382491561748234,0.3703220837237895,0.3646546002778542,0.3728716682721267
0.3509362960959415,0.3081789205675716,0.2974879700668356,0.3050559505174078,0.3973722048947387,0.2822962866236596,0.3131051290426221,0.2995218792234952,0.284849512838379,0.3430583830516455,0.3314555623332899,0.2544071625979116,0.2665011394652594,0.3779024706437582,0.3578521147270019,0.3167496571851275,0.3376031000655388,0.3489980439761003,0.3418781040586888,0.2892757880890925,0.3407246245022067,0.3388462009321695,0.3509830525462785,0.3160008946049429,0.3446099955743362,0.3698615310032161,0.4418795438017581,0.3786108805354573,0.3691405098888575,0.3003955957559359,0.3581225825151244,0.3674713975027031,0.3766659607762965,0.294164898546887,0.3180417400414743,0.2579321521669463,0.3796953963445182,0.2636166602592544,0.3151846156762755,0.3580482503533689,0.3460437309068782,0.3459229555509772,0.350755537590035,0.3408123942353364,0.3539686017113846,0.324745681024673,0.3403521602241812,0.3150179585799806,0.3362854350105828,0.3289946301646503,0.2094773204624591,0.2747546873625396,0.3501887385567777,0.345729418483029,0.3112680252787299,0.3143829809597135,0.3531015729803508,0.3494938934188033,0.3147245969482959,0.2948687529643277,0.3445057433948281,0.3133956352688498,0.3333763903963335,0.3506989903396242,0.3704373373282711,0.2887817445383396,0.3635539203557453,0.3733828967952576,0.2914835362730827,0.3455999661915722,0.2497618773063979,0.3965849618736937,0.3392052068763583,0.3664800100570962,0.3566350179300601,0.3626362482845641,0.3538460567731614,0.3554600298041664,0.3512100227177118,0.3347126559295785,0.2864595782682695,0.3704544301455031,0.3471565732954304,0.2900384362562927,0.3618063452515691,0.2980773535241207,0.3346119452321873,0.3312505247549689,0.360002286845747,0.3551711590214266,0.317046829379723,0.33543411515511,0.3569439411096679,0.3634043073323318,0.3144427564162013,0.38223288633186,0.3727617734894178,0.3632456161764664,0.3713021407944512
0.3508727311303822,0.3069543609583604,0.2961669973621165,0.3023995264352885,0.3971410786010388,0.2821344970315881,0.3128337118748955,0.297250161626776,0.2871615064329282,0.3402612520533498,0.3264641712127799,0.255124394666836,0.2691585837420047,0.3776590925358665,0.3584069000350042,0.3157658821006116,0.3376948385336129,0.3528850670775554,0.3430039020106321,0.2884813805142833,0.3414116405967017,0.3407631143553671,0.3512588615708681,0.318312206932092,0.345692908372041,0.3699660601560285,0.4395441787128161,0.3809688874690102,0.3676891968424358,0.30159682649839,0.3595307297267714,0.367780230436914,0.3770135400002013,0.2941394996671393,0.3168055247494424,0.2545840398256147,0.3787634415240423,0.2696831269792871,0.319085390624781,0.3579897885594036,0.3450598365282521,0.3460922580548418,0.3512540784452398,0.3432920549747491,0.3540806751138183,0.3234930708607053,0.339889168742094,0.3189312365215552,0.3385861168766615,0.3293488787890883,0.2138741627551698,0.2717718446632254,0.3494543726499101,0.3459301037311095,0.3108220219084359,0.3134178236506166,0.354830313449793,0.3486978723692411,0.3140239065904818,0.293725078496755,0.3474193079073128,0.312590083318916,0.3324810703642932,0.3499119133917199,0.3677531552817626,0.2829855824362727,0.3627793323483584,0.3725104229192699,0.2892026859448784,0.3492189558094489,0.2495255241927847,0.3976206736287049,0.3380682778686001,0.3668094004726764,0.3563644562708717,0.3619728411880461,0.3524571689577115,0.3556573483743175,0.3505385725226971,0.3352614544128252,0.2844406186026691,0.3702545296644662,0.3459961499002,0.2910144989481893,0.3619243678015695,0.2988843937899426,0.3413014827461096,0.3301884924457363,0.3595762186297285,0.3537277917589089,0.3170847050636055,0.3383178971645404,0.3562704834529851,0.363709937390299,0.3233195908489995,0.3817965793550254,0.3751992378606545,0.3619147512481572,0.3694519560930435
0.350774241039519,0.3057296636767913,0.2949326267725473,0.2998502552216576,0.3968340229676134,0.2819094602651674,0.3126223451484454,0.2947871802510775,0.2904224972697856,0.3375459826804218,0.3217618836227165,0.2568420851470048,0.2719555238889999,0.3775408562135169,0.3590161631348316,0.3151717312651823,0.3377449433703319,0.3565843868591984,0.3437034181169087,0.2884873213118133,0.3423394255343669,0.3424270385491051,0.3515937970427197,0.3205994460211787,0.346873128221546,0.3695854808031965,0.4347887670425029,0.3830574325910439,0.3663031023403808,0.3034379947451886,0.3607353105788248,0.3679346534448894,0.3771541891852735,0.2948757727390156,0.3155561662078906,0.251937213209786,0.3779764721616512,0.2769058957190805,0.3227425420144433,0.3580161147709245,0.3440492938593347,0.3462075339305238,0.3515919163525697,0.3455069883524115,0.3541072039948453,0.322199496145279,0.3393626085022747,0.3228221996716458,0.340678017720425,0.3298038408408688,0.2188938439254966,0.2694260608143121,0.3487946003609485,0.3461934170747622,0.3103075503798846,0.3124459182377295,0.3563517940515703,0.3478336974741252,0.3133913126596399,0.2930297142909462,0.3500423336986547,0.3119585706626727,0.3315591493919519,0.349127769992836,0.3651600888868982,0.2760055352279019,0.3620953268468514,0.3713622936852739,0.2869460207917129,0.3524177266358482,0.2499684581585014,0.3986010575213898,0.3369092362826732,0.3669652325653114,0.3562039414378163,0.3613698199842657,0.3509582575465879,0.3559055927169783,0.3496785692675093,0.336140058385355,0.2827080112375326,0.369823820940845,0.3447574021483131,0.2928209179599373,0.3620694513056571,0.2995615589210408,0.34732949287739,0.3285630118656692,0.3590731324780305,0.3523672686786363,0.3170154817194091,0.3404762591198249,0.3559344881021951,0.3637454639238512,0.3317775647898413,0.3812306166879964,0.3775737195728165,0.3606687567537114,0.3673260695966037
0.3506706541726633,0.3044731167282881,0.2937316702400806,0.2974359443520966,0.3964822640410151,0.2815626039242498,0.3124864448423343,0.2921247802229243,0.2945640650979079,0.3350255191361012,0.3173463736186979,0.2596668237880408,0.2749345746348679,0.377572417624804,0.359645987538928,0.3150847901052905,0.3377480830902999,0.3601515285893111,0.3437511877132407,0.2893936521108086,0.3435117487897835,0.343917338700201,0.3519826735309188,0.3228301123309915,0.3482098988237188,0.3687238516924191,0.4275399618488353,0.3849321618863973,0.3649760451115747,0.3059008922838248,0.3617505422935196,0.3679109442735911,0.3770649192580756,0.2963943867166682,0.3143143952448053,0.2503295308558024,0.3773345113046441,0.2850582980819667,0.3261204470856538,0.3581271346488784,0.3430381155581015,0.3462646648531971,0.3517676802206569,0.3474768732669323,0.3540238743976227,0.3209009458248439,0.3387806897353996,0.3265601372620804,0.3425845694226265,0.3303701839816649,0.2242087628881572,0.2678784094961699,0.3482190824629258,0.3465114786267977,0.3096672206018472,0.3114474957863347,0.3577064031584562,0.3469415368162027,0.3128064877810304,0.2928814174705873,0.3524193709653604,0.311442269777,0.3306666238499379,0.3483650366650178,0.3627262539424473,0.2679498370696798,0.3615269432911166,0.3698663184570783,0.284833276755507,0.3552202286423755,0.251026438439545,0.399508304322778,0.3357501136672227,0.3669269051815932,0.3561556646755819,0.3608565817593508,0.3494093949139579,0.3562066738429879,0.3486422975800045,0.3373175314997441,0.2813838337150423,0.3691663226662229,0.3434585169648285,0.2954848089225375,0.3622209194895243,0.3000612986990249,0.3526458480296716,0.326372745788606,0.3585359608865941,0.3511000019057008,0.3168044957489553,0.3418744979013977,0.3559346499602484,0.3635075096615319,0.3395997825039085,0.3805772767911595,0.3798009101148804,0.3594926114916577,0.3649222404256308
0.3505879327721155,0.303152133228629,0.2925137662323805,0.2951722259502086,0.3961126161956778,0.2810413017982384,0.3124239933862111,0.2892783018765448,0.2994560792848325,0.3327847387349244,0.3132479247676014,0.2636607257000842,0.2781402482504497,0.3777791032181647,0.3602602250594223,0.3156148978854966,0.337705737453664,0.3636253500770167,0.3429977611598299,0.2912701815101385,0.3449062211854774,0.3453047450063894,0.3524060419980056,0.3249818750744923,0.349775390894691,0.3674128688179615,0.4178874652817974,0.386634618579311,0.3636967172716894,0.3089310119904514,0.3625848479374207,0.3676937131419904,0.3767419309138602,0.2986651356977864,0.3131019753048118,0.2500712522503684,0.3768204997469244,0.2938652045629312,0.3292040428486879,0.358323267189515,0.3420449045618551,0.3462625357712067,0.3517882526564518,0.3492232348370274,0.3538093207178728,0.3196322644334521,0.3381681171796143,0.3300444866756657,0.3443239103610729,0.3310592446164572,0.2295414401497957,0.2672836063526215,0.3477334881788946,0.3468789273100348,0.3088529649744285,0.3103960051371473,0.35891458324034,0.3460642439267934,0.312254687688426,0.2933604981260513,0.3545913625227565,0.3109608721474391,0.3298485168931885,0.3476413460745991,0.360475212526504,0.2589996377235702,0.3610917922026787,0.3679684377239074,0.2830099282440897,0.3576561896286416,0.2525971106408877,0.4003135465089652,0.3346181799363956,0.3666786389642369,0.3562197381116537,0.360455103138369,0.3478776661555168,0.3565531295516633,0.3474411659731514,0.3387440869054502,0.280594258320661,0.3683041871316841,0.3421130694890986,0.2989881806851997,0.3623638409938056,0.3003612018390031,0.3572449934281441,0.3236330400413141,0.3580035313439973,0.349924484250097,0.3164281719610088,0.3425128300010222,0.3562220563746061,0.3629774489347193,0.3466402004639831,0.3798733098532872,0.3817807824797469,0.3583634379619074,0.3622290721458314
0.3505391684811686,0.301729198541032,0.2912380800595887,0.2930615352429564,0.3957508716292537,0.2803051182450959,0.3124193534451251,0.2862822737330663,0.3049156079281145,0.3308633460908695,0.3095118393285932,0.268826561405408,0.2816382148597765,0.3781756747813564,0.3608301214443549,0.316852531835107,0.3376280528265813,0.3670212887187001,0.341381691211757,0.2941445331653148,0.3464932239312029,0.3466530919812732,0.3528378482474273,0.3270357455430638,0.351633189110878,0.3657085325761121,0.4060809150658431,0.3881814206495516,0.3624536051694424,0.3124434579265808,0.3632373351881755,0.3672811036792352,0.3762050335995228,0.301606602220472,0.311936701146667,0.251421802816838,0.3763971682093213,0.3030194107330595,0.3319939142990811,0.3586033586430759,0.3410756750306266,0.3462003313469093,0.3516663222066813,0.3507660802397071,0.353453735099864,0.3184141334164829,0.3375614761553295,0.3332093405146707,0.3459143004583097,0.3318844412325606,0.234689710158127,0.2677990434445466,0.3473413362153003,0.3472829992185025,0.3078279029484878,0.3092617210580007,0.3599736374735043,0.3452412495764053,0.311729268727872,0.2945256127480974,0.3565855317286087,0.3104211163356162,0.3291418867987014,0.3469636812800509,0.3583866464978602,0.2493919184955579,0.3607938683378011,0.365645663542958,0.2816371662898614,0.3597546094887088,0.254541933625971,0.4009849454827248,0.333534813334539,0.366209933571164,0.3563853877247472,0.3601817260857596,0.3464217912241565,0.3569183187514429,0.3460988934739392,0.3403484091485255,0.280455672638687,0.3672719614128663,0.3407368686248202,0.3032663430846421,0.3624879701435319,0.3004684583545566,0.3611585549102056,0.320378186578634,0.357505285248143,0.3488257028197016,0.3158714302917157,0.3424110428408925,0.3566997084388521,0.362131031034288,0.3528286601672446,0.3791518236292506,0.3834101121150565,0.3572572337688369,0.3592335274802772
0.3505219513989083,0.3001690443144622,0.2898722330324174,0.2910873333546073,0.3954228245214769,0.2793271012297875,0.3124470281670288,0.2831913028153866,0.3107241731137673,0.3292483727273182,0.3061787399836138,0.2750980788458497,0.2854972914564854,0.3787647968384238,0.3613322655636981,0.3188560285914776,0.3375268050347956,0.3703380160405385,0.3389148123491148,0.2979877832096257,0.3482458825414244,0.3480116403216926,0.3532525295734779,0.3289718772054076,0.3538198653020594,0.3636757814866094,0.3925057267292038,0.3895630415909428,0.3612379551412827,0.316322430884685,0.3636999247135727,0.3666868969253324,0.3754910907946333,0.3050917831227884,0.3108227061226448,0.2545600424329238,0.3760039247230199,0.3122078321248031,0.3345081278274095,0.3589573167407228,0.3401355994200423,0.3460776880737322,0.3514256501304518,0.352117313413591,0.3529653962026234,0.3172540029283422,0.3369989277075108,0.3360237728124886,0.3473709556959734,0.3328604800866106,0.2395283296236439,0.2695534146464736,0.3470435862038345,0.3477064133029456,0.3065720778346487,0.3080169615493478,0.3608631889398426,0.3445036628651404,0.3112346789804259,0.2964046764164357,0.3584147787938802,0.309720350782246,0.3285667991688228,0.3463276299065425,0.3564029853034254,0.2394141609319699,0.3606330555142285,0.3629066876890204,0.2808755191458025,0.3615367413927449,0.2566909032944141,0.4014975111246911,0.3325142232505069,0.3655243469482334,0.3566338301055416,0.360045885252919,0.345080600181984,0.3572625635093078,0.3446543373787726,0.3420375792095034,0.2810697165836522,0.3661075080397724,0.3393498899752762,0.3082084793088899,0.3625947354191652,0.3004188755968604,0.364442196712386,0.3166566449383796,0.3570657447004044,0.3477762696817111,0.3151335397124805,0.3417192312832649,0.3572285712205922,0.3609539087510228,0.3581577314661693,0.3784394851887892,0.3845921676164226,0.3561419082876506,0.3559289072081257
0.3505237409820981,0.2984488487580565,0.2883938727747772,0.2892150317278626,0.395152700145953,0.2780961934961539,0.3124708882002684,0.2800896502207357,0.3166495370241163,0.3278704251657315,0.3032822197996673,0.2823420255154678,0.2897568511659148,0.3795416282693657,0.3617401847476961,0.3216440013669333,0.3374100869132204,0.3735627413111733,0.3356606976690238,0.3027117205697213,0.3501428165781555,0.3494023077317724,0.3536211114658298,0.330769688352813,0.3563403953630465,0.3613768000367565,0.3776517589774329,0.3907517117506789,0.3600446184151424,0.3204273439414485,0.3639678760549869,0.3659368305805301,0.3746441442536142,0.308961306878574,0.3097529142960151,0.2595493915453709,0.3755566599746164,0.3211457069128442,0.3367797394617761,0.3593672496480224,0.3392354455714031,0.3458963815044318,0.3511016405615477,0.3532803136405433,0.3523669117593569,0.3161551285913018,0.3365119575820572,0.3384903422334498,0.3486991045079973,0.3339951352189315,0.2439875142585772,0.2726222310607297,0.3468390161319734,0.3481377187038039,0.3050911705763852,0.3066384358989314,0.3615569397323843,0.3438713334682758,0.3107888087932954,0.2989810379376343,0.3600812943883046,0.3087540940056997,0.3281201195941306,0.3457269475626398,0.3544372249602358,0.2293950644274399,0.3606136456656116,0.3597872026601007,0.2808677365414436,0.3630195348269298,0.2588605050567968,0.4018347286021573,0.3315683950067785,0.3646472197287894,0.3569470336975975,0.3600386444779326,0.343874141335364,0.3575464264637685,0.3431446697447809,0.34370976224892,0.2825180615177975,0.3648528112028987,0.3379706466512984,0.3136626165522551,0.3626951965161628,0.3002746349611235,0.3671633361135411,0.3125248533271443,0.3567079404434022,0.3467427714391026,0.3142289015871031,0.3407565374278591,0.3576354818252469,0.3594491001969113,0.3626689904728046,0.3777537388776802,0.38524194630253,0.3549782391930231,0.352315784230211
0.3505226781883711,0.2965575196162927,0.2867987970004921,0.2874025797846345,0.394961516515492,0.2766267956560261,0.3124418424522853,0.27709502158509,0.3224651606660477,0.3265980329082608,0.3008497834623798,0.2903675215840297,0.2944298574244218,0.3804922565998106,0.3620279983788567,0.3251943015885701,0.3372857020268279,0.3766639916568776,0.3317262458065611,0.3081802327929926,0.3521734292068942,0.3508207311467128,0.3539078437007474,0.3324089013449481,0.3591689061954085,0.3588726952584221,0.3620801157817616,0.3917049487566685,0.3588720411894614,0.3246118908747441,0.3640452020904896,0.3650619092848933,0.3737125527847849,0.3130402483767844,0.3087204857981706,0.2663183891179215,0.3749508719265091,0.3296006043457226,0.3388438211745924,0.359815183382432,0.3383801276677841,0.3456597972295674,0.3507313039041375,0.3542563211936843,0.3516871641298683,0.3151156159641525,0.3361230014229952,0.3406383781031515,0.3498953539802206,0.3352821613915396,0.2480274358778223,0.277044937285673,0.3467267936504085,0.3485713932524976,0.3034210669602097,0.3051091592191239,0.3620289098504275,0.343350640052984,0.3104197933475758,0.302190690842597,0.361576709274693,0.3074318878612395,0.3277855960830342,0.3451572791867993,0.3523827276260837,0.2196756309336379,0.3607365425238909,0.3563492014491367,0.2817222684175723,0.3642241699768158,0.2608748450383075,0.4019843402552919,0.3307041492026797,0.3636189097576468,0.3573051440037224,0.3601258732528477,0.3428073569278775,0.3577326956619631,0.3415961014070356,0.3452679703609986,0.2848454571822677,0.363558994253262,0.336612544595271,0.3194477578074296,0.3627968637962168,0.3001216660502208,0.3693968902937774,0.308047086258704,0.3564500725471173,0.3456922418634396,0.3131775605365744,0.3398940626223236,0.357719460091583,0.3576344489945758,0.3664448723887143,0.3771065490565446,0.3852920670425691,0.3537364531047108,0.3484015005576069
0.3504835809342626,0.2944888566305909,0.285109026693705,0.2856074046401347,0.3948668882696765,0.2749701104830166,0.3123023437385167,0.2743531221277127,0.3279671767996098,0.3252405395468721,0.2988909011938916,0.2989392099624141,0.2995232125982718,0.3815865604758642,0.3621813854927892,0.3294461450223487,0.3371658549444394,0.3795883999685732,0.3272505286813226,0.3142202700821792,0.3543413246351991,0.3522490978027531,0.3540782479645797,0.333866884944043,0.3622445790322832,0.3562242311340862,0.346378385638489,0.3923681641504113,0.357723988469653,0.3287406114117854,0.363940723840168,0.3640958679195902,0.3727488597874168,0.3171534804842742,0.3077197552870403,0.2746668024536403,0.3740664781253566,0.3373982582495775,0.3407236726685065,0.3602842401323426,0.3375586883417272,0.3453711732934111,0.3503453586205832,0.3550493030731838,0.3509573908121143,0.314119956909452,0.3358459842109551,0.3425136932469594,0.3509538189764846,0.3367019577953096,0.251614306281759,0.2828347972272705,0.3467079194949912,0.348999813593196,0.3016237246584346,0.3034239158327558,0.3622529816613339,0.3429333611324908,0.3101574622179276,0.3059349921401449,0.3628832435359965,0.3056902965666518,0.3275477183520391,0.3446092205396481,0.3501289747417585,0.2105770233045966,0.3609889670107238,0.3526796921657448,0.2835001276581334,0.3651778055977976,0.2625775144279821,0.4019365493181247,0.3299155838061969,0.3624820584051983,0.3576764998377855,0.3602570100335778,0.3418671654396319,0.3577818873780893,0.3400343032898073,0.3466217081310472,0.2880428938465459,0.3622808623375891,0.3352867054008124,0.3253719060014474,0.3629001214287503,0.3000625574050439,0.3712229855500282,0.3032956387817364,0.3563037107606147,0.344594555503249,0.311998555355711,0.3394432310272875,0.357261556927115,0.3555427806256014,0.369595640822982,0.3765102705552735,0.3847009435342616,0.3524046125589321,0.3442046340444618
0.3503620281622178,0.2922431896343021,0.2833752189128887,0.2837821644641446,0.3948839657879741,0.2732177312120264,0.3119990880390003,0.2720337413030457,0.3329917844408462,0.3235661683846545,0.297384810644454,0.3077940239100396,0.3050271857463679,0.3827777316264308,0.3621971105393238,0.3343050773686947,0.3370653697214099,0.38227803260309,0.3223814761776566,0.3206253031694826,0.3566545619139528,0.3536611026782008,0.3541087816614633,0.3351163490893343,0.3654684038025567,0.353480823889778,0.3311050443849132,0.3926872174117851,0.3566118262680268,0.3326927056129881,0.3636668647008407,0.3630781868474828,0.3718026471516819,0.3211393330622695,0.3067369098200884,0.2842843884587128,0.3727749381257229,0.3444225087471073,0.3424285483373901,0.3607531337956521,0.3367526204462738,0.345033870767985,0.3499702888980285,0.3556651893662703,0.3502093121817862,0.3131401933238738,0.3356831693499952,0.3441706667261461,0.3518667410554569,0.3382239604412217,0.2546919620327913,0.2899468949727504,0.3467825550552553,0.3494137694704135,0.2997789504627711,0.301596411210117,0.3622076012897153,0.3425985423632074,0.3100276496092492,0.3100930852942209,0.3639816002924372,0.3034939287509262,0.3273898674874294,0.3440648098691347,0.347579676166359,0.2023864592931058,0.3613493181827502,0.3488807958323158,0.2862093273550705,0.3659102436609207,0.2638396694269476,0.4016865434642214,0.3291862911095666,0.3612796538981511,0.3580187831268636,0.3603768251272785,0.3410196123921876,0.3576579165831873,0.3384893528806079,0.34768521265426,0.2920480810226337,0.3610634649496876,0.3340047552797617,0.3312493692632324,0.3630069044017979,0.300203885818206,0.3727166699167863,0.2983426143146135,0.3562787186483764,0.3434249124133357,0.3107114902058071,0.3396665632852786,0.3560450679617642,0.3532284799837862,0.3722365762852971,0.3759776015094633,0.383457473940316,0.3509775642116388,0.3397586749876886
0.3501158121503352,0.2898365363228832,0.2816734269360448,0.2818705421602564,0.3950258555445655,0.2714969080699791,0.3114929032968458,0.2703274119599806,0.3374274406737126,0.3213232904346081,0.2962850959886084,0.3166595138034608,0.3108899037337535,0.3840117235878691,0.3620749372900972,0.3396521035829951,0.3369967169615951,0.3846914231818899,0.3172662451743552,0.3271651866941485,0.3591071757765137,0.3550191597459048,0.3539867939837804,0.3361315217577231,0.3687105426661093,0.3506728138928404,0.3167440603254826,0.3926213131260615,0.3555527927479549,0.3363662470339973,0.3632451074491623,0.3620528605813051,0.3709095551067338,0.324862999339196,0.3057509255067633,0.2947721341796127,0.3709496589060491,0.3506181832725482,0.343960429724948,0.3611955844032822,0.3359483359960998,0.3446527344558439,0.3496299628918208,0.3561104347933253,0.3494708303694996,0.3121462346739246,0.3356174377102303,0.3456651211886007,0.3526236712666066,0.3398045206577305,0.2571593855651469,0.2982579118162221,0.3469457174698997,0.3498112588290317,0.2979803417215689,0.2996641590977367,0.3618877590371807,0.3423170446525181,0.3100522198390322,0.3145248700777883,0.3648589969554889,0.3008328412225571,0.3272829729693911,0.3435048543335234,0.344663237477743,0.1953523306092986,0.3617972615679073,0.3450562945288877,0.2898044232957326,0.3664541951856945,0.2645731949733079,0.401236578184401,0.3284986851596368,0.3600596288384308,0.358291522423018,0.3604264520299782,0.3402155565832298,0.3573410107862755,0.3369816677692928,0.3483847339639337,0.2967561109556115,0.3599368064388309,0.3327772566284223,0.3369122321029311,0.3631180737150503,0.3006435258269267,0.3739359311951646,0.2932498920540475,0.3563866832887866,0.3421694102095681,0.3093351739849642,0.3408003064286229,0.3538828018275202,0.3507678019877943,0.3744662750466294,0.3755178751652318,0.3815786383124791,0.3494502807194486,0.3351080003635591
0.3497103456462641,0.2873051399645095,0.2800981104763847,0.2798134929497952,0.3953015710708983,0.2699646973948289,0.3107582584493035,0.2694310536674736,0.3412141753077929,0.3182575306827243,0.2955327473897662,0.3252732274737455,0.3170229774464491,0.3852358668733743,0.3618195908510389,0.3453527589686446,0.3369677016881467,0.3868040815197294,0.3120652882210964,0.3336127349350102,0.3616666953836033,0.3562825018226273,0.3537067311078384,0.3368992367409217,0.3718250635584417,0.3478201658955511,0.3036828612002966,0.3921421987250905,0.3545649514315399,0.3396921961332694,0.3627062610605122,0.361056318572814,0.3700874041057013,0.3282268716235809,0.3047473130415852,0.3056739907853721,0.3684763432201279,0.3559876590376117,0.3453173000108862,0.3615862298580105,0.3351348952770789,0.3442335093362754,0.3493392386599285,0.3563942463822536,0.348761637138516,0.3111098947878117,0.335609370868747,0.3470429597347568,0.3532180185122586,0.3413853653791265,0.2588732191266709,0.3075975771235463,0.3471865984852872,0.3501984290549287,0.2963350396971587,0.2976911579758818,0.361310314930284,0.3420561383723893,0.3102462497899588,0.3190765278656437,0.3655098602366952,0.2977269671735691,0.3271870762794567,0.3429160812776257,0.341333965473647,0.1896715176871698,0.362311671367252,0.3413041459781535,0.2941859453457979,0.3668482955646451,0.2647421434946192,0.4005935822347896,0.3278354642525527,0.3588703384162578,0.3584623990567399,0.3603424450757954,0.3394011146600815,0.3568313758486633,0.3355132880308802,0.3486672617537607,0.3020236668224783,0.358921607771957,0.3316114788106818,0.3422187568456497,0.3632165711901353,0.3014632934482421,0.3749222767091003,0.2880705774102483,0.3566365979925401,0.340827551738763,0.3078795978510181,0.3429827788194374,0.3506404166911411,0.3482466555453355,0.376356797091467,0.3751378975789389,0.3791048956556085,0.3478300272926021,0.3303018544148761
0.3491189155980567,0.2847049901347395,0.2787545531820412,0.2775588279506623,0.3957121226471446,0.2688036274434968,0.309781236078757,0.2695257599243665,0.344335503913538,0.3141371918217635,0.2950620662521727,0.3334056023060931,0.3233251590495795,0.3863992616678127,0.3614484904483135,0.3512616829575802,0.3369813108514602,0.3885988353471238,0.3069578593696086,0.33977216170677,0.3642691365748577,0.3574248766040658,0.3532711693337692,0.3374223277991264,0.374663528480576,0.3449433132919954,0.2922018542482942,0.3912302974905803,0.3536647070239104,0.3426424036293611,0.3620819010931659,0.3601054212844587,0.3693401851445376,0.3311734723230462,0.3037230091646007,0.3165235916885243,0.3652600843726192,0.3605731675470173,0.3464895071741718,0.3619035544449578,0.3342951255665626,0.3437812705041862,0.3490985856994255,0.3565307779775825,0.3480908335130874,0.3100020810387268,0.3356064623295214,0.3483302672337553,0.3536537372392754,0.3428999494453154,0.2596710871981396,0.3177787700671337,0.3474917498165118,0.3505805878409584,0.2949584303168305,0.2957688443390263,0.3605064382312968,0.3417831711486184,0.3106086147826389,0.3235974094607519,0.3659348179474399,0.2942310545459421,0.3270668891103564,0.3422895082229508,0.3375730015648535,0.1854773759428885,0.362863574483055,0.3377118960774025,0.2992033066371094,0.3671371149814971,0.2643628103027805,0.3997634182920535,0.327174322329419,0.3577493542928969,0.3585021516605119,0.3600677473885776,0.3385254711764666,0.3561421902047095,0.3340806575288864,0.348498734388012,0.3076715840304776,0.358033041844128,0.330510965700988,0.3470633001304915,0.3632647246436538,0.3027252288429041,0.3757101141535459,0.2828598886343761,0.3570303949787213,0.3394080365613654,0.3063425766386653,0.3461896881479296,0.3462506193761097,0.345748019183607,0.3779525825380095,0.3748467070087546,0.3760985774411133,0.346144677455258,0.3253944925881718
0.3483299792327669,0.2821148191896202,0.277753945580688,0.2750647382662302,0.396248439568085,0.2682126364912333,0.3085658840959592,0.2707604081788671,0.3468136698630124,0.308793057900431,0.2948032722464325,0.3408813394450427,0.3296828619666878,0.3874510308241743,0.3609882967339733,0.3572281878536222,0.3370353863367755,0.3900715440822573,0.3021243804796669,0.3454906036963301,0.3668120897494162,0.3584402188498434,0.352692890872218,0.33771431003012,0.3770881728870049,0.3420613235084714,0.2824632764469101,0.3898831539039499,0.3528668699214949,0.3452182568728084,0.3613997295895872,0.3591997124961163,0.3686612679011424,0.333682221363461,0.302674588222205,0.3268916701921505,0.3612332097932053,0.3644355335671253,0.3474591889407927,0.3621279739425564,0.333407829480816,0.3433010579755373,0.3488976633870717,0.3565366583944274,0.3474541299056181,0.3087958709232067,0.3355559366955852,0.3495346706334609,0.3539407496686554,0.344284558716986,0.2593969027182039,0.3285824293002555,0.3478459421872352,0.3509582972611768,0.2939612088301224,0.2940120949616518,0.3595139491474619,0.3414697490411009,0.3111167989786902,0.3279565789388662,0.3661448718791762,0.2904278010037328,0.3268992015730851,0.3416175920898183,0.3333918712918901,0.1828438259263143,0.3634197605357316,0.3343470385203742,0.3046690560294269,0.367369039490981,0.2634982886513717,0.398747044989775,0.326490337822951,0.356720290709485,0.3583810851910657,0.3595672217310615,0.3375461060067947,0.355295060027594,0.3326865112269979,0.3478580697279452,0.3135005913089045,0.3572773600038813,0.329474824324795,0.351383720188536,0.3632228845391178,0.3044662109050304,0.3763278034118855,0.2776820052379773,0.3575656897957104,0.3379255855949544,0.3047154123235703,0.3502929106408917,0.3407231630987972,0.3433490617501727,0.3792699943117547,0.3746556891220207,0.3726425644023001,0.3444302060678937,0.32044704654154
0.3473571061002903,0.2796400017443127,0.2772088906947605,0.272303000754816,0.3968928386299152,0.2683881534797348,0.3071411154938991,0.2732397318389872,0.3487050361873344,0.302154109587698,0.2946923650023578,0.3475871080737936,0.3359608165419906,0.3883443350845392,0.3604654002542058,0.3631093937517237,0.3371228558813922,0.3912462422831232,0.297737460722127,0.3506582414167844,0.3691484950229788,0.3593340393756706,0.3519928009038308,0.337797740484995,0.3789881933682736,0.3391894569944313,0.2745083919317893,0.3881251915433297,0.3521814410284534,0.3474358988518619,0.3606879597343205,0.358331893933842,0.3680329218744963,0.3357654640482189,0.3015889306731909,0.336421190435812,0.356368112663322,0.3676432297605388,0.3482097549275659,0.3622423904125592,0.3324576857725917,0.3428000987716293,0.3487213160657322,0.3564275341375049,0.3468324631312795,0.3074744740699717,0.3354072634501228,0.3506534827297806,0.354087141679933,0.3454852464408504,0.2579279982055474,0.3397462022850809,0.3482275493849874,0.3513332481837937,0.2934381530302875,0.2925493430320361,0.3583794350090535,0.3410966175488996,0.3117334301059468,0.3320481280396441,0.3661644601561288,0.2864130915876672,0.3266643137680537,0.3408979991913294,0.3288296099263075,0.1817967791787429,0.3639506876241662,0.3312474066591736,0.3103818791166526,0.3675945929157527,0.2622566711191924,0.3975420771576971,0.3257657684975167,0.355797457738719,0.3580752118560615,0.3588306612208532,0.3364344608335727,0.3543219776607865,0.33133194295773,0.3467376713855103,0.3193151293068366,0.3566507504232208,0.3284969971426967,0.3551582535900731,0.3630591820513623,0.3066907250225195,0.3767899152903441,0.2726116920290579,0.3582387198071644,0.3364037848350345,0.3029881728446604,0.3551569291887336,0.3341555282271485,0.3411201134634129,0.3802982983098116,0.3745724360433923,0.3688346221530431,0.3427180385391484,0.3155224936418181
0.3462357550410005,0.2774082141788333,0.277223288057841,0.2692703468982158,0.3976205785394924,0.2695001798345634,0.3055553240807231,0.2770066233987088,0.3500859779469166,0.2942627868672997,0.29468263634071,0.3534653578085404,0.3420199503616886,0.3890440936158328,0.3599069413694482,0.3687822532145102,0.3372332811979215,0.3921732495966514,0.2939746828660192,0.3552130716794919,0.3710947290828663,0.3601206335572442,0.3511964398126814,0.3377094604880218,0.3802932740079829,0.336349044516833,0.2682759733220421,0.3860025209371366,0.3516084795546946,0.3493268634860872,0.3599764145304611,0.3574891616664636,0.3674275867773693,0.3374647727229054,0.3004487488638983,0.3448540140272648,0.3506875691739572,0.3702683288941459,0.3487379139991755,0.362235612681119,0.3314380496847355,0.3422881637061971,0.3485507077461953,0.3562196747704922,0.3461979885779162,0.3060320464654212,0.335107306269113,0.351676317361862,0.354103097203342,0.3464587049374876,0.2552135448802147,0.351001955260758,0.3486051460419467,0.3517109827672505,0.2934654313360471,0.2915123861156175,0.3571614199653464,0.3406566622638398,0.3124145007756809,0.3357933135698118,0.3660263537327501,0.2822871289118372,0.3263403668645028,0.3401381091691599,0.3239396286371943,0.1823175712377891,0.3644283854855998,0.3284224801119186,0.3161469655395696,0.3678626831399594,0.2607864321453975,0.3961461526584816,0.3249927727746614,0.3549868905508659,0.3575751297009524,0.3578645851748652,0.3351813186184045,0.3532649993245209,0.3300070081323787,0.3451445490793101,0.3249392707371335,0.3561445807030285,0.3275674497319419,0.3583944614615738,0.3627382176687151,0.3093683927825076,0.3770975329958638,0.2677431145504066,0.3590385966861834,0.3348752640305894,0.3011505717144315,0.360639376982909,0.3267394430425702,0.3391160597530486,0.381008623674449,0.3745966335574889,0.3647796134006839,0.3410407462560171,0.3106769237841488
0.3450104893010798,0.2755602718349058,0.2778776846195337,0.2660015629123594,0.3983984199305404,0.271672024087311,0.3038635287839653,0.2820250135684167,0.3510351144402981,0.2852775889397165,0.2947461136499481,0.3585091310493268,0.3477467639055891,0.3895317234901806,0.3593460376439075,0.3741404710493811,0.3373547761189229,0.3929104638383776,0.2910160333020838,0.359147331246796,0.3724541848907497,0.3608293973993273,0.3503310392906569,0.3375000541536103,0.3809769711093168,0.3335755594456871,0.2636364561875182,0.3835732123131297,0.3511388278733539,0.3509424811720463,0.3592882646365526,0.3566458165727126,0.3668139516408463,0.3388426397719006,0.2992403711614983,0.3520517375877851,0.3442611466009818,0.3723779495662552,0.3490565084561283,0.3621016153260847,0.330346965936754,0.3417755480357377,0.3483631767053578,0.3559331759359388,0.3455242723873387,0.3044698135267104,0.334604028766344,0.352583722425345,0.3540101858103652,0.3471730366958194,0.2513103047557746,0.3621194742036552,0.3489426196670524,0.3520931884023686,0.2941001936217148,0.2910290616084858,0.3559245381338355,0.3401537806880016,0.3131094304460657,0.3391476024584259,0.3657655478819465,0.2781528417298204,0.3259124143243284,0.3393525973034628,0.3187769753587475,0.184345748963836,0.3648212537884586,0.3258621582971595,0.3217886577132748,0.3682143597290259,0.2592583060171071,0.3945560139217306,0.3241672425789069,0.3542846020138974,0.3568891240258385,0.3566886202112667,0.3337996140146873,0.3521689769532976,0.3286994551878827,0.3430934066873448,0.3302255862036385,0.3557493184277986,0.3266725359425171,0.3611215212666509,0.3622174812795198,0.3124412824837053,0.3772492701628929,0.2632074448568436,0.3599392281771633,0.3333729129035183,0.2991947083143897,0.3665402892090607,0.3187527145814305,0.337366706317305,0.381369623376819,0.3747222130990914,0.3605847674600911,0.3394377006845161,0.3059565343330509
0.3437308626661778,0.274245208690091,0.2792192479947553,0.2625736079172395,0.3991832797924408,0.274965027113652,0.302120853871237,0.2881784244289785,0.3516266123036981,0.2754729954567025,0.2948679484247783,0.3627631577630661,0.3530563629288101,0.3898050576121455,0.3588142585191294,0.379082018114564,0.3374758777896817,0.3935123577755028,0.2890074876902705,0.3625005974424617,0.3730426073088575,0.3615020209873813,0.349421278768063,0.3372216107537132,0.3810541028111501,0.3309102958386347,0.2604252483857914,0.380908954786115,0.3507591049811711,0.3523415591777122,0.3586349970514471,0.3557643573707068,0.3661645362039503,0.3399679596911719,0.2979521701165185,0.3579988271031501,0.3371918628770833,0.3740234921078786,0.3491883944823003,0.3618355845044889,0.3291870978403646,0.34127132191878,0.3481353989014291,0.3555888806823254,0.3447904301903467,0.3027998073766207,0.3338607120566946,0.3533529310065652,0.3538383513459711,0.3476120279373567,0.2463912922587521,0.3729121300664027,0.3492080917960593,0.352469368224466,0.2953745957446049,0.2912132897701367,0.3547305073786134,0.3395985981554872,0.3137615541362819,0.3421032017579433,0.365419972080317,0.2741115964878596,0.325381191069509,0.3385584690933448,0.3133949911174806,0.1877931978519924,0.3650998340954594,0.3235406860489181,0.3271595459521449,0.3686793035032163,0.2578404661509648,0.3927638901936357,0.3232867160391482,0.3536808884534336,0.3560398438473387,0.3553398839142295,0.3323232270651158,0.3510726128492177,0.32740737525356,0.3405997636562965,0.3350667339743159,0.3554539495467523,0.3257923923580317,0.3633870785354119,0.3614663586519481,0.3158367378724573,0.3772459479458399,0.259182382811053,0.3609007612681673,0.3319218281950843,0.2971202413419122,0.3726140393111729,0.3105332519875238,0.3358765858936396,0.3813597368030089,0.374939209411561,0.3563577672247121,0.3379421194261767,0.3014001920819235
0.3424553040504279,0.2736140536620118,0.2812600916072527,0.2591044417862332,0.3999255145352394,0.2793652326008654,0.3003814445520882,0.2952820144059793,0.3519334276022713,0.2652276124443936,0.2950448932024933,0.3663168991358092,0.357881372258595,0.3898755345335783,0.3583288753845576,0.383507061075545,0.337586928047748,0.3940320184096069,0.2880288501362684,0.3653405543212561,0.3727083532261269,0.3621782877532795,0.3484862373343248,0.3369163170776412,0.3805803027960255,0.3283898091737121,0.2584657376602075,0.3780980111502243,0.3504508127028589,0.3535705391821391,0.3580236113300481,0.3548090040823264,0.3654607769986437,0.3409023006470982,0.2965720736173304,0.3627817355570325,0.3296087283030756,0.3752406499445862,0.3491620476020097,0.3614352624939106,0.3279696127607794,0.3407830499405374,0.3478474801370287,0.3552022426794061,0.3439800929235838,0.3010529635409654,0.332863870888597,0.3539687264669527,0.3536138436311635,0.3477792470759651,0.2407306452728524,0.3832345919434806,0.3493759170158793,0.3528179486982183,0.297288102151924,0.2921492392646987,0.3536354675445219,0.3390041407927438,0.314319513763906,0.3446785549865532,0.3650302887845676,0.2702539110064794,0.3247580123394426,0.337775116446296,0.3078461409895051,0.1925577643998851,0.3652456699606141,0.3214166967476016,0.332148956088678,0.3692757909389835,0.2566832663947818,0.3907584386694329,0.3223557267809906,0.3531667833881041,0.3550584083144943,0.353872793175845,0.3308003726535816,0.3500034984462589,0.3261369300162152,0.3376833412405742,0.339404160270139,0.355247217822258,0.324901456388308,0.3652474081086684,0.3604798015352752,0.3194762456732142,0.377083658391579,0.2558822719295442,0.361877785706269,0.3305408175640658,0.2949360328219767,0.3786186401082315,0.3024450142342115,0.3346309267063907,0.3809711417828975,0.3752296979736685,0.3522038331671119,0.3365672414230446,0.2970395851755059
0.3412453394709085,0.2738015310983611,0.2839777033407172,0.2557559288826306,0.4005749272614628,0.2847759870214024,0.2986918043917438,0.3030958157048198,0.352027112157186,0.2549905294512405,0.2952876837633743,0.3692810221595755,0.3621800885242774,0.3897645041378303,0.3578939246594556,0.3873284184768809,0.3376798317531474,0.3945183471738848,0.2880939597293149,0.3677463996866013,0.3713526240246793,0.3628885396215408,0.3475408490256428,0.336616213794163,0.3796515570842219,0.3260492252442522,0.2575825553890416,0.3752346708183778,0.3501839670973287,0.3546601289184586,0.357465154203176,0.3537560355321635,0.3646942437684261,0.341694266619319,0.295094287210042,0.3665580009381211,0.3216667659699645,0.3760616919274407,0.3490138452237568,0.360907187643415,0.3267140941581148,0.3403168168035073,0.3474859518113223,0.3547847619147791,0.3430856842870526,0.2992788685931672,0.3316166982523054,0.3544270920318906,0.3533568959461906,0.3476971581214525,0.2346845736288123,0.3930006716232315,0.3494219388660088,0.3531131581078119,0.2998065847778512,0.2938780137141795,0.3526909872907575,0.3383833019670274,0.3147499696656325,0.3469053582811612,0.3646306621640831,0.266651861777681,0.3240580445133609,0.3370262145765962,0.3021800955667774,0.1985203079452727,0.3652476573470874,0.3194408803165812,0.3366883227720847,0.3700085591857293,0.2559146683160651,0.3885300838222172,0.321387984003729,0.3527330338149037,0.3539801277810266,0.3523480817593861,0.3292830398080714,0.3489777778591925,0.3248946457447347,0.3343741269547209,0.3432226653780004,0.3551214417722652,0.323976283954276,0.3667490218226312,0.3592680933603897,0.3232772524858493,0.3767519446619175,0.2535396133193636,0.362821925573535,0.3292449432680987,0.2926604311781468,0.3843152227924705,0.2948473566081839,0.333598679643008,0.3802122674497689,0.3755630790694557,0.3482212932937494,0.3353119559132323,0.2928947850193568
0.3401496638684661,0.2749037226572858,0.2873141111491025,0.2527354498409289,0.4010839708264561,0.2910247692170468,0.2970796412709372,0.3113406830095391,0.3519732411050666,0.2452342643689598,0.2956175464027506,0.3717616446310303,0.3659516917716858,0.3895007752405816,0.357509389278125,0.3904757613793916,0.3377479315436439,0.3950042111157049,0.289157962938593,0.3697992354673288,0.3689483109730228,0.3636549962997383,0.3465968157358629,0.3363457687707742,0.3783961588863737,0.323926511853155,0.2576109320205276,0.3724066580701273,0.3499173882035453,0.3556354728962114,0.3569722073097225,0.3525932697109985,0.363864622485476,0.3423797501441276,0.2935303217146828,0.3695284378555844,0.3135390470796231,0.3765255352039758,0.3487896533561671,0.3602679336020678,0.325444584092651,0.3398767374781347,0.347047290365311,0.3543511855156863,0.3421162808731077,0.2975405213455729,0.330132021688388,0.354731805379198,0.3530896713661918,0.3474018699581957,0.2286650304616629,0.4021886447849056,0.3493231052373871,0.3533285490097428,0.3028682128258125,0.2963950317409292,0.3519417507989428,0.337746879793401,0.3150368066140835,0.3488248644812967,0.3642408304489164,0.2633543407312274,0.3233067414445684,0.3363353270283413,0.2964429547636349,0.2055360831526894,0.3650934840085919,0.3175699768140446,0.3407506521045089,0.3708652154653365,0.2556331044677474,0.3860726173391453,0.3204013088279314,0.3523668028896647,0.3528435181435829,0.3508202072008243,0.3278184581915501,0.3480023228912094,0.3236887404514559,0.3307101296762042,0.3465376472743762,0.3550715159486871,0.323001543905403,0.3679171484185098,0.3578466408068878,0.3271545204388684,0.3762451804102129,0.2523923798708692,0.3636782669032942,0.3280395536576554,0.2903268600691126,0.3894466711156419,0.2880673206878531,0.3327338088535205,0.3791146457823638,0.375898421097679,0.344497990805455,0.3341707458831146,0.2889706260615587
0.3391963473817103,0.2769688289911111,0.2911794250828638,0.2502822351050598,0.4014080169122307,0.2978823678904959,0.2955491758968924,0.3197245061743834,0.3518325013909708,0.2364073939545985,0.296054591717674,0.3738483247017999,0.3692272781666142,0.3891205593562805,0.3571700682297501,0.3928869281722705,0.3377894199189977,0.3955014377413058,0.2911104750117915,0.3715713694916751,0.3655461297296065,0.3644859826336818,0.3456586373306101,0.336116310988697,0.3769596263790466,0.3220517629523285,0.258407194313813,0.36969681470138,0.3496081535757617,0.3565166978714239,0.3565515444186604,0.3513198948281469,0.3629774006642542,0.3429808084864049,0.2919162128332224,0.3719065875161872,0.3053961362412254,0.3766761270157353,0.3485382864631161,0.3595382699614673,0.3241871678375644,0.3394637862994492,0.3465402664922641,0.3539193144433142,0.3410957181246266,0.2959159014328964,0.3284370129063992,0.3548949518194175,0.3528366113990716,0.3469373591738468,0.2230899146902296,0.4108148788266498,0.3490658590301309,0.3534356895916761,0.3063897906505667,0.2996526239971977,0.3514219675310295,0.337100165320716,0.3151731958963791,0.3504865052104382,0.3638716780640058,0.2603811899300142,0.322549303292352,0.3357169111653161,0.2906824204362137,0.2134400768487315,0.3647738708323809,0.3157729511689472,0.3443439765646895,0.371818577373205,0.2558934755966552,0.3833796621744108,0.3194130368943337,0.3520568851174204,0.3516890832649347,0.3493319871294474,0.3264456998417677,0.3470763282997265,0.3225312529239127,0.3267335830995366,0.3493888061181446,0.3550895733983936,0.3219659601496179,0.3687598275636582,0.3562446628695374,0.3310268860535446,0.3755713446880982,0.2526718115570815,0.3643873836020432,0.3269138773804792,0.2879902531221592,0.3937731541918697,0.282367810573279,0.3319813599502653,0.3777367306958811,0.3761915999817878,0.341109145644357,0.3331275792474993,0.2852575665643267
0.3383971463367721,0.2799980978424645,0.2954622337982364,0.2486391295843888,0.4015076735386284,0.3050831988738685,0.2940836480589482,0.3279712105237623,0.3516656740460718,0.2288899934546982,0.2966074148778868,0.3756118681517368,0.3720467956229797,0.3886659617439748,0.3568587738929925,0.3945033322350512,0.337811095860793,0.3960076227085266,0.2937786446932637,0.3731136056771184,0.3612652271656223,0.3653655900219886,0.3447219842089038,0.3359182117851936,0.375488974984508,0.3204346086017895,0.259854875665665,0.3671888476484219,0.3492184125248047,0.3573082706943116,0.3562055033680266,0.3499528197691101,0.3620444361032675,0.3435026184794607,0.2903162758751867,0.3738801528115653,0.2973897451516042,0.3765579549170303,0.3483011734785985,0.3587391759568298,0.3229680048944363,0.3390735112201708,0.3459833247345698,0.3535019495675249,0.3400512703777915,0.2945006638156315,0.3265800275881274,0.3549407999275804,0.3526142525872162,0.3463504696948106,0.218322364814275,0.4189113455345646,0.3486541133698338,0.3534041881133854,0.3102705919516364,0.3035593936620178,0.3511558915045326,0.3364392561183666,0.3151632000685389,0.3519384874189266,0.363534656757479,0.2577193388602993,0.3218462209857904,0.3351726462148622,0.2849537051223001,0.2220599871953552,0.364294130369442,0.3140269771564503,0.3475006290730277,0.3728339504522429,0.2566975595942603,0.3804441792896663,0.3184395977495239,0.3518014044929459,0.3505538739941144,0.347913707356041,0.3251923618430852,0.346190554126969,0.3214310938956084,0.322497004087837,0.3518362334836624,0.3551646815743121,0.3208581938253782,0.3692744264807647,0.3545116565179318,0.3348253272101444,0.3747463444195886,0.2545758398435137,0.3648962412909331,0.32584496160012,0.2857253137806683,0.3971369615941156,0.27791617656927,0.3312862237017313,0.3761549368837196,0.3763987426011521,0.3381155526309136,0.3321470737195674,0.281734938778425
0.337748340706009,0.2839404374203222,0.3000395467782515,0.248025356221603,0.4013543303393126,0.3123439738984305,0.2926464158168726,0.3358405598838088,0.3515305897881582,0.2229546619155408,0.297271749850224,0.3771012771282752,0.3744504716867301,0.3881774970516078,0.3565505583958798,0.3952799053968086,0.3378245510143525,0.3965118002410487,0.2969583540096076,0.3744493263049522,0.3562780643773992,0.3662587282203382,0.3437795897719412,0.335723437064676,0.3741187306265829,0.3190672508206957,0.2618536833584746,0.3649599747775596,0.3487142380942239,0.3579982205360993,0.3559412597360944,0.3485279740286078,0.3610856308986158,0.3439346607857066,0.2888245347483206,0.3755792358530378,0.2896514082919998,0.3762201151091953,0.3481073956332736,0.3578934891207604,0.3218086590585669,0.3386938859871658,0.3453999733066302,0.3531059135272073,0.3390083972349616,0.2933985283875449,0.3246261426695878,0.354902380889177,0.3524275757499114,0.3456858545543328,0.2146307499043284,0.4265214632000388,0.3481075459538773,0.3532074700686444,0.3143953814360659,0.3079814051430325,0.351160376907107,0.3357510969936724,0.3150296840158686,0.3532169230236506,0.3632390179465244,0.2553270217868977,0.3212611635263288,0.3346960191379779,0.2793201641570595,0.2312175835912714,0.3636739101174603,0.3123166613097123,0.350265739720867,0.3738721102589043,0.2579976179285907,0.3772636324348346,0.317495870049845,0.3516045949868981,0.3494650793992178,0.3465810302308814,0.3240670803489834,0.3453269204934894,0.3203883724235151,0.3180728306246733,0.3539469255961883,0.3552872698609891,0.3196747647939509,0.3694443333184511,0.3527034240000433,0.3384942700867295,0.373785827041585,0.2582309985792754,0.365166925209284,0.3248055581222114,0.2836202433580781,0.3994831060463967,0.2747693262690523,0.3305974503886789,0.3744476644450936,0.3764743510875696,0.3355613706081354,0.3311834536340162,0.2783725382435426
0.3372233535750069,0.2886834228598696,0.3047819833801521,0.2486178696445929,0.4009341479829452,0.3193890084348331,0.2911801566440531,0.3431425950470511,0.3514711742840647,0.2187415136479171,0.2980347241892621,0.3783418655406385,0.3764799020951033,0.3876849697065715,0.3562228329205193,0.3951962016136404,0.3378368591257645,0.3969943051070304,0.3004490309043661,0.3755781691457486,0.3507937290801233,0.3671281413434847,0.3428252806082675,0.3354974765007902,0.3729590868125018,0.3179323252894262,0.2642948589809199,0.3630679090257862,0.3480653708768645,0.3585713712105997,0.3557746032910758,0.3470895229593888,0.3601261931602579,0.3442577849832939,0.2875608978878919,0.377067184379031,0.282293782177956,0.3757233254283037,0.3479742220462647,0.3570265115166297,0.32072262952498,0.3383069147536612,0.3448181559111785,0.3527410733689867,0.3379943690353451,0.2927059756723174,0.3226477700657464,0.3548121448773162,0.3522785172668437,0.3449820639275779,0.2121742188567843,0.4336830648193984,0.3474529111036805,0.3528305242651595,0.3186397824553404,0.3127549899608703,0.3514442765641717,0.3350183114552816,0.3148101762243472,0.3543441894734199,0.3629833690484098,0.2531415380632396,0.3208587208039199,0.3342769415248522,0.2738520619318416,0.2407216884848312,0.3629365818436174,0.3106411636542335,0.3526878939465419,0.3748884410401711,0.2597078622818934,0.3738436169552077,0.3165933519806333,0.351466659508594,0.3484383791891713,0.3453328439436982,0.3230535577096853,0.3444623492734066,0.3193983688705844,0.3135532641334083,0.3557769917275661,0.3554470398970882,0.3184297682117232,0.3692363679705828,0.3508672450204134,0.3419863519030434,0.3727077912654222,0.2636637677680254,0.3651761552389206,0.3237654517417794,0.281774719332395,0.4008438789707043,0.2728805182958528,0.3298684996031776,0.3726870968195442,0.3763712072068779,0.3334711036972023,0.3301958867346991,0.2751291554324489
0.3367715264559416,0.2940605449955586,0.3095611451176386,0.2505340100308742,0.4002475197018701,0.3259818861341401,0.2896110248949762,0.3497541519753587,0.3515094475421077,0.2162496030012808,0.2988759122307787,0.3793408700704158,0.3781695700173953,0.3872057795553148,0.3558558640176453,0.3942563082814442,0.3378483276301314,0.3974313072837452,0.3040703497800984,0.3764830383429763,0.3450334756698039,0.3679381956478711,0.3418499705189259,0.3352089540990255,0.3720894513491189,0.3169994451998046,0.2670474014717406,0.3615489949815089,0.3472510683244923,0.3590167457255397,0.3557217489664164,0.3456793268962799,0.3591890463633105,0.3444514037426011,0.2866625602024759,0.3783473666702019,0.2754033954435299,0.3751362060540257,0.3479064791139116,0.3561620644432828,0.3197165732755506,0.3378947001852623,0.3442710132353149,0.3524230813674339,0.3370362254313732,0.2925071715585146,0.3207240710778092,0.3546985768262628,0.3521713061596112,0.3442705009236404,0.2109948880504416,0.4403997830777,0.3467180328930486,0.3522718577961764,0.3228813078341488,0.317706462450766,0.3520054945104159,0.3342242956925988,0.3145397901879876,0.3553320138838534,0.3627593717250438,0.2510820081905128,0.3207098826210811,0.3339002137697434,0.2686278794318076,0.2503722122324078,0.3621057332689223,0.3090166196845947,0.3548117617466557,0.3758386165694393,0.261714366368093,0.3701975886465639,0.3157406255029362,0.3513812818477186,0.3474790244428373,0.3441527969378679,0.3221138320312819,0.3435750964955681,0.3184536086177699,0.3090430029981323,0.3573643313224873,0.3556238558896063,0.3171491506258192,0.3686126519193995,0.3490448693169631,0.3452587482002924,0.3715386635056685,0.270793599248852,0.3649129791599361,0.322691292415825,0.2802986860189801,0.401326578628091,0.2721140094740797,0.3290597185340771,0.3709397417120536,0.3760468284247442,0.331846788405253,0.3291493183059802,0.2719518859911431
0.336329694505857,0.2998759547107124,0.3142636552909859,0.2538115822437818,0.3993069768676177,0.3319482477992661,0.2878570187087226,0.3556288351540189,0.3516413205255737,0.2153407178813184,0.2997636979165621,0.3800955855398029,0.3795356860229048,0.3867493872686859,0.3554296902654774,0.3924857735957739,0.3378596647537938,0.3978072390358337,0.3076746114911578,0.3771368324039645,0.339200265110007,0.368645008178291,0.3408408833049997,0.3348321485531421,0.3715570472403814,0.3162211348986482,0.2699660145884495,0.3604242285148719,0.3462651676934259,0.3593215976338982,0.3557882753395534,0.3443368519581183,0.3582890792955299,0.3444973229266936,0.2862742598795459,0.3793716645623654,0.2690363126445617,0.3745227804355263,0.3478948731815062,0.3553193173411493,0.3187904825816522,0.337444332256045,0.3437921466897988,0.3521640867861408,0.3361496536035123,0.2928741563031478,0.3189448049282108,0.3545886097935698,0.352106628522818,0.343574682505584,0.2110166522316373,0.4466399596705364,0.345933070241976,0.3515390305800097,0.327014533585566,0.3226654515100215,0.3528301556845667,0.3333545373599356,0.3142411478702226,0.3561805500109454,0.362564464758992,0.2490513679269098,0.3208882856013864,0.3335429672789868,0.26373405482309,0.2599774596845805,0.3612099116885695,0.3074667801397033,0.3566719380021251,0.3766905281708756,0.2638818870803731,0.3663490899254414,0.314944564515064,0.351340820929606,0.346580955748395,0.3430137046386334,0.3211984938986565,0.3426481271640956,0.3175373188905486,0.3046571508941845,0.3587315501329181,0.3557857103176475,0.3158568650972393,0.3675471560086416,0.347277367531183,0.348274871090266,0.3703106431123771,0.2794392377332831,0.3643821783808724,0.3215536177277358,0.2793045956478943,0.4010895265564435,0.2722580936871866,0.3281441166786608,0.3692626090655487,0.3754719292338083,0.3306688957862381,0.3280088980409458,0.2687821489290241
0.3358341650953275,0.3059244956489852,0.3188022112750531,0.2583959551339996,0.3981366938930429,0.337180728179846,0.2858341547304652,0.3607896993066476,0.3518287922486092,0.2157580271177286,0.3006544933275226,0.3805958120755649,0.3805774234375455,0.3863171925419009,0.354931600669556,0.389934906686991,0.3378746801741277,0.3981237538997854,0.3111654136870348,0.3775106064935908,0.3334572173330933,0.3691993424045818,0.3397909639563507,0.3343477963747657,0.3713737833829846,0.3155437765393263,0.2728998645508325,0.359699576235099,0.3451157200946661,0.3594688137345114,0.3559676585778972,0.3430990728416727,0.3574335737242277,0.344383278424991,0.2865353865481643,0.3800537339167655,0.2632289546578247,0.3739368061119834,0.3479200379532635,0.3545130930875981,0.3179322238949232,0.3369467446908607,0.343407834814262,0.3519681677073109,0.3353339706285171,0.2938567451440596,0.3174040285731375,0.3545047178828585,0.3520773395256331,0.3429061523819883,0.2120687558347597,0.4523556756626123,0.3451338850583182,0.3506460435094223,0.3309603313963689,0.3274713678881293,0.3538949580783098,0.3323966697687334,0.3139300163428342,0.3568782697000773,0.3624049221137609,0.2469478480722121,0.3214546965294196,0.3331783501501968,0.2592582323689689,0.2693688691381573,0.3602810789014452,0.3060127508976972,0.3582898913025362,0.3774293603475338,0.2660614824252739,0.3623371114220714,0.3142079932959968,0.3513374754013028,0.3457276463609477,0.3418817158830848,0.3202556625304191,0.3416685164068726,0.3166221328093453,0.3005239853746058,0.3598878015354987,0.3558983565650604,0.3145731636216533,0.3660291305543947,0.3455957735835455,0.3510062226886384,0.3690542591539834,0.2893278677063895,0.3636078861143352,0.3203345702507402,0.278897655784426,0.4002980940867969,0.273046826110438,0.3271111224285198,0.367692278130084,0.3746332338661443,0.329902139963828,0.3267468650361559,0.2655673079100404
0.3352235305566337,0.3119978379976367,0.3231133716907545,0.2641430306338022,0.3967719607178327,0.3416354092821194,0.2834620771450056,0.3653123289401354,0.3519920951147851,0.217163847496218,0.3014993270628926,0.3808246076177961,0.3812845988672463,0.385896251220464,0.3543650433562657,0.3866806067964206,0.3378923612605413,0.3983980321471986,0.3145053081828181,0.3775825911696642,0.3279227150320787,0.3695655913354568,0.3387047162994062,0.3337464767598788,0.3715109309452913,0.3149221567469135,0.2756867847888792,0.3593610970349039,0.3438239432830007,0.3594465463662821,0.3562484679443386,0.3419889151528065,0.3566251145075566,0.3441077726808509,0.287560368575856,0.3802965774935521,0.2580119453749441,0.3734262070825954,0.3479617105608728,0.3537529376624269,0.3171140410183875,0.336393895319466,0.3431345148870821,0.3518397596880053,0.3345790633382892,0.2954679961895594,0.3161860986270075,0.3544574969302987,0.3520753148702854,0.3422602574612418,0.2139302291099394,0.4574805984580591,0.3443587289169365,0.3496162605122162,0.3346621439950992,0.331983931623484,0.355170112958368,0.331343939463238,0.3136212171500944,0.3574102108245458,0.3622877351243827,0.2446821656702628,0.3224441646636486,0.3327829284780531,0.255279388256012,0.2784066767244804,0.3593450978126419,0.3046714976432645,0.3596746881323845,0.3780521696953998,0.2681007253880895,0.3582173844173354,0.3135262837716462,0.3513588458866357,0.3448993369092572,0.3407204108211558,0.3192364998275343,0.3406265979035139,0.3156808239962013,0.2967816794970235,0.3608280625272092,0.3559326575779263,0.3133216335314807,0.364058176500306,0.3440119851343207,0.3534297507634893,0.367796555546779,0.3001108175262899,0.3626289040788464,0.3190267552663791,0.2791699553774452,0.3991010267758469,0.2741982017160502,0.3259646303161299,0.3662408196069009,0.3735300897964581,0.3295009542625962,0.3253549584793987,0.262268763482344
0.3344393974551629,0.3178941479629349,0.327148606909551,0.270833824473109,0.3952560691997796,0.3453287662570679,0.2806754791397347,0.3693111197021717,0.3520124768196697,0.219186567610488,0.3022516897397209,0.3807665300891521,0.3816427352199524,0.3854585562287486,0.3537436638016913,0.3828182983346203,0.3379025319156926,0.3986567778460096,0.3177025967639108,0.3773444216353773,0.3226731692455856,0.3697293056682177,0.3375911326499432,0.3330327782862461,0.3719026466747803,0.3143199995839669,0.2781528334238019,0.3593744850500595,0.3424248163422851,0.3592555609991405,0.3566164960148171,0.3410029142377078,0.3558621676700622,0.3436822294255972,0.2894185297063502,0.3800258629179922,0.2534096487173438,0.3730332736930024,0.3480038627776163,0.353039541084835,0.3162991138668968,0.3357819502577895,0.3429808399916403,0.3517883260120319,0.3338710361599918,0.2976832397197718,0.3153601353295081,0.3544459741289276,0.3520996332817971,0.3416188692565333,0.2163691356374865,0.4619223935832602,0.3436374797081209,0.3484826757090129,0.3380790663669831,0.3360987056772611,0.356619981321692,0.3302005363580932,0.3133218806677428,0.3577674278802948,0.3622175435327944,0.2421876289917939,0.3238628731027457,0.3323407115235096,0.2518603095512287,0.2869847510318983,0.3584168833800055,0.303456714439105,0.360824277956438,0.3785632663485369,0.269855528813086,0.3540605108242046,0.3128881988812762,0.3513858729483681,0.3440796173748366,0.3394970476265866,0.3181007833886172,0.3395169934638882,0.3146936987642905,0.2935668880140941,0.3615369829349552,0.3558605297267417,0.312124537166409,0.3616480130238808,0.3425233539142864,0.3555244649892791,0.3665643933434909,0.3113934122817975,0.3614890874383971,0.3176294888966867,0.2801919408138366,0.3976296037107709,0.2754519673717435,0.3247168918626184,0.3649048986630152,0.3721721423359576,0.3294106689226889,0.3238438682799732,0.2588634207838565
0.3334338326921229,0.3234421024066956,0.3308726992099863,0.2781925683677229,0.3936361410066173,0.3483287569855252,0.2774387099928617,0.3729261271492792,0.3517438944404021,0.2214616349889855,0.3028693758961914,0.3804201500667278,0.3816408797172346,0.3849711118752144,0.3530802473480076,0.3784519277156449,0.3378951516775886,0.398933567460467,0.3207932990557399,0.3768033267126875,0.3177460693212254,0.3696852662362516,0.3364579204788058,0.3322269762913817,0.37246265753463,0.313704973396837,0.2801367072030467,0.3596905116204082,0.3409644093743094,0.3589042475024571,0.3570452840767257,0.3401146068755157,0.3551382895211271,0.3431287285428343,0.2921234433090902,0.3792102506751276,0.2494324774719861,0.3727847929442382,0.3480337419708465,0.352364518841721,0.3154514738281513,0.335118061920084,0.3429463407385288,0.3518188284292304,0.3331901061566882,0.3004493789563788,0.3149834801731835,0.3544657538768338,0.3521548100117594,0.3409591479978748,0.2191679477101905,0.4655906390965061,0.342984058467055,0.3472799495233905,0.3411896830085141,0.3397554763567108,0.3582004389077041,0.3289825263277172,0.3130219602350008,0.3579469788672964,0.362202147645947,0.2394230759313109,0.3256865206279795,0.3318443693851918,0.2490420960448811,0.2950382439751626,0.3575027609777148,0.3023741195326251,0.3617270858175799,0.3789757171276779,0.2712020152845898,0.34995561130574,0.3122790623470369,0.3513942196263299,0.343253187946357,0.338189941189467,0.3168234051849821,0.3383407539996361,0.3136452903083901,0.2910040558422914,0.3619977514288732,0.3556498851852109,0.3109882563388032,0.358835947126023,0.3411174319293635,0.3572731656534558,0.3653863860153176,0.3227745884252802,0.3602325044528842,0.3161522367348099,0.281998047751818,0.395978218514002,0.2765863642151539,0.323382518896793,0.363675055032107,0.370582860230201,0.3295701794171459,0.322233383691585,0.2553480398986764
0.3321798457422679,0.328521884045923,0.3342692217039123,0.2859087588078899,0.3919606911225738,0.350734261897612,0.2737554585107263,0.3763033273608518,0.3510240992474551,0.2236665300223839,0.303312772310969,0.379802479773019,0.3812825415803541,0.3844058547610499,0.3523892945535326,0.3736911601115412,0.3378700210236272,0.3992686812843675,0.323828753017504,0.3759816257186674,0.3131497778068063,0.3694312252278724,0.3353175824625315,0.3313622664147186,0.3731003983604463,0.3130545322154951,0.2815198221315535,0.3602510761616974,0.3394926091514989,0.3584034464393858,0.3574880641285732,0.3392877418408463,0.3544431552706062,0.3424777936567332,0.2956312506765168,0.3778662863690346,0.2460796853638322,0.3726863067085199,0.3480435428178629,0.3517158334794162,0.3145375060231559,0.3344199817371827,0.3430162103548409,0.3519247062519688,0.3325114378632935,0.3036872070463327,0.3150970923967998,0.3545119301806391,0.3522437860101243,0.3402595664840118,0.2221477673870596,0.4684278094477501,0.3423999811791489,0.3460372293299147,0.3440004826501024,0.3429338130173628,0.3598559773777429,0.3277128369452395,0.312696903724305,0.3579476232053459,0.3622528773158672,0.2363786731504724,0.3278545089565772,0.331298370891801,0.2468390489208837,0.3025472466111085,0.3566006384594213,0.301416262696877,0.3623688535418316,0.379310732004098,0.272045726934269,0.3460162886653487,0.3116811694532748,0.3513552151482641,0.3424021656076704,0.3367926132127588,0.3153990836525863,0.3371073529868031,0.3125259874518464,0.2892005950658762,0.3622005267305243,0.355269802418043,0.3099009771849063,0.3556802940912549,0.3397673838870189,0.3586675717198644,0.3642925421692818,0.3338844645206303,0.3589037148187858,0.3146189194286705,0.2845801271018525,0.3941950568615637,0.2774203510755842,0.3219761807570812,0.3625358782182327,0.3688031258195904,0.3299224443090434,0.3205487031696495,0.2517516755574139
0.3306761411515524,0.3330648117741182,0.337340129266952,0.2936665168014239,0.3902775362349873,0.3526530802910871,0.2696739625075828,0.3795743510811302,0.3496873480911879,0.2255543814563268,0.3035456374829549,0.3789434290196613,0.3805889902756182,0.3837402187072413,0.3516946564792353,0.3686499339008448,0.3378330325185988,0.3997058106856815,0.3268614279645904,0.3749149031717645,0.3088845146998875,0.3689776240971517,0.3341911096019433,0.3304767620692008,0.3737251417402211,0.312365222950686,0.2822355722666153,0.3609924966821218,0.3380566931824423,0.3577717343728823,0.3578859927715387,0.3384808216641288,0.3537651695473891,0.341768422672442,0.2998414494842919,0.3760604355528488,0.2433491750925789,0.3727297881976473,0.3480372584231787,0.3510823286554604,0.3135213674799147,0.3337065987180311,0.3431595038034246,0.3520960108243286,0.3318131730067297,0.3072891157326816,0.3157097906970829,0.3545745217204116,0.3523657620350514,0.3395003412814081,0.2251911718968385,0.4703934445950723,0.3418807121136755,0.3447804452114922,0.3465403917517021,0.3456442651991685,0.3615216565620513,0.3264157326574264,0.3123187393872511,0.3577730948269647,0.3623758918256046,0.2330834172307227,0.3302670308763271,0.3307207439480067,0.2452363608728208,0.3095324030853583,0.3556972068685436,0.3005638225224387,0.3627434345480515,0.3795908679187147,0.272325405878013,0.3423754671646804,0.3110728972221245,0.3512390132209886,0.3415119608731723,0.3353128333922864,0.3138437880147611,0.3358343884924527,0.3113444683068222,0.2882444805970225,0.3621486043371476,0.3547002447868014,0.3088442783409296,0.3522462620600207,0.338433390220005,0.3597101966198257,0.3633133217551893,0.3444140532021366,0.3575448862584214,0.313062201612871,0.287896025373289,0.3923425516467504,0.2778219764425317,0.3205133577525248,0.3614673852638392,0.3668855841598977,0.3304260170299007,0.3188213765679918,0.2481448305448144
0.3289445179682422,0.3370408908119105,0.3400961631243894,0.301175990112754,0.3886284109567947,0.3541897107356594,0.2652939799414565,0.3828449599050019,0.3475869628003832,0.2269750000106578,0.3035372696986645,0.3778816751966411,0.379596136779304,0.3829549388701767,0.3510222117795545,0.3634393402532298,0.3377890953350656,0.400282597321913,0.3299290122648577,0.3736504373708686,0.3049629205743537,0.3683510533480069,0.3330987369904946,0.3296031542881746,0.3742478655110149,0.3116492897899633,0.2822676903028717,0.3618455399357163,0.3366980616582768,0.3570408867481504,0.3581851377245536,0.3376432577557146,0.353093437414382,0.3410455740459125,0.3046020042111422,0.3739115160119876,0.2412369985427853,0.3729021392360771,0.3480325661998592,0.3504528762516372,0.3123663197686597,0.3329914238487589,0.3433325663031402,0.3523262140407363,0.3310805024138106,0.3111287508663407,0.3167910894672379,0.3546388547228378,0.3525190429953235,0.3386649086013985,0.228246861711392,0.4714488564464543,0.3414124007264411,0.3435358559572601,0.3488425527780976,0.3479228961535838,0.3631294515997489,0.3251149435036107,0.3118614735045986,0.3574403230284316,0.3625669187858707,0.2296040716397982,0.3327936816988682,0.3301367998656177,0.2441926197938403,0.3160466868893463,0.3547706803870219,0.2997891358154116,0.3628568678068148,0.379833976787422,0.2720131809178943,0.3391706201780572,0.3104307874845712,0.3510222180742154,0.3405801455460069,0.3337701032173699,0.3121927802000154,0.3345434570561699,0.3101316332221814,0.2882004305644497,0.3618619296239885,0.3539356254997983,0.307797035234103,0.3485987199287895,0.3370764188535415,0.3604115316977943,0.362477708293895,0.3541368631996985,0.3561879687725292,0.3115129862624771,0.2918763148914413,0.3905555939117703,0.2777214399393906,0.319008848639604,0.3604562146150772,0.3648815978887237,0.3310564318291945,0.3170844953698331,0.2446355903763842
0.3270251251750686,0.3404541189555549,0.3425500825011669,0.3081962818033645,0.3870413652308173,0.3554379980768145,0.2607736901281769,0.3861896850576632,0.3446217501525772,0.2278715439918059,0.3032623176033799,0.3766669766118998,0.3783555120099547,0.3820379424579057,0.3503851831335797,0.3581616819271449,0.3377468016908749,0.4010192854256004,0.3330465300068893,0.3722458522779965,0.3014164678685611,0.3675809010303679,0.3320529559937984,0.3287628397040654,0.3745939426636562,0.3109233688546063,0.2816593195232826,0.3627358513068255,0.3354488975838358,0.3562497320330205,0.3583423095999861,0.3367202716824107,0.3524185814981981,0.3403526027198552,0.3097245955289147,0.3715830684760591,0.2397263426403636,0.3731824425492971,0.3480524900464253,0.3498145698673966,0.3110434775681553,0.3322868480656756,0.3434822985765968,0.3526026061022412,0.3303020788277328,0.3150803450244394,0.3182823586797353,0.3546948318167993,0.3527029497938736,0.3377454190324548,0.2313140650850561,0.471608486629741,0.3409646244951385,0.3423241094458698,0.3509342198394835,0.3498264430573758,0.3646118141852802,0.3238327009328161,0.3112990717896656,0.3569801496908328,0.3628145607190312,0.2260371529912663,0.3352911383808417,0.3295699637038446,0.2436449801318884,0.3221678823871,0.3537987638516969,0.2990557972333429,0.3627220006674952,0.3800506923978531,0.2711172140316024,0.3365357460648956,0.3097331442100995,0.3506918291867786,0.3396146249347733,0.3321952481711323,0.3104946389709953,0.3332558530942147,0.3089277334856096,0.2891051270403101,0.3613754331139074,0.352983025403703,0.3067275800474639,0.3448056538452946,0.3356642539235083,0.360787624232357,0.3618119188886586,0.3629194800971019,0.354850278320662,0.3099969350738454,0.2964166000999523,0.3889778000216876,0.2771085485421884,0.3174702575761926,0.3595048041434233,0.3628333322383703,0.3318006965397718,0.3153654270810567,0.2413624837886697
0.3249737029639195,0.343344608226405,0.3447199802832302,0.3145465650860513,0.385527194556048,0.3564703832440565,0.256328276260131,0.3896467855228767,0.3407528450394738,0.2282652038877019,0.3027008242322951,0.375358647699581,0.3769334671503413,0.3809900571392778,0.3497846936294976,0.3529134485539054,0.3377264281737532,0.4019154877523946,0.3362039455075248,0.3707640118661359,0.2982897130531287,0.3666903268712858,0.3310645475075846,0.327967355787829,0.3747181013874023,0.3102041257627938,0.2805230145604374,0.3635912586385886,0.3343281131903137,0.355433817913165,0.3583191947200616,0.3356690755547978,0.351733182910634,0.3397249600783817,0.3150060871223845,0.3692619632340652,0.2387815045349525,0.3735374811162426,0.3481165011722176,0.3491547323874643,0.3095372592170212,0.3316095486246462,0.3435472033938805,0.3528963747111834,0.329469967131912,0.3190301875712015,0.3201081012190511,0.354743156236098,0.352916425778824,0.3367461790987776,0.2344232812255977,0.471001076424435,0.3404951231123433,0.341152663222987,0.3528406373657279,0.3514237150586641,0.3659002197897131,0.3225853294479084,0.3106062915738331,0.3564290660595752,0.3631023817366737,0.2225044236878359,0.3376195985806393,0.3290411331078523,0.2435149530159832,0.3279918697785176,0.352763265360107,0.2983182283411574,0.3623562070039129,0.3802403397777438,0.2696882425370333,0.3346010741798266,0.308961673483855,0.3502399258554193,0.3386247613319989,0.330629836783132,0.3088021576997499,0.3319932345194817,0.3077735688238154,0.2909638819783706,0.3607340015591137,0.3518613389332969,0.3055942300290722,0.3409369352215171,0.3341621351581903,0.3608609570568254,0.361341234003634,0.3707172057460363,0.3535381432146788,0.3085358801007967,0.30137382374175,0.3876536188683005,0.2760122893609394,0.3158921389841749,0.3586267886480115,0.3607758935278802,0.3326567179099859,0.3136840697471198,0.2384950486452263
0.322859097422055,0.3457815496796696,0.3466335981780486,0.3201104522570563,0.384083084604407,0.3573298554811743,0.2522189463555135,0.3932154301484762,0.3360118048933583,0.2282455913540181,0.3018420480921897,0.3740134007781293,0.3753976944154921,0.3798242635374198,0.3492220304082307,0.3477912636708575,0.3377542364611673,0.4029585789131334,0.3393629889404375,0.3692626347788203,0.2956325412052483,0.3657036606263947,0.3301453998432104,0.3272206869265747,0.3746045424883379,0.309509837603014,0.2790314371942133,0.3643529491861071,0.3333396277345257,0.3546235240128721,0.358083702947117,0.3344688209838229,0.3510321259512972,0.3391910604937426,0.3202474052798671,0.3671349765777388,0.2383507887552366,0.3739278910016585,0.3482392351583582,0.3484643207603241,0.3078428750337172,0.3309749499924787,0.3434591766768497,0.3531713247063656,0.3285859474067055,0.3228787801808732,0.3221722776352825,0.3547911348184275,0.3531545145969846,0.3356820054652544,0.2376204512096402,0.469848764082585,0.3399647092292869,0.3400204267689526,0.3545854605392522,0.3527848617653485,0.3669269689934138,0.3213771560840781,0.3097654202434126,0.3558222029179354,0.3634056820294063,0.2191490342603131,0.3396524496002288,0.3285732894418949,0.2437153560218698,0.3336248981696726,0.351651000886197,0.2975268159320981,0.3617885855751336,0.3803870500742871,0.2678222855926269,0.3334826186359284,0.3081028846547065,0.3496592606402688,0.3376192469015859,0.3291208387371432,0.3071638762378136,0.3307800143211676,0.3067171983374638,0.2937507732189272,0.3599903082477556,0.3506012186974162,0.3043588999459458,0.3370540359464654,0.3325313626827063,0.3606612817899147,0.3610905299909473,0.3775565364348588,0.3522516117589384,0.3071447353800113,0.3065859162255478,0.3865549144657673,0.2744847139675105,0.3142573515124177,0.3578392328391446,0.3587390368456887,0.3336363359562825,0.3120522101216064,0.2362315685949775
0.3207562887029505,0.3478448197056747,0.34832419329664,0.3248367262944213,0.3826983420486456,0.3580341089843978,0.2487382498178766,0.3968571672587503,0.3305085989426617,0.2279585853076519,0.3006887664368278,0.3726741637618611,0.3738033315166488,0.3785604180122016,0.3487000276477162,0.3428928294064711,0.3378486915298219,0.4041329900596843,0.3424634315451471,0.3677865191153867,0.2934915506845041,0.3646515535668288,0.3292974409553235,0.326515685718067,0.3742556857498202,0.3088580045205936,0.277398046794138,0.3649770195919415,0.3324736768727951,0.3538482010457007,0.3576231688474359,0.3331163817768001,0.3503126541941964,0.3387761689333683,0.325269628648422,0.3653742235567377,0.2383683162663041,0.3743175019844977,0.3484309067226307,0.3477387456258833,0.3059641939049109,0.3303864763080994,0.3431462698647741,0.3533984325779214,0.3276619117459822,0.3265464351864229,0.324354714514117,0.3548462880036847,0.353404887200818,0.3345770012794603,0.2409480035158048,0.4684060307025298,0.3393444235523704,0.3389291291886401,0.356180444740255,0.353971720183068,0.3676352786494907,0.3201990387223501,0.3087701621789449,0.3551923039539326,0.3636913853030544,0.2161206636117684,0.3412843041509205,0.3281867146855588,0.244158115855042,0.3391738907169749,0.35045740453608,0.2966345011196972,0.3610636106744036,0.3804645535058353,0.2656520925273128,0.3332589975569675,0.3071521683214462,0.3489495314122491,0.3366101540341705,0.3277120784714832,0.3056189455936834,0.3296395099038552,0.3058153138632049,0.2974119266418286,0.3592043471113063,0.3492429008856954,0.3029941848498593,0.3332054787369228,0.3307467712168031,0.3602230978607038,0.3610774059525524,0.3835098546120205,0.3509830651652552,0.305825599184622,0.3118984680355132,0.3856872185130459,0.2726017442742433,0.3125423220784949,0.3571653114060231,0.3567402253358038,0.3347601081084107,0.3104693393725561,0.2347798296473086
0.3187349555775814,0.3496098689549775,0.3498235818844239,0.3287332246739889,0.3813552774955627,0.3585866307465636,0.2461926941123862,0.4004986344828229,0.3244337385633489,0.2275758514938428,0.2992591578026183,0.3713720012588228,0.372193807599784,0.3772216776966453,0.3482127868861103,0.3383164320801952,0.3380172019375462,0.4054207063988698,0.3454446729730438,0.366370206848681,0.2918948078638336,0.363561368633962,0.3285063091283282,0.3258290009457227,0.3736872713157254,0.3082594159607205,0.2758662565307351,0.3654256564044939,0.3317099618129202,0.3531366616245318,0.3569506493423968,0.331621424212246,0.3495737513426303,0.3385015699287578,0.3299307949743019,0.3641280855094252,0.2387525701767872,0.3746740201203092,0.3486930283094609,0.346976879168523,0.3039186810941424,0.3298347328349479,0.3425342024232964,0.3535548147837383,0.3267110738902664,0.3299814666311031,0.326526544729759,0.3549166995705853,0.3536476237406084,0.3334657120318552,0.2444255588115272,0.4669518581510683,0.3386119523684612,0.3378849027408053,0.3576209554255721,0.3550302574561688,0.3679889732707419,0.319033352695763,0.307621740183267,0.3545694206269496,0.3639234256999543,0.2135551408771515,0.3424442452018661,0.3278857481268467,0.2447611708811219,0.3447365022751221,0.3491911211536456,0.2955986133407682,0.3602315226243804,0.3804464732474938,0.2633310586162717,0.3339572456331898,0.3061184930101896,0.3481250810865984,0.3356124492698253,0.3264385482582004,0.304194058107226,0.3285858296764419,0.3051150014369593,0.3018683916470648,0.3584365742988823,0.3478328653315158,0.301478277083495,0.3294346434575364,0.3288081525242728,0.3595818145242911,0.3613032043327292,0.3886658699903351,0.349714496702058,0.3045668262767659,0.3171717564492222,0.3850656072338911,0.2704675053363548,0.3107185573064813,0.356637803856387,0.3547777515474828,0.3360441581931274,0.30892326131785,0.2343313825286146
0.3168503432910722,0.3511437219216438,0.3511617361170536,0.3318518574039786,0.3800265349476278,0.3589832874937443,0.2448778788463278,0.4040361367132219,0.3180419409512313,0.227259026484909,0.2975908633189186,0.37013222345731,0.3706025215850188,0.3758317381073435,0.3477442774565237,0.3341639750629777,0.3382623371589721,0.4068014844067031,0.3482618245081678,0.36504496778437,0.2908310117606146,0.3624492404208814,0.3277526217366381,0.3251241935565583,0.3729314228001152,0.3077142490639558,0.2746980980112845,0.3656666812633575,0.3310227962107527,0.3525134898290487,0.3560947074975467,0.3300096392310948,0.3488146712299328,0.3383793481261496,0.3341382266360274,0.3635092638217858,0.2394099925452789,0.3749669249875447,0.3490148272525781,0.3461804182852792,0.3017434463690353,0.3293069530494816,0.3415488728966575,0.3536142978622131,0.3257428103182073,0.3331592363248356,0.328572993075364,0.3550148343869566,0.3538589479296578,0.3323898869194691,0.2480429965758218,0.4657993202619803,0.3377532675675587,0.3368902571871884,0.358896192903624,0.3559867788683436,0.3679729273469075,0.3178593042316343,0.3063244059149918,0.3539777939153937,0.3640649427526091,0.2115669684757524,0.3431094982574819,0.3276553590071829,0.2454541338124826,0.3503948679814882,0.3478724917718195,0.2943813539770691,0.3593380714351261,0.3803088391771658,0.2610192102362146,0.3355576839231298,0.3050265221213989,0.3472105633444057,0.3346397842662249,0.3253240024523871,0.3029002276950294,0.3276215918833898,0.3046369020270408,0.3070168225973431,0.3577357606462448,0.3464199399694222,0.2997958317078478,0.3257873885586494,0.326729335716338,0.3587721904697235,0.3617523595264711,0.3930999196452163,0.3484223127526663,0.3033459533120793,0.3222752677825466,0.3846032599338849,0.2682080780853692,0.3087515133200986,0.3562881862222302,0.3528349894802462,0.3374914848187106,0.3073994019024397,0.2350486636693033
0.315140117819953,0.3525041097399597,0.3523690709924763,0.33426993124708,0.3786772367297286,0.3592148431333195,0.2450470837422553,0.407346069868343,0.3116230823501399,0.2271440846115748,0.295749635264394,0.368970659368581,0.3690401735755932,0.3744098037379846,0.3472801542990489,0.3305423633589165,0.3385807194457491,0.408264555455614,0.350881287420034,0.3638381312730261,0.2902318418613068,0.3613264168635483,0.3270217223129879,0.3243621122940998,0.3720323161243485,0.307209790404975,0.274148168896171,0.3656872754960233,0.3303866640213046,0.3519962362378229,0.3550889313248546,0.3283228236621898,0.3480339793572242,0.3384099663886312,0.3378488786474517,0.3635817941891532,0.2402451903822423,0.375172290075241,0.3493755013538067,0.3453531738633817,0.2994937140318396,0.3287924441227786,0.3401240943775306,0.3535495560629538,0.324766120780577,0.3360743123353816,0.3304000569850844,0.3551566253547447,0.3540144459817491,0.3313889125897192,0.2517665928734857,0.4652373146660881,0.3367731282907955,0.3359412402278945,0.359997788075894,0.3568496750210421,0.3675901112742976,0.3166527787686972,0.3048879128112391,0.3534331369891091,0.3640762135131128,0.2102543208106609,0.3433064695477968,0.3274717533158698,0.2461824158586992,0.3562132681889245,0.3465275192861252,0.2929556083577436,0.3584268503570509,0.3800250000929282,0.2588727993605171,0.3380000876469873,0.3039167301761078,0.3462297531631754,0.3337048250646323,0.3243765815087893,0.301729912742904,0.3267418347316865,0.3043800119581596,0.3127325319339401,0.3571329568081093,0.3450485904221662,0.2979488513029396,0.32231128677749,0.3245268412901257,0.3578290587460845,0.36239741291153,0.3968517963801404,0.3470871586101043,0.3021314250606822,0.3270950176151792,0.3841536882529379,0.2659612208862899,0.3066035404327795,0.3561309890468532,0.350890190807317,0.3390897256429299,0.3058856442346472,0.2370597667402323
0.3136212880626085,0.3537348911210758,0.3534721798438832,0.3360750262972624,0.3772753436174685,0.3592723012042152,0.2468829078318674,0.4102967947096995,0.3054781755721547,0.227342712677656,0.2938354331306629,0.3678886486928291,0.3674870084376236,0.3729668164173582,0.346815412115958,0.327557654400358,0.338953952043167,0.4098214595365794,0.3532761983398111,0.3627662284342428,0.2899642116246972,0.3602058009534824,0.3262967617667758,0.3235073964294282,0.3710307402075452,0.3067199523059878,0.2744370782665707,0.3654996417934948,0.3297784949934337,0.3515940488551445,0.3539743623287477,0.3266072479669704,0.347231105826561,0.3385861873985811,0.3410613877177579,0.364356928941045,0.2411713093877494,0.3752773524825709,0.3497469315289465,0.3444997850012972,0.2972361692907254,0.3282788457835784,0.3382119688721345,0.3533431659201215,0.3237908386470156,0.3387369268913178,0.3319293825070702,0.3553540942190918,0.3540892035708733,0.3304929210345846,0.2555474511417523,0.4654538673674189,0.3356981320546565,0.335033415446881,0.3609147605959643,0.3576142046920804,0.366864196691368,0.3153843103850415,0.3033338244995065,0.3529429770137704,0.3639187507803575,0.2096963087180418,0.3430971284681622,0.3273082031133909,0.2469075980654283,0.3622332537819217,0.3451839554750879,0.2913135704487244,0.3575442737374144,0.3795677810096641,0.2570307341038836,0.3411789778896286,0.3028447289302295,0.3452013930855952,0.3328212706663437,0.3235833274257703,0.3006570339258589,0.3259342687359157,0.3043329867469461,0.3188788970641196,0.3566445320333557,0.3437511478705768,0.2959583319766216,0.319055120264061,0.3222271662931841,0.3567884248973851,0.3631985487071417,0.3999163820848607,0.345697709907842,0.3008854137747435,0.3315515634613711,0.3836621696057079,0.2638745552726421,0.3042396212432911,0.3561628935406818,0.3489203407212652,0.3408057557266756,0.3043652991141591,0.2404423312118853
0.3122825784370963,0.3548627535619293,0.3544862869042092,0.3373551095830467,0.3758024832590695,0.3591530883529663,0.2504792091698741,0.412754267660841,0.2999015075128423,0.2279385176413942,0.2919809926183971,0.3668835814753552,0.3659086136702856,0.3715069483472769,0.3463502353735582,0.3253060089535707,0.3393482562343862,0.4115002270298047,0.3554394569272752,0.3618335053976464,0.2898342707947659,0.3590965832442451,0.3255526638414218,0.3225273998460992,0.3699524371942941,0.3062105737380969,0.2757409029139815,0.3651264267152181,0.3291781231415953,0.3513069513591191,0.3528024779482757,0.3249025643864742,0.3464093546504177,0.3388988757990948,0.3438087367875134,0.3658008816753127,0.2421196990615084,0.3752755155922066,0.3500936840891884,0.3436249398974599,0.2950466718675142,0.3277496697602787,0.3357885696047433,0.3529915986445827,0.3228220399327433,0.3411706855412122,0.3331032718417838,0.3556069486084835,0.354059581843321,0.3297233640065662,0.2593301170183201,0.4665391563093055,0.334566936527286,0.3341659066609143,0.3616288561080343,0.3582660352829398,0.3658422719238751,0.3140230259448119,0.3016986330993773,0.3525081316695256,0.3635666413645154,0.2099377623263472,0.3425646573080444,0.3271272913998419,0.2476043158974457,0.3684623759602848,0.3438682324755711,0.2894702955242144,0.3567327305786154,0.378921230307592,0.2555964154404932,0.3449427575694825,0.3018790219749764,0.3441417327908951,0.3319999920470994,0.3229116403566632,0.2996415216228145,0.3251750578480779,0.3044702729563727,0.3253176073090548,0.3562747987264291,0.3425451211146692,0.293853747972306,0.316074901345681,0.3198750415997431,0.3556885138609761,0.3640992595297745,0.4022451095513719,0.3442463315005498,0.2995701898483517,0.3356050543991233,0.3831261878875895,0.2621095009681979,0.3016288519701409,0.3563707334181002,0.3469023543593655,0.3425775072985637,0.3028127119974507,0.2452010253298819
0.3110798870010701,0.3559002144277325,0.3554148868481946,0.3381914542311896,0.3742559401536294,0.35886160459623,0.2558311348279883,0.4145866053511087,0.2951558462772065,0.2289776027243578,0.2903479805909409,0.3659653894782287,0.3642722171974468,0.3700303640931781,0.3458856028077665,0.3238660351203672,0.339726462521944,0.4133249360288777,0.3573933038247273,0.3610373521998614,0.2896034500465335,0.3579988843867702,0.3247662210722309,0.3213927370195652,0.3688089511506015,0.3056470220556039,0.2781827236272972,0.3645884960674067,0.3285722612969349,0.3511280066599867,0.3516244565138778,0.3232428625688799,0.3455766046310639,0.3393380447268605,0.3461514146156128,0.3678459684238819,0.2430517768755451,0.3751609088386459,0.3503775976311872,0.3427330266413677,0.2930139125007115,0.3271891703642988,0.3328540853295769,0.3525021155292426,0.3218572289479584,0.3434023816195673,0.3338986390116047,0.3559000082413328,0.3539093815248114,0.3290931024119033,0.263066860840198,0.4685221801086054,0.3334232228906581,0.333338672305402,0.3621239787034858,0.3587841358255241,0.364587488102135,0.3125452473904098,0.3000336493348869,0.352123523848594,0.3630115609469642,0.2109813598767618,0.3418069993216669,0.326877380713233,0.2482583687678914,0.3748636443004343,0.3425988935493885,0.2874618708754687,0.3560196552956941,0.3780855724180996,0.2546234504368703,0.3491099901529484,0.3010972940132559,0.3430643293057782,0.331244154117247,0.3223180185479747,0.2986367183264032,0.3244302353596002,0.3047419772084621,0.3319120844012922,0.3560145980438889,0.3414356054149584,0.2916733546624238,0.3134379908628953,0.3175235541675976,0.3545705336542378,0.3650301217347732,0.4037550932740072,0.3427270381723252,0.2981519451253835,0.3392439921890899,0.3823911402409637,0.2608383552410321,0.2987428315271686,0.3567279955355018,0.3448211725798658,0.3443141623335565,0.301202402921162,0.2512603722427416
0.3099435924163257,0.3568500470289003,0.3562553262001627,0.3386543395147185,0.3726434952822317,0.3584061124601005,0.2628288983736829,0.4156776285942175,0.2914428365494838,0.2304709464929275,0.2891232921105057,0.3651549804751494,0.362538876023991,0.3685321704652224,0.345425758086936,0.3232898417552159,0.3400567944860583,0.415302368790083,0.3591751603176777,0.3603715406858962,0.2890140727134482,0.356909334578281,0.32392561374778,0.3200847095970235,0.3676018261193087,0.3049951562862287,0.2818126360995387,0.3639128109895952,0.3279593615217175,0.3510476511817334,0.3504765665616433,0.3216594414819116,0.3447431712566002,0.3398885795217052,0.3481653503299519,0.3703979864983592,0.2439682811751638,0.3749334767898178,0.3505688942017628,0.3418271262871201,0.2912402417412592,0.3265864463204879,0.3294349453672363,0.3518919367670254,0.3208901632778096,0.3454513752774175,0.3343280301462442,0.3562081770748737,0.3536336271501819,0.3286003962915519,0.2667339043347776,0.4713415531990469,0.3323175814289006,0.3325492530058,0.3623978609733783,0.3591465397944765,0.3631664412433871,0.3109376829138336,0.2984055733592748,0.3517799738097562,0.3622562630958377,0.2127975045631101,0.3409288541618595,0.3265057851260993,0.2488675156550395,0.3813546491817727,0.3413810901847175,0.2853456555133786,0.3554180999674402,0.3770687307554822,0.2541118020173367,0.3534913465978418,0.3005818082738938,0.3419777493233383,0.3305514507461395,0.3217532231438879,0.2975949494881137,0.3236638304339819,0.305077672254587,0.3385277755539747,0.3558436987841903,0.3404157107638698,0.2894802608941642,0.3112177984602751,0.3152205836182141,0.3534776996539693,0.3659202852361072,0.4043468739228699,0.3411416008961497,0.2965988268031914,0.3424763278693371,0.3811612764794967,0.2602299672313542,0.2955582155631939,0.3571836877611253,0.3426791297202267,0.34590488792531,0.2995177134391354,0.2584752616934599
0.3087917015212646,0.3577061459859645,0.357000202760643,0.3388036433234927,0.370980817001287,0.3577980365688947,0.2712584747275124,0.4159432577035012,0.2888871564278192,0.2324079522597153,0.2885084205311472,0.3644693277216571,0.3606530848999414,0.3670012164345829,0.3449801860207608,0.3235919149874795,0.3403109276174534,0.4174189599766407,0.3608201839135277,0.3598251219824445,0.2878181007452101,0.3558268904144168,0.323024317034627,0.3186009177292183,0.3663217214789919,0.3042186421124892,0.2865965084887789,0.3631402504505348,0.3273468423994229,0.3510551554826775,0.3493782471566043,0.3201725282442419,0.343920880601715,0.3405274754735826,0.3499258798624274,0.3733436001886977,0.2449092679865681,0.3746048802437959,0.3506521575590476,0.3409085487543966,0.289833839166851,0.3259331275882629,0.3255923585961725,0.3511871941708896,0.3199131679159103,0.3473307175186418,0.3344248472248448,0.3565024054380941,0.3532353254165711,0.3282243280611034,0.2703408034209557,0.4748002165064059,0.3313037015842026,0.3317925934452582,0.3624599401101587,0.3593379683715914,0.3616436134191628,0.3091929802211507,0.2968969758981152,0.351468870821211,0.3613093807246795,0.2153359455157227,0.3400242135607979,0.3259723293353921,0.2494400597993099,0.3878140804473506,0.3402083851261667,0.2832058626768056,0.3549348920933406,0.3758799195489765,0.2540111928917798,0.3579033583142215,0.3004116259754406,0.3408877805693834,0.3299175650235867,0.3211604013678751,0.2964684359620234,0.3228424104402937,0.305400896650122,0.3450387504977428,0.3557395300803122,0.339463867208633,0.2873677637770308,0.3094841509845439,0.3130097849574141,0.3524527029226558,0.3667040834690552,0.4039298817310945,0.339505074547022,0.2948822196005208,0.3453287683177761,0.3792580681066301,0.2604309609656342,0.2920619066333174,0.3576663831784615,0.3404941923300217,0.3472254489318238,0.2977445881021819,0.2666421172480855
0.3075369476566235,0.3584552929900055,0.357635172574072,0.3386926749237874,0.3692942782684026,0.3570526386565257,0.2808167525984775,0.4153373274640644,0.2875393226532236,0.2347642126793754,0.2886997419891876,0.363920233425648,0.3585567738637687,0.3654250883293384,0.3445599845902659,0.3247420766286144,0.3404626542384595,0.4196319684872839,0.3623626867860599,0.3593830675514249,0.2858049621052803,0.3547487143486563,0.3220551188966693,0.3169517943982469,0.3649477277355755,0.3032836638491209,0.2924317867037977,0.3623130384701835,0.3267432047221964,0.3511369900067887,0.3483386713490951,0.3187818464939463,0.3431248804442341,0.3412277653141687,0.3514946851292541,0.3765629156353162,0.2459487995227203,0.3741921356004796,0.3506215168843746,0.3399785645456916,0.2888974668736087,0.3252218260955352,0.3214303830757614,0.3504164743908441,0.318915402307789,0.349052188918747,0.334232844793025,0.3567494061283727,0.3527230029186273,0.3279285872451912,0.2739346145317061,0.4786098842307744,0.3304236231964458,0.3310613189946227,0.3623226883517093,0.3593546250954827,0.3600809308182243,0.3073088794111938,0.2956036046221289,0.3511879774354488,0.3601901729634002,0.2185251837335637,0.3391610688481419,0.3252470335720528,0.2499902912418846,0.3940878866307709,0.3390667954961514,0.2811582746649301,0.354572407352731,0.3745358127956222,0.2542268617487125,0.3621794221782409,0.3006508931126476,0.3398010678894064,0.3293320357959254,0.3204783817856385,0.2952091817418903,0.3219349214067857,0.3056380225039921,0.3513384922928863,0.355683570940764,0.338545674326268,0.285443445743043,0.3082957301084343,0.3109338829098968,0.3515361636749525,0.3673211267901193,0.4024483009581873,0.3378415447225213,0.2929875284103073,0.3478422663277861,0.3766588362797852,0.2615508021729561,0.2882509448508541,0.3581033080452739,0.3382920768192782,0.3481435117767896,0.2958620791084308,0.2755074236623123
0.3060897012007998,0.3590842389487868,0.3581435229036148,0.3383705993958005,0.3676208054215446,0.3561870350874944,0.2911411426276524,0.4138511036454942,0.2873820665147851,0.2375015343463901,0.289868946580541,0.3635265635938761,0.3562080899716673,0.3637986573198185,0.3441741905761561,0.3266655448932914,0.3404953042587118,0.421853980249477,0.3638393204011096,0.3590280423081931,0.2828300728730681,0.3536658044644479,0.3210178827389865,0.3151558386965723,0.3634529113809124,0.3021679526229666,0.2991689368096675,0.3614597628728527,0.3261571523591776,0.3512771672910483,0.3473573319643653,0.317471370142129,0.3423739717601758,0.341963490263946,0.3529131463377316,0.37994179475618,0.2471908275375781,0.373707959072008,0.3504763758826377,0.3390399851812759,0.2885213125452682,0.3244504220077844,0.3170925487953793,0.3496065215968376,0.3178837841692359,0.3506215063989679,0.3338061733681046,0.3569090102953434,0.3521153336555657,0.3276678579125806,0.2776039014999966,0.4824730907782432,0.3296987285661994,0.3303459516016717,0.3620020563670593,0.3592049912387844,0.3585306300985408,0.3052977025308971,0.294630112540533,0.3509438562312673,0.3589331483179655,0.2222697933571077,0.3383820013914259,0.3243049103437284,0.2505381931972033,0.3999957312466511,0.3379334724844055,0.2793462919154648,0.3543247768595465,0.373066271051384,0.2546289535215335,0.3661847766445358,0.3013397419338334,0.3387232316647814,0.3287727536481577,0.319656808807451,0.2937735659044647,0.3209176825637089,0.3057199829691266,0.3573433787103506,0.355661264818121,0.3376227807928645,0.2838180914517655,0.3076934535717373,0.309023437869822,0.3507659416241955,0.3677209382209362,0.3999007238264294,0.3361754727985323,0.2909247072145759,0.3500603221895075,0.373158129885069,0.2636524704919876,0.2841294590252654,0.3584297834867121,0.3361067177347364,0.3485330586958162,0.2938468402803222,0.2847860514304822
0.3043680088538031,0.359586044249761,0.3585168880729588,0.3378834282891321,0.3659984712783521,0.3552175068449187,0.3018430695194871,0.4115197843508559,0.2883336816550481,0.2405723208402826,0.292147993880815,0.3633117640650349,0.3535771189091307,0.3621276028958023,0.3438302463330946,0.3292456964891898,0.3404094940001354,0.4239489712646874,0.3652760945083522,0.3587372589485467,0.2788423502349282,0.3525682563190254,0.3199248584566262,0.3132423722606371,0.361811325437696,0.3008611632702104,0.3066154894115024,0.3605999102282886,0.3256033697831502,0.3514589972196992,0.3464199426800237,0.3162204641585612,0.3416868757856012,0.3427063595439675,0.3542017918485429,0.3833760894204256,0.2487615935872197,0.3731626214617826,0.3502249117611202,0.3380954733148933,0.2887790401931532,0.3236245805932816,0.31274620701058,0.3487852945666416,0.3168065413136303,0.352031846352655,0.333204633992904,0.3569396002544427,0.3514433208539638,0.327390320207259,0.2814761916125586,0.4860827366076404,0.32913466124512,0.3296364897790507,0.3615241463028046,0.3589093731410152,0.3570229460142347,0.3031956107644566,0.2940866942069687,0.3507487042518074,0.3575821892819973,0.2264595399814918,0.3377138471756832,0.3231360003241924,0.251116013556482,0.4053444051957918,0.3367751022417183,0.2779282899504858,0.3541786293164195,0.3715062423210565,0.2550676857167646,0.3698261649220506,0.3024937230100738,0.3376556103436937,0.328208703847535,0.3186689698422848,0.2921304758366457,0.3197835212037432,0.305585764217771,0.3629873269017193,0.3556623371657704,0.3366609481080688,0.2826143574837824,0.3076940286695839,0.3072835869236997,0.3501734064994146,0.3678731113106155,0.3963527639307289,0.3345295236883901,0.2887281947262281,0.3520201660606138,0.3681809329074357,0.2667448569695315,0.2797130587910727,0.3585829181029661,0.3339847547366882,0.3482936169236743,0.291685474602139,0.2941882649254937
0.302315292505205,0.3599589862169076,0.3587593501843392,0.3372779850922994,0.3644544591563122,0.354159503051309,0.3125357843857827,0.4084302707602732,0.2902602714346698,0.2439284521256234,0.2956126278254132,0.3632834328458694,0.3506352095951048,0.3604250893402145,0.3435345240845168,0.3323284872070047,0.3402220141695904,0.4257450152428276,0.3666792372449743,0.3584780926244061,0.273899899993253,0.3514516717126658,0.3187906765212276,0.3112546643052797,0.3600006357302119,0.2993593877038729,0.3145411079888857,0.3597528578780581,0.3251011248270116,0.3516629664354273,0.3455015846028289,0.3150040490504247,0.341078368858129,0.3434178308618875,0.3553647709067833,0.3867724594356533,0.2507916656206184,0.3725704018209133,0.3498848008870854,0.3371450939836978,0.2897218605904112,0.3227528675277527,0.3085663807668868,0.3479811847070304,0.3156727169397438,0.3532712015537882,0.3324802390544101,0.3568105921078013,0.3507402156498687,0.3270411188129272,0.2857016250783846,0.48907569816986,0.3287252405387929,0.328923577084661,0.3609247202540778,0.3584990919316691,0.355562854577001,0.3010600019988807,0.2940826782287294,0.3506151007763979,0.3561808435134739,0.2309849313173626,0.3371718526757952,0.3217604384599053,0.2517727762981346,0.4099485656290619,0.3355552022039672,0.2770632249965857,0.3541182904651764,0.3698836930468847,0.2553909661706775,0.3730488902878484,0.3041064180180183,0.3365987647388706,0.3276061839798178,0.3175086412797958,0.2902662232556425,0.3185424009271747,0.3051887838849437,0.3682185472740737,0.3556853208923743,0.33563257626809,0.2819705147359597,0.3082869268957404,0.3056983166802052,0.3497765902586482,0.3677707063751753,0.3919408337110285,0.3329275077752961,0.2864527006694075,0.3537505256324084,0.3611468187957864,0.2707746483026895,0.2750396135538696,0.358501779850376,0.3319768843080485,0.3473587081580382,0.2893791764441565,0.3034400998162691
0.2999146178449448,0.3602036496796141,0.358882502260351,0.3366075738697753,0.3630008337356395,0.353028502895197,0.3228576114602675,0.4047138648617038,0.2930010942497607,0.2475248391234136,0.3002659465028742,0.363424573207104,0.3473641895848887,0.358708553983016,0.3432892716618609,0.3357329073475913,0.3399594482644696,0.4270498480635287,0.3680471174692963,0.3582120634203588,0.2681658493005667,0.3503146075087145,0.3176243509485567,0.3092427876548926,0.358003364330243,0.2976683486377055,0.3227068900942237,0.3589306120591792,0.3246644389915989,0.3518635823163143,0.3445764996253173,0.3137858703087042,0.340558798866251,0.3440509117308108,0.356395285716217,0.3900549134874068,0.2533935903671764,0.3719458761341829,0.3494742646772112,0.3361876248341526,0.2913712032715429,0.3218423219745288,0.3047285256446132,0.3472119560583035,0.3144698839705492,0.3543353634660569,0.3316712416355994,0.3565088073054501,0.3500292366460987,0.3265720139521302,0.2904315381893012,0.4910592885261365,0.3284465662315339,0.3281982873396753,0.360241142776571,0.3580134516017379,0.3541389760019843,0.2989617104324394,0.2947127012288179,0.350553839466069,0.3547693107372952,0.2357465739202278,0.3367597571958868,0.3202279006536944,0.2525714409716359,0.4136527926278535,0.3342459136051529,0.2768993425198829,0.3541294206576985,0.3682196332146218,0.2554601695440379,0.3758308832177359,0.3061470915178412,0.3355588894121985,0.3269308485322692,0.3161812638182428,0.2881846212552103,0.3172138341341611,0.3045026800746938,0.3730027600068584,0.3557397246112771,0.3345190177593702,0.2820195123729256,0.3094342957149648,0.3042436442171926,0.3495769766955663,0.3674235063409166,0.3868616980034109,0.3313923599365413,0.2841757189433057,0.3552707431718546,0.351986192670291,0.275623250634613,0.2701747598570723,0.3581433547078627,0.3301191287861924,0.3456946642527332,0.2869437632830154,0.3122959315444995
0.2971940487222751,0.3603267801120472,0.3589040757491147,0.3359310449176267,0.3616372995747262,0.3518401776848613,0.3324955953517646,0.4005280517127291,0.2963909124930699,0.2513187623658083,0.3060339779943606,0.3637054437994073,0.343771628237811,0.3570013131232448,0.3430893107332223,0.3392652881260479,0.3396534684603252,0.4276655551979471,0.3693801352787536,0.3579044255819016,0.2618909797819362,0.3491531917717146,0.3164368580478984,0.3072528139583595,0.3558108394461064,0.2958133636964687,0.3308997955684259,0.3581289123663392,0.3242996272774909,0.3520331354626442,0.343622903345613,0.3125214195428766,0.3401340336132042,0.3445629222070856,0.3572773650238436,0.3931714931148203,0.2566455631801932,0.3712956925459003,0.3490055063490849,0.3352236398873882,0.2937149317896364,0.3209013213958296,0.3014038675408723,0.3464780671948262,0.3131872610638502,0.3552277819208177,0.3308083918177,0.3560345389604839,0.3493243063953649,0.3259507218951152,0.2958041474219109,0.4916906343490516,0.3282548363902926,0.3274535257398253,0.3595071465717988,0.3574940536256432,0.3527320143963558,0.2969854946433017,0.2960412953347736,0.3505741334717839,0.3533850062146138,0.2406582999723044,0.3364754883792907,0.318606133556871,0.2535868112105213,0.4163508783362999,0.3328327984258137,0.2775636476295854,0.3542015838400976,0.3665358780774316,0.2551636619200118,0.3781814751335312,0.308557589645354,0.3345475970091954,0.3261505354834167,0.3147066385869526,0.2859078991458442,0.315825206000926,0.3035271791407775,0.3773235761303625,0.3558403106994442,0.3333162031672736,0.2828644773398638,0.3110705138580968,0.3028889547217021,0.3495637073255108,0.3668517422522972,0.3813493557324696,0.3299384653539013,0.282002846619199,0.3565910100389326,0.341228595710179,0.2811170370739095,0.2652116971813256,0.3574938750286079,0.3284257904793071,0.3433049041063783,0.2844176873137013,0.3205556712510602
0.2942275792737445,0.3603471628778719,0.3588545603508549,0.3353035232859995,0.3603516339422823,0.3506125902101315,0.3412067227068403,0.3960456662614766,0.3002685036486609,0.2552723549187932,0.3127741064840441,0.3640900155097377,0.3398899476132681,0.3553343386275485,0.3429234335059503,0.3427294497276067,0.3393376573399888,0.4274129347669788,0.3706695200129644,0.3575274996021932,0.2553942396413278,0.347962316118727,0.3152469090995873,0.3053259248599712,0.3534263167972264,0.2938407196219433,0.3389435837437379,0.3573367040033013,0.3240140701766252,0.3521486820631386,0.3426209912963147,0.3111685172749016,0.3398026387816316,0.3449222343774234,0.3579872233558835,0.3960881118119546,0.2605808335559179,0.3706204487221967,0.3484895701985459,0.3342548134900002,0.2967076993090681,0.3199425356113836,0.2987448139754415,0.3457711598595464,0.3118200990227171,0.3559510369824955,0.3299175137954146,0.355398621968885,0.3486376510167425,0.325162253927501,0.301932612522156,0.4907057389157518,0.3280968443931061,0.3266865501133571,0.3587540494584887,0.3569786043408136,0.3513161342422645,0.2952358980258213,0.2980956862715242,0.3506806676789862,0.3520585298315261,0.2456510006216381,0.3363193295090593,0.3169780843106495,0.2549098054695949,0.4180004656775846,0.3313129025906813,0.2791485978900337,0.354330091199309,0.3648552926897673,0.254427118277765,0.3801361394422387,0.3112583374462611,0.3335765336163916,0.3252432232736026,0.3131272385875364,0.2834817036177395,0.3144165383515578,0.3022929231600359,0.3811735439265842,0.3559974486956686,0.3320378871455078,0.2845748560367517,0.313104924426801,0.3015889359116177,0.349719059860011,0.3660850184445717,0.3756508600494782,0.3285681604786148,0.2800651330023539,0.3577166386149591,0.329738378938161,0.2870493649995403,0.2602768727739643,0.356562594880689,0.3268976659345829,0.3402378226091305,0.281874236144832,0.3280836296598502
0.2911347701369537,0.3602928065632902,0.3587790388784708,0.3347691670790541,0.3591155961360072,0.3493695179379029,0.3488289618076471,0.3914511101933342,0.3044826176687558,0.2593552392552832,0.3202842159482801,0.3645266746578497,0.3357718199227411,0.3537413642087897,0.3427797587407394,0.3459344279865937,0.3390437159987875,0.4261626422167934,0.3718890046182322,0.3570578441542381,0.2490398057074411,0.3467398196875031,0.3140704102631512,0.3035034536853888,0.3508626736883216,0.2918110001031465,0.3466972153904766,0.3565486059576316,0.3238191150409822,0.3521906156642279,0.3415542441801549,0.3096905898416566,0.339553602928958,0.3451013897958858,0.3585015343942756,0.3987745836952326,0.2651790682300872,0.3699222855262178,0.3479410701943052,0.3332804237214216,0.3002722010570371,0.3189786552414881,0.2968628665591794,0.3450835473357902,0.31036761042363,0.35650843450556,0.3290128998685084,0.3546265835521389,0.3479771750964601,0.3242064831467757,0.3088857011691909,0.4879073008936814,0.3279210242169408,0.3258972676184189,0.3580134962548975,0.3564966206061323,0.3498615317592048,0.2938343339959854,0.3008653893909549,0.3508670513177527,0.3508076887689134,0.2506772606415093,0.3362944068726344,0.3154468136749359,0.2566485490478284,0.4186301321430384,0.3296948097945258,0.2816990050581116,0.3545117718509445,0.3631949734849037,0.2532163649345739,0.3817406684243924,0.3141610354438032,0.3326553522026571,0.3242011064690598,0.3115030558359996,0.2809807668967686,0.3130365333180973,0.3008607579090877,0.3845427285678548,0.3562108553847367,0.3307122592022964,0.2871897769147305,0.3154335637860129,0.300284368320137,0.3500187011512994,0.3651594638825937,0.3700073846888199,0.3272755771397314,0.2785091344500325,0.3586521049907095,0.3185298774172342,0.2932027486875035,0.2555403378574176,0.3553744445040471,0.3255250628155365,0.3365812733438957,0.2794235482067421,0.3348114988612516
0.2880767542437121,0.3601921141164809,0.3587267308808269,0.3343626923469895,0.3578841877821389,0.3481385584704001,0.3552804805221877,0.38692794279903,0.3089054106428376,0.2635422548150058,0.3283126457490924,0.3649454345303858,0.331497570387693,0.3522494116830725,0.3426488706358512,0.3487094779616983,0.338798259558931,0.4238548117193417,0.3730102658140436,0.3564790401724647,0.2432027647802724,0.3454859190758476,0.3129101957494177,0.3018229549328435,0.3481373532749298,0.2897989274457357,0.3540644373763116,0.3557593073399454,0.3237194890667919,0.3521352821294863,0.3404176314524688,0.3080541781678051,0.3393689249018,0.3450728248439101,0.3588094551270233,0.4012017852734624,0.2703646779716724,0.3692039439482257,0.3473724218172856,0.3322969751009004,0.3043018943512393,0.3180178639890249,0.2958155109550582,0.3444045139992184,0.3088309439579169,0.3569131428857002,0.3280970878656227,0.353760073927462,0.3473363585761782,0.3230994123590521,0.3166691216918544,0.4831809858174711,0.3276797671682443,0.3250835882241615,0.3573175726242268,0.3560681553960029,0.3483437251831159,0.2929055381812551,0.3042993319846869,0.3511126537950232,0.3496372355322009,0.2557129485493706,0.336400515797136,0.314130713497524,0.2589173687712777,0.418338006921841,0.328000280769563,0.285204965887175,0.3547372197698233,0.3615657608709661,0.2515319875670827,0.3830349856917096,0.3171772600190562,0.3317933405849423,0.3230260075923469,0.309893811858036,0.2785117909438976,0.3117288756375871,0.2993183057396223,0.3874134542326897,0.3564695924073388,0.3293768579927689,0.2907063440035868,0.3179544243992792,0.2989142721062532,0.350430605082712,0.3641108210744136,0.3646336054178279,0.3260495364594729,0.2774876979539512,0.359400758196538,0.308692441160206,0.2993653366177177,0.2512132401417349,0.3539749402035151,0.3242783044977753,0.3324449422935269,0.2772039001450384,0.3407245815493493
0.2852467537247056,0.3600713461087579,0.3587399045806028,0.3341113700986894,0.3566028200168159,0.346944698887711,0.3605512883304634,0.3826385537871746,0.3134411984109321,0.2678119440005779,0.3365818860764454,0.3652708446011324,0.3271788644225366,0.3508739621961054,0.3425206916730385,0.3509236154529079,0.338620290118409,0.4205028480708327,0.3740181513353103,0.3557918527354646,0.2382276791040329,0.3441994213431699,0.3117619047515451,0.3003068113961195,0.3452697315287159,0.2878993140321635,0.3610041135501866,0.3549546951997529,0.3237057957186122,0.351956647634124,0.339223163103278,0.3062343688006504,0.3392286944843772,0.3448194608967861,0.3589165824006681,0.4033505511043486,0.2760166607275855,0.3684619300462401,0.3467880524085975,0.3313009151671419,0.3086687881834116,0.317067114657626,0.295608446989053,0.3437145523647547,0.307220645184268,0.357186951142421,0.3271731893180323,0.3528487398223591,0.3466948074336736,0.3218752713930088,0.3252229588474729,0.4765103625300933,0.3273318357184138,0.324242050206594,0.3566953368927018,0.3557043840974318,0.3467519282452869,0.29256448851019,0.3083014773644044,0.3513865240154153,0.3485427436854026,0.2607554174537796,0.3366288529753803,0.3131470416321112,0.26182127850673,0.4172835654717011,0.3262598414397018,0.2896006275686708,0.3549919908177757,0.3599797872191521,0.2494016771178485,0.384046251488182,0.3202219485874936,0.3309988053565391,0.3217280376880791,0.3083476617540842,0.2762131250213501,0.3105259288669373,0.2977809542525547,0.3897602726175616,0.356755477568162,0.3280764116309603,0.2950632531121168,0.320575131136187,0.2974253609517382,0.3509199190833904,0.3629699531978065,0.3596920280622878,0.3248714286420139,0.2771515517380649,0.3599660301055901,0.3011664525095895,0.3053479391299606,0.2475277156226233,0.3524327980813214,0.3231046703764367,0.3279498832886703,0.2753740495082294,0.3458493334824102
0.2828554059876475,0.3599590514347701,0.3588536266452699,0.3340291358403946,0.3552168807216788,0.345809211517956,0.3646896638070397,0.3787117069658228,0.3180172107954541,0.2721487391970514,0.3448217966321432,0.3654318702182648,0.3229455898077348,0.3496214966799869,0.3423800288422429,0.3524946146893206,0.3385173293634979,0.416194028513915,0.374901321037114,0.3550200255094247,0.2343951781145217,0.3428763881152216,0.3106225058230947,0.2989592993041116,0.3422808620934328,0.2862251315718584,0.3675191088123338,0.3541215785512528,0.3237617234090048,0.3516379820559844,0.3379946819598339,0.3042257657740228,0.3391135748190326,0.3443453610971277,0.3588393500602762,0.405211415782284,0.281982983660139,0.367686434853039,0.3461895871452077,0.3302886724678769,0.3132350773760813,0.3161364802072561,0.2962011229403504,0.3429923014784158,0.3055652475472967,0.3573492853010804,0.3262539898097795,0.3519412907356433,0.346030643220827,0.3205821402786785,0.3344317598428318,0.4679336221018552,0.326850456755549,0.3233728042210369,0.356167580158995,0.3554070037389795,0.3450897008625531,0.2929079062842956,0.3127366384167408,0.3516530170428506,0.3475117618064716,0.2658182884084081,0.3369578879828737,0.3125992722722565,0.2654465015112373,0.4156708954042037,0.3245040209315833,0.2947652900872761,0.3552660720224765,0.3584536089417329,0.2468743928239797,0.3847862071916867,0.3232188567213063,0.330276486510114,0.3203337045223413,0.3069016725526405,0.2742497493772642,0.3094536016993084,0.2963923979949074,0.3915507481965733,0.3570438724985105,0.3268596412065095,0.3001428762893807,0.3232142547784543,0.2957726025397645,0.3514578398677718,0.3617621905682631,0.3552754011946911,0.323715710699416,0.2776361562123881,0.3603582236007215,0.2964343863796964,0.3110043351571335,0.2447172647966938,0.3508261933562699,0.321942482123336,0.3232265958501489,0.2741087819787579,0.3502479650184172
0.2811119129936907,0.3598857901650121,0.3590997188029687,0.3341106991245882,0.3536777112032429,0.3447557823815418,0.367785264579768,0.3752398882080147,0.3225678390512827,0.2765384831125518,0.3527907265323413,0.3653640563779706,0.3189331676604015,0.3484912188380984,0.3422095808677561,0.3533850746997236,0.3384823314805523,0.4110879158190619,0.3756371699200759,0.3542062424854111,0.231903324957999,0.3415114787285691,0.3094863660923568,0.2977740826963676,0.3391927241726421,0.284897502196858,0.3736331303096465,0.3532618525543659,0.3238725433704559,0.3511769313036756,0.3367570095398819,0.3020452531197498,0.3390047066266576,0.34366958170739,0.3586011505948284,0.4067692164698535,0.2880929141022606,0.3668665050998176,0.3455829306598161,0.3292536225996643,0.3178631625567517,0.3152351449065622,0.2975073924828031,0.3422255694342047,0.3039084258619972,0.3574136043212259,0.3253588897340618,0.3510830401510631,0.3453272472304953,0.319272207456927,0.3441315661108531,0.4574961631581956,0.3262270659441363,0.3224780578689218,0.3557453910461659,0.3551663010719432,0.3433727947113406,0.2940046825779895,0.3174486339007195,0.3518742252931373,0.3465231171857736,0.2709213778946413,0.3373485254351664,0.3125737734518807,0.2698532338941442,0.4137211096387911,0.3227596934154785,0.3005294831803658,0.3555536876236222,0.3570024896166007,0.244013304592931,0.3852473596470252,0.3261069743605744,0.3296273111021041,0.3188888998197636,0.3055801993260254,0.2728020422447779,0.308531208766926,0.2953131826288953,0.3927473298795716,0.3572996719977361,0.3257704657912917,0.3057882974259068,0.3258065562259485,0.2939188317976285,0.3520268964254381,0.3605059741359827,0.3514096726763359,0.3225578613497216,0.2790451232566778,0.3605984218989025,0.2944417051502809,0.3162437329057149,0.2430078561014947,0.3492267464208851,0.3207356704252217,0.3184035441609342,0.2735871670533403,0.3540072197333234
0.2802049004239922,0.359876222576301,0.3595039021133274,0.3343367704483596,0.3519462810105642,0.3438122235240842,0.3699547035122261,0.3722756891360793,0.3270316520491612,0.2809537682566753,0.3602816701910143,0.3650214869333938,0.3152805307287543,0.3474709425747423,0.341998837863643,0.3536008648804975,0.3384961784652197,0.4053994554346272,0.3761940019863206,0.3534058486736079,0.2308579260692011,0.3400991940464826,0.3083388938779479,0.2967374753457048,0.3360266683711693,0.2840391669215593,0.3793776807547381,0.3523870818983822,0.324021219804664,0.3505779957548387,0.3355304981610219,0.2997293892356912,0.3388844233053047,0.3428142004357981,0.3582344692099689,0.4079944327830762,0.2941724902291857,0.3659905307555628,0.3449763815798161,0.3281860137037229,0.3224227174000384,0.3143644105914955,0.2994009055921905,0.3414118514115757,0.3023022295281064,0.3573933274224206,0.3245105017957074,0.3503126494784431,0.3445695154122384,0.3179934266559677,0.3541143694433622,0.4452649014535531,0.3254656845472511,0.32155348936883,0.35543518594761,0.3549635469779926,0.3416299173035326,0.2958854164276101,0.3222774706366048,0.3520124471961903,0.3455504509209545,0.2760793170886783,0.3377431977363065,0.313135166007036,0.2750632630397052,0.4116417754077763,0.3210514350320811,0.306690885409459,0.3558395079819735,0.3556364191322039,0.2408856807205737,0.3854033851514638,0.3288412390580246,0.3290490963452349,0.3174467924637237,0.3043864000959837,0.2720516291622452,0.3077620304535372,0.294701369763344,0.3933115823077284,0.3574761835295107,0.3248374364879468,0.311816617502884,0.3283117845408059,0.2918399753158744,0.3526212903780941,0.3592128205035891,0.3480689512983388,0.32138175598988,0.2814371201790202,0.36071318232585,0.294763453570561,0.3210262107605776,0.2426041268253266,0.3476988771484402,0.3194344796849646,0.3135864326096541,0.2739691208982443,0.3572178679604089
0.2802876912259588,0.3599443668146734,0.3600796815327411,0.3346842565721851,0.3499972990347268,0.3430022296354267,0.3713318535317016,0.3698286772083534,0.3313568447876829,0.2853445815690058,0.3671328144802155,0.3643955338565285,0.312120950535136,0.3465351754971825,0.341746298950194,0.3531982877735496,0.3385339509302594,0.39936793044377,0.3765365880296818,0.3526838244922015,0.2312686207042117,0.338634343374609,0.3071597462642428,0.2958236101684873,0.3328019116383576,0.2837697770167498,0.3847853084894962,0.3515038422500504,0.3241816063546027,0.3498465481544865,0.334333510447595,0.2973399240263812,0.3387384014026121,0.3418053809130291,0.3577802301962969,0.4088548821305819,0.3000662619833079,0.3650441775637681,0.3443768735865884,0.3270771671684818,0.3267980987908306,0.313518090569929,0.3017331079903576,0.3405538185326124,0.300810034840311,0.3573033888623834,0.3237378015073983,0.3496527836703917,0.3437439448796549,0.3167846359377898,0.3641452122198491,0.4313521026403202,0.3245781675199007,0.3205858592800442,0.355242618394619,0.3547811496174112,0.3399023921671121,0.2985377493104652,0.32706694466248,0.352036283379367,0.3445690894911888,0.2812957634136679,0.3380708013666628,0.3143151025608365,0.2810481368583142,0.40960637791649,0.319398161227384,0.3130349575991648,0.3560923717629088,0.3543643616882246,0.2375551808596555,0.3852168133128319,0.3313901652632363,0.3285349419946541,0.3160545466411775,0.3032997839242345,0.2721680551592445,0.3071308415774095,0.294700666428193,0.3932087655705592,0.3575251983403809,0.3240683945002692,0.3180278963531902,0.3307163280844518,0.2895327392291217,0.3532460392591449,0.357893518131701,0.3451856137645783,0.3201787723725852,0.2848188006668642,0.3607284670621964,0.296750169032149,0.3253498035741706,0.2436583667687855,0.3463045769159078,0.3179935972939065,0.3088508437117882,0.2753706743235902,0.3599590380580842
0.2814661544198418,0.360097315854415,0.3608292049540677,0.3351279871120965,0.3478220433922238,0.3423383148974835,0.372056130241785,0.3678716988498847,0.335496979479931,0.2896433743569119,0.3732444523459748,0.3635160057846731,0.3095605636034297,0.3456527336375097,0.3414509826368283,0.3522860252393828,0.3385679818582017,0.3932295563716783,0.3766183855795861,0.352111425583683,0.2330554665534273,0.3371121631777322,0.3059276486307231,0.294994495731108,0.3295335258414691,0.2841930328620956,0.3898751448992205,0.3506136087033314,0.3243226535034023,0.3489926386628842,0.333184380680035,0.2949722984053874,0.3385576965722944,0.3406803448785526,0.3572803957389244,0.4093300095003045,0.3056545059127723,0.3640132631861998,0.3437925022937959,0.3259221634347108,0.3308964129175027,0.31268749518988,0.304352772860473,0.3396614729278489,0.2995120473749687,0.357154821966467,0.323075337915912,0.3491047410755848,0.3428472068303511,0.3156718147588374,0.3739923296972646,0.415894174868666,0.3235856577834998,0.3195606294034999,0.3551679696861721,0.3546128572763311,0.3382376077210315,0.3019064355382923,0.3316710302608495,0.3519264911410058,0.3435595361842456,0.2865622198565015,0.3382514598599858,0.3161031557599099,0.2877275970031425,0.4077437257656104,0.3178039681960108,0.3193498877344443,0.3562777616156753,0.3531983226898356,0.2340811375954087,0.3846472164852311,0.3337370228656006,0.32807262890044,0.3147519124301951,0.3022849219003095,0.2732934020903885,0.3066136515543809,0.2954357381958543,0.3924117964019961,0.3574114266260487,0.3234515893523508,0.3242205627241912,0.3330257590220422,0.2870191374549459,0.3539146264084906,0.3565643240151028,0.3426563439326161,0.3189443171261692,0.2891416861576896,0.3606702761849316,0.2995855095470469,0.3292426003225145,0.2462396981901346,0.3450948053366011,0.3163812177355715,0.3042529066691959,0.2778504279879667,0.3622945145075875
0.2837844193972008,0.3603388484339009,0.3617502721767708,0.3356368463428172,0.3454282944313545,0.3418248097310659,0.3722564343626583,0.3663499816412537,0.3393987817365302,0.2937705979592548,0.3785801020169895,0.3624364788087029,0.3076665337434748,0.3447956736438188,0.3411067321880325,0.3510123557146268,0.338567392756266,0.3871994810084745,0.3763750369282919,0.3517602129046191,0.2360665737088156,0.335528775902275,0.3046190254934042,0.2942090668796063,0.3262304579565814,0.2853811405191861,0.3946385937807485,0.3497218560198593,0.3244181840247298,0.3480339430821824,0.3320956933502746,0.2927502248085513,0.3383402663198552,0.3394816901589921,0.3567719104449647,0.4094092061665377,0.3108571474056241,0.3628870451835927,0.3432334721860091,0.3247187364526676,0.334652643793904,0.3118618155950112,0.3071147670762625,0.338755617294027,0.298498768869226,0.3569536053832879,0.3225546421601896,0.3486547071332329,0.3418892656990214,0.3146650407561951,0.3834507735914359,0.3990445959514013,0.3225177790489313,0.3184669534480484,0.3552001599331282,0.3544635156087506,0.3366800712750141,0.3058918793123685,0.3359679419408257,0.3516770200911999,0.3425068526576192,0.2918540809066872,0.3382011635986328,0.3184474870026549,0.2949762441286104,0.4061269857291141,0.316254398498061,0.3254370715731869,0.356370267827762,0.3521493507219495,0.2305212717089761,0.3836566426710968,0.3358795695867816,0.3276486902977117,0.3135718613653194,0.3012981755716323,0.275522091509944,0.3061833755172353,0.2970003449464932,0.3909070242792326,0.3571162467432921,0.3229595652065467,0.3302103291147747,0.3352568574996401,0.2843474688812725,0.3546428658533397,0.3552436530105836,0.3403582778092242,0.3176798242744059,0.2943024305416423,0.3605645001785053,0.3024185522186375,0.3327571111447431,0.2503262716035781,0.3440934270331605,0.3145898774630061,0.2998362776428988,0.2814075279570431,0.3642719750811172
0.287213678058483,0.3606666088348375,0.3628401820668479,0.336177563624023,0.3428395770449685,0.3414628809640788,0.3720424560493288,0.3651813485721922,0.3430010544055741,0.2976301088104887,0.3831473310589912,0.3612284902075726,0.3064695552440485,0.343938847463257,0.3407092423536239,0.3495490675238397,0.3385009557375004,0.3814532297281405,0.3757330441187599,0.3516966398656574,0.2400992511422644,0.333883271776365,0.3032082154440473,0.2934286574001206,0.3228960981292136,0.2873690105338604,0.3990393185231589,0.3488365911073026,0.3244498047405849,0.3469905680833057,0.3310658595041484,0.2908098188723136,0.3380912009908095,0.3382441399841535,0.3562861004559632,0.4090848765412566,0.31563151408294,0.3616548938704513,0.3427054916835302,0.3234670559481696,0.3380307380484912,0.3110251054391124,0.3098851075972465,0.337862371567284,0.2978586460992322,0.3567059733410943,0.3222002209652532,0.3482809225912157,0.3408858801908137,0.3137575203046688,0.3923494352191263,0.3810208794501798,0.3214059395432632,0.3172941477133992,0.3553201594427113,0.3543413926338569,0.335265891544736,0.310351582230868,0.3398747599521436,0.3512935083214596,0.3414018961443438,0.2971251736733281,0.3378451021363179,0.3212625938057469,0.3026319344712911,0.404765089219418,0.3147234198568324,0.3311268487113199,0.3563495432707877,0.3512217177181649,0.2269330845402222,0.3822170542277202,0.3378206812371325,0.3272521063544901,0.3125327118861122,0.3002852150256923,0.2788832251339952,0.3058045067107984,0.2994386290235627,0.3887019846141087,0.3566314044843442,0.3225527649051761,0.3358422783115269,0.3374320161745557,0.281593582720626,0.3554424448580164,0.3539451890856894,0.3381758616376629,0.3163954288866756,0.3001477581584944,0.3604297763217843,0.3045753337546775,0.3359554750087514,0.2558144853722502,0.3432934750622713,0.3126343979400269,0.2956270234785048,0.2859813919822584,0.3659202534591521
0.2916553925966477,0.3610692111363032,0.3640932874291847,0.3367252040518217,0.3400944668714054,0.3412483130426326,0.3715102598109165,0.3642565583929646,0.346246940417591,0.3011078602189315,0.386981984998306,0.3599809237546692,0.3059604754011433,0.3430567243143282,0.3402645011839327,0.3480843269930337,0.3383444101408696,0.376108025995861,0.3746201026749157,0.3519777279822851,0.2449198620857263,0.3321801678495553,0.301673301813694,0.2926141926281466,0.3195311099621608,0.2901534061997601,0.4030211995843077,0.3479591007065112,0.3244049222306799,0.345881017904723,0.3300788176875394,0.2892914406960091,0.3378195550083407,0.3369923451652998,0.3558469983364526,0.4083583805750152,0.3199712656537046,0.3603033021156509,0.3422063425444681,0.322172299693136,0.3410223732987787,0.3101568534151274,0.3125536225884809,0.3370043054612063,0.2976740843937552,0.3564210101486251,0.3220336696227243,0.3479510053362848,0.3398546822555395,0.3129271180049251,0.4005548048620249,0.3621288579978352,0.3202786444348977,0.3160306866863471,0.3555081177502114,0.3542559302336394,0.3340192640458528,0.3151147510103325,0.3433504122754994,0.3507925886121354,0.3402458110588254,0.3023111430638859,0.3371370593798427,0.3244384402809083,0.3105081981996935,0.4036118680917914,0.3131815549621336,0.3362967235540278,0.3561925134553959,0.3504141054140859,0.2233752765205666,0.3803187758441808,0.339558743572527,0.3268719218390277,0.3116319275494554,0.2991817103584976,0.2833348195154879,0.3054313367646059,0.3027361850650964,0.385830729563128,0.355958238848327,0.3221823690507401,0.3409977852937346,0.3395719857933334,0.2788638397180031,0.3563188705428199,0.3526800473036174,0.3360210706881721,0.3151046368753317,0.3064849074958644,0.3602728871260507,0.3056666669971869,0.3388880977760365,0.2625248788638124,0.3426665984301278,0.3105417088006031,0.291634061362056,0.2914481114316647,0.3672518436672208
0.2969574086399503,0.3615300925674645,0.3654972240618099,0.3372674661210416,0.3372427000701011,0.3411675146701552,0.3707477207001639,0.3634547960830648,0.3490907076496735,0.3040864138885074,0.3901456616793558,0.3587809245873761,0.3060835266505721,0.3421298361010511,0.3397846433772051,0.3468181134687716,0.3380850044528132,0.3712172860064361,0.3729686953358205,0.3526452311688879,0.2502831060905519,0.3304284268539348,0.2999990016989505,0.2917274129693941,0.3161341889266945,0.2936862584795003,0.4065130062436808,0.3470820730397274,0.3242787309682047,0.3447252293537359,0.3291124007124388,0.2883379765345432,0.3375329289034031,0.3357472863760429,0.355466584415384,0.4072522837651393,0.3239001693771527,0.3588216040275861,0.3417320666832321,0.3208453071462197,0.343642862453937,0.3092349513085936,0.3150467804799651,0.3361984385442401,0.2980197670421211,0.3561087615330703,0.3220726460051727,0.3476191169611117,0.3388209461549969,0.3121405413840637,0.407982973990486,0.342726768794472,0.3191612256559298,0.3146726986358166,0.3557416141220486,0.354222950018784,0.3329479715663656,0.3200055365657918,0.3463879173795837,0.3502000027509045,0.3390517165481753,0.3073430518684331,0.3360686616794254,0.3278491177775575,0.3184143582200439,0.4025923995670897,0.3115958715895132,0.3408771874993107,0.3558787987349417,0.3497237710529022,0.2199109877476936,0.3779722998965462,0.3410912568896079,0.3264937153721533,0.3108514567523691,0.2979265638508522,0.2887674963963311,0.3050164889311779,0.3068250980880934,0.3823538150511613,0.3551153313103685,0.3217940936355916,0.3456017988898396,0.3416892437246395,0.2762947720361008,0.3572707450746507,0.3514634574977772,0.333836264464541,0.3138158545488967,0.3130981186677453,0.3600946126864883,0.3055570136192451,0.3415812525282937,0.2702062621578016,0.3421701071128389,0.3083461559974066,0.2878626201064378,0.2976222158839521,0.3682728302061187
0.3029291642871689,0.3620339905938329,0.3670312866803029,0.3378015500757848,0.3343376319854408,0.3411995078933882,0.3698261487264345,0.3626636628606939,0.351492199133505,0.3064639445524741,0.3927183781439885,0.3576883518649605,0.3067504914811372,0.3411544602236485,0.3392786862662279,0.3459492669840031,0.3377202054986323,0.3667794768430316,0.3707287041641421,0.3537209417910924,0.2559478093645364,0.3286379487982752,0.2981757871937288,0.2907415857093292,0.3126991469999534,0.2978700485123798,0.4094351761083367,0.3461938632154177,0.3240785117717106,0.343545088888667,0.3281440565420577,0.2880823175701119,0.3372351934029209,0.3345247694150403,0.3551449548240272,0.4058111538349382,0.3274565894693068,0.357208216651947,0.341280390320419,0.3194992722733406,0.345923172597653,0.3082361126673803,0.3173267450620551,0.3354572164221461,0.2989505736023461,0.3557806554697018,0.322321980259972,0.3472366387845275,0.337817844875672,0.3113596247447707,0.4146082073612657,0.3232078236224949,0.3180734607790891,0.313233110898106,0.3559897091828677,0.3542650182947833,0.3320412853645721,0.3248589604537701,0.3490057219677577,0.3495456765052157,0.3378404397375013,0.3121590561479525,0.3346658882818742,0.3313617949013739,0.3261771297977445,0.401625695951313,0.3099267017677998,0.3448429071090778,0.3554017081768003,0.3491445463791424,0.2166092507285453,0.3752050383323971,0.3424238030529113,0.3261023116666297,0.3101638767431475,0.296475970936668,0.2950101166884329,0.3045162490768778,0.3115899997087638,0.3783544728646308,0.3541392115672821,0.3213352764958876,0.3496247532082602,0.3437878513887785,0.2740442217299212,0.358285059444619,0.3503107385787514,0.3315889662464048,0.3125322187147898,0.3197693020204252,0.3598961919892809,0.3043410929047297,0.3440396811976181,0.2785563585863421,0.341747302786425,0.3060900327633038,0.2843238324062511,0.3042752036172702,0.3689913123991749
0.3093521497772563,0.3625683926652381,0.3686648489644598,0.3383336297641608,0.3314302427368822,0.3413191842651472,0.3687911002449859,0.3617822037322805,0.3534146498923721,0.3081643098978876,0.3947801988539298,0.3567362975845868,0.3078679551521491,0.34013999329443,0.3387535901196996,0.3456578963922408,0.3372559467580393,0.3627489977154756,0.3678924637635269,0.355208774592575,0.2616838832161443,0.3268197454949784,0.2962050553535096,0.289649472777871,0.3092129923222683,0.3025680294889854,0.411715077236129,0.3452800927198873,0.3238227215311565,0.342357418446617,0.327148230645652,0.2886253206466773,0.3369291208844228,0.3333285122642018,0.3548776418333441,0.4040925687428822,0.3306795923029738,0.3554664474316298,0.3408443017325435,0.3181473926935224,0.3479018670544878,0.3071365314723095,0.3193812082619127,0.3347843300843474,0.300488171983588,0.3554522576239131,0.3227724331546731,0.346768252042119,0.3368729145280523,0.3105464522941791,0.4204525998292849,0.3040143605149294,0.3170256950314351,0.3117440623512643,0.3562170303120469,0.3544010498785565,0.3312736275635877,0.3295268365229985,0.3512412147039263,0.3488588096895645,0.3366354076940143,0.3167072696646745,0.3329886434318798,0.3348472968067311,0.3336560798332564,0.4006345338059142,0.3081314960861701,0.3482042526660992,0.354769471548154,0.3486609680367274,0.2135420233789636,0.3720620269913179,0.3435664639324606,0.3256868773251345,0.3095293017135272,0.2948047535510152,0.3018398055015189,0.3038869732373796,0.3168712721967244,0.3739326716052923,0.3530723436723373,0.3207641398463072,0.3530735762040842,0.3458654462184115,0.2722780548876007,0.359332071785373,0.3492244981862287,0.3292714159798019,0.3112570984072184,0.326296389776495,0.3596766623440476,0.3023691569061822,0.346254292252792,0.2872589743250181,0.3413309396864062,0.3038198424465811,0.2810318003006394,0.3111658517092469,0.3694200252801432
0.3159958041695725,0.3631196126672744,0.3703525534739463,0.3388806523976556,0.3285676433576027,0.341495903351289,0.3676706275748855,0.3607130064444164,0.3548341729635607,0.3091454116561905,0.3964017771548631,0.3559464050404009,0.3093454001616034,0.339098215370218,0.3382215748530538,0.3460928082296479,0.3367066396295858,0.3590470656029241,0.3645087539845814,0.3571011406238519,0.267274125514543,0.3249896743901287,0.2941082715642625,0.2884614328832096,0.3056591361664534,0.3076212610362989,0.4133019214209745,0.3443256628736342,0.3235352735316703,0.3411708730631086,0.326094653661451,0.2900227756730498,0.3366182025074222,0.3321534302760368,0.354660855973598,0.4021628500286855,0.3336045092139915,0.353596749362995,0.3404097057489306,0.3168042562025052,0.3496211067747142,0.3059176126065684,0.3212185232022975,0.3341696816397392,0.3026218135715348,0.3551424864402258,0.3234110059828411,0.3461950219156102,0.3359974312460033,0.3096649688984834,0.4255656992247909,0.2855848004246619,0.3160207264331991,0.3102573508558326,0.3563942804424314,0.3546357743499292,0.3306090586421314,0.3338860268755632,0.353142579829243,0.3481647421614,0.335461367073196,0.3209478835573136,0.3311356072996244,0.3381922751404244,0.3407545483095796,0.3995565805689078,0.3061758244483692,0.3510055135164757,0.3539993818693279,0.3482482669220818,0.2107807312490911,0.3686079152372764,0.34452260870461,0.3252399591722719,0.3088937918217551,0.2929020489970508,0.3090027338291971,0.3030867688438521,0.3224762053105544,0.3691976539381393,0.3519527597939604,0.3200560989357024,0.3559800800988752,0.3479093591225574,0.2711611257997305,0.360367049717769,0.3481906067705928,0.326903689550839,0.3099919225934109,0.3325047821249944,0.3594301621004795,0.3002095651739442,0.3482065203846025,0.2960168283313397,0.3408531768642774,0.3015776986550147,0.2780011553413273,0.3180638184300468,0.3695789212295121
0.3226412219688088,0.363668944337587,0.3720267038104466,0.3394653335286373,0.3257926552785912,0.3416935100116792,0.3664897488806403,0.359366758895107,0.3557468288434121,0.3094145059209377,0.3976512576484253,0.3553226706525446,0.3110895335374117,0.3380420890184861,0.3376983693665634,0.3473629490027962,0.3360913602196795,0.3555807252198016,0.3606765562677203,0.3593808743438663,0.2725200458790233,0.3231668493320256,0.2919280964628781,0.2872041837447103,0.3020234022440329,0.3128590168963173,0.414173741299895,0.3433207002617096,0.3232407400605824,0.3399932230859966,0.3249563656675293,0.2922839353267478,0.3363032783563115,0.3309958775074709,0.3544902622367021,0.4000981664675965,0.3362592169935726,0.3515979658278894,0.3399653240685618,0.3154862767357133,0.3511233744310842,0.3045731582722494,0.3228670962656421,0.3335913926229368,0.3053151287261444,0.3548704546824015,0.324226027464654,0.3455058108199145,0.3351925771172232,0.3086825520162437,0.4300161300440868,0.2682515772738965,0.3150586202975988,0.3088462035289491,0.3564990487765966,0.3549590906826743,0.3300010408507292,0.3378517909445706,0.3547591357158184,0.3474809901091295,0.334343655086147,0.3248615069148615,0.3292354049428861,0.3413090729952736,0.3474282912141896,0.39836347592062,0.3040416577970004,0.3533180711738282,0.3531151657659506,0.3478783334289355,0.2083954817640928,0.3649190513869426,0.3452907814066873,0.3247528587483839,0.3081994817827209,0.2907758617414173,0.3162404250868999,0.3020882385810755,0.3282001377415657,0.3642616354815674,0.350814105850748,0.3192047388633169,0.3583944162405764,0.3498923627716371,0.2708505616944642,0.3613371290654326,0.3471867078398641,0.3245311728841979,0.3087261424538285,0.3382560415222282,0.3591542317074862,0.2985109688602359,0.3498732068502792,0.3045698718504112,0.3402546649085085,0.2993952528988859,0.275250588523933,0.3247600422720365,0.3694999227846793
0.3291007557754599,0.364193257329281,0.3735919792765965,0.3401075321933317,0.3231418324040322,0.3418775202330874,0.3652681660954858,0.3576781558336885,0.3561632841998506,0.3090394804948275,0.3985979116754286,0.3548358405668337,0.3130168532263395,0.3369930232499548,0.3371942878284302,0.3495272086092627,0.3354246618223884,0.3522649889932033,0.3565384927565148,0.3620173936682464,0.2772510706199352,0.3213647291077465,0.2897247030533148,0.2859272658940008,0.2982989583312278,0.318109314276378,0.4143415746056048,0.342262498051272,0.3229613834062177,0.3388366591931576,0.3237202941386481,0.2953683716636299,0.3359785420214926,0.3298546343500312,0.3543609029753284,0.3979796772877355,0.3386554867870379,0.349473648866673,0.3395093379900135,0.3142074464283049,0.3524437995395995,0.3031123077279785,0.3243671682679011,0.3330216167000575,0.3085030560484806,0.3546552923660795,0.3252011627428779,0.3446951305857326,0.3344586724512937,0.3075756910338968,0.4338965919016645,0.2522458840343538,0.3141351858916232,0.3076033304795914,0.3565081324655882,0.3553502060128902,0.3293924636269069,0.341383321536675,0.3561345471116264,0.3468131486019996,0.3333033569555365,0.3284564330062222,0.3274204626496013,0.3441391639599798,0.3536859656835356,0.397070569377398,0.3017271307113817,0.3552230521386446,0.3521466963993777,0.3475224421981873,0.2064530495268521,0.3610689423502761,0.3458782226505181,0.3242162617301469,0.3073956202306366,0.2884637583188225,0.3233108577844962,0.3008868037170536,0.3338457303550222,0.3592368670297406,0.3496858138428405,0.3182210767544709,0.3603766449069248,0.3517787656823398,0.2714807620250935,0.3621861269816953,0.3461882375622548,0.3222145076775469,0.3074349190628,0.3434583010845026,0.3588605202307904,0.2978458180199073,0.3512375376443395,0.3127090798679661,0.3394892601290117,0.2972923898230418,0.272800449010786,0.331077409636776,0.3692282679736108
0.3352278471491144,0.364669890790619,0.3749281252967599,0.3408235163451973,0.320644277180406,0.3420214793435916,0.3640085893000717,0.3556106159531858,0.3561030557050657,0.3081442489756939,0.3993034726420156,0.354438204882752,0.3150751325250822,0.335979064312335,0.3367134850938268,0.352586024401994,0.3347102323865227,0.3490328033784857,0.352281489001931,0.3649649631014994,0.2813295807736252,0.3195859046129757,0.2875794542941274,0.2847069926174791,0.2944911807762805,0.3232188970290953,0.4138525389519835,0.3411508713150228,0.3227132975075627,0.3377118767056576,0.3223878319663638,0.2991822975655149,0.3356334801363948,0.3287253020222852,0.3542728034949222,0.3958814943408865,0.3407871131732177,0.3472317192293943,0.339042245934917,0.3129742636469549,0.353602424135566,0.3015602270446572,0.325756662669354,0.3324292269500635,0.3120875463851306,0.3545171154898413,0.3263147441171524,0.3437719347264878,0.3337901393298649,0.3063363093435295,0.4373226030486835,0.2378011058055996,0.3132368994247168,0.3066340955019868,0.3563978993147076,0.3557776909069803,0.3287242591700132,0.3444754807396203,0.3573034734265291,0.3461559619118179,0.3323513300406716,0.3317652702774157,0.3258071512915119,0.3466524565034657,0.3595777788621485,0.3957253390695032,0.2992430227222244,0.3567965032320083,0.3511274592695863,0.3471487375925493,0.205010471216455,0.3571225740642186,0.346303228899274,0.3236253570818893,0.3064388078702442,0.2860359235830838,0.330004422145542,0.299496761578479,0.3392356063008968,0.3542321148348556,0.3485862759890223,0.3171330722831003,0.3619811522086222,0.3535351744377023,0.2731412965122963,0.362857533806006,0.3451650989211196,0.3200189213169827,0.3060904383600727,0.3480718861887416,0.3585735652789214,0.2985830151495439,0.3523019079834296,0.320291237256932,0.3385281743136925,0.2952764837046801,0.2706640801097461,0.3368891295583016,0.3688187712441946
0.3409250085255426,0.3650805887927379,0.3759001982358725,0.3416294253649744,0.3183224839116391,0.3421046106817471,0.362701599893242,0.3531468367804091,0.3555992178282072,0.3068968070235357,0.3998175459777321,0.3540923812830465,0.3172369333561125,0.3350233758815332,0.3362616797637833,0.3564817969174359,0.3339425274705218,0.3458332246502249,0.3481258460740515,0.368166999083386,0.2846545348949184,0.3178265688094704,0.285599239778791,0.2836396913666503,0.290624915777918,0.3280695513318233,0.4127851517521004,0.3399876060268311,0.3225020512119729,0.3366221239966621,0.3209672897832299,0.3035873273420136,0.3352593023981522,0.3276038610855962,0.3542354131698193,0.3938616901553959,0.342642101433106,0.344879048015904,0.3385614162117023,0.3117845369545852,0.3546051766296446,0.2999602804922055,0.3270640640225785,0.3317812374943322,0.3159492189711265,0.3544742642189958,0.3275508324317561,0.3427638038745484,0.3331658417971623,0.3049724785782268,0.4404186054153612,0.2251556228103925,0.3123423120020623,0.3060499593156277,0.3561538297454327,0.3561979166271422,0.3279489527141337,0.3471470358753002,0.358289097891879,0.3454987551446755,0.3314871724963341,0.33483430369635,0.3244929675949707,0.3488472027844915,0.3651794534434965,0.3943891438098513,0.2966144237575853,0.3581061537984381,0.3500921214643283,0.3467226997940485,0.2041093871125921,0.3531408310096137,0.3465830089467287,0.3229805268500345,0.305290504036632,0.2835894940326666,0.3361600917456128,0.2979502071325903,0.344224680323774,0.3493437701910724,0.3475184601774206,0.3159811759949477,0.3632455293458391,0.3551315367146374,0.2758634143429406,0.3633007144240001,0.3440805643376705,0.3180089448050527,0.3046721298870279,0.3521018723900033,0.3583215841174951,0.3007916329226763,0.3530941377916112,0.3272445141708409,0.3373648321760525,0.2933398027698486,0.2688498451768139,0.342129554746802,0.3683318343542975
0.3461523324303522,0.3654086291286649,0.3763700772759237,0.3425355899449669,0.3161926932624198,0.3421087098851272,0.3613441947490368,0.3502848285887244,0.3547035489520159,0.3055016770659668,0.4001833731559087,0.3537624196169751,0.31947381977281,0.3341403770632178,0.3358470788785989,0.3611057843530459,0.3331094016735944,0.3426325230577987,0.3442971848437768,0.3715606369113965,0.2871731603027469,0.3160803890473392,0.2839064642241802,0.2828328880846106,0.2867517582320227,0.3325771727030358,0.411239664704885,0.3387821553763666,0.322320615522872,0.335568396688195,0.3194708090982582,0.3084175818672556,0.3348534161340188,0.3264963288933903,0.3542651727177426,0.3919609625382574,0.3442152375514211,0.3424207340077186,0.3380695954021651,0.3106283072681683,0.3554518213855361,0.2983755202326323,0.3283094576216107,0.331047698478019,0.3199665735044983,0.3545386742095838,0.3289046338877605,0.3417073837117566,0.3325539077806391,0.3035055137093402,0.4433086110912164,0.214435986782255,0.3114278815739853,0.30596109325279,0.3557734111070781,0.3565592696887635,0.3270370271915737,0.3494332206445971,0.3591024318631782,0.3448274069461144,0.3307017985532139,0.3377151400316258,0.3235502526689201,0.3507479849323051,0.3705780246850501,0.393128242290337,0.2938882187106952,0.3592106449886696,0.3490747369454874,0.3462137272669495,0.2037767829269536,0.3491805767382996,0.3467292459693654,0.3222825284974071,0.3039223032986901,0.2812452631768388,0.3416770597376126,0.2963085460118181,0.3487116001908479,0.3446466948735129,0.3464745481516244,0.3148085039381447,0.3641941652569999,0.3565352267628709,0.2796210879203203,0.3634782345602879,0.3429003013001826,0.3162485343176365,0.3031633782696327,0.3555835393547775,0.3581332717540763,0.3042247611011781,0.3536650999850417,0.3335581507147828,0.3360175194826515,0.2914571127677844,0.267375272858309,0.3467840063436854,0.3678301589627096
0.3509264429644458,0.3656318378039141,0.3762058983719131,0.3435360452713891,0.3142647439299469,0.3420240114340073,0.3599444836101156,0.3470444128089242,0.3534810833032856,0.3041899085596244,0.4004371421997432,0.353379138282315,0.32175033581242,0.3333417475974667,0.3354716540689159,0.3663043823238855,0.3321885888459175,0.3394202452523901,0.3410005515546418,0.3750756967744421,0.2888965433065136,0.3143329058222375,0.2826232678752336,0.2824028504054359,0.2829528679688801,0.3366869256318259,0.4093335572357092,0.3375510872110163,0.3221501499429856,0.3345563399958013,0.3179186389273815,0.3134902877953161,0.3344197597775671,0.3254183684002307,0.3543801024130866,0.3902040851264468,0.3455093479268259,0.3398640364650663,0.3375819744005472,0.3094871615568984,0.3561404536483101,0.2968874508372113,0.3295031325016239,0.3302078804949107,0.3240235477553427,0.3547132238442227,0.3303733518695649,0.3406364244804171,0.3319256395510552,0.3019706822722929,0.4461199846580402,0.2056397600857054,0.3104688256899918,0.306462553915021,0.3552593196190703,0.3568110431628233,0.325973785102176,0.3513776283390433,0.3597456228209146,0.344122352374633,0.3299773173690999,0.340459620587981,0.3230049126684026,0.352396255150694,0.375856240207565,0.392006832698366,0.2911387386354418,0.3601536464797565,0.3481027430652079,0.3456002948253928,0.2040286217344605,0.345286987317067,0.346758223446603,0.3215302070490464,0.3023231457477741,0.2791485701522944,0.3465137838090323,0.294671708920784,0.3526412764450013,0.3401947908569663,0.3454414006562378,0.3136526375772955,0.3648462029309688,0.3577133863805258,0.2843336184234059,0.363368148747399,0.3416023569600726,0.3148032129394393,0.3015436203024377,0.358572686724918,0.3580410211009983,0.3084180450176358,0.3540832382615844,0.3392646596984435,0.3345289538856325,0.2895867841201658,0.266273606928899,0.350870621554873,0.3673723593671358
0.355306448775137,0.3657219556506526,0.3752925602479873,0.3446097150931846,0.3125446773692109,0.341856620546215,0.358510126250911,0.3434678358048853,0.3520029297085355,0.3031959501964968,0.4005958021102648,0.3528440031044778,0.324031155924753,0.3326363286366607,0.3351275840605938,0.3718857286975862,0.3311435316408921,0.336207562919141,0.3384039916697039,0.3786302554578869,0.2899045875509222,0.3125551235055614,0.2818684503752294,0.2824709553398536,0.2793373395153474,0.3403796625319873,0.4071978938085153,0.3363097320508301,0.3219616702515841,0.3335919801275123,0.3163406281506989,0.3186142031978311,0.3339674004330017,0.3243876938355702,0.3545961100702807,0.3886003667408887,0.3465353099301999,0.3372199050274538,0.3371171247727554,0.308333016002471,0.3566662210597369,0.295594118986387,0.3306405992040831,0.3292532320359707,0.3280104829709849,0.3549898563717579,0.3319489106033761,0.3395797945614836,0.3312587141134865,0.3004216086498919,0.4489824576002695,0.1987534612365328,0.3094367516749549,0.3076185708359233,0.354617060279655,0.3569104426999927,0.3247569780890383,0.3530202830565474,0.3602166823765255,0.3433615837609349,0.3292849458167342,0.3431123837722568,0.3228220187451016,0.3538376676099109,0.3810738868545866,0.3910712636043802,0.2884657440958165,0.3609608449640401,0.347189604228488,0.344869027282606,0.2048697576952469,0.3414907975846314,0.3466947497796331,0.3207232203932663,0.3005009614141494,0.2774637148298818,0.3506788187835802,0.29317081168291,0.3560002533874976,0.3360294127174399,0.3444012191085024,0.312543303923475,0.3652138037310791,0.3586429635331631,0.2898629035739438,0.3629628494537172,0.3401782753899679,0.3137407240427488,0.2997905302428263,0.3611387918649901,0.3580790554210217,0.3128240429137661,0.3544306947528929,0.3444236371682742,0.3329632418896495,0.2876765682411885,0.2655881063184096,0.3544332085664856,0.3670049761208904
0.3593779663553059,0.3656532943934518,0.373544959362345,0.3457304780058178,0.311039006452333,0.3416255109332367,0.3570472206181121,0.3396097778184436,0.3503491961288438,0.3027294400041779,0.4006513251170305,0.3520778001207915,0.3262664608912354,0.3320223059497786,0.3348052616914923,0.3776325953312999,0.3299282072260407,0.3330155216404464,0.3366198632211624,0.3821286513749806,0.2903396898547378,0.3107080782526333,0.2817585828743574,0.2831498510687736,0.2760389814451109,0.343675448024602,0.404962832815731,0.3350706783128527,0.3217171552539624,0.3326729160090174,0.3147692203608061,0.3236094109048412,0.3335087993562281,0.3234251048952333,0.3549240755945153,0.3871444029543936,0.3473208114832201,0.334501710522854,0.3366854697634031,0.3071296914628678,0.3570228648001547,0.2946058083833569,0.3317033772366989,0.3281873622539815,0.3318347933408389,0.3553482240859194,0.3336236606808747,0.3385644468402649,0.3305302651774267,0.2989315535420249,0.4520080901492592,0.1937692551282785,0.3083021343044934,0.309454955730247,0.3538611245472436,0.3568265135539152,0.3234006284697933,0.3543890862742648,0.3605119894664484,0.3425296307722908,0.3285884367927497,0.3457011057600759,0.3229155324064949,0.3551159359890722,0.386254110299535,0.3903348844370064,0.2859878558108498,0.3616456947626473,0.346335758304193,0.3440133415219566,0.2062917079299213,0.3378148852174498,0.346560784181132,0.3198632005765041,0.2984841973698134,0.2763584616135644,0.3542223005298806,0.2919535484923614,0.3588134724531759,0.3321824045096331,0.3433337387196526,0.3114993710312562,0.3652967220154589,0.3593131800933722,0.2960188627705535,0.3622700274790157,0.3386297384475409,0.3131282591269245,0.2978900460082649,0.3633511795456484,0.3582729633358933,0.3168919685732297,0.354799370040287,0.3491065508865265,0.3313987876732455,0.2856706128080213,0.2653726531531064,0.3575388746901101,0.3667593980084824
0.3632427432647123,0.3654098420783173,0.3709197010579523,0.3468681329035947,0.3097556839150752,0.3413543782671045,0.3555761720927919,0.3355318943447798,0.3486149625112119,0.302958199434104,0.4005771173333699,0.3510520671680378,0.3283698048233351,0.3314878098018604,0.334500428114077,0.3833197608504151,0.3284993176227498,0.3298657388671114,0.335686954245848,0.3854638864435838,0.290401345335697,0.3087538803118895,0.2823925222741458,0.2845256998499393,0.2732107434694834,0.3466169601093963,0.4027401047670431,0.3338510986021833,0.321371746899024,0.3317885117025534,0.3132312943863507,0.328328607612977,0.3330579827326586,0.3225603730467704,0.3553665930203757,0.3858190626648641,0.3479162508369916,0.3317252619438077,0.3362915377474839,0.3058372861000739,0.3572107294367197,0.2940332585279753,0.332666254821352,0.3270251010683014,0.3354344151507751,0.3557586640428536,0.3353949846621475,0.3376123924649866,0.3297179402110752,0.2975895369400744,0.4552672494656948,0.1905622766152066,0.3070398308865143,0.3119574379386248,0.3530172840002512,0.3565440611240202,0.321937255338382,0.3554990094584715,0.3606288083917505,0.3416210806069983,0.3278532932871806,0.3482307917236099,0.3231646670510727,0.3562719481665429,0.391379991051632,0.3897774767865988,0.2838376378436073,0.3622152312327885,0.3455354550564039,0.3430362160128893,0.2082749449826778,0.3342794725873352,0.3463683538309471,0.3189501459687553,0.2963274690190175,0.275988940465462,0.3572250602206011,0.2911762609038162,0.3611394433145339,0.3286698466166072,0.342222326606463,0.310520419869567,0.3650879554907457,0.3597192086591032,0.3025821239769261,0.3613128378385796,0.336969255759376,0.3130273382444483,0.2958413420128566,0.3652631642622472,0.3586291644887345,0.3201204387282501,0.3552818581777892,0.3533815349010863,0.3299180543671432,0.2835124299558977,0.2657031647899077,0.3602628320603622,0.3666543975470955
0.3670080172679286,0.3649828480285822,0.3674222491688645,0.3479820283271521,0.3087023416668102,0.3410713600425626,0.354139162182623,0.3313071632018016,0.3469062124883796,0.3040035283914594,0.4003295368052256,0.3497785047265764,0.3302299055105242,0.3310210389392706,0.3342110089190266,0.3887272694433449,0.3268257566232497,0.3267797685360438,0.3355702826606477,0.3885225713360002,0.290340292881138,0.3066612483231549,0.2838279762490259,0.2866479685914402,0.2710132346040219,0.3492478455030048,0.4006201228498162,0.3326726533841588,0.3208804426282164,0.3309260965601087,0.3117466674208035,0.3326601378823953,0.3326300382876414,0.3218261977371213,0.3559155394808597,0.384601045910194,0.3483854173081339,0.3289095234991094,0.3359395412810299,0.3044169964616491,0.3572432666258873,0.2939728166616348,0.3335020666549577,0.3257907994943368,0.3387765205358519,0.3561877493223725,0.3372569139125914,0.336733782677494,0.3288109879649191,0.29649605861991,0.4587793035379419,0.1889036919505913,0.3056317588362175,0.3150672438569719,0.3521160416058148,0.3560670892297564,0.3204113971837591,0.3563532894505667,0.3605708227786507,0.3406350704412187,0.3270520539127686,0.3506849533507902,0.3234173127610514,0.3573381365403417,0.3963952775196191,0.3893542741482984,0.2821573934975599,0.3626697284918846,0.3447769446517684,0.3419524382965936,0.210795541941455,0.3309009069090848,0.3461279464248414,0.3179788051161286,0.2941140037352739,0.276491052810339,0.3597793305232585,0.2909978749054381,0.3630548739815992,0.3254887251445717,0.34105672551666,0.3095813854926156,0.3645885849497086,0.3598617821372298,0.3093290692970988,0.3601227618743049,0.3352230314982036,0.3134895105022769,0.2936543754495564,0.3669089613291285,0.3591318232760145,0.3221399712926275,0.3559569201885512,0.3573022872886502,0.3285991971174862,0.2811452364315202,0.2666794129106396,0.3626659037139676,0.3666982772626319
0.3707699008795581,0.3643665075934092,0.3631106030808531,0.3490267975250172,0.3078869448865596,0.3408134176213663,0.3527879379053384,0.3270199841375787,0.3453278791442819,0.3059363584641184,0.3998402184969662,0.3482973169616438,0.3317426773721691,0.3306125341445145,0.3339318254563362,0.3936472484465016,0.3248914342616749,0.3237803776060748,0.3361740734737117,0.3911910684264198,0.2904365626933997,0.3044054094119868,0.2860750122061213,0.2895267545779878,0.2695975162903291,0.351608395941544,0.3986786799299612,0.3315508403537392,0.3202082528908295,0.3300715352182194,0.3103301165793279,0.3365212722114628,0.3322416616289141,0.3212446783876229,0.3565500686693103,0.3834671286937816,0.3487913866094977,0.3260759881964975,0.3356276831996214,0.3028352743731478,0.3571454174898021,0.294499506762325,0.3341833887994309,0.3245158727003469,0.3418475837788373,0.3565987979926305,0.3391907795166953,0.3359260549928073,0.3278141428441611,0.2957604680761707,0.4625091215371186,0.1886602745241579,0.3040696459046699,0.3186784755462983,0.3511864949728088,0.355418621954072,0.3188696013394848,0.3569432492615425,0.3603517905464672,0.3395731021903579,0.3261619395362563,0.3530304227070777,0.3234923274639142,0.3583284846304028,0.401205037181943,0.3890023278904702,0.2810894092998419,0.3630036324036693,0.3440371201083926,0.3407860855088671,0.2138282343917097,0.3276915683717366,0.3458546574253325,0.3169380641944296,0.2919512607941343,0.2779706217757314,0.3619688933107398,0.2915644087640247,0.3646348081364581,0.3226246638743805,0.3398316333371066,0.3086389858857564,0.3638166855659017,0.3597547076646314,0.3160436755060204,0.3587293911531158,0.3334278638186235,0.3145538791695577,0.2913489996437034,0.36831133463803,0.3597466321093881,0.3227867575731547,0.3568770415699537,0.3609018929643559,0.3275105033543852,0.2785180440252146,0.2684089485582043,0.3647863425855038,0.3668878928547457
0.3745944467761887,0.3635609290576063,0.3580930415069973,0.3499688317009193,0.307319832532017,0.3406218370478567,0.3515729846953952,0.3227558879911401,0.3439735883705511,0.3087703977338987,0.3990181405865952,0.3466841351281057,0.3328187480758838,0.330247512382783,0.3336573711569011,0.3978907235016881,0.3226963422414484,0.3208899874307728,0.3373494948752022,0.393362960063578,0.2909612271832366,0.3019712393097319,0.2891032018810091,0.2931303404756162,0.2690869800886534,0.3537392400933172,0.3969739502958339,0.3304913056526807,0.3193363654624757,0.3292059005788695,0.3089899224829581,0.3398641729239497,0.3319089538030997,0.3208255963349016,0.3572350950886025,0.382397121139691,0.3491920405422319,0.3232484847412822,0.3353413352771542,0.3010674937126442,0.3569478561862261,0.2956658907298661,0.3346891978310631,0.3232353000379315,0.3446521402302131,0.3569489107528607,0.3411680085353767,0.3351791473898009,0.3267390159650288,0.2954962319289789,0.4663536637338444,0.1898411074087359,0.302361164409322,0.3226484985229929,0.350254892749977,0.3546368387770848,0.3173548378375418,0.3572523237007111,0.3599911467317786,0.3384462830561041,0.3251644144910992,0.355223536690527,0.3231990097372686,0.3592359478656267,0.4056830032317281,0.3886461130839533,0.2807608015364228,0.3632121234974348,0.3432846732562564,0.3395673590578072,0.2173412942283634,0.3246637078191923,0.3455603743794809,0.3158107907862142,0.2899669965617252,0.2804867645104804,0.3638602208090499,0.2929876966294358,0.3659431647858013,0.32006106861768,0.338548586473566,0.3076432614931003,0.3628046934014776,0.3594252275207363,0.3225252881391823,0.3571571655408277,0.3316210205064611,0.3162434367557252,0.2889597237211734,0.3694827474247799,0.3604266254708581,0.3221116742553619,0.3580655942289626,0.364188705334422,0.326702059009672,0.2755992016315685,0.2709904871256681,0.3666476136251213,0.3672080681817312
0.3785019713138885,0.3625772977314562,0.3525146051248303,0.3507904610942022,0.3070116537901592,0.3405301454157591,0.3505477372872472,0.318594027753409,0.3429175508005665,0.3124609482779619,0.3977679123137708,0.3450427149770249,0.33337720634275,0.3299057344442727,0.3333883036757677,0.4012979003793318,0.3202593649534742,0.3181288209298036,0.3389030780910239,0.3949470934199712,0.2921419567610127,0.2993618662139547,0.2928411678865164,0.2973815756440965,0.2695626375582357,0.3556731387106198,0.3955355928306384,0.3294993633256147,0.3182606382084834,0.3283087146783464,0.3077238451065497,0.3426867186920447,0.3316415969611129,0.32057409119371,0.3579243676011419,0.3813729727067667,0.3496387875067648,0.3204535847494396,0.3350591922204105,0.2991019753982332,0.3566833091471202,0.2974936880924575,0.3350147246926949,0.3219815188957514,0.3472147902570074,0.3571934123950313,0.3431572464109573,0.3344778457436324,0.325598385971181,0.2958112360835062,0.4701304536888454,0.192385475426663,0.3005336179835252,0.3268169687594409,0.3493425068382491,0.3537695486643527,0.3159037200057029,0.3572665680920781,0.3595067792931178,0.3372789584865998,0.3240524394400067,0.3572188076147101,0.3223655633183077,0.3600404678201715,0.409689454874823,0.388210249694694,0.2812713029447163,0.3632951882407563,0.3424919261916023,0.3383325238015206,0.2212881889761875,0.3218301081745241,0.3452490111096463,0.3145739135602304,0.2883072276069082,0.2840378508054689,0.36550116691684,0.2953304590754381,0.3670331366210975,0.3177785561797997,0.3372194699282238,0.3065427146911189,0.3615935949272468,0.3589039848780259,0.3286069705974381,0.3554275500548148,0.3298313967676571,0.3185579086393994,0.2865408537247495,0.3704180827030888,0.3611158616063714,0.3203531941148149,0.3595212331775978,0.3671476741560955,0.3261937984930907,0.2723870701516373,0.2745051514046343,0.3682629026935671,0.3676346169649858
0.3824577935077961,0.3614364365163032,0.3465369152120851,0.3514792929193036,0.3069693522530119,0.3405590112222624,0.3497723629795536,0.3146104882559244,0.3422057857518232,0.3169169185676754,0.3960058410435353,0.3434711645829673,0.3333679677642626,0.3295716860174737,0.3331313644504721,0.4037466405187952,0.3176202421346991,0.3155137556328584,0.3406237354870414,0.3958742828672072,0.2941422828068312,0.2966071786566502,0.2971726874237183,0.302158324836794,0.2710536002157077,0.3574236068490364,0.3943635626802967,0.3285870426583249,0.3169905519124093,0.3273664329980088,0.3065186277182875,0.3450225315843839,0.3314395003667592,0.3204880568403898,0.3585691692686805,0.3803799676717196,0.3501671193662433,0.3177177049558982,0.3347620740764171,0.29694629737399,0.3563846044669794,0.2999601022552574,0.3351728844867808,0.3207771482523456,0.3495693337307317,0.3572975202611812,0.3451242834290629,0.3337999597375217,0.3244116434209767,0.2967946732076757,0.4735898107185562,0.1960974565253334,0.2986325883138964,0.3310195118430833,0.3484627573912401,0.3528674302947545,0.3145411525100287,0.3569838081945913,0.3589155502169606,0.3360990277689972,0.322834772504327,0.3589788983063364,0.3208584960392039,0.3607170731020831,0.4130897577337115,0.3876351263908413,0.2826876892934024,0.3632555180380768,0.3416400792022143,0.3371224831506764,0.2256039613857574,0.319199778275116,0.3449266897501055,0.3132023179565637,0.2871273428088237,0.2885601645428368,0.3669181556851977,0.2986004540397477,0.3679445098899853,0.3157501902607798,0.3358627788374058,0.3052849265037542,0.3602316521784381,0.3582201377611187,0.3341750349118429,0.3535560962495347,0.3280789145798354,0.3214663406559454,0.2841679929752139,0.3710968197768179,0.3617509646591863,0.317910186049529,0.3612207444635975,0.369752367850382,0.3259683687690417,0.2689116359190286,0.2790012072202229,0.3696304342478205,0.3681403900152518
0.3863727533834433,0.3601640406514019,0.3403245100884248,0.3520265423019537,0.3071970174537751,0.3407204749856126,0.3493044780057766,0.3108811913096391,0.3418506414052966,0.3220210593736884,0.3936636156069261,0.3420388179020389,0.3328077757835856,0.32923777097113,0.3328929057748753,0.4051542035995478,0.3148371459649879,0.3130566976217963,0.3423159779754428,0.3961023794322382,0.2970444212644719,0.2937686039745149,0.3019487364475215,0.3073023671270148,0.2735336081992816,0.3589899787803634,0.3934366660341172,0.3277688891729698,0.3155564229294874,0.3263752152975527,0.3053533466583753,0.3469167216182457,0.3312961516125338,0.3205464617211221,0.3591252733154623,0.3794126541680028,0.3507868990951502,0.3150615434804383,0.3344297674714618,0.2946358658982119,0.3560817855674922,0.3029964167261821,0.3351867411998566,0.3196320757287321,0.3517423278469789,0.3572415357688709,0.3470293037318723,0.3331184014326123,0.3232088915500965,0.2985038519889628,0.476444889184223,0.2009523396672094,0.2967232112691041,0.3350964076741604,0.3476224735524387,0.3519767020590795,0.313274705585665,0.3564153421208038,0.3582395559469843,0.334927271942007,0.3215273568852274,0.3604813178302281,0.3185936716303068,0.3612380093379448,0.4157640494880561,0.3868854600885673,0.2850380646345856,0.3630981880785513,0.340715237946529,0.3359758972261725,0.2302075240832569,0.3167755862178455,0.3446088012042207,0.3116754999356739,0.2865759945820738,0.2939343927485033,0.3681155909935488,0.3027484642600729,0.3686969080377184,0.313943712679797,0.3344965451583403,0.3038217676288722,0.3587767109615361,0.3574069826666695,0.3391700941011304,0.3515440538380692,0.3263785403602011,0.3249046331504759,0.2819376858797968,0.3715005361392589,0.3622652963349875,0.3152837784693931,0.363118590355968,0.3719797948838725,0.3259738539906971,0.2652357496874785,0.2844685647800379,0.3707347903422123,0.368701725435083
0.3901124559527263,0.3587896132950822,0.3340396767896773,0.3524405021370091,0.3076988999846922,0.3410183301717745,0.3491881717254846,0.3074741026579465,0.3418306011138903,0.3276455696653257,0.3906920080803117,0.3407938565178762,0.3317807988590115,0.3288968157370525,0.3326751359300886,0.4054754765108933,0.3119793044978596,0.3107644931932982,0.3438124369077727,0.3956213789573883,0.3008324210794549,0.2909402013560447,0.3070082134746872,0.3126362199194297,0.2769231047206891,0.3603712663521289,0.3927172482135351,0.3270568019097232,0.3140172802600353,0.3253370845692995,0.3042007995851897,0.3484182364189246,0.3312028688472221,0.3207092728722478,0.3595538340885253,0.3784773721486029,0.3514852228453849,0.3124986343387497,0.3340361722743604,0.2922390664350821,0.3557988917828735,0.3065012551187284,0.3350862013637985,0.3185460817320931,0.3537499646995397,0.3570162007517476,0.3488299742635278,0.3324086291397789,0.3220233161726821,0.3009544150029195,0.4783981582959456,0.2073415605805992,0.2948947580437654,0.3389068275619805,0.3468236249542676,0.3511340815167961,0.3120946307277655,0.3555843400961396,0.357505535118558,0.3337798859270545,0.3201419669180696,0.3617210540278195,0.3155487350131259,0.3615753520539415,0.4176130867018615,0.3859516076305423,0.2883016869470532,0.3628338365513582,0.3397089622977114,0.334921767312227,0.2350040168041405,0.3145556474928178,0.344310037674183,0.3099816994758369,0.2867822775264423,0.2999911497461531,0.3690845132941777,0.3076689968065448,0.3692901247369561,0.3123280257034409,0.3331392433923109,0.3021185454416195,0.3572967307517593,0.3565027564867095,0.3435725836538593,0.3493760779775172,0.3247395268257022,0.3287778360674723,0.2799665057652946,0.3716273080069617,0.3625986140530563,0.3129816331183354,0.3651507320987778,0.3738138349281761,0.3261306290403,0.2614632778003736,0.290823431665406,0.3715607523197632,0.3693018143953347
0.3935068153271757,0.3573458288422054,0.3278333446617313,0.3527512536768882,0.308476612632119,0.3414404238317308,0.3494519556397863,0.3044380891873,0.3420894466159705,0.3336576774009916,0.3870721255342675,0.3397719334093075,0.3304118265671898,0.3285397704761426,0.3324790230010825,0.4047029327190133,0.3091163270813341,0.3086408736815149,0.3449726511293601,0.3944577082835313,0.3053896036435439,0.2882458427004339,0.3121859445346228,0.3179820763665901,0.2810945921085839,0.3615688170934618,0.3921533289690723,0.3264601708151889,0.3124575104372883,0.3242595621011139,0.3030252725937917,0.3495896125939219,0.3311468840855338,0.3209306660735231,0.3598238137638345,0.3775855121579837,0.3522356359236545,0.3100392867700109,0.333558644213219,0.2898529183940975,0.3555514807083117,0.3103507174447339,0.3349129841421623,0.3175110095473541,0.3556040825284912,0.3566212929569189,0.3504877932157214,0.331652406122033,0.320880620969553,0.3041166019892026,0.4791659323449451,0.2158179727942659,0.293256763770031,0.3423456679116424,0.3460595561305294,0.3503649700408141,0.3109780476186585,0.3545263577668117,0.3567359149589525,0.3326759404575455,0.3186877452736517,0.3627137050185142,0.3117747455028708,0.3617088203200867,0.418569061618105,0.3848494249693925,0.2924028165467397,0.3624764128478892,0.3386258851642294,0.3339774611110996,0.2398837187048135,0.3125330083306089,0.3440360995481688,0.3081207366794357,0.2878475216427853,0.3065198369825002,0.3698135112389021,0.3132070875843789,0.3697131235294955,0.3108735940668339,0.3318134018850839,0.3001599388954012,0.355864243048239,0.355539010414944,0.3473926574921466,0.3470285874548537,0.3231587088910947,0.3329627883269855,0.2783874535406312,0.3714896117661025,0.3627069712886781,0.3114508111189934,0.3672459025441404,0.3752398746117564,0.3263370558352394,0.2577447451830737,0.2979133404431375,0.3721053423184791,0.3699289362232867
0.3963572870295279,0.3558629699263377,0.3218285440564378,0.3529957870883391,0.3095243003826176,0.3419557909836256,0.3501083896310762,0.3017998401541175,0.3425347330485748,0.3399240998572785,0.3828240056852616,0.3389827777032156,0.328857176337646,0.3281620124163731,0.3323077830150864,0.4028671554412911,0.3063078407621364,0.3066851839133217,0.3456943976917658,0.3926726549846382,0.3105164913561137,0.2858326383449656,0.3173151154835483,0.3231755909232056,0.2858810700790789,0.3625817019824169,0.3916878498474448,0.3259839363332493,0.3109768898827851,0.3231612635366521,0.3017822412601924,0.3505046246510244,0.331107482607903,0.321165847263328,0.3599213024238414,0.3767467176337302,0.3530009689596823,0.3076925938554731,0.3329915774667904,0.2875926270148499,0.3553445500632312,0.3144005515931224,0.3347207742088472,0.3165099856471454,0.3573101206394742,0.3560720419930486,0.3519723481772859,0.3308347427928216,0.3197970748611609,0.3079166124585299,0.4785157986277403,0.2266109021464954,0.2919254743125546,0.3453497757268637,0.3453125622977234,0.3496816004713839,0.3098913354418183,0.3532902677953252,0.3559452254983584,0.3316338606614606,0.3171800525530255,0.3634992343501876,0.3073992892262308,0.3616331892604038,0.418608051980452,0.3836190085159414,0.2972180224690029,0.3620363764673052,0.3374847556373641,0.3331493213385956,0.2447230006963504,0.3106927612192601,0.3437939747254436,0.3061122224331077,0.2898330074592672,0.3132886444490608,0.370292144404576,0.3191718900302216,0.3699518074186601,0.3095482410471357,0.330537939443668,0.2979527336779676,0.3545455901442703,0.3545317201790104,0.3506685994211275,0.3444798130525099,0.321617780181798,0.3373112052966565,0.2773421588296768,0.3711071515368495,0.3625662456789799,0.3110569844501837,0.3693360243351553,0.3762467404062202,0.3264773516924614,0.2542693281457468,0.3055265135363259,0.37237791680777,0.3705728781657774
0.3984524195036908,0.3543634847083725,0.3161109428555936,0.3532045118855742,0.3108319147043522,0.342524276170727,0.3511502102650852,0.2995674954631899,0.3430463060116178,0.3463231277069466,0.3780057420214052,0.3383984136614453,0.3273069004697683,0.3277640233907435,0.3321646324925352,0.4000340261291074,0.3035977780164779,0.3048868345763695,0.3459312033264714,0.3903524633288018,0.3159574825996989,0.2838620341821462,0.3222452141020248,0.3280740916384247,0.2910906868087224,0.3634107318247584,0.3912685504885193,0.3256219887287024,0.3096870048723023,0.3220736335391626,0.300423499493247,0.3512285740929909,0.3310592914899217,0.3213672206236013,0.3598557792726155,0.3759718602014759,0.3537341756762046,0.3054632489143646,0.3323447516286361,0.2855850159425435,0.3551729786748347,0.3184968722823079,0.33456258648326,0.3155187578107236,0.3588607258620011,0.3554003558423347,0.3532640595817692,0.3299434547080125,0.318782552813924,0.3122399509714042,0.4763065886975185,0.2394587721615972,0.2910155342782556,0.3478935617669004,0.3445614698637831,0.3490796327959507,0.3087914117910136,0.3519363034690916,0.3551477517700156,0.3306609481415938,0.3156384041002217,0.3641383069839179,0.3026202890367606,0.3613598028265359,0.4177540807977887,0.3823196079025234,0.3025918556282964,0.3615220205170413,0.336309806990916,0.3324301761311403,0.249394990238936,0.3090110169231908,0.3436021322536939,0.3040071330468499,0.2927460133788402,0.3200683386451581,0.3705121923444249,0.325354254404804,0.3699924448083387,0.3083184810354693,0.3293160231160754,0.2955292102288357,0.353392271686072,0.353486789900551,0.3534590666681744,0.3417139962736657,0.3200902119252974,0.3416590117179857,0.2769697963615235,0.370508961108438,0.3621713207142963,0.3120359598134996,0.3713588506868653,0.3768372677183346,0.3264343993417078,0.2512493565627956,0.3133959895775892,0.3723976824151509,0.3712251457839334
0.3995967792623336,0.3528627096821944,0.3107353374642408,0.3534033584975029,0.3123920390336731,0.3431075364997785,0.3525503501076897,0.2977327659086611,0.3434969591566392,0.3527562685210973,0.3727080811695153,0.3379714446648408,0.3259589318725654,0.3273448342178195,0.332047773008657,0.3962996708060071,0.3010134837998797,0.3032237952914944,0.3456882583316871,0.3875953446719509,0.321428897236147,0.2824983971335298,0.3268652584496647,0.3325660498496773,0.296527195357557,0.3640665938117812,0.3908478826128932,0.3253531325902353,0.3087114010138903,0.321033145742516,0.2989039041701671,0.3518087713121944,0.3309807878945372,0.3214864435313007,0.3596535841938197,0.3752780771255049,0.3543879928944433,0.3033493055200494,0.3316316277889038,0.2839673646718791,0.3550278555088139,0.322498573263818,0.3344769952748774,0.3145105138613107,0.3602408946197335,0.3546449306777329,0.3543551786996154,0.3289761808600232,0.3178395655036554,0.3169373077024295,0.4725052174356873,0.2537827449195838,0.2906395961101751,0.3499853398616916,0.3437907686165624,0.3485374880236552,0.307631585584442,0.3505322352621954,0.3543633295380101,0.3297519452854839,0.3140741937409798,0.3646983267817565,0.2976916602947846,0.3609145564322856,0.416073075885102,0.3810213914637979,0.3083490177817884,0.360948094369495,0.3351257217637001,0.3317953172660433,0.2537874780745175,0.3074559329815854,0.3434797144817483,0.3018917106530585,0.2965364413824548,0.3266466559737794,0.3704749111440751,0.3315455083806242,0.3698264971913267,0.307156077389029,0.3281375856442909,0.292948594955307,0.3524403639705438,0.3524079221754447,0.3558241064312303,0.338722824444226,0.3185491511846156,0.3458429448894268,0.2773940873602151,0.3697392649651763,0.3615364164792488,0.3144023976702615,0.3732587961255328,0.3770313760796252,0.3261031314002835,0.2489087272419824,0.3212135645153769,0.3721978659414547,0.3718816907668495
0.399638837074788,0.351370905030902,0.3057364803069576,0.3536164405432102,0.3141967874582614,0.3436698209671101,0.3542666534264428,0.2962692397739115,0.343771018171321,0.3591455001621937,0.3670456939471737,0.3376665171152114,0.3249773613061432,0.3269018725665354,0.3319504358909884,0.3917861029239304,0.2985647765604579,0.3016687333930313,0.345000691391803,0.3845015620342908,0.3266528045440495,0.281894252256026,0.3311058940570375,0.3365830607926208,0.3020085797919055,0.3645680630831132,0.3903819475783088,0.3251408628588061,0.3081764109813865,0.3200713589707476,0.2971864393031151,0.3522852258475859,0.3308576571889876,0.3214860870196309,0.3593473892935349,0.3746844698036961,0.3549279081152561,0.3013454090925877,0.3308674199679486,0.2828812279674193,0.354905483169074,0.3262907012712501,0.3344865226501998,0.3134585510745379,0.3614402028917632,0.3538428124208105,0.3552470316689095,0.3279446953602473,0.3169594800186041,0.3218363669094614,0.4671816367239136,0.2688344290226078,0.2908989970967932,0.3516649464168402,0.3429890053572212,0.3480219973392077,0.3063709004096508,0.3491492603600974,0.3536113830853911,0.3288968292332309,0.3124874413311306,0.3652408480858665,0.2929006617136026,0.3603360354770413,0.4136636359082198,0.379795238350102,0.3143026789484716,0.3603353987191466,0.3339601320549683,0.33120218862039,0.2578168636996765,0.3059885188244181,0.3434316077401043,0.299881069071283,0.3011033215090593,0.3328369356848206,0.3701973566448571,0.3375551041482549,0.3694570128190708,0.3060395710798619,0.3269919511833193,0.2902936429302037,0.3517133969438336,0.3512925831561639,0.357809072572512,0.3355089492014352,0.3169672905724328,0.3497156707330572,0.278710038710133,0.3688549176240867,0.3606944109220213,0.3179164565662115,0.3749940682728087,0.3768576259955264,0.3254016456823552,0.2474713148781098,0.3286628259935382,0.371828785630698,0.3725406045239438
0.3984845082208112,0.3498912752205514,0.3011323364754409,0.3538572144401257,0.3162286956089192,0.34417465240414,0.3562415503094961,0.2951299734370454,0.3437726768629155,0.3654206885144391,0.3611424666465708,0.337460324316594,0.3244786793268771,0.3264367790748588,0.3318662482523443,0.3866350782000962,0.2962409937311703,0.3001937968302977,0.3439232730652108,0.3811654064126633,0.3313919138798794,0.2821750716115748,0.3349265446212398,0.3401048265489562,0.3073780589548799,0.3649350547447718,0.389840191862383,0.3249320924226984,0.3081945380352753,0.3192111439020224,0.2952486650926563,0.3526987833023968,0.3306796246449849,0.3213449751399525,0.3589749711641199,0.3742051329364517,0.3553358613392716,0.2994476645043005,0.3300771175569031,0.2824552225423837,0.354810456534555,0.3297818347512059,0.3346033439417194,0.3123365371361108,0.3624554585984741,0.3530300382279833,0.355948258560909,0.326868514763939,0.3161222925979354,0.3267582882334179,0.4605035595678944,0.2837315833875158,0.2918623334678194,0.352993365839074,0.3421436207243552,0.3474965981250612,0.3049790414077074,0.3478568836486196,0.3529043890886023,0.3280836334345767,0.3108771013299647,0.3658212612610247,0.2885424603329602,0.3596734769724574,0.4106494148548735,0.378700564986198,0.3202674827168479,0.3597001532612595,0.3328416646137506,0.3305940355359535,0.261433570564628,0.3045656698071141,0.343454254251638,0.2981122629886288,0.3063001799300258,0.3384939072200444,0.36970890481731,0.3432247072905405,0.3689007193743128,0.30494970899492,0.3258680024578098,0.2876679368643925,0.3512202146968863,0.3501238585198094,0.3594424747136722,0.3320904854362642,0.3153145314732865,0.3531520399621221,0.280972639220347,0.3679162686081955,0.3596901626248327,0.3221581248945365,0.3765449309116817,0.3763492839236592,0.3242829123329384,0.2471395594030148,0.3354545082832407,0.37135005121966,0.3731935413361996
0.3961040782339823,0.3484192807402846,0.2969254718014651,0.3541210716820285,0.3184628314851933,0.3445896439991524,0.358398511774012,0.2942472930566961,0.3434339674880484,0.3715147713824459,0.355118264154813,0.3372996096092258,0.3245391559026774,0.3259536917765189,0.3317914028945011,0.3809966806441958,0.2940112976604701,0.2987685347240295,0.3425340198949413,0.3776658244851561,0.335470101098357,0.2834275409307296,0.3383140570317032,0.3431518528573087,0.3125111575808871,0.3651888853635526,0.3892151759147624,0.3246580717085491,0.3088537923168188,0.3184666905529566,0.293092328585564,0.3530837741785323,0.3304399075015616,0.321052122303494,0.3585824295910465,0.3738510335007616,0.3556073924378705,0.2976552299073933,0.3292959882372155,0.282786334269361,0.3547513989792804,0.3329059860847056,0.3348297120650955,0.3111226397910335,0.3632864827630358,0.3522412523004617,0.3564793912974668,0.325767047534558,0.3152998592581418,0.3315335115053106,0.4527294189105899,0.2975890043332459,0.2935531147009231,0.35403576956986,0.3412458399137881,0.346926152409965,0.3034351141024425,0.3467178792313649,0.3522538253932342,0.3272933203546845,0.309246724385456,0.3664924834380324,0.2848980323511349,0.3589836076759188,0.4071717364562375,0.37777502097687,0.3260766661828623,0.3590520892372473,0.3317898760068154,0.329904568223176,0.2646262140074684,0.3031468803338322,0.3435492676452711,0.2967403677610757,0.3119414793594106,0.3435314177287755,0.3690452439099184,0.3484372185781533,0.3681857936584742,0.3038692219291769,0.3247428756194195,0.285197859217533,0.3509502434697646,0.3488740858518068,0.360741350568425,0.3285037518997155,0.3135626377193755,0.3560510512041149,0.2841882828328548,0.3669804707181737,0.3585717632190199,0.3266252462064961,0.3779122627376886,0.3755520290283078,0.3227453692071214,0.248068565553213,0.341347954585357,0.37081834302896,0.3738199027612454
0.39254266640175,0.3469472129629333,0.293111135344867,0.3543900301323996,0.3208788193975966,0.3448971779708038,0.3606483855493037,0.2935376283899782,0.3427288882424361,0.3773682273405485,0.3490857274536524,0.3370678141836938,0.3251854792671942,0.3254531075612025,0.3317200684465923,0.3750168575158676,0.2918320426554804,0.2973598048223228,0.3409285187719458,0.3740590820060405,0.3387779066618602,0.2856904847345817,0.3412895181778116,0.3457744314044251,0.317323251110122,0.3653546611847296,0.3885179728986754,0.3242434419514346,0.3102126034470437,0.3178407014538377,0.2907505327945797,0.3534606541779965,0.3301396773728602,0.320602582564792,0.3582185581009283,0.3736328360176514,0.3557529169428866,0.2959686066928243,0.3285579940096378,0.2839320196097284,0.3547382760993193,0.3356364157456084,0.335153635754793,0.3098054177751806,0.363939922653971,0.3515018886132106,0.3568760303940522,0.3246613093766441,0.3144588573579508,0.3360156073516187,0.4441790656365462,0.3097449603230609,0.2959555443818097,0.3548498104791791,0.3402991456727451,0.346278925439101,0.3017286107003437,0.3457868140174579,0.3516794934819484,0.3264987746929621,0.3075965417828194,0.3672975008778976,0.2822107134631121,0.3583264557374139,0.4033794480425349,0.3770312490485725,0.3315931746200856,0.3584058613505174,0.3308090513909721,0.3290633288528583,0.2674288169720777,0.3016985227771506,0.3437183269947348,0.2959277383994002,0.3178204266914036,0.3479227267999151,0.3682488140436945,0.3531204932426182,0.3673497865513438,0.3027898814688526,0.3235836587012703,0.2830312439274418,0.3508760890618803,0.347518359887058,0.3617139002127594,0.3248038195997607,0.3116917757990464,0.3583416067678269,0.2883086395952751,0.3660976362748677,0.3573869280287193,0.3307921837146103,0.3791087175830652,0.3745294036129943,0.3208335313580597,0.2503492264149827,0.3461648223397447,0.3702834222525932,0.374389940554684
0.3879244479098683,0.3454665747490635,0.2896868635150869,0.3546384188134024,0.3234627127329713,0.3450980212876868,0.362902883229915,0.2929125908044498,0.3416826033131501,0.3829277244714986,0.3431489254942597,0.336617181205814,0.3263783136942715,0.324935769020914,0.3316412396145216,0.3688300968829026,0.2896557649419862,0.2959404875069413,0.3392019623894423,0.3703776948357329,0.3412771798470791,0.2889471219241176,0.3438989675731165,0.3480453580733704,0.3217724815005628,0.3654553485681569,0.3877671375481342,0.3236173257931966,0.3122897131314113,0.3173195036708788,0.2882885818959747,0.3538400045202676,0.3297886279806722,0.3199999228472617,0.3579226499329874,0.3735512255569217,0.3558005000765218,0.2943866555909935,0.3278858087060998,0.2859111519619006,0.3547863321812945,0.3379877888016775,0.3355503536411243,0.3083821625144573,0.3644376544377702,0.3508228105710971,0.3571804921016606,0.3235785506133252,0.3135635875910859,0.3400945572926775,0.4351879445364655,0.3198543257693018,0.2990195700488649,0.3554823976285249,0.3393164404894666,0.3455303347125643,0.2998676235307532,0.3451117151063427,0.3512054479595053,0.3256728208244748,0.3059178748824855,0.3682552813070989,0.2806572321567826,0.3577596215643924,0.3994161900947916,0.3764581188182111,0.3367125312864371,0.3577857353320147,0.3298911624280689,0.3280020840393317,0.2699222552552342,0.3001922436593259,0.3439487749612043,0.2958225191264928,0.323731370459175,0.3516828052600711,0.3673681234394869,0.357246312914952,0.366436895533762,0.3017164494758517,0.322365368321287,0.2813258503673405,0.3509632768947608,0.3460428826398393,0.3623601281582769,0.3210623413374934,0.3096896729585262,0.3599891991631475,0.2932293399118395,0.3653059589273957,0.3561814909896451,0.3341777578558514,0.380154682611726,0.3733578779523509,0.3186266897586985,0.2540010250534759,0.3498033147056849,0.3697912798111381,0.3748708610767252
0.3824381722597734,0.3439644391727822,0.2866554556588644,0.354831075972031,0.3261957898681303,0.3452046223076229,0.3650780728196386,0.2922907048148936,0.3403665277348633,0.388137371563013,0.3373929225987805,0.3358471730490591,0.3280261692232048,0.3244105498024292,0.3315435005236825,0.3625540510251497,0.2874350950900579,0.2944983373035848,0.3374385892861385,0.3666314795662581,0.343004364171396,0.2931232908493059,0.3461918002471635,0.3500504343334725,0.3258520051957165,0.3655043512011455,0.3869840165213125,0.3227183536748592,0.3150538124160314,0.3168722597000424,0.2858038037363803,0.3542284319832616,0.3293986064761998,0.3192543686276742,0.3577188418522201,0.3735838181921313,0.3557900117648885,0.2929042089629264,0.3272909560159525,0.2887031424554047,0.3549187708463587,0.3399958920053023,0.3359913229690706,0.3068524959864705,0.3648141030293326,0.3502037374918414,0.3574302010895085,0.3225473303124341,0.3125797427257591,0.3437049083578739,0.4260745620117332,0.327806830523266,0.3026545742579593,0.3559677574122849,0.3383111314136338,0.344668360321083,0.2978868367007539,0.3447336207004097,0.3508475300840087,0.3247951241413733,0.3042017624585414,0.3693590053502185,0.2803264934021834,0.3573320899925477,0.3954091169762796,0.3760198133399483,0.3413655028055521,0.3572144144366007,0.3290187154038164,0.326660196158608,0.2722215762279609,0.2986050650565138,0.3442172928276148,0.2965389220724826,0.329481232427441,0.354854533256173,0.3664479654031868,0.3608255630369733,0.3654919168420562,0.3006619599369781,0.3210798467031395,0.2802354902940851,0.3511764266468318,0.344443147203753,0.3626768129896861,0.3173620875652074,0.3075494391682413,0.3609939064262972,0.2987970267129731,0.3646284715077026,0.3549926026393877,0.3364459756703417,0.381080251795979,0.372123449641287,0.316225851715605,0.2589662665096559,0.3522447138069248,0.3693824849046547,0.3752279796468636
0.3763128049861942,0.3424239617669141,0.2840232807962826,0.3549246023666084,0.3290509258115552,0.3452347078665249,0.3670886167449449,0.2916015523736086,0.3388870536848184,0.3929383589410936,0.3318736674676314,0.3347478689479142,0.3300198138294705,0.3238891597051519,0.3314204922101026,0.356280281092474,0.2851243516004882,0.2930362614195211,0.3357133700784701,0.3628060321380913,0.344057151088902,0.298095280162214,0.348212584017404,0.3518720417355111,0.3295775905024714,0.3655078470969933,0.3861887725354545,0.32150025899266,0.3184273631711425,0.3164559543210578,0.2834278204846103,0.3546294936443604,0.3289804218973296,0.3183738533899962,0.3576187834898082,0.3736863591034146,0.3557616255743209,0.2915118622190272,0.3267770853622577,0.2922434657055023,0.3551594509749511,0.3417010569072651,0.3364518045334064,0.3052201980063304,0.3651043667539845,0.3496366874507437,0.3576581556287111,0.3215870641484012,0.3114770459173739,0.346822995786917,0.4171269819898821,0.3336551831165832,0.3067290355628723,0.3563242502941217,0.3372977066901891,0.3436957526789477,0.2958457560292162,0.3446819909385438,0.3506117074842084,0.3238507617783808,0.302447835343216,0.3705884605174653,0.2812204109856302,0.3570810912258458,0.3914630171094322,0.3756548045903242,0.3455217833875891,0.3567041327624768,0.3281631152011248,0.3249889584507445,0.2744562184534769,0.296926584829663,0.3445054715104937,0.2981485935481111,0.3348948049999344,0.3575075945755668,0.3655211912434283,0.3638995803521745,0.3645545408676476,0.2996431515775743,0.3197259850517593,0.2799027207203414,0.3514787787763473,0.3427210314156193,0.3626670247773321,0.3137903157952279,0.3052771981880268,0.3613799083438735,0.3048231265013704,0.3640752787551067,0.3538406282510976,0.3374609244194941,0.3819219371217851,0.3709268072218408,0.3137455099760246,0.2651074453901628,0.3535443304018544,0.3690824555159129,0.3754233968385938
0.369798036097248,0.3408339720099963,0.2817977393250131,0.3548779393187123,0.3320034552328819,0.3452127085429819,0.3688516988145484,0.2907842593607696,0.3373758339964839,0.3972793175444623,0.3266230871782168,0.3333785595053489,0.3322491805710752,0.3233753815919141,0.3312680462691484,0.3500676987577836,0.2826852477210783,0.2915708538804795,0.3340926018002233,0.3588646164757654,0.3445672894262777,0.3037014923511983,0.350006330918151,0.3535756530685199,0.3329806855043912,0.3654713914337219,0.3853906273061768,0.3199462133224678,0.3222999810776936,0.3160219208180991,0.2813229974786817,0.3550456794521222,0.3285494265172538,0.3173589163570612,0.3576239679191448,0.373801463773861,0.3557504539536497,0.2901962252429519,0.3263380879647382,0.2964240677742832,0.3555201688030107,0.3431529929417221,0.3369131577293626,0.3035023337687851,0.3653388214305382,0.3491043288240683,0.3579002509499928,0.3207054478225315,0.3102299293612568,0.3494585785824992,0.4085868430337433,0.3376164294660638,0.3110881338385694,0.3565543358528537,0.3362980415625254,0.342627601508045,0.2938203607196991,0.3449708430359484,0.3505039626625056,0.3228270294833391,0.3006580134769171,0.3719176204779896,0.2832670279135504,0.3570318642382983,0.3876586132031815,0.3752822208617448,0.3491856483509065,0.3562626425007323,0.3272865335774443,0.3229587676790977,0.2767550662359544,0.295164852406653,0.3447995740982252,0.3006744186368227,0.3398297881362251,0.3597323438260909,0.3646131141390634,0.3665267484188804,0.3636580416823488,0.2986832816000391,0.3183028608076452,0.2804518969394304,0.3518332407057251,0.340888134615384,0.3623485159915295,0.3104332108596118,0.3029032052737751,0.3611873089733834,0.3110987073914371,0.3636473405119793,0.3527298109681581,0.3372570563399262,0.3827119775537306,0.3698840399323758,0.3113037682841181,0.2722166176300912,0.3538146722918596,0.3688944142376091,0.3754199193135303
0.3631460324991288,0.3391939391297021,0.2799822765609928,0.3546605524296884,0.3350367158251364,0.3451723059700639,0.3703016375821958,0.2897919290131132,0.3359762442743605,0.4011207100739644,0.3216623111620497,0.3318418356777491,0.334606076157961,0.322869799990649,0.3310784128824986,0.3439496514286113,0.2800945767691248,0.2901380750118952,0.3326298464585812,0.3547597793222177,0.3446809543856424,0.3097522529243749,0.3516146229209696,0.3552079202988971,0.3361048980877855,0.3654004368778454,0.3845824691022462,0.3180818617095585,0.3265340839735428,0.3155210719846311,0.2796662337798636,0.355482293898622,0.3281293618895445,0.3162043668635449,0.3577258218017909,0.3738555154477323,0.355787445460442,0.2889364885250913,0.3259532952029511,0.3011030391092574,0.3559940140581435,0.3444138987720549,0.3373652196927558,0.3017315586508478,0.3655458743793655,0.3485814675561007,0.3581919393181603,0.3199036299769558,0.3088198687154729,0.3516508945079686,0.4006291205021594,0.3400313441039261,0.3155742582670022,0.3566487604278993,0.3353379882582487,0.3414882757159296,0.2919000732576828,0.3455997483937533,0.3505328880816354,0.3217160261319965,0.2988256282242684,0.3733099599571738,0.2863286153275434,0.3571957867170736,0.3840507275422961,0.3748141957416679,0.3523824234049413,0.3559005198462286,0.3263507978092575,0.3205690998900148,0.2792348082225044,0.2933424625899343,0.3450775903647242,0.3040786006222359,0.3441949065608913,0.3616177295469642,0.3637483984603952,0.3687670232839912,0.3628289221928999,0.297815104127936,0.3168186017927079,0.2819741914770801,0.3522075920625748,0.3389719749302074,0.3617569002141771,0.307370238243115,0.3004822552437428,0.3604707388196388,0.317409422327659,0.3633368124291729,0.3516554080592037,0.3360036686715927,0.3834729822164778,0.3691141327775718,0.3090044941608165,0.2800358340020074,0.3532094432096762,0.3688042593255053,0.3751901052195184
0.3565857440825928,0.3375047565961986,0.2785709030783922,0.3542517473641101,0.3381319742649686,0.3451502480311547,0.3713946338460854,0.2886049115650901,0.334822667561174,0.4044298651235672,0.3170061051532711,0.3302899390484971,0.3370001387033471,0.3223828050265228,0.33084251421015,0.337948465014588,0.2773466416154591,0.2887999323767855,0.3313643308559763,0.3504461377894675,0.3445506136519947,0.3160432825599431,0.3530620659129539,0.3567981723788119,0.338997155042954,0.3652980695610314,0.383745136693952,0.3159731360920708,0.3309660540070988,0.3149089814218079,0.2786290435135068,0.355946682563914,0.3277448556954967,0.3148987307762306,0.3579079316842399,0.3737489924883521,0.3558963686741116,0.2876990346597965,0.3255875952365534,0.3061185027934253,0.3565574101288842,0.3455393687718043,0.3378103118337803,0.2999512668812125,0.3657512997887477,0.3480426596305898,0.3585560057386167,0.3191777301615027,0.3072414599327597,0.353465729928292,0.3933610587427636,0.3412597814663792,0.3200370935680985,0.3565921132531785,0.3344371509999321,0.340310085765792,0.2901927404208908,0.3465563173830508,0.3506988490713692,0.3205194370396578,0.2969387153012017,0.3747173957707905,0.2902112633630301,0.3575677003600118,0.3806669332423027,0.3741664414762587,0.3551479651998149,0.3556270721818862,0.3253255172435865,0.3178541984680115,0.28198288787087,0.2914893048146419,0.3453111885692641,0.3082558250979229,0.3479503047788083,0.3632309443143933,0.3629474747229387,0.3706717949022181,0.3620841388025586,0.2970752056594325,0.3152976940414092,0.2845118396327565,0.3525763549092747,0.3370175653453834,0.360944031557026,0.3046679664465603,0.2980874674563654,0.3592970404128069,0.3235536820451224,0.3631273571725256,0.3506058630900464,0.3340132012529904,0.3842230794323739,0.3687254274691567,0.3069177900116182,0.2882797692622535,0.3519055781496241,0.3687921130786888,0.3747229369768881
0.3502986637284799,0.3357595497826079,0.2775487254821567,0.3536418175467544,0.3412607548669842,0.3451744789851651,0.3720999990275369,0.2872393629770312,0.334022051582473,0.40718385918918,0.3126601725783056,0.328908411440137,0.3393789198778981,0.3219316604859258,0.330557327829942,0.332080678742837,0.2744511826506716,0.287641603252439,0.330321216589614,0.3458825981987195,0.344322338066254,0.3223777268513451,0.3543541686795938,0.358354338654779,0.3416960806029444,0.3651666283821279,0.3828486168733679,0.3137145143359966,0.3354221236812592,0.3141509254674071,0.2783652650266215,0.3564460146340348,0.3274110582624343,0.3134208382673852,0.3581491425459559,0.3733619424877237,0.3560860187897915,0.2864380185935615,0.325199258447629,0.3113014484138519,0.3571739072427937,0.3465593086703183,0.3382620778760938,0.2982173006529922,0.3659725980215067,0.3474663957647653,0.3589991107395278,0.3185148337191043,0.3055087384499468,0.3549820396036942,0.3868419620942512,0.3416297339163067,0.3243420531240107,0.3563692281529839,0.3336077969864026,0.3391309223872001,0.2888259767833146,0.3478144342439703,0.3509858292279188,0.3192483071021423,0.2949930948155899,0.3760919265971958,0.2946922998113198,0.3581294070707186,0.3775118923258508,0.3732673841640396,0.3575269696888017,0.3554440470915139,0.3241906116849904,0.3148808362145265,0.2850389959668697,0.2896417785092905,0.3454823834339403,0.3130445137143624,0.3510930628031693,0.3646168431691046,0.3622209137056216,0.3722821188576601,0.3614302140276458,0.2964948942267289,0.3137722753250037,0.2880525950005541,0.3529176066710004,0.3350820210561787,0.3599740521385012,0.3023770009872764,0.2958121719684523,0.3577370531449324,0.3293613314282052,0.3629999658027884,0.3495598213099453,0.3317235169816501,0.384978615735736,0.3688110703987995,0.3050695973706897,0.2966582879574925,0.3500825391102295,0.3688384273915112,0.374025148544824
0.3444094886018737,0.3339498137971774,0.2768956285636267,0.3528396894181009,0.3443926155365874,0.3452590657523081,0.372398730136684,0.2857402310415204,0.3336440642751705,0.4093837760789418,0.3086236929524547,0.3278450605931793,0.3417253995760226,0.3215264586546291,0.3302269221596393,0.3263544583884264,0.2714348831234163,0.2867619744323098,0.3295103582665189,0.3410297054265147,0.3441190677892405,0.3285860931164719,0.3554886878992517,0.3598611788518634,0.3442283035774086,0.3650098233194014,0.3818465539104192,0.3114214979371045,0.3397466091621003,0.3132242917164414,0.2790013016665042,0.3569918521002522,0.3271338569699047,0.3117431444697643,0.3584244430236563,0.3725724860203278,0.356348074060512,0.2851033231798674,0.3247497080622241,0.3164874935558038,0.3577955678245354,0.3474847255992825,0.3387373287104795,0.2966051778679394,0.3662171793367459,0.3468335471320197,0.3595184942086942,0.317892065463177,0.3036579131468838,0.3562719470546558,0.3810961944058115,0.3414705118112412,0.3283837410509316,0.3559721295207606,0.3328621063136187,0.3379888856335044,0.2879353913975309,0.3493296370039968,0.3513662049949383,0.3179184630017658,0.2929970207669056,0.3773948580809592,0.2995565823522095,0.3588582872418391,0.3745768767890758,0.3720707277081969,0.3595701049906771,0.3553469109143022,0.3229376844657545,0.3117443972865299,0.2883889118172805,0.2878452924990703,0.3455874683768701,0.3182483808703819,0.3536497674239855,0.3658068700683605,0.3615747082901969,0.3736282507745795,0.3608674340497466,0.2960980140050655,0.3122699354341872,0.2925304625212239,0.3532129612659251,0.3332267403740476,0.3589187358546353,0.3005329408587971,0.2937759854036721,0.3558586881037103,0.3347048887451262,0.3629413294498634,0.348489191587719,0.3296041087746316,0.3857460771453435,0.3694436103960316,0.303442719498141,0.3049013829777274,0.3479080644872898,0.3689221938188354,0.3731218154083472
0.3389876345534602,0.3320766190666344,0.2765833045399762,0.3518752142429344,0.3475029779082814,0.3454093165771825,0.3722954011730116,0.2841678298327308,0.3337134982830726,0.4110601898613171,0.3048955147109945,0.3271617105651923,0.3440412531204688,0.3211704095675363,0.3298576070902452,0.3207773074960928,0.2683488688047427,0.2862674671094585,0.3289282635793112,0.335855128642317,0.3440384236643845,0.334531672638079,0.3564619343768141,0.3612900801018454,0.3466127463770181,0.3648323890135038,0.3806808437120133,0.3092252372571272,0.3438181200415243,0.3121181447403549,0.2806192674035991,0.3576056357408032,0.3269173376454625,0.3098414305700625,0.3587077650155509,0.3712661317377016,0.3566642242040627,0.283647645384527,0.3242078746979178,0.3215279268963042,0.3583649780261896,0.3483232815184054,0.3392499297048425,0.2952070931838076,0.3664854863513286,0.3461303144913795,0.3601032303735492,0.3172806264486422,0.3017469088685864,0.3573912859547887,0.3761105366436247,0.3411242362517532,0.3320936304679286,0.3554038659115494,0.332212531770269,0.3369168125084323,0.2876467876656752,0.3510392793597139,0.3518075246612848,0.3165472698396422,0.2909664336956702,0.3785919358491148,0.30461779108026,0.3597300046599374,0.3718472901460722,0.3705661341620279,0.3613234849244082,0.355326533182323,0.3215730826631742,0.3085683987914147,0.2919728742452199,0.2861513263769416,0.345624431623368,0.3236521533666947,0.3556780050394699,0.366818539985729,0.3610185617864177,0.3747248374246206,0.3603938260156984,0.2959037384961838,0.3108125525409189,0.2978247715722834,0.3534518796870656,0.3315128136938302,0.3578517908381854,0.2991551510720421,0.2921173443691933,0.3537282801055862,0.33950278208003,0.3629472240373205,0.3473698874840619,0.3280587326524609,0.3865158508528712,0.3706608420059714,0.3019834167880202,0.3127818707752711,0.345534372210751,0.3690205268070481,0.3720582111448106
0.3340495203264079,0.3301487762212924,0.2765693018250921,0.3507910286209154,0.3505661124191812,0.3456258915234453,0.3718223510398005,0.2825932505124935,0.3342019448708541,0.4122619332159788,0.3014747524178167,0.326866659204895,0.3463380535172119,0.3208722481126044,0.3294577921222553,0.3153740248202324,0.2652758514907973,0.286268596340986,0.3285635772299995,0.3303430820760475,0.3441629283317314,0.3401084344822373,0.3572663294000335,0.3626117723938024,0.3488628009969257,0.3646421426393053,0.3792999098631844,0.3072592129787228,0.3475468884139515,0.3108335247604074,0.2832406396258407,0.3583142102101455,0.326764729120272,0.3076996401961638,0.3589793412773681,0.3693350847357804,0.3570133060118134,0.2820296281728855,0.3235501386022111,0.3262983441080758,0.3588210771441378,0.3490754594391006,0.3398118360229486,0.2941194872301734,0.3667730081393155,0.3453562371905274,0.3607275678476864,0.3166483929774834,0.2998536901613315,0.3583834671224133,0.3718379837687701,0.3408835464961388,0.3354366555240812,0.3546774335319891,0.3316638730176339,0.3359393474739248,0.2880660733452875,0.3528703174616086,0.3522710877064757,0.315153105694851,0.2889257715801612,0.3796479412384783,0.3097230127877945,0.3607134053450709,0.3693069182577018,0.3687788570303471,0.3628207475464207,0.3553658027740926,0.3201189668530048,0.3055017310755973,0.2956968868603006,0.2846093273649335,0.3455887790323618,0.3290327790798891,0.3572585358086848,0.3676491893436222,0.3605635786018958,0.3755689450202531,0.360005061612664,0.2959240804467016,0.3094189336320096,0.3037637576082002,0.3536300024594299,0.3299989852275403,0.3568412048325187,0.2982401805282388,0.2909732006908399,0.3514145565210793,0.3437214710688672,0.3630197148553222,0.3461883424464971,0.3273970825284333,0.3872698038358556,0.3724548971706519,0.3006073783681657,0.3201282674536043,0.3430970204199568,0.3691158113269353,0.3708971789960018
0.3295649888022155,0.3281728487674026,0.2768025578213989,0.3496354300722412,0.353545615878414,0.3458994727168111,0.3710271510295894,0.2811000447149984,0.3350273447466266,0.4130469709033234,0.298358132880301,0.3269506835705049,0.3486292715664908,0.3206458804287999,0.3290429214074341,0.3101910450199377,0.2623315993349376,0.2868707618966017,0.3283964714594598,0.3244940163752492,0.3445598460020451,0.3452458102029023,0.3578923018678739,0.3638000642082354,0.3509844466754011,0.3644537668353847,0.3776689344139088,0.3056410690124267,0.3508721733026473,0.309385614845345,0.2868244760233489,0.3591413884642606,0.3266712025354062,0.3053084195009653,0.3592296562656653,0.3666884802896242,0.3573713582005892,0.280220476406378,0.3227632474577873,0.3307049179221069,0.3591078079975444,0.3497228149378893,0.3404329162241333,0.2934379752476393,0.3670714661818405,0.3445238035523102,0.3613500852748101,0.3159602498839265,0.2980743021371203,0.3592807898662405,0.3682143172287295,0.3409274241088333,0.3384075163751295,0.3538129826319623,0.3312103640131158,0.3350702744993546,0.2892771720070509,0.3547478245343966,0.3527100124172584,0.3137543702075897,0.286917811172161,0.3805346888875982,0.3147569988151324,0.3617703713061493,0.3669460982769452,0.3667630883092566,0.3640868678391237,0.355440003408866,0.3186099500397618,0.3027070613654101,0.2994423061093004,0.2832591190969942,0.3454836950923363,0.3341785924564116,0.3584768030614835,0.3682802140994932,0.3602157828910726,0.3761493978243949,0.3596954205972517,0.2961558173534939,0.3081000083255441,0.3101410991765522,0.3537395473520484,0.328735681035552,0.3559409833755384,0.2977577930862336,0.2904652396784067,0.3489861905047767,0.347375659001289,0.3631633320025309,0.3449386308805792,0.3278348102177487,0.3879916984969946,0.3747752124993296,0.2992034996485649,0.3268290633232891,0.3407130415067475,0.3692039944255225,0.3697085056017096
0.3254738049787745,0.3261526652564104,0.2772384981575854,0.3484618163022723,0.356398566296738,0.3462043519984445,0.3699630098341526,0.2797773348295809,0.336065299265354,0.413486167142479,0.2955404121069852,0.3273529362025828,0.3509119523386487,0.3204978007849049,0.3286349842127545,0.3052786898352371,0.2596613892418054,0.2881581999554617,0.3283935080759169,0.3183183813367466,0.3452707631319746,0.3499158728498402,0.3583354833382283,0.3648321283574723,0.3529778124212029,0.3642855183909071,0.3757633840537847,0.3044601189642963,0.3537691008006089,0.3078039435971596,0.2912759788722089,0.3601075800254661,0.3266199251403284,0.3026674767704138,0.3594546725773435,0.3632740426619549,0.3577098550098918,0.2782162032487778,0.3218502866576015,0.3346893137030433,0.359182949528116,0.3502360928490785,0.3411128922675315,0.2932583096516857,0.3673731165945648,0.3436479830007661,0.3619213628803588,0.3151813401941599,0.2965209001044058,0.3600969152977536,0.3651631070929191,0.3413210015412783,0.341030051774326,0.3528356276726762,0.3308408257507323,0.3343081952405409,0.2913355498872449,0.3565976215857852,0.3530758593025199,0.312366779433794,0.2850105030830783,0.3812409860537938,0.319647722056408,0.3628653082750202,0.3647746764517086,0.3646001947577682,0.3651448787791838,0.3555244541030515,0.3170874085916693,0.3003453939352262,0.3030817599847192,0.2821257813930796,0.3453225659340336,0.3389144883333636,0.3594116965565276,0.3686910285544201,0.35997861021321,0.3764603922800202,0.3594632404681401,0.296577883287149,0.3068520643269548,0.316737145574921,0.3537653837954647,0.3277530030345079,0.3551858084796114,0.2976571548733822,0.2906977264517587,0.3465055604732175,0.3505173101715048,0.3633832094299223,0.3436199263844238,0.3294601840505853,0.3886649490511842,0.3775356997184962,0.2976401506359615,0.3328339716836286,0.3384852459377011,0.3692946033527565,0.3685573807876282
0.3217047569209343,0.3240980474342699,0.2778447432210357,0.3473257458424808,0.3590851391682566,0.3465033423587874,0.3686933702909367,0.2787027078321251,0.3371638826773763,0.4136639288369216,0.2930139377863222,0.3279349402992104,0.3531558310034628,0.3204257656702928,0.3282551244388093,0.3006744795774489,0.2574334430370678,0.2901790989829711,0.3285132234358069,0.3118400532822263,0.3463143653602371,0.3541271310509044,0.358598399950053,0.3656953331127999,0.3548425680298261,0.3641502518113143,0.3735659047171384,0.3037711147314684,0.3562507902891426,0.3061286062516042,0.2964518727850513,0.3612321432990155,0.3265863942070973,0.2997932759656449,0.3596514727858275,0.3590867654732774,0.3579996448013596,0.2760458119740745,0.3208305252123913,0.3382294434782039,0.3590243547198469,0.3505957944412204,0.3418344333211667,0.2936651316313346,0.3676754332685782,0.3427414673138544,0.3623882763195344,0.3142827968274557,0.2953178850591699,0.360824149644772,0.3625804619731896,0.342058618844148,0.3433490263284849,0.3517732344377761,0.3305414503764848,0.333634883854274,0.2942534038445987,0.3583470872220113,0.3533274791857545,0.3110010936535684,0.2832950281181832,0.3817689122819135,0.3243613785782115,0.3639702798042707,0.3628295842424145,0.3623975778067708,0.3660139145508334,0.3555979785077505,0.315593685340033,0.2985652217242032,0.3065025141626418,0.2812179377629484,0.3451175582871669,0.3431174651575942,0.3601348432076418,0.3688678308759542,0.3598588406631369,0.3765062113299876,0.359314567021654,0.297158770200884,0.305657409101881,0.3233326485309257,0.3536935768953095,0.3270502715637823,0.3545900492815015,0.2978767502157805,0.2917515890848019,0.3440279548966712,0.3532148646283267,0.363683320148752,0.3422412406731687,0.3321941412505145,0.3892649577167678,0.3806161426593309,0.2957799167267738,0.3381505732809234,0.3365126000942449,0.3694033735841591,0.3674997181572141
0.3181885143607778,0.3220276424118916,0.278593461955958,0.3462769589159742,0.3615681059200313,0.3467601081089471,0.3672929311073027,0.277928806072645,0.3381570898648484,0.4136639635793266,0.2907642420507049,0.3285494304173172,0.3553120093884238,0.3204289314341285,0.3279195999008226,0.2964041196996961,0.2558300247756312,0.2929369579640929,0.3287207437803336,0.3051077054949818,0.3477006986782628,0.3579068757401492,0.3586880438253997,0.3663943900154334,0.356579455478635,0.3640530668371629,0.3710762500204094,0.3035898197935986,0.3583556454624342,0.3044065083787163,0.3021662865814313,0.3625277383238215,0.3265439411093068,0.296722070010167,0.3598220816957543,0.3541583504743922,0.3582177378134936,0.273770931321323,0.3197314575519148,0.3413329308401352,0.358630780420445,0.3507972239337088,0.3425678487627547,0.2947114368572838,0.3679814591972157,0.3418203686893722,0.3626927594051867,0.3132451807286758,0.2945920797980058,0.3614434669198126,0.3603258107172921,0.3430984068142444,0.3454143426074263,0.3506551419731614,0.3302924505091161,0.3330207977414589,0.2979892169798437,0.3599317250521387,0.3534330540768459,0.3096623690115023,0.2818812060988628,0.382125219737208,0.3288878273127914,0.3650573700476615,0.3611720731959771,0.3602751147691916,0.3667040168690613,0.3556379129103463,0.3141673076058382,0.2974939863210863,0.3096234609810614,0.2805313029524464,0.3448743310834483,0.3467168499199903,0.3607062056792073,0.3688036451697738,0.3598632822678372,0.3762987278089394,0.3592597281808971,0.2978643801666434,0.3044885501868298,0.3297201335706879,0.3535191469577463,0.3265944184227839,0.3541485041223903,0.2983467807108835,0.2936688267023898,0.3416057303759924,0.3555383347896038,0.3640628089432683,0.3408259025251673,0.3357985642579936,0.3897620306415505,0.3838667556081954,0.2934992488525008,0.3428316188228976,0.3348941694241151,0.3695456238927567,0.3665797653111796
0.314867643275243,0.3199629418616711,0.2794583053141961,0.3453557434467798,0.3638067233896711,0.3469443684707819,0.3658326367133888,0.2774800614957883,0.3388811700515003,0.4135539391631234,0.2887698670137048,0.3291135297213949,0.3573199845307402,0.3205077858408069,0.3276419012219443,0.29248438106536,0.2550367078840427,0.2963855680894603,0.3289899095051711,0.2981979234385625,0.3494281994772203,0.361289254296314,0.3586185175105866,0.366948344067274,0.3581879154615194,0.3639961811138024,0.3683152807210608,0.3038933098251826,0.3601294117531438,0.3026914136239607,0.3082099831852877,0.3639942743102865,0.3264651640629636,0.2935056098213401,0.3599764425543579,0.3485500568037459,0.3583483589281105,0.2714854752197637,0.3185840897681324,0.3440276881254768,0.3580180047035092,0.3508409258531,0.3432802635842224,0.2964119890193971,0.3682973301888058,0.3409053151335523,0.3627752992996224,0.3120605383671799,0.2944574382835784,0.3619352072731208,0.358234888857191,0.3443663081390256,0.3472713492218371,0.3495123978446087,0.3300656610632365,0.332433110252171,0.3024528196402055,0.36130418764461,0.3533692328024991,0.3083491369176334,0.2808919715688743,0.3823240858532763,0.3332277857330969,0.3660917220813092,0.35988228600945,0.3583432164672398,0.3672191309803634,0.3556186643702139,0.3128399678126408,0.2972249374437926,0.3123977552404983,0.280053574794684,0.3445993846587612,0.3496888393738616,0.3611650046086824,0.3684998788301469,0.359990762598467,0.3758592018577511,0.3593072915062812,0.2986577451155914,0.3033086093571249,0.3357229241216513,0.3532413243358548,0.3263237516686809,0.3538369770097392,0.2989858710395141,0.2964412971018826,0.3392875707815186,0.3575565710935686,0.3645114415337782,0.3394071824115786,0.3399247521780216,0.3901293786394905,0.3871250074822532,0.2907008149987508,0.3469557744440441,0.3337216971617394,0.3697334049702835,0.3658215269761558
0.3117070443685635,0.3179245395020642,0.2804230718955272,0.3445947816578174,0.365758878532233,0.3470279861263741,0.3643654356325443,0.2773513946831045,0.3391928377732597,0.4133827599003158,0.2870098996171758,0.3295593599825443,0.3591014036948454,0.3206541071233223,0.3274319736659426,0.2889119750876344,0.2552285569968008,0.3004251120543067,0.3292909804556421,0.2912091935854256,0.3514624564745228,0.3643125073317592,0.3584144860944768,0.3673833496445391,0.3596670206533467,0.3639787099739888,0.365312666546857,0.3046285299262571,0.36161348174016,0.3010458742333136,0.3143761298176502,0.365624132423336,0.326322854613667,0.2902085871576765,0.3601251883965314,0.3423594129600351,0.3583779476535746,0.2693189464900131,0.3174252304989612,0.3463568263582386,0.3572154828306922,0.3507317111594228,0.3439362825494289,0.2987514437583275,0.368629377185257,0.3400120280875793,0.3625837858566352,0.3107363063557684,0.295002268975735,0.3622801683969718,0.3561353247604595,0.3457414000935143,0.348958436912673,0.3483753549667555,0.3298266702761279,0.3318378143358998,0.3075194847790519,0.3624355821860199,0.3531244685278375,0.3070519880772664,0.2804512720805773,0.3823945825383343,0.337382821295931,0.367037403105642,0.3590557300378572,0.3566899642024307,0.3675648954902872,0.3555184522612586,0.3116333509812303,0.2978032977017955,0.3148121040565345,0.2797638391251811,0.3443017601628858,0.3520525229641091,0.3615296821213658,0.3679728447787911,0.3602313328547032,0.375223854868711,0.3594606025501851,0.2994962617470588,0.3020716195441845,0.3412132535835843,0.3528558655044136,0.3261495577261944,0.3536157545833704,0.2997036469873466,0.3000128277560878,0.3371102319253797,0.3593331936655115,0.3650064693697172,0.3380191064561398,0.3441661742114559,0.3903391942847423,0.3902347490171859,0.2873160802371285,0.3506090497637528,0.3330722070863142,0.3699728386320819,0.3652194403017891
0.308698184824347,0.3159340770249437,0.2814857789106867,0.3440167039331511,0.3673903569336241,0.3469844174459332,0.362927752800308,0.2775048782611392,0.3389809781667537,0.4131826128753129,0.2854683452837856,0.3297340510411444,0.3605637746493694,0.3208512396898296,0.3272898769465777,0.2856530554661607,0.2565504403037524,0.3049031641974127,0.3295885655685607,0.2842608476424916,0.3537297193933557,0.3670130458068513,0.3581060898674755,0.3677323471701827,0.3610182097856409,0.3639903965841256,0.3620952798563481,0.3057236902348116,0.3628397843702998,0.299541893617633,0.3204737042671536,0.367409320895056,0.3260936303269743,0.2869119770292444,0.3602714781867824,0.3357217106948777,0.3582930776972149,0.2674328927853982,0.3162943792804566,0.3483756613327813,0.3562656526481313,0.3504877197847693,0.344494494473854,0.3016837979566117,0.3689796153090842,0.3391460547896454,0.3620777526106326,0.3092979632244902,0.2962839452476905,0.3624589384822336,0.3538488032563261,0.3470462632426789,0.350500674049621,0.3472675759552459,0.3295385006895537,0.3311975320730944,0.3130399132534716,0.3633098550113968,0.3527031941493047,0.3057541363159634,0.2806675425770127,0.3823762081283572,0.3413444348621884,0.3678655135017942,0.3587949398382328,0.3553796374066579,0.3677499126083409,0.3553219676847008,0.3105532871215301,0.2992219959136668,0.3168922563689527,0.2796302099591629,0.343983267915307,0.353863582626535,0.3618064642089169,0.3672564051810636,0.3605692363809004,0.3744423300983635,0.3597152035483792,0.3003363606468765,0.3007292103444448,0.3461140743269245,0.3523583665631166,0.3259570204961072,0.3534392621080916,0.3004120102561002,0.3042860662753973,0.3350922109617866,0.3609124733094603,0.3655119497476834,0.3366910754860278,0.3481124730085896,0.3903510518906801,0.3930558299581522,0.2833118341891928,0.35386980376841,0.3330083177453429,0.3702601381961478,0.364741358772698
0.3058549161045757,0.3140139438744369,0.2826486097322583,0.3436275391488069,0.3686801989026552,0.3467962777424449,0.3615429173674193,0.2778720816625215,0.338171472441341,0.4129654936387162,0.2841302395385321,0.3294141714997514,0.361622594554265,0.3210835532617963,0.3272034348822886,0.2826521980644351,0.2590942662275281,0.3096255728224512,0.3298559816976281,0.2774969090724562,0.3561324809535961,0.3694148536117499,0.3577216216048079,0.3680367225667458,0.36224187224393,0.364010884062281,0.3586868592872539,0.3070969229121928,0.3638292458934504,0.2982605168749197,0.3263303982359958,0.3693365252777217,0.3257616700070267,0.2837153716749012,0.360414165647914,0.3287933870875961,0.3580852609335475,0.2660046688844859,0.3152199689947003,0.3501424695502151,0.3552202519741253,0.350140703512823,0.344913627603885,0.3051217231404096,0.3693415642725389,0.338308823659353,0.3612280823606393,0.3077874783205754,0.2983251508854342,0.3624582533781176,0.3511962991327402,0.3480471886527996,0.3519028062725943,0.34620474572714,0.3291658298583493,0.3304754237422299,0.3188456291374075,0.3639225889759946,0.3521248038238582,0.3044354446479959,0.2816227862966338,0.3823069766472818,0.345088606665735,0.3685507618143285,0.3591939106364332,0.3544483668219315,0.3677815421268423,0.3550144254283172,0.3095847858831871,0.3014260137080884,0.3187032374945396,0.2796166464644417,0.3436351958361697,0.3552011523880984,0.3619922618177662,0.366395687432453,0.3609798471253732,0.373568613016902,0.3600557713821761,0.3011429180390663,0.2992401833566846,0.35038930223412,0.3517530776274506,0.3256133786676622,0.3532679905694948,0.3010357607242776,0.3091270771097878,0.3332356636540511,0.3623090483641156,0.3659802276010961,0.3354463742804798,0.3514093007859943,0.3901121599575268,0.395469325387441,0.2787080736542309,0.3567977952733332,0.3335772418260114,0.3705790878957584,0.3643412101058692
0.3032094179476065,0.3121818231691526,0.2839080208486808,0.3434162509706454,0.3696199044227045,0.34646067765943,0.3602116369000612,0.2783646043029104,0.3367322747909234,0.4127198118185159,0.2829807867098571,0.3284243567954872,0.3622116209981551,0.321335967657386,0.3271540941965774,0.2798513499751285,0.2628828443440525,0.3143747335386479,0.3300810643356782,0.2710804076118915,0.3585550852177326,0.3715270582514636,0.3572888409847702,0.3683386831515019,0.363331290226528,0.3640144710152623,0.355106452954355,0.3086650119268352,0.3645918396262471,0.2972901742176724,0.3318032429025316,0.3713795443618361,0.325320521793697,0.2807329199582146,0.3605552207571911,0.3217323725091198,0.3577546379540907,0.2652085471752114,0.3142105524105375,0.3517048242128206,0.3541301048930057,0.3497258129210109,0.3451652572845103,0.3089412568746391,0.369701100491536,0.3375015139744423,0.3600211064245655,0.3062628374844019,0.3011059047743435,0.3622779165286543,0.3480220470171262,0.3484504929198381,0.3531549891528651,0.3452031001343874,0.3286801368094639,0.3296469067983579,0.324759739344074,0.3642852352118994,0.3514199007019783,0.3030763787644209,0.2833671825379877,0.3822212827435591,0.3485805242466996,0.3690640602135007,0.3603245931694758,0.3538938102895277,0.3676661525067224,0.3545804092690732,0.308694458786444,0.3043146687612659,0.3203303920209903,0.279697194740406,0.343247906963392,0.3561506022697782,0.3620720787371333,0.3654388606400855,0.3614252554977208,0.3726545689166178,0.3604559201050206,0.3018920739572734,0.2975752587791406,0.3540391485537107,0.3510528205896137,0.3249844090704104,0.3530747923688425,0.3015155183170475,0.3143733046814303,0.331530022646557,0.3635157338172596,0.3663556145437306,0.3342995540149778,0.3538048831650034,0.3895692161635018,0.397385658135193,0.2735931576095327,0.3594295059909748,0.334800033966682,0.3709010918235412,0.363965354352424
0.3008104607827079,0.3104462902570867,0.285257224168757,0.3433588325631402,0.3702116943584559,0.3459861281441603,0.3589029535689956,0.278883357004407,0.3346767575959272,0.4124147134022303,0.2820131768772482,0.3267132353709294,0.362268171756753,0.3215862796747477,0.3271221871995529,0.2772014255998939,0.2678648058893457,0.3189269911418799,0.3302539792459342,0.2651785167639897,0.360849393190936,0.3733514300254796,0.3568389366297578,0.368668643643291,0.3642752308459728,0.3639696213165047,0.3513602166104366,0.310354533752772,0.3651250294356401,0.2967211041255815,0.3367958477952547,0.3735057733488119,0.3247747613445734,0.2780859930811151,0.3606979181406416,0.3146904429703505,0.3573057536455064,0.2652024747501825,0.3132615437639061,0.3530935484127526,0.3530358061749486,0.3492766143606565,0.345236687269269,0.3130058864610655,0.3700389742824589,0.3367192990789687,0.3584648086754512,0.3048014260356935,0.30455799917285,0.3619298744642759,0.3442200644423736,0.3479094655461784,0.3542447449206253,0.3442855989624217,0.3280630204434029,0.3287068439413208,0.330615933700932,0.3644219147775702,0.3506276734910283,0.3016575885600648,0.2859087030161912,0.3821564273596078,0.3517804538602591,0.3693754586815598,0.3622290553286516,0.3536721970012625,0.3674138738171487,0.354013088474247,0.3078387001826848,0.307740886777581,0.3218526129717102,0.2798630770134959,0.3428164813432048,0.3567888617029938,0.362024150912228,0.3644346315452016,0.3618586058102772,0.3717475712979828,0.3608810379431694,0.3025660286250765,0.2957173119736739,0.3571001260086935,0.3502713018171328,0.3239517938073346,0.3528445459442618,0.3018061680013246,0.3198484116811938,0.3299499612035177,0.3645193079427592,0.3665809165192646,0.3332529413826884,0.3551706175704902,0.3886730607522759,0.398749504454742,0.2681232388619841,0.3617791337724166,0.3366599084475927,0.3711860623299874,0.3635515739826045
0.2987162318574901,0.3088067328430031,0.2866914866381738,0.3434162182235941,0.3704676777356631,0.3453887891941949,0.3575636349894405,0.279322463854756,0.3320570259439553,0.4120085365087818,0.281233226318653,0.3243477279163033,0.3617233269068305,0.3218092311624254,0.3270859049643807,0.2746723760614825,0.2739139743935878,0.3230666573124179,0.3303609121495479,0.2599541179807985,0.3628336435223521,0.3748858469951366,0.3564019868652169,0.3690411260883756,0.3650665971242632,0.3638365022331866,0.3474397885110103,0.3121104208681996,0.3654124717722884,0.2966366265718492,0.3412616424869663,0.3756887671634681,0.324141505680255,0.2758972560769254,0.3608403218870052,0.3078099648939533,0.3567423244898141,0.2661149929490124,0.3123632394124734,0.3543274086842574,0.351967159174331,0.3488270201753172,0.3451232918785797,0.3171833006477842,0.3703274426935026,0.3359485298574922,0.3565869723009276,0.303498115877891,0.3085708637122588,0.3614338691528268,0.3397417821087928,0.3460811024932007,0.355157255092448,0.3434756862520959,0.3273068305133705,0.3276639154567677,0.3362766589524963,0.3643557365632737,0.3497913814251759,0.3001574939896715,0.2891986933485753,0.3821518862977499,0.3546456895105034,0.3694634427415704,0.3649078921858107,0.3537075752701818,0.367039034687472,0.3533192117883592,0.3069695250956551,0.3115192059546439,0.3233317466866595,0.2801185866285091,0.3423353873690563,0.3571770651649959,0.3618315565071071,0.3634327189236708,0.3622327048275672,0.3708847474608748,0.361289530270765,0.3031504691120977,0.293663586834481,0.3596351990254678,0.349420177739644,0.3224262807818236,0.352574139731211,0.3018771032749852,0.3253773316864183,0.3284529348262143,0.3653061435278955,0.3666056779719148,0.3322964379332805,0.3555055112164686,0.3873749086559505,0.3995366859715134,0.2625167589304908,0.363840472084194,0.3391029341099728,0.3713845212440384,0.3630375145621689
0.296983744366277,0.3072542374167654,0.2882042847750459,0.3435290782063606,0.3704098288120969,0.3446932668046216,0.3561357129402138,0.2795757987811712,0.3289507951368883,0.4114567511750094,0.2806534745131702,0.3215034025602012,0.3605117723566442,0.3219882996711446,0.3270209050024926,0.2722726508250661,0.2808297864818996,0.3266028211980374,0.3303950969307815,0.2555644033699993,0.3643198362558369,0.3761197404861954,0.3559994324607481,0.3694603826990972,0.3657032619900186,0.3635749076029648,0.34333027756819,0.3138981253413412,0.3654312929385016,0.2971068044745618,0.3451897648698291,0.377907614733721,0.3234485587551198,0.2742870086167305,0.3609774815928392,0.3012148862891844,0.356070879508285,0.2680286696587937,0.3114964589671745,0.3554173919095942,0.3509459815866317,0.3484077259526426,0.3448269677807639,0.3213456775858969,0.3705257406880949,0.3351739106112459,0.3544278656906972,0.3024523921920448,0.3130049890921563,0.3608168427036943,0.3345904158810035,0.3427132272325761,0.3558697342073673,0.3427893779193814,0.3264163235442422,0.3265315264930603,0.3416414624759792,0.3641002424984602,0.3489503113452675,0.2985548986550984,0.2931297279243408,0.3822396505389271,0.3571384524352987,0.3693176816222941,0.3683029487910931,0.353902305313336,0.3665556999121057,0.3525109248037726,0.3060362930012609,0.3154467014504862,0.3248185559580362,0.2804778489068555,0.341796785604836,0.3573598121907187,0.3614867676259847,0.3624793209514295,0.3625022521647958,0.3700856529185236,0.3616330473098174,0.3036390282373443,0.2914320413500241,0.361713782606998,0.3485116667567442,0.3203584087153705,0.3522756664359013,0.3017156606699188,0.3307972975324518,0.3269855309054717,0.3658603713555132,0.3663923423793676,0.3314105471027755,0.3549260421006335,0.385633681693462,0.399751483616311,0.2570582567535763,0.3655896230730792,0.3420489560422066,0.3714434834905828,0.3623810896958667
0.2956667850523284,0.3057714708285881,0.2897793620137262,0.343621508491938,0.3700717227061902,0.3439308093477233,0.3545620101017847,0.2795486712106956,0.3254529481558176,0.4107206781687001,0.2802864899795461,0.3184628051521135,0.3585739245693215,0.322115817318803,0.3269063032780724,0.2700652991617991,0.2883479480375583,0.3293901991705365,0.3303630640575101,0.2521506524357423,0.3651390042049507,0.3770349315898718,0.3556449913292877,0.3699253165826508,0.3661809959970843,0.363156127770821,0.3390144814471413,0.3157016384079157,0.3651665477592318,0.2981854347231529,0.3485933211368406,0.3801361318893272,0.3227290099387852,0.2733698222303666,0.3611099655076171,0.2950026123881971,0.3553087521730771,0.2709686346710978,0.3106279253191271,0.3563639619045827,0.3499830246689701,0.3480379114282142,0.3443646412650933,0.3253752992847111,0.370586170714581,0.3343832694107747,0.3520381905391034,0.3017562289285606,0.3177038328941877,0.360113627238984,0.3288178617703433,0.3376858709177542,0.3563595695332014,0.3422391800693297,0.3254111481168156,0.3253279938002283,0.3466456861021046,0.3636648308776615,0.3481344214946839,0.2968375430173517,0.297551977913874,0.3824390425075064,0.3592415482589825,0.3689360831663305,0.372288906873175,0.3541431975509937,0.365976735169878,0.3515973036216346,0.3049881745908028,0.3193242293401333,0.3263526709817936,0.2809683843322556,0.3411982012255486,0.3573649390496548,0.3609898647275174,0.3616072394361292,0.3626222790916821,0.3693535185203146,0.3618618537624421,0.3040353810457482,0.2890670657464202,0.3633977247918321,0.3475571183894542,0.3177485236142379,0.3519762348816229,0.3013302061252127,0.3359686126615951,0.3254951416419239,0.3661695482500829,0.3659182436856577,0.3305688781952599,0.3536326829569864,0.3834375617199664,0.3994285967685989,0.2521003598905229,0.3669944582974658,0.3454001129959397,0.3713154774191076,0.3615716704312525
0.2948200498375372,0.3043333764820475,0.2913889085125317,0.3436096918828866,0.369498755999083,0.3431314887888185,0.3527847195108041,0.2791651075082624,0.3216709579163522,0.4097759743271812,0.2801444377441686,0.315565470786769,0.3558390658529321,0.3221854237065927,0.3267311079809222,0.268163649658672,0.2961665640308409,0.3313424078594191,0.3302741055545651,0.249818375276791,0.3651455841063056,0.3776175105234403,0.3553502619500581,0.3704284918965309,0.3664928506794419,0.3625615733775961,0.3344725277968245,0.3175185580536475,0.3646177498534835,0.2999036819897307,0.3515083257024777,0.3823392665220969,0.3220165348005894,0.2732473435303579,0.3612457057970256,0.2892446727303122,0.3544843635977144,0.2749014729606742,0.3097198167657025,0.3571554605717896,0.3490735758543823,0.3477249534573949,0.3437705160914826,0.3291823232946548,0.3704669666958638,0.3335630968214749,0.3494797169431963,0.3014935895548135,0.3225056641415632,0.3593644472241413,0.3225219951640886,0.3310041856243705,0.3566200352220546,0.341840812692402,0.3243238034936973,0.3240819532484896,0.3512554868634694,0.3630607010119177,0.347365034964522,0.2950085850578162,0.3022925974891187,0.3827594782359603,0.3609653872211351,0.3683251727142299,0.376680867518948,0.3543097996184063,0.3653182467443706,0.3505877129790405,0.3037781790254606,0.3229665077752939,0.3279496368167119,0.2816320190241082,0.3405456985310512,0.3572010326422921,0.360351875304252,0.3608304997777323,0.3625520074931385,0.3686839079803029,0.3619346188153545,0.3043467798821844,0.2866397556225556,0.3647399257096689,0.3465617181071367,0.3146529531125468,0.3517098012669503,0.3007479935765379,0.3407855358418551,0.3239348726066065,0.3662366026320239,0.3651766775368659,0.3297395768739904,0.3518653230299673,0.3808179569044564,0.3986294743373891,0.2480437209256273,0.3680299889222156,0.349043343520408,0.3709662359999872,0.3606222187487277
0.2944944924568173,0.3029096221732688,0.2929981781348395,0.34340248062665,0.368741811794763,0.3423199764620416,0.350755722270795,0.2783678750798711,0.3177168098241079,0.4086172296430819,0.2802379913430718,0.3131238640914091,0.3522211579687834,0.3221950892703695,0.3264944843931278,0.2667156587522037,0.3039749530639105,0.3324290733667864,0.3301341054410816,0.2486260158941508,0.3642272739707159,0.3778673012710608,0.3551249485222937,0.3709533573891541,0.36663751896647,0.3617737607828195,0.3296901087302493,0.3193511194940076,0.3637927150517415,0.302258095821511,0.353989916178154,0.3844774182296488,0.3213432832812444,0.273994493030639,0.3613946721015049,0.2839900799247294,0.3536306815418243,0.2797372303771494,0.3087417771477793,0.3577748960698032,0.3482026609280848,0.3474717243032054,0.3430848134989323,0.3327120137362314,0.3701361806128009,0.3326974148145245,0.3468179436381201,0.3017410996570467,0.3272605004962382,0.3586117319095717,0.3158345605039335,0.3228278742376317,0.3566604867399219,0.3416073374198088,0.323193814458981,0.3228290370308844,0.3554633877862699,0.3622955932281579,0.3466551338874865,0.2930857178441748,0.3071651794617721,0.3832014136728346,0.3623406088659459,0.36750263690708,0.3812443559398129,0.3542858264065777,0.364602032342866,0.3494989056419088,0.3023667531742786,0.3262062588665266,0.3295960120198775,0.282516769991758,0.3398477313803223,0.3568603329372124,0.3595998907570388,0.3601505628447114,0.3622624664927344,0.3680686106096547,0.3618242025252847,0.3045779603405181,0.2842437213374994,0.3657852919810865,0.3455249702981988,0.3111821254043089,0.3515075405673275,0.3000063356282312,0.3451807430841755,0.3222604662217632,0.3660832799808246,0.3641806261820688,0.3288885459294037,0.3498690147440157,0.3778457836997108,0.3974291651864187,0.2452993160296715,0.3686891595686353,0.3528553160961318,0.3703783156750447,0.3595613962023475
0.2947255641077866,0.3014680998446638,0.2945722254458561,0.3428989889453136,0.3678488951210583,0.3415194152131137,0.3484553223469719,0.2771215928345998,0.3137005680851659,0.407260764520002,0.2805705743245485,0.3113717963218726,0.3476437740178763,0.322155129554774,0.3262031450425115,0.2658933339288386,0.3114725744417543,0.3326663798825973,0.3299561836947891,0.248587743618027,0.3623377802511313,0.3777949768690639,0.3549739348160132,0.3714751828411857,0.3666230989735129,0.3607802346558185,0.3246725766560447,0.321196702569523,0.3627037223947472,0.3052021002638101,0.3560997773097986,0.3865062939029745,0.3207372815931346,0.2756447787430984,0.3615668040935625,0.2792650630101813,0.352783128380618,0.2853310468420624,0.3076690522811839,0.3582091583451437,0.3473557523439516,0.3472790695832893,0.3423440245432375,0.3359335073767022,0.3695667276199528,0.3317764990561715,0.3441102309980199,0.3025555083958109,0.3318455694141007,0.3578987883016526,0.3089035358836474,0.3135361717545201,0.3564947903390125,0.3415381849194689,0.3220645750595331,0.321599188133811,0.3592830973834754,0.3613682348644087,0.3460050617081129,0.2910988783380706,0.3119784630175075,0.3837523995989125,0.3634127010271774,0.36649545058742,0.3856986261941884,0.3539661947937909,0.3638531148423968,0.3483535699176152,0.3007279593684359,0.3289033836109764,0.331265386856495,0.2836663841892374,0.3391131522983236,0.3563329926645333,0.3587716230061623,0.3595667129399744,0.3617402070769375,0.3674929264200176,0.3615172913612061,0.3047340643006126,0.2819909769715165,0.3665669641611398,0.3444465940201492,0.3074901591645522,0.3513942208021081,0.2991425794089632,0.3491214089533648,0.3204310233314714,0.3657432968644225,0.3629659878937826,0.3279847867751194,0.3478653932780721,0.3746260219357267,0.3959070746982283,0.2442530534171236,0.3689844190367413,0.3567146417423079,0.369552179570391,0.3584392016401298
0.2955311611150535,0.2999789050668255,0.2960821701067014,0.3419982612864164,0.3668643262623512,0.3407521502467345,0.3458988304908501,0.2754220762301487,0.3097344533278454,0.4057481698327351,0.2811340443224603,0.3104506510932361,0.3420667869491666,0.3220830696092199,0.3258709624536763,0.2658787579476615,0.3183861698859588,0.3321135446165301,0.3297669753034621,0.2496758144889932,0.3595233563197234,0.3774157698718498,0.354898373780445,0.3719679706950719,0.3664619075146527,0.3595869787321862,0.3194490638782166,0.3230428756660628,0.3613731718802437,0.3086492161737842,0.3578964624387777,0.3883721801201595,0.3202174268502212,0.2781853248862792,0.3617744710979474,0.2750750147871759,0.3519822650216874,0.2914932532276166,0.3064768211402457,0.3584533867798875,0.346520831683428,0.3471424976789901,0.3415832305863352,0.3388323450076839,0.3687385697846442,0.3308014578779745,0.3414018357435082,0.3039566873360638,0.336169749070077,0.357267237381687,0.3018802079939141,0.3037042909333495,0.3561418167608244,0.3416200899406175,0.3209811681587213,0.3204088315103942,0.3627390376972049,0.3602751568055516,0.3454000784593425,0.2890941235292564,0.3165567594608802,0.3843850129547655,0.3642447466780549,0.3653358995129912,0.3897268809597332,0.3532611121734189,0.3630980264973733,0.3471727737779382,0.2988591698600626,0.3309582682032942,0.3329368120526425,0.2851129949955853,0.3383573572582481,0.3556212123393892,0.3579043268139785,0.3590777109998828,0.3609876597795245,0.3669376407135054,0.361014405052984,0.3048248950675963,0.2800089031286742,0.367103942025192,0.3433272884465059,0.3037591630219249,0.3513867347526769,0.2981903786363494,0.3526032060643294,0.3184183314017558,0.3652578829427548,0.3615881136176015,0.32700475473211,0.3460199530341153,0.3712993894903446,0.3941486603927451,0.2452347827380536,0.3689474385955223,0.3605137320317396,0.3685069889903179,0.3573297299734463
0.2969180124701128,0.2984170403991993,0.2975071634436804,0.340615703523965,0.3658325718693918,0.340031379975133,0.3431281229112516,0.2733010200043128,0.3059395389200211,0.4041446310526093,0.281907204191332,0.3104023054418162,0.3354972582855067,0.3219923332861253,0.3255185688094572,0.2668315581020808,0.3244961411211594,0.3308687026294397,0.3295936382418928,0.2518170815372466,0.3559177907970011,0.3767503413994699,0.3548982934845485,0.3724141248931501,0.3661678426796634,0.3582183303795073,0.31406889660853,0.3248651697710082,0.359834511236609,0.3124839152844568,0.3594336193925239,0.3900118576421426,0.3197892018289104,0.2815620235980219,0.3620312026054084,0.271412922902121,0.3512703467940878,0.2980115535760597,0.3051476068565583,0.3585129949723729,0.3456825712622365,0.3470534291623316,0.3408387612807852,0.3414160273922756,0.3676492955841386,0.3297764114897225,0.3387285228677338,0.3059251529860134,0.3401725676194544,0.3567522521663066,0.294911936108591,0.2939623613661454,0.3556356716160088,0.3418349635853905,0.3199820212125255,0.3192644202232834,0.3658500243110695,0.3590203150687991,0.3448150676324515,0.2871395351631628,0.3207633579525468,0.3850579731490937,0.3649118323601187,0.3640607979924765,0.3930053104283464,0.3521068654903098,0.3623666686449778,0.3459711345298077,0.2967852417864247,0.3323192693011329,0.3345955356179197,0.2868693998828909,0.337602691216086,0.3547378966931916,0.3570329141521453,0.3586762395524573,0.3600243975314948,0.3663892080846755,0.3603320919193014,0.3048599510928477,0.2784341226654892,0.367405865311174,0.3421641485252498,0.3001820473032369,0.3514878996771801,0.2971815314906438,0.3556465280915307,0.3162136672873217,0.3646767428054613,0.360112149024262,0.3259341875994453,0.3444258877006242,0.3680356299475749,0.3922458437015111,0.2484799570055874,0.3686309081558023,0.3641608970296658,0.367280447099358,0.3563157629891535
0.2988778077796638,0.296761812308168,0.2988310711595486,0.3386885251484082,0.3647947832027238,0.3393574899762712,0.3402054897940724,0.2708230851545303,0.3024428710029213,0.4025282935716418,0.282852731756589,0.311173121788621,0.3280037549034673,0.3218933584774677,0.3251696933385764,0.2688509710009852,0.3296593760402594,0.3290513429208392,0.3294511642035526,0.2548964104813677,0.3517263116678095,0.3758281661235503,0.3549719531908853,0.3728082133177656,0.3657604581785508,0.3567029827389442,0.3086048952774843,0.3266244179821084,0.3581216781090032,0.3165715831720658,0.3607568390002893,0.3913563075256406,0.3194446144344407,0.2856836469445877,0.3623455384033759,0.268265459329467,0.3506813468641188,0.3046737498694632,0.3036822632982374,0.3584059541276567,0.3448233485145331,0.3470058940410676,0.340139945956898,0.3437123077950796,0.3663156403484249,0.3287025245296417,0.3361148848710018,0.3084119521074134,0.343828909090648,0.356380463480874,0.2881378615501891,0.2848816218403942,0.3550213479203615,0.342158264741786,0.3190891574305996,0.3181668061323684,0.3686150375004112,0.3576135956178875,0.344221309658644,0.2853228358866311,0.3245093607984579,0.3857156600473133,0.365482981567457,0.3627103777438386,0.3952374764484455,0.3504802858504507,0.3616925461812499,0.3447561930038402,0.2945529131247107,0.3329799191213315,0.3362263721127909,0.2889201278286394,0.3368687697730388,0.3536974738746693,0.3561938663171264,0.3583506103423868,0.3588867578051484,0.3658473885787624,0.3595015816933645,0.3048410323738476,0.2774013965838869,0.3674807527418272,0.3409524862466367,0.2969452464172226,0.3516800519763838,0.2961454490000164,0.3582923143773667,0.31382274377941,0.3640537691224919,0.3586039169960273,0.3247687187433636,0.3431214861306637,0.3650089319525928,0.3902886378771185,0.2540887276406766,0.3681050360381389,0.3675754305812093,0.3659250854135329,0.3554696264736401
0.3013734483915223,0.2949951200671444,0.3000419229660404,0.3361729166348165,0.3637795765348012,0.338729164709028,0.3372153658401653,0.2680874627675067,0.2993725520871573,0.4009795268479004,0.2839172277994418,0.3126296735467968,0.3197420481157668,0.3217997188143026,0.3248470777126206,0.2719574852582426,0.3338084853197819,0.3267790675577122,0.3293485645094727,0.2587718202577941,0.3472210446768902,0.3746846487002713,0.3551153506747234,0.3731513331433001,0.3652654462378808,0.3550687587241702,0.3031588243059452,0.328267986434048,0.356263155204245,0.3207668359978458,0.3618979141274669,0.3923326031707076,0.3191649502785186,0.2904211136928251,0.3627172812033288,0.2656089197790804,0.3502364921360322,0.3112813889057715,0.3020960498860497,0.3581607160578038,0.3439325535932016,0.346999219860032,0.3395001036432138,0.3457517119030949,0.3647618043822339,0.3275847205531844,0.3335699730298137,0.311343343049391,0.3471536961987557,0.3561719977844859,0.2816895186104114,0.2769636425732419,0.3543375212134178,0.3425522124969462,0.3183085756590248,0.3171075101233307,0.3710097829390446,0.3560656879778113,0.3435901656453905,0.2837408538991423,0.3277491304307943,0.3862879074294685,0.3660107460646728,0.3613221307925422,0.3961760116942459,0.3484030600829799,0.3611077758075764,0.3435296320494682,0.2922281949716804,0.332969994811773,0.3378196156076283,0.2912172326087683,0.3361664656015112,0.352519465107858,0.3554202873181081,0.3580966754065243,0.3576224843385652,0.3653234347915976,0.3585627225530673,0.3047659150003223,0.2770323088622237,0.3673393306359845,0.3396954004180037,0.2942106841435735,0.3519277372126227,0.2951041897423436,0.3605941584946889,0.3112564321309369,0.3634354932006508,0.3571245554218565,0.3235135142016285,0.3421120446066847,0.362371537731079,0.3883592332994283,0.2620013125506378,0.367445621807963,0.3706865015080171,0.3645004328024148,0.3548473374277111
0.3043360313608036,0.2931029747532733,0.3011389798634166,0.333049589231781,0.3628024443571978,0.3381547463027419,0.3342596126753372,0.265236541006361,0.2968634235634204,0.3995761766605658,0.2850415817456583,0.3145648778426645,0.310967020272124,0.3217216217934546,0.3245707978193285,0.2760915101090416,0.336935177038049,0.3241575828071644,0.3292999350535561,0.2632886522114452,0.3427295753427085,0.3733544164015441,0.3553244932474954,0.3734462201718863,0.3647082378800862,0.3533501752771421,0.2978538937146183,0.3297381740481552,0.3542889552833673,0.3249240854137695,0.3628771301658215,0.3928687297038398,0.3189222475440671,0.2956129972658134,0.3631387277808861,0.26340217650491,0.3499471419280724,0.3176590304376221,0.3004076156213601,0.3578097094986098,0.3430090339846414,0.3470345962981919,0.3389199115576477,0.3475552284155859,0.3630125765988604,0.3264384797571418,0.3310903577515925,0.314618599938888,0.3501919448103234,0.3561413683015911,0.2756950973125434,0.2706189508635638,0.353613296461875,0.342970759840731,0.317636433521397,0.3160644103594832,0.3729918979850554,0.3543927933211951,0.3428966696575461,0.2824915580115417,0.33047750282932,0.3866958297891865,0.3665347316169125,0.3599245508150912,0.3956365600793219,0.34593650971598,0.3606376303083451,0.3422899953536149,0.289905224516497,0.3323456368742534,0.3393823290276662,0.2936820542132191,0.3355015623641454,0.3512416111062262,0.3547314450724765,0.3579242073856876,0.3562846328886115,0.3648352907122491,0.357558523867638,0.304638818485357,0.2774274283290548,0.3669953680977384,0.3384071220714518,0.2920985292034168,0.3521866802142649,0.2940700086219429,0.3626071904801881,0.3085293340973111,0.3628548861295262,0.355726130949334,0.3221805725852132,0.341366299938117,0.3602394769478088,0.3865349665348637,0.2719940054540026,0.3667239163213759,0.3734378372149549,0.3630646593590066,0.3544860452966283
0.3076749205650086,0.2910789619479495,0.3021363877777992,0.3293340966698627,0.3618752320935497,0.3376473510546833,0.3314401836084226,0.2624565946247227,0.2950626071702656,0.3983860959676769,0.2861723880308761,0.3167167225271656,0.302017820090187,0.3216567531346498,0.3243560923671489,0.2811090924285468,0.3390821702527484,0.3212825197008924,0.329321013257783,0.2682858548687927,0.3385952510874667,0.3718684258657623,0.3555951399666625,0.3737021756374211,0.3641109646471148,0.3515891872405148,0.2928210077577643,0.3309804932431668,0.3522344278263614,0.3289103895279996,0.3637124753294053,0.3929064207016898,0.3186791830269089,0.3010839243456922,0.3635968927253127,0.2615876304141429,0.3498131902672668,0.3236654863532239,0.2986408054328228,0.3573875055232921,0.342053031554282,0.3471127234461422,0.338396203803276,0.349138760558381,0.3610997692648325,0.3252839597678071,0.3286681016577175,0.3181155840934038,0.3529978712476755,0.3562950123800838,0.2702794427823938,0.2660780191087554,0.3528811380815755,0.343373082490629,0.3170565432152469,0.3150070956796884,0.3745053596563595,0.3526236141147576,0.342124771345425,0.2816724741349378,0.332730386034657,0.3868605697513706,0.3670795603820667,0.3585367719439661,0.3935170432051167,0.3431821944895225,0.360300389309144,0.3410350802670208,0.2877107542716781,0.3311808843033905,0.3409329592464817,0.2962078863889886,0.334877427436135,0.3499180409907646,0.3541324799370825,0.357848593449273,0.354928717430439,0.3644064639672413,0.3565309136239004,0.3044715526517539,0.278657913249728,0.3664650360424405,0.3371047827502935,0.2906763032774888,0.3524082374228097,0.2930484238633298,0.3643771304579105,0.3056640389555079,0.3623358010677663,0.3544464818880922,0.3207848031142994,0.3408120636052822,0.3586808346787377,0.3848881642589173,0.283686599919682,0.3660050890605562,0.3757877804260495,0.3616695618130346,0.354392130082227
0.3112816392816869,0.2889245614264844,0.3030535499326212,0.3250737340210424,0.3610104190561819,0.3372137934282705,0.3288435581361689,0.259964474846366,0.2941162999806901,0.3974528040239992,0.287261234312857,0.3188183006764096,0.293294222208765,0.3215971936028322,0.3242087867120279,0.2867768624172486,0.3403430756816217,0.3182359264409863,0.329418197727616,0.2736032119310064,0.3351289318450766,0.3702554299403915,0.3559182159552076,0.3739401114983973,0.363495772307907,0.3498243068287541,0.2881953771670223,0.3319461423336183,0.3501327741959495,0.332618148338571,0.36442129060371,0.3924129911001154,0.3183921294779319,0.3066647286797179,0.3640749409760161,0.2600987237052748,0.3498155448056445,0.3292035616253879,0.296834903294786,0.3569345777052361,0.3410628304451463,0.3472353814311988,0.3379222643514719,0.3505178462755982,0.3590664126002295,0.3241367485681296,0.3262928633340167,0.3217065963478932,0.3556219471494474,0.3566299973647213,0.2655582239764684,0.2633700608842584,0.3521791677286652,0.3437274991858332,0.3165327758002103,0.3139065552153404,0.3754823476141113,0.3507936635596508,0.3412691659856364,0.281376458277212,0.334575323544071,0.3867079613286892,0.3676429262865039,0.357170565495929,0.3898159594928035,0.3402900685696097,0.360110189484374,0.339761314385812,0.2857892159292405,0.3295607479875331,0.3424818392741404,0.2986638556314914,0.3342918699284892,0.3485999218207696,0.3536227196949612,0.3578805061063315,0.3536090522736944,0.364065252053018,0.3555137289991865,0.3042747673316383,0.2807533185879923,0.365767646830911,0.3358020886589527,0.2899582641438428,0.3525391340804868,0.2920407154431061,0.3659343508267093,0.302690626324289,0.3618966909629659,0.3533051634952962,0.3193421187205512,0.3403645970489721,0.357698001751474,0.3834766801746568,0.2965631110014313,0.3653464341151172,0.3776992647051051,0.3603572820800116,0.3545326671450829
0.3150252726475831,0.2866477283992688,0.3039040306459479,0.3203334964918191,0.3602151196875235,0.3368563787731288,0.3265373065555245,0.257994039512298,0.2941459699741975,0.3967877831548207,0.2882607909604819,0.320592352371244,0.2852330588032686,0.3215405390921704,0.3241227159800884,0.292786548502101,0.3408473161187269,0.3150775147453044,0.3295866695087091,0.2790944236078371,0.3325803809276338,0.368543663182543,0.3562779174784302,0.3741841555289558,0.3628842779326355,0.3480848833762809,0.2841171798461471,0.3325962347487625,0.3480135079129116,0.3359760643069516,0.3650130682218404,0.3913828442672628,0.3180200658099695,0.3122024473652261,0.3645539498628335,0.2588650802872355,0.3499167679945619,0.3342227084374551,0.2950447168597265,0.3564938054731641,0.3400418392692994,0.3474066495503219,0.337482367928262,0.3517024578347161,0.3569571398974966,0.3230078527150418,0.3239500916833896,0.3252707429567389,0.3581104152736319,0.3571359165101669,0.2616340770795805,0.2624275244147582,0.3515362007214442,0.3440053349258454,0.3160137932907375,0.3127368604953268,0.3758503335881646,0.3489333526811106,0.3403328217621866,0.2816792343285629,0.3360901649234249,0.3861719459422156,0.3681960868467938,0.3558296554946133,0.3846340558490764,0.3374575912485871,0.3600757654736795,0.3384631199732481,0.2842837114629962,0.3275734207320818,0.3440219221492965,0.3009053191591586,0.3337363765732866,0.3473252732259002,0.353197719293326,0.3580258780779268,0.3523710210123731,0.3638390317341492,0.3545260142003397,0.3040547221282718,0.2836926301196433,0.3649276074225021,0.3345140368969838,0.2899124037306954,0.352526054201246,0.2910432004639887,0.3672950641058047,0.2996415298456893,0.3615464831572874,0.3523017686440493,0.3178691665311993,0.3399633677005823,0.3572184558711395,0.3823384326936689,0.3100153145273867,0.3647874535379231,0.3791306019867759,0.3591544537944369,0.3548430054558752
0.3187584963711221,0.284266680576462,0.3046981443497936,0.3151901209454222,0.359488511962074,0.3365820760289135,0.3245688311925714,0.2567884918513448,0.2952368141521473,0.3963763200035466,0.2891344367454955,0.3216428510301916,0.2782717096961306,0.3214844614742981,0.3240823780693302,0.2987899598896394,0.3407295858260318,0.3118474543414674,0.3298171219290267,0.284637740829216,0.3311217160145693,0.3667617340148323,0.3566548938919679,0.3744482067119898,0.3622903883917515,0.3463947959413126,0.2807206936193686,0.3329137928936632,0.3459146294468219,0.3389544637789429,0.3654882907666043,0.3898357227626782,0.3175335161907372,0.3175655396147114,0.3650145821603979,0.2578142278318624,0.3500735972301161,0.3387143818087578,0.293332848983545,0.3560967437926762,0.3390012530689977,0.3476308534873063,0.3370528795342164,0.3526953430178603,0.3548066265322905,0.3219071198889804,0.321625583549381,0.3286980542346684,0.360503138318019,0.3577959048597671,0.2585953055438064,0.2631381210702364,0.3509645539170802,0.3441805507768443,0.315448244099111,0.3114702499001612,0.3755472537263315,0.3470669284944139,0.3393270556829959,0.2826274889377564,0.3373466020500542,0.3852035255908388,0.3687016534300017,0.3545089193428103,0.3781605090508693,0.3349134623229209,0.3601940052536945,0.337137159293498,0.283334100232042,0.3252996294917361,0.3455359313242541,0.3027889856631707,0.3331998361467135,0.3461281858309559,0.3528456619065908,0.3582880724637428,0.3512444352986653,0.3637455985324599,0.3535730601987592,0.3038198670211688,0.287406868897458,0.3639743338479468,0.3332615896019246,0.2904705197291357,0.3523259346522457,0.2900494038381709,0.36846455694203,0.2965520969640408,0.3612830933089004,0.3514168524307833,0.3163807220399448,0.3395749730552729,0.3571085567991539,0.381497538554478,0.3234018525427222,0.3643416064143236,0.3800391588257588,0.358066193583543,0.3552359368867784
0.3223364793420857,0.2818186820010892,0.3054495504862454,0.3097335593775165,0.3588298884865925,0.3363988816952255,0.3229567585821818,0.2565850510659246,0.29743742755839,0.3961818236629149,0.2898711257100222,0.321424998749051,0.2727990993197312,0.3214176321550741,0.3240668279608815,0.3044340390507872,0.3401117897577677,0.3085811961194481,0.3301008364552538,0.2901384353072468,0.3308248866339351,0.3649395679328935,0.357027705161618,0.3747353764051254,0.361716976391575,0.3447717088428105,0.2781196200885983,0.3329133939071166,0.3438883831749446,0.3415601970649768,0.3658466306114361,0.3878209003666064,0.3169153913591691,0.3226546542092509,0.3654391437929438,0.2568780473703586,0.3502463366992419,0.3427017049972402,0.2917702822181886,0.3557571850984589,0.3379509125632719,0.3479080165013262,0.3366101212386682,0.3535006867409593,0.3526404229007468,0.3208406538420561,0.3193137093737793,0.3318960011099248,0.3628239769446339,0.3585848120535243,0.2565066448088809,0.2652448784534385,0.3504719961042722,0.3442378041918852,0.3147905658928835,0.3100781491330392,0.3745370719259997,0.3452197351236836,0.3382745096406156,0.2842369229676987,0.3384081722177153,0.3837812588681935,0.3691241871590004,0.3531964239310767,0.3706557465055074,0.3328991608973917,0.3604461335363368,0.335788332212079,0.2830802032277552,0.3228034022657968,0.3470003618671753,0.3041855662027795,0.3326693240549738,0.3450439582762931,0.352551711594236,0.3586612711810467,0.3502426790776934,0.3637875501573585,0.3526522895511739,0.3035842690178177,0.2917893143819156,0.3629377706453692,0.3320648517983302,0.2915409140288278,0.3519122946480493,0.2890564232999656,0.3694365850421134,0.2934700151702146,0.3611035652526144,0.350617068930261,0.3148849592955922,0.3391760101960464,0.3571994934694905,0.3809691936950713,0.336104433684384,0.3640024368604202,0.3803923503137918,0.3570778356825759,0.3555991816864219
0.3256287084245,0.2793651078984597,0.3061678098930893,0.3040578213755812,0.3582454772055394,0.3362994309733217,0.3216852501511393,0.2575864628050134,0.3007512702700539,0.3961404833131774,0.290484518669116,0.3194535054581655,0.2691133875615812,0.3213301917397687,0.3240509045543953,0.309387322509508,0.3391075700985708,0.3053182009712605,0.3304302637521289,0.2955277520816155,0.3316451549173159,0.3631086342203358,0.3573708383459676,0.3750458873476462,0.3611600196665854,0.3432208561090197,0.2764043985159024,0.3326383410977191,0.3419900258186125,0.3438246992137414,0.3660906250240879,0.3854202459735784,0.3161562257000317,0.3274137876411937,0.3658168100365789,0.2560086038940225,0.3503978614540058,0.3462263486025031,0.2904423020906609,0.3554815615246017,0.3368931311989332,0.3482292840350859,0.3361352337648661,0.3541292463079966,0.3504834716122289,0.319807798445424,0.3170174866589768,0.3348017806206801,0.3650754391414929,0.3594678948057279,0.2553907232477546,0.2682985934454021,0.3500720634974451,0.3441763264953625,0.3139960809639369,0.3085403320067827,0.3728188530350907,0.3434181146393694,0.3372055983730478,0.2864950520950975,0.3393309763451696,0.381914486457177,0.3694265018380654,0.3518757245316191,0.3624313249267508,0.3316552668202129,0.3608028518463413,0.3344305426909837,0.2836452527778507,0.3201313015431122,0.348376616160184,0.3049896107683719,0.332128335534334,0.3440966772932323,0.352308923088143,0.359122307594296,0.3493640046676269,0.3639521473160447,0.3517538289620358,0.3033620050607423,0.2967034616105279,0.361843607148839,0.3309331250629003,0.2930235911968,0.3512745850371783,0.2880666570610612,0.3701930560267767,0.2904644650123664,0.3610151644312035,0.3498639078116652,0.3133825627032032,0.3387563859840585,0.357307633110482,0.3807546615166133,0.347577522746978,0.3637578725055809,0.3801716624897931,0.3561638283961907,0.3557981979214097
0.3285188844592313,0.2769894802157613,0.306844908255289,0.2982425649624511,0.3577449503405077,0.3362508187780229,0.3207136366645507,0.2599354530200867,0.3051201949559896,0.3961636575548574,0.2910000179084143,0.3155315852192676,0.267391974005272,0.3212297639903599,0.3240064544883891,0.3133671000746111,0.3378255307327684,0.3021002891186145,0.3307973134163448,0.3007619415348574,0.3334309462986272,0.3613018456018598,0.3576559804664792,0.3753748058302204,0.3606110143727684,0.3417373308871888,0.2756439757758628,0.3321531625541064,0.3402693492472494,0.3457954553423507,0.3662202569218519,0.382739761653777,0.3152550223813785,0.3318286306233692,0.3661501227505567,0.255196727105548,0.350494602236755,0.3493390702182811,0.2894436277547868,0.3552785641376508,0.3358292964407202,0.3485769471798453,0.3356137164527568,0.3545938927394558,0.3483636504951516,0.3188047110721473,0.3147414534992722,0.3373881767018012,0.3672445724668138,0.36040189916064,0.2552151192265679,0.2718344091808145,0.3497773202426472,0.3440056992154165,0.3130251244528295,0.3068507027990392,0.3704300161209398,0.3416820564901786,0.3361475187974075,0.2893591093241552,0.3401556410973384,0.3796410637689388,0.3695743505897674,0.3505280220798766,0.3538199656809651,0.3314023677826005,0.3612330785177818,0.3330831180651751,0.285107971427343,0.3173181004286857,0.3496048555889823,0.3051303626360216,0.3315597424252581,0.3432903999261197,0.3521206341765181,0.3596320998292786,0.3485907473415484,0.3642137639737975,0.3508568386349845,0.3031631208498563,0.3019887571849861,0.3607143206325149,0.3298651311386448,0.2948234544701468,0.3504175049652978,0.2870826691027486,0.3707120398465934,0.287627077109824,0.361032963773506,0.3491200897736123,0.31187168885737,0.338336233449401,0.3572513636712406,0.3808371086935607,0.3573975281798203,0.3635965489625373,0.3793690280957062,0.3552926459949477,0.3556994076477288
0.330909233535785,0.2747952186725867,0.3074574691147664,0.2923466182103918,0.3573360039086863,0.3361968767144812,0.3199922539379228,0.2637021092381458,0.3104202643399665,0.3961576898421174,0.291450014504497,0.3096991452331034,0.267667746354872,0.3211346517842157,0.3239060220129904,0.3161686616823635,0.336356928054035,0.2989736115293427,0.3311908750598711,0.3058193861515368,0.3359511077633199,0.3595557423694079,0.3578568865570356,0.3757020307270658,0.3600544812727412,0.3403153402805662,0.2758778176062547,0.3315420503564475,0.3387765095740223,0.3475323661093746,0.3662306668691574,0.3798950041633074,0.3142272128922841,0.3359130137336639,0.3664555155004494,0.2544824645767524,0.3505162838380041,0.3520958863000152,0.2888648033416924,0.3551523872889797,0.3347658752407628,0.3489310684906916,0.3350353436353331,0.3549081754927953,0.3463079170325708,0.3178271801707588,0.3124893572496526,0.3396560769608054,0.369310765044847,0.3613364561320865,0.2558937206196344,0.275579889791922,0.349589161754528,0.3437415684345894,0.3118587860352161,0.3050145943167163,0.3674452566819365,0.3400236258994285,0.3351187622010599,0.2927531630361618,0.34089895369714,0.3770266410030764,0.3695537702291706,0.3491375641818614,0.3451414576899939,0.3323122858614686,0.3617054075765845,0.3317684937273231,0.2874922404417932,0.3143887672320881,0.3506130560797377,0.3045801700109479,0.3309505350385429,0.3426197640367576,0.3519930624293535,0.3601417617749197,0.3478890452245861,0.3645348582254198,0.3499331643777334,0.3029971279638108,0.3074719019548987,0.3595738104642938,0.3288551400534604,0.2968583748068782,0.349362218139815,0.286106912511208,0.3709799967065858,0.2850675215473962,0.3611695024047786,0.3483503271916579,0.3103519649453248,0.3379601226528914,0.3568744586990481,0.3811857460911173,0.3653013138141222,0.3635049474726083,0.3779869026354419,0.3544243798618088,0.355193327599177
0.3327323436707342,0.2729066517755386,0.3079811791808035,0.2864172063595513,0.357025427748379,0.3360614995815159,0.3194669224186237,0.2688739200426298,0.3164756409140247,0.3960399025834272,0.2918768925089388,0.302061822844809,0.2698219229746906,0.321054945529522,0.323725270393991,0.3176840959345713,0.3347678439947764,0.2959960453760116,0.3315974123842605,0.3106957525422203,0.3389195187505549,0.3579141032053956,0.3579504828007958,0.3759940257913671,0.3594682600153532,0.338948338062491,0.2771064760156382,0.3309067453729707,0.3375630666858878,0.3490993953986672,0.3661179925097461,0.3770012082256045,0.3131063735359638,0.3396976307463731,0.3667570676974874,0.2539548826436411,0.3504617480549991,0.3545518999024492,0.2887852848425594,0.3550944138326221,0.3337083313164332,0.3492750195429576,0.3343957591396577,0.3550919388884825,0.3443369977252729,0.3168658158026443,0.3102683267551084,0.3416237457111154,0.3712472752095844,0.3622149201182796,0.2572920324904127,0.2794274464989738,0.3495006138641102,0.3434041013975411,0.3105055153401079,0.3030473311279001,0.3639707641593717,0.3384517251806317,0.3341341256868501,0.2965758404054774,0.3415579764356256,0.374162831215906,0.3693754793283787,0.3476968141856404,0.3366778942359849,0.334482938587957,0.3621821739633111,0.3305103880515518,0.290774791765815,0.3113553325598995,0.3513309456715853,0.3033544560638252,0.3302905054102989,0.3420811975977584,0.3519320030479955,0.3605948250158078,0.347212732476902,0.3648659274766628,0.3489591560296087,0.3028747803100021,0.3129843269093293,0.3584477068681294,0.3278926310308759,0.2990651563612805,0.3481436348508003,0.2851516755286725,0.3709964183016361,0.2829104846304344,0.3614328995294753,0.3475227252200732,0.3088218301193254,0.3376709543471096,0.3560697067889138,0.3817594525136824,0.3711953351065713,0.3634684365629876,0.3760443150766587,0.35351314187456,0.3541955206999719
0.3339556514566443,0.2714658329118112,0.3083947002502163,0.2804962855180543,0.3568205175758933,0.3357486420507417,0.3190745243110628,0.2753448758706247,0.3230766185526195,0.3957352091192282,0.2923271265684091,0.2928577208684317,0.27360666882097,0.3209932804962374,0.3234417771531938,0.3179053955596292,0.3331114859229521,0.293235621763863,0.3320069661568401,0.3153985547208692,0.3420206491082887,0.3564269894379147,0.3579151615106506,0.376217141304671,0.3588278390616586,0.3376219481579096,0.2792929624456466,0.3303536051095447,0.3366672910811003,0.3505489506568247,0.3658829726116701,0.3741660362510733,0.3119328917578309,0.3432266808039209,0.3670818923016516,0.2537482382639636,0.3503428985622417,0.3567491642210585,0.2892722955901415,0.3550926329103701,0.3326542592306727,0.3495915304766392,0.3336962401736599,0.3551712306618392,0.3424636218454802,0.3159025214691258,0.3080895738292406,0.3433229124898368,0.3730215946917075,0.3629760603423314,0.2592280553545967,0.283258569092292,0.3495064719802426,0.3430154101661635,0.3089932863096292,0.3009810770831079,0.3601371148352785,0.3369732394864209,0.3332074623024481,0.3007163757271132,0.3421217182069845,0.3711575153068027,0.3690613845965679,0.3462033218032144,0.3286593809906144,0.3379268572975246,0.3626183417252288,0.3293284368969175,0.2948869626372815,0.3082199807911833,0.3516957382321447,0.301506351898635,0.3295701589727418,0.3416672550064237,0.3519470425726297,0.3609306323420312,0.3465102704105545,0.3651494822414844,0.347922235866312,0.3028023780319777,0.3183779306813805,0.3573593336213544,0.3269576175397372,0.301404275193787,0.3468037553070995,0.2842461873286435,0.3707714094717945,0.2812942743505881,0.3618332417869157,0.346616584231042,0.3072735821512568,0.3374959186569481,0.3547880905596344,0.3825063326915177,0.3751381120705403,0.3634803112993301,0.3735792019360803,0.3525207969584851,0.3526419064882434
0.3345768391143198,0.2706182292811504,0.3086712671802307,0.2746176094446056,0.3567239315028295,0.3351473800053983,0.3187470195835205,0.2829188537995673,0.3299946588897612,0.3951733828231329,0.2928381714256282,0.2826100507065099,0.2786830338555018,0.3209602052532568,0.3230354707641909,0.3169197266647443,0.3314417253845953,0.2907593469692536,0.3324176711648494,0.3199388840121148,0.3449478546261716,0.3551423643395449,0.3577347500278213,0.3763429823647974,0.3581073187141849,0.3363174688959001,0.2823647718713859,0.3299767835481936,0.3361041038214993,0.3519108560719554,0.3655276987844568,0.3714778167788455,0.3107429212847443,0.346552645091268,0.3674602908671835,0.2540380511009079,0.3501786678812028,0.3587100176723315,0.2903721239616558,0.3551465785040383,0.3315977593900681,0.3498563799596095,0.3329418023569634,0.3551697175740987,0.3406955762983139,0.3149166984239956,0.3059630514275678,0.3447967637747067,0.3746004251972753,0.3635568458095353,0.261479799041658,0.2868969784239901,0.3496061322499159,0.342596690618354,0.3073671057009372,0.2988718405844521,0.3560947440452914,0.3355916449836047,0.3323443219127374,0.3050648556652481,0.3425770697886123,0.3681213217610943,0.3686397436084025,0.3446523538306051,0.3212518668501115,0.3425677432170786,0.3629712351016511,0.3282319508425185,0.2997086896602611,0.3049888570026301,0.3516538976430354,0.2991218390429231,0.328786627650914,0.3413601614371453,0.3520516285264618,0.3610944007944628,0.3457321431425705,0.3653290492672771,0.3468166063025648,0.3027773344522422,0.3235341906495057,0.3563292319962686,0.3260234346934941,0.3038566713891097,0.3453878919848975,0.2834314951903313,0.3703271634369845,0.2803646268504305,0.362381246466802,0.3456298156775169,0.305693455995685,0.3374486316770425,0.3530322628348528,0.3833691829718038,0.3773148362711576,0.3635475096886448,0.3706439614081139,0.3514282780306616,0.3505016011086543
0.3346224974310027,0.270492682701265,0.3087781491964544,0.2688093119046916,0.3567278472682268,0.3341439969335208,0.3184259689740638,0.2913319469330286,0.3369993393150237,0.3943055707239167,0.2934339194887219,0.271949727189491,0.2846538909062258,0.3209723048799369,0.3224942654197648,0.3149009792195569,0.3298082273125111,0.2886283624959396,0.3328316278222831,0.3243209087813086,0.3474431089951387,0.3540963481785045,0.3574055667022858,0.3763435768462265,0.357278204175806,0.3350243443915361,0.2862053996752112,0.3298506607534784,0.3358718788018749,0.3531940668701376,0.3650542721859774,0.3689934145556537,0.3095698555697875,0.3497220708730709,0.3679228428753544,0.2550292745445895,0.3499972358996824,0.3604443656810254,0.2920963261298489,0.3552642560081623,0.3305357452483805,0.3500437732140044,0.3321400967751624,0.3551049562010094,0.3390394947705435,0.3138922368694392,0.303894386906887,0.3460910360362261,0.3759547637394709,0.3638964103158475,0.26381113931771,0.2902111984221445,0.3497969817017757,0.3421674417874811,0.3056983630781461,0.2967973565822056,0.3520070895440173,0.3343109869796817,0.3315360983999683,0.3095134376130736,0.3429093089536146,0.3651589692956102,0.368153908687499,0.3430384649613481,0.3145481370561985,0.3482408508306138,0.3632104645947873,0.3272181504454553,0.3050756481162034,0.3016836697275494,0.3511680842470687,0.2963121735663574,0.3279493119550687,0.3411416847104335,0.3522541618003422,0.3610453849868098,0.344837363900708,0.3653558958833982,0.3456393384957212,0.30279092223632,0.3283680833131012,0.3553794961901266,0.3250665852425962,0.3064103379569519,0.3439436108321246,0.2827554521036258,0.3697027692904621,0.2802592830703572,0.3630751646261008,0.3445758955778292,0.3040661809790158,0.3375264627195635,0.3508433728620378,0.3842961565223743,0.3780071056826922,0.363685387577515,0.3673026042770383,0.3502317143038117,0.3477921240834281
0.3341479637451924,0.2711868534603725,0.3086883578765255,0.2631081963572155,0.3568147158250588,0.3326329186934652,0.3180704578946551,0.3002759442477251,0.3438760204476724,0.3931202889614161,0.2941267100589504,0.2612967984979925,0.2911006215299008,0.321032762022792,0.3218183264000603,0.3120929839834919,0.3282475411680582,0.2869010298122689,0.3332482000539135,0.3285372880729612,0.3493185004465865,0.3533098134122718,0.3569348330459982,0.3761940651954239,0.3563146249336801,0.3337417150222277,0.2906468961916053,0.3300292922056855,0.3359564075190537,0.3543933492857187,0.364469162941354,0.3667351005854277,0.3084477389872327,0.3527614342106178,0.3684906619175531,0.2569294768221122,0.3498347190385803,0.3619596357431273,0.2944176051629678,0.3554477995826132,0.3294647287530431,0.3501392457778942,0.3312996075692688,0.3549926023589785,0.3374981267529114,0.3128149874854607,0.3018875838369315,0.3472413904579606,0.3770592482978787,0.3639429656225995,0.2660052877246368,0.2931576216490815,0.3500681827251866,0.3417436961809228,0.3040862965424354,0.294850276232569,0.3480346824570914,0.3331401014885664,0.3307657037115839,0.3139601891628814,0.3431066821599843,0.362363403048456,0.3676574355767726,0.3413645117520765,0.3085713280408128,0.3547042743211916,0.3633166482608818,0.3262734773072639,0.3108005158863692,0.2983403694847978,0.3502262305849101,0.2931990920493969,0.3270732986039372,0.3410035570228889,0.3525494050089562,0.3607569784557241,0.3437971630655621,0.3651889593385984,0.344394945056214,0.3028299428344315,0.3328286417464666,0.3545351912987249,0.3240716143631021,0.3090474130921192,0.3425156462230355,0.2822800715270222,0.3689506648403534,0.2810879751029136,0.3638916106186559,0.3434738839204072,0.3023784073000844,0.3377027867287631,0.3482836842413777,0.3852412189705577,0.3775466883389141,0.3639089110849167,0.3636323842639054,0.3489336745676485,0.3445715258993458
0.3332273581169057,0.2727610043190453,0.3083866862781378,0.2575723184618979,0.3569606474194566,0.3305246529766721,0.3176505112653385,0.3094152707054952,0.3504374189398599,0.3916350289715996,0.2949119306606175,0.2509607930619985,0.2976358953465831,0.3211250420494037,0.321016664617569,0.3087839588017157,0.326790081451863,0.2856286855922025,0.3336646555457205,0.3325733188045779,0.3504622536115417,0.3527900874933211,0.3563319937932211,0.3758848788711317,0.3552015657091906,0.332468376876452,0.2954735521345811,0.3305421839536259,0.3363205667347796,0.3554919222683543,0.3637858454632791,0.3646959982269875,0.3074017249840265,0.3556760627074334,0.3691672449424537,0.2599146717824945,0.3497221761396913,0.3632608370080174,0.2972752238939649,0.3556923810856142,0.3283762332148671,0.3501414826397562,0.3304257064173868,0.3548465114266511,0.3360623000288715,0.3116681298809239,0.2999472251951233,0.3482674054212986,0.3778884065640565,0.363662575558973,0.2678859911701093,0.2957030532090778,0.3504031994897671,0.3413344397292485,0.3026426585555843,0.2931350525639686,0.3443173294755457,0.3320868785805698,0.3300152966657003,0.3183199992532725,0.343168001464143,0.3598060762682896,0.3671919835589043,0.3396415571409754,0.3032911722181607,0.3616638949012074,0.3632743383600081,0.3253738431423345,0.3166877101585962,0.2950038258551616,0.3488447427947579,0.2898989354509504,0.3261699264150575,0.340939863618024,0.3529175212588806,0.3602184215264771,0.3425954958295434,0.364795416090949,0.3430995648352676,0.3028713516031191,0.3368968341809155,0.3538202273387379,0.3230277286868478,0.3117404383174328,0.3411381002223991,0.2820891115453771,0.368125496661574,0.28291792752876,0.3647902231731738,0.3423435404309473,0.3006195414968948,0.3379308229322025,0.3454122467709173,0.386155094214993,0.3762593710363064,0.3642290224681416,0.3597214488937942,0.3475452245700525,0.3409190105861587
0.331942724090367,0.2752331444392041,0.3078631975654789,0.2522829535797595,0.3571349855070784,0.3277566180454068,0.3171396097397561,0.3184132072535739,0.3565313271752506,0.389878559965698,0.2957596799978016,0.2414837134927562,0.3039509321488446,0.3212266738273274,0.3201020777761086,0.3052796581958772,0.325470485981008,0.2848439710188152,0.3340807588015534,0.3364099934645714,0.3508435352896542,0.3525297062053509,0.3556073363593193,0.3754249026719267,0.3539343138275114,0.3312013631195736,0.3004248542754256,0.3313872602976783,0.3369010629372502,0.3564639248905246,0.3630230113049342,0.3628466536398673,0.3064348232505711,0.3584595567233047,0.3699382325756151,0.2641017385150575,0.3496748248524114,0.3643483382436822,0.3005772046732682,0.3559965443387775,0.3272614109734476,0.350051230993792,0.3295189222192292,0.3546730732874305,0.3347096669392988,0.3104363018351974,0.2980762118988103,0.3491754655176759,0.3784160307385053,0.363043895441228,0.2693250090448541,0.2977709426666751,0.3507883937151364,0.3409421577426764,0.301477652998561,0.291765836977699,0.3409680790838902,0.3311493138891542,0.3292653374035036,0.3225312098655608,0.3431038308974328,0.3575277939555995,0.3667787485766038,0.3378771983336188,0.2986429149992927,0.3688028630117066,0.3630719720883376,0.3244851090179573,0.3225397171467111,0.2917310415875515,0.3470660010864776,0.286513107551108,0.3252504053736889,0.3409362310989304,0.3533277942927095,0.3594428893647094,0.3412303377515128,0.3641584104976381,0.3417747968893159,0.3028784022183138,0.3405816706309328,0.3532538770688029,0.3219264333255527,0.3144508161651708,0.3398319663844187,0.2822788939164753,0.3672791764514734,0.2857682588894902,0.3657209012530235,0.3412072000783226,0.2987825921502137,0.3381559033667783,0.3422582730329741,0.3869874740262014,0.374422357081352,0.3646511091470514,0.3556592941304231,0.3460928736591876,0.3369289715809828
0.3303875079612407,0.2785705841062335,0.3071087254411222,0.2473431634427692,0.3572989905049646,0.324304981596291,0.3165182519865066,0.3269714447462565,0.3620494219652752,0.3878903475173063,0.2966184225039111,0.2334817964736749,0.3098306044383297,0.3213180879651309,0.3190931081209852,0.3018806644238134,0.3243201881245833,0.284558881438484,0.3344977631037207,0.3400204971104453,0.3505136844256444,0.3525000918802418,0.354779475036368,0.3748311909351158,0.3525121677191166,0.3299461147399551,0.3051917491254585,0.3325309348900175,0.3376254279759135,0.3572827477783066,0.3622045498182166,0.3611402138766582,0.3055301507194529,0.3610988098255009,0.3707734146215741,0.2695302156901721,0.3496955619215796,0.3652245368450845,0.3041996776821285,0.3563606101567946,0.3261171640794457,0.3498663762376774,0.3285787700479915,0.3544720515632372,0.3334141946600432,0.3091122402039655,0.2962732018202201,0.3499630203224246,0.3786192749804842,0.362096505103854,0.2702493090796838,0.2992834772243893,0.3512157373331937,0.3405677418286283,0.3006981855907527,0.2908581745608569,0.3380766650587952,0.3303173034025893,0.3284922741878223,0.3265512072067884,0.3429315234951991,0.355538840790486,0.3664299154031044,0.3360706824705846,0.2945435570058412,0.3758093206629112,0.3627088158002611,0.3235667706770365,0.3281734650960158,0.2885969193555731,0.3449547830450347,0.2831212402280388,0.3243346991369775,0.3409765991338501,0.3537423770624405,0.3584679695204102,0.3397177892675792,0.3632830914676416,0.3404374277355942,0.302805907063107,0.3439133787936106,0.3528506319210128,0.3207649748574026,0.3171218247723138,0.3386070085388953,0.2829409217273314,0.3664632280079124,0.2896058993246202,0.3666220239302966,0.3400892420075926,0.2968663398181634,0.3383196438581313,0.3388028043507926,0.3877031851415844,0.3722439890342859,0.3651694531245558,0.3515299723840944,0.3446150487721475,0.3327097100950189
0.328672132548835,0.2826836524327097,0.3061212073173235,0.2428786231235076,0.3574099221837759,0.3201882913992995,0.3157804484542651,0.3348591635924585,0.3669306017668056,0.3857290021272921,0.2974256251046359,0.2271071775741847,0.315147222785213,0.3213763185090464,0.3180183689297376,0.2988632500238637,0.323353566318295,0.284773126706491,0.3349134749894858,0.3433698711672303,0.3495923412995095,0.3526486710467928,0.3538767578584012,0.3741219391779843,0.3509404412599159,0.3287187549125356,0.3094238673042145,0.3339175902580604,0.3384275577392587,0.3579303321554334,0.3613620055059904,0.3595192285525423,0.3046639773607615,0.363569436334623,0.3716255498025825,0.2761488347383307,0.3497807285025877,0.3659013682199396,0.3079956557618086,0.3567725517704234,0.3249439190617587,0.3495904537490945,0.3276076320965437,0.354245182998402,0.3321527351318589,0.307694717746617,0.2945339921702258,0.3506189628190121,0.3784839931706931,0.3608487412619059,0.2706505719702437,0.3002148544102813,0.3516737558733137,0.34021103066622,0.3004042260383289,0.2905167472005976,0.3357077514573834,0.3295802731997131,0.3276744941612825,0.3303508448190008,0.3426728008767237,0.3538246821293186,0.3661501415320831,0.3342228891293327,0.2909077144295067,0.3824037468391849,0.3621978471248877,0.3225779000597387,0.3334452267438745,0.2856888479908018,0.3425943831680358,0.2797727933555793,0.3234472364797243,0.3410549879505465,0.3541191020806244,0.3573415674835009,0.3380934011763686,0.3621906143731327,0.3390971514213356,0.3026076435541043,0.3469317968337245,0.3526193481249633,0.3195490354530674,0.3196751786242829,0.3374598110304846,0.2841556724169212,0.3657245582771775,0.2943386031222287,0.3674184822755976,0.3390098868448173,0.294879233463979,0.3383581882798132,0.3349740494193253,0.3882879354289701,0.3698540701394341,0.3657615416731792,0.3474149626013638,0.3431513098347094,0.3283653550010145
0.3269110806996004,0.2874317559526683,0.3049135928517286,0.2390351371754592,0.3574293583363221,0.3154623419046196,0.3149307433858774,0.3419176966779928,0.3711521002963989,0.3834659948695382,0.2981093749489313,0.2221629594030059,0.3198553102697823,0.3213720607933359,0.316912380684118,0.2964619403595107,0.3225724181183949,0.2854744167878956,0.335321295297805,0.3464240411025275,0.3482417469481926,0.3529064631204576,0.3529274667997624,0.3733189640363881,0.3492386711902061,0.3275354854930027,0.3127563871055543,0.3354809657352878,0.3392452332769826,0.3584001725760077,0.3605330380012491,0.3579258039076576,0.3038090091255939,0.3658337718805006,0.3724304359706751,0.2838107587345571,0.349913914902296,0.3663974403292017,0.3118134192715699,0.3572052483904147,0.3237423565465541,0.3492380438779998,0.3266081989849793,0.3539996190436665,0.3309001585885322,0.3061835689634426,0.2928549136791783,0.3511241174493497,0.3780065189792628,0.3593495453032114,0.270584974445013,0.3005988693566893,0.3521387473809803,0.339866128014592,0.3006736789389329,0.2908262197397904,0.3338935597504874,0.3289250520462435,0.326799212259734,0.3339156919395704,0.3423542842794139,0.3523480039678443,0.3659213500528209,0.3323445703983966,0.2876622892226499,0.3883610432554266,0.3615605552616013,0.3214842716956931,0.3382603631533455,0.2830929938255935,0.3400812938316681,0.2764841599845676,0.322604333239781,0.341169411381044,0.3544135296599701,0.3561103463455216,0.3364058978504013,0.3609087670414294,0.3377611952016925,0.3022380685194928,0.3496740774650289,0.3525613227288074,0.3182895773503457,0.3220221206006246,0.3363694953415107,0.2859933020355744,0.3650933894952077,0.2998149833666327,0.368033051778472,0.3379800694766342,0.2928459295786441,0.3382087011115729,0.3306545038573341,0.3887344606598115,0.3673000367859235,0.3663896467693489,0.3433977283622874,0.3417381769929045,0.3239726338846575
0.3252043769883456,0.2926423310174947,0.3035155077321763,0.2359685607659153,0.3573296138734901,0.3102145048838668,0.3139759740335137,0.3480583882774409,0.3747175486637589,0.3811687426907813,0.2985846266723173,0.2190204055460732,0.3239793050378171,0.321279911198658,0.3158051035812242,0.2948529920234631,0.3219816150279026,0.2866293259372643,0.335712155955961,0.3491574039696172,0.3466420220781319,0.3531997342387121,0.3519523074030092,0.3724471491494872,0.3474388125826831,0.326407115268336,0.3148387522228119,0.337150785728254,0.3400168371027987,0.3586964903681734,0.3597561914705007,0.3563132116136214,0.3029282751326743,0.3678513974146663,0.3731120351642982,0.2922859304972365,0.3500579907857278,0.3667332498469912,0.3155122166519185,0.3576297141580545,0.3225173370611792,0.3488265511276233,0.3255782985501735,0.3537429500446184,0.3296265499721976,0.304584958880066,0.2912337310762579,0.3514576823381851,0.3771908505211367,0.3576693223133156,0.2701577788733901,0.3005355891730731,0.3525805735081325,0.3395217617100262,0.3015490336530937,0.2918445410620912,0.3326357300494085,0.3283268999911297,0.3258605385995646,0.3372456533834898,0.3420044212133925,0.3510506015844062,0.3657010284632963,0.3304502106452506,0.2847545817401584,0.3935167575158453,0.3608205107199587,0.3202667117893272,0.342563904377867,0.2808867992564276,0.3375186493784647,0.2732469063158484,0.321812386545401,0.3413069627327611,0.354581547481671,0.3548223426449562,0.3347082991150823,0.3594735005391731,0.3364353043179177,0.3016541072713549,0.3521688823316714,0.3526712367965012,0.3169983731619372,0.3240807837696646,0.3353006072126103,0.2885025895234456,0.3645794306874014,0.3058419727540459,0.3684041368798579,0.3370015310714871,0.2908141164395684,0.3378219505233435,0.3256967620059249,0.3890320315525962,0.3645585277818451,0.3670068751699168,0.3395602004585138,0.3404095488976119,0.3195773788355371
0.323639422303669,0.2981310586430569,0.3019731957494399,0.2338311245877549,0.3570956913100279,0.3045599333962063,0.3129241674470552,0.3532672073846971,0.377653121666666,0.3788937974937977,0.2987590253322006,0.2190473086923825,0.3275794122050257,0.3210870358938463,0.3147174662974848,0.2941402290001212,0.3215892172297808,0.2881844021489393,0.3360737478574541,0.3515508255589588,0.3449705318176629,0.353454387851448,0.3509676370353388,0.3715262471999876,0.3455732606135073,0.3253453724251413,0.3153557133524582,0.3388549878584861,0.340691838511396,0.3588351138333046,0.3590689117505686,0.3546543573237615,0.3019791237839395,0.3695930622899007,0.3735879763679606,0.3012862554083874,0.3501620315192124,0.3669353563447008,0.3189714850778707,0.3580211486232869,0.321280270856822,0.3483675848491696,0.3245113708113328,0.3534803612143983,0.3283082530796201,0.3029232276421929,0.2896671244680964,0.3516072963594157,0.3760474525279043,0.3558933782799139,0.2695018716811191,0.3002238572440313,0.3529749831563858,0.3391681002410783,0.3030362123778076,0.2935943905550254,0.3319181308909893,0.327750514678511,0.3248558127491195,0.3403450833232008,0.3416488599815195,0.3498646718368017,0.3654415261652907,0.328549364023724,0.2821530662742678,0.3977592829853708,0.3600010732660065,0.318925949614399,0.3463339940350662,0.2791396177353457,0.3350082323462816,0.2700380142329005,0.3210752710034551,0.3414446688629149,0.3545847626738822,0.353527946713986,0.3330533163018656,0.3579345579154915,0.3351190528945037,0.3008247240163092,0.3544358434880588,0.3529388770202462,0.315687589579426,0.3257852467651832,0.3342128755337084,0.2916916872427044,0.3641810386495513,0.3122106373565449,0.368491975267396,0.3360684437433853,0.2888560693727677,0.3371674161350571,0.3199471772303969,0.3891737635395085,0.3615630944811576,0.3675595613488969,0.3359745814349535,0.3391902063989972,0.3152026857769301
0.3223023443895321,0.3037144091096673,0.3003521986381455,0.2327584301344666,0.3567247960079047,0.2986358323603036,0.3117903466959518,0.357600744411284,0.3800058247519498,0.3766899857538748,0.2985453893939665,0.2237694758749814,0.3307120266479231,0.3207895263548448,0.3136643287460541,0.294348687581048,0.3213929723344679,0.2900801890382458,0.3363894383520495,0.3535901383790069,0.3433828752583386,0.3535950469535937,0.3499900627559898,0.3705651325124579,0.3436703186219785,0.324365413473586,0.3140559907967279,0.3405235079264219,0.3412394568555863,0.3588441653031804,0.3585082161984567,0.3529423464196024,0.3009287554526241,0.3710432009053455,0.3737725742266442,0.3104915167887413,0.3501763992124683,0.3670395189933481,0.322099496877939,0.358349275104996,0.3200419160421409,0.347870186730372,0.3234016612196782,0.3532180865172035,0.3269391385400844,0.301243780563283,0.2881490726258703,0.3515747940641368,0.3745999651634787,0.3541101361113335,0.2687585412468297,0.2999751657506028,0.3533029681030215,0.3387989858195986,0.3051065136839824,0.2960560758668266,0.3317140574010676,0.3271612545350347,0.3237898555028473,0.3432130791126566,0.3413115625712494,0.3487286057436887,0.36510065285238,0.3266491042047318,0.2798451365583969,0.4010201364931298,0.3591255346266913,0.3174787065867407,0.3495855273068395,0.2779103970110885,0.3326418829580682,0.2668228364257919,0.3203938590724209,0.3415633411405521,0.3543968885113678,0.3522665322861761,0.3314908338465265,0.3563483295065753,0.3338040017930067,0.2997429405750306,0.3564829757073268,0.3533461858159969,0.3143709597660954,0.3270897874577994,0.3330682501550582,0.2955223347602811,0.3638924056944815,0.3187123320567223,0.3682731001516667,0.3351674011810324,0.2870644068214655,0.3362303492653024,0.3132776253690236,0.3891642716092435,0.3582337163536601,0.3679879217385428,0.332699435307935,0.338086633167458,0.3108454239113364
0.3212690645994727,0.3092197414686378,0.2987403656435431,0.2328579063966286,0.3562256377379056,0.2925949737410536,0.3105981886235059,0.361161653014276,0.3818340558504635,0.3745969340341102,0.2978681482254012,0.2337875250631815,0.3334080038156389,0.3203862787032775,0.3126534718685935,0.2954299218082839,0.3213801495449904,0.2922568671554819,0.3366419261020143,0.3552734445141804,0.3420003073463935,0.3535515764030802,0.3490338066949233,0.3695615148033511,0.3417612407529296,0.3234775412270167,0.3107930793430121,0.34209809072303,0.3416428817153121,0.3587603633287794,0.3581069317363999,0.3511839097785862,0.2997612754361368,0.3721933432779639,0.3735821705375697,0.319575795113256,0.3500573518951755,0.3670815352394997,0.3248406654775623,0.3585746917000579,0.318806210366002,0.3473468129496737,0.3222460178523108,0.3529666069961105,0.3255256293128641,0.2996051056667285,0.2866749879796419,0.3513755746387765,0.3728936753848808,0.3524007029003435,0.2680593663959732,0.3001719195890641,0.353539808638872,0.3384077655426641,0.3076951350969658,0.2991684148512128,0.3319824380548188,0.3265303910288089,0.3226794140966857,0.3458454321622586,0.3410175372472726,0.3475935041801749,0.3646350263369119,0.3247602468193991,0.2778327103505286,0.4032626462549963,0.3582166477593489,0.3159510932151416,0.3523656988932944,0.2772398808258365,0.3304965300718954,0.2635576135845936,0.3197581708785678,0.3416516106512074,0.3540062639432541,0.3510554613405617,0.330062475322989,0.3547632261600101,0.3324788005471942,0.2984313989483924,0.3583034749717266,0.3538632369793928,0.3130612441154479,0.3279799609229299,0.3318333424407337,0.2999190922887609,0.3637013502338194,0.3251460943463561,0.3677394748410261,0.3342777002089497,0.2855480500528851,0.3350118627364398,0.3056220648103071,0.3890127618583855,0.3545000775121016,0.3682338723695098,0.3297797435289447,0.3370883187640085,0.3064683168565784
0.3205833651096332,0.3145011963480348,0.2972488118467122,0.2341996836354398,0.3556173472052692,0.2866021982479801,0.3093743383916597,0.3640709401501765,0.383196243543119,0.3726394929218219,0.2966674844668668,0.2486721556148076,0.3356628313253849,0.3198808602617049,0.3116772293048374,0.2972734731867466,0.3215440609692998,0.2946452100839588,0.3368184571420277,0.3566164476999629,0.3409075624635937,0.3532741643644876,0.3481068199759286,0.3685008487605697,0.3398828162140751,0.3226817509066483,0.3055571444615376,0.3435420399834911,0.3418935877674762,0.358622791180612,0.3578862303580487,0.3493925466773547,0.298471330066503,0.3730408793951463,0.3729437605079532,0.3282416786703764,0.3497616138469507,0.3670883410954035,0.3271754326127819,0.3586639416136344,0.3175747080760385,0.3468103520832815,0.3210403878388782,0.3527405069429407,0.3240760436178757,0.2980737657334099,0.2852496117263997,0.3510373359960094,0.3709926403525971,0.3508322116203297,0.2675095694443233,0.3011877130655568,0.3536553551881617,0.337987465243186,0.3107053658341671,0.3028361892613474,0.3326683723972996,0.3258313872753505,0.3215471511457647,0.3482412148364367,0.3407876056346004,0.346421356900886,0.364002676819404,0.3228953007174751,0.2761229312634679,0.404460029850594,0.3572943608771591,0.3143795406036878,0.3547345454347878,0.2771474144637774,0.3286339915356145,0.2602006535898719,0.3191475514303211,0.3416967061187947,0.3534151401611984,0.349897426018523,0.3287956775735927,0.3532177442235893,0.3311347368891703,0.296944023911637,0.3598802954226037,0.3544510247417469,0.3117646197417248,0.3284848887319311,0.3304833770232106,0.3047738849248154,0.3635889801575144,0.3313337539965069,0.3669070015038804,0.3333742449442792,0.2844300181442432,0.3335355734559262,0.2970065436771172,0.3887240812097587,0.3503238302195882,0.3682540501635752,0.3272442643156116,0.3361759176848584,0.3020100734864389
0.3202538862587299,0.3194557222266195,0.2960094794083699,0.2368098549018634,0.3549259620386778,0.2808309800856295,0.3081435665363812,0.3664540899474225,0.3841471705621599,0.3708281683633851,0.2949117601445145,0.2674850361963443,0.337425822095831,0.3192864485391197,0.3107082804725675,0.2997167401240194,0.3218912514016339,0.2971628519024347,0.3369121871236464,0.3576460725230662,0.3401533024535813,0.3527415091114805,0.3472125436171502,0.3673571342597377,0.338068372022229,0.3219721517890883,0.2984869069778637,0.3448377188419942,0.3419958908748337,0.3584678987029478,0.357851992897536,0.3475846118601315,0.2970621686387257,0.3735959369876946,0.3717995781556716,0.3362550338884159,0.3492466057662986,0.3670835490370069,0.329115347809116,0.3586035304670215,0.3163506643584713,0.346268027982498,0.3197769696267377,0.352556967662652,0.3226028746844894,0.2967285425273285,0.2838907800594628,0.350600472629351,0.3689668486927707,0.3494539553180172,0.2671798806482587,0.3033111339307027,0.3536279722617447,0.3375361315320564,0.3140221004161176,0.3069384754163964,0.3337146586865004,0.3250410050648337,0.3204131343247548,0.3504012901528466,0.3406308395668561,0.3451886061597393,0.3631799052895432,0.3210626991692683,0.274715701463827,0.4045696934478534,0.3563716200443836,0.3128137579821481,0.3567488524473056,0.2776368222946643,0.3270990740225195,0.2567249825636937,0.3185386992502764,0.3416792652056388,0.3526406573517655,0.3487911406206305,0.32770149052428,0.3517492530726726,0.3297657435811288,0.2953703605285358,0.3611960871911253,0.355067773754063,0.3104778215025076,0.3286760184300835,0.3290075305972987,0.3099433618852322,0.3635375088952828,0.3371428515582341,0.3658192810643793,0.3324325127500417,0.283840325668187,0.3318532260460907,0.2875600026527421,0.3883001102987503,0.3457202553299,0.3680253831444257,0.3251001868372265,0.3353222798715606,0.2974070219130882
0.3202678343094081,0.3240263701449548,0.2951659068488771,0.2406640360871398,0.3541776659849487,0.2754572103734001,0.3069291573338848,0.3684308515189092,0.3847371169978043,0.3691632520522868,0.2926117134604918,0.288935614423063,0.3385993100592863,0.3186246196052886,0.3097070746714447,0.3025559897809718,0.3224298508926834,0.2997248898751971,0.3369217744221786,0.3583927155829974,0.3397464440645938,0.3519543530915471,0.346352378187371,0.366101981441867,0.3363396108756636,0.3213399222277027,0.289872522418566,0.3459731457760895,0.3419674529194999,0.358325882640994,0.3579956902398755,0.3457734183134238,0.2955539818978506,0.3738847438129596,0.3701059509885174,0.3434626525046114,0.3484790435527484,0.3670943977377257,0.3306996793773586,0.3583938722632891,0.3151319054708488,0.3457223028876192,0.3184448556471682,0.3524321121371561,0.3211307179157023,0.29566290610952,0.2826269205053823,0.3501141370189497,0.3668859216555077,0.348295341700476,0.2671084466989896,0.3067024490118844,0.35345076054668,0.3370564958083161,0.317523187310276,0.3113376035676308,0.3350685377022706,0.3241483352151771,0.319296065078934,0.3523228003510278,0.3405486614789475,0.3438964121226023,0.3621647597081878,0.3192667338088766,0.2735946256647592,0.403523421421727,0.3554508365189036,0.3113070213394583,0.3584604902183762,0.2787035890842472,0.3259128882749138,0.2531206768371407,0.3179075844154047,0.3415791934594664,0.3517158256107948,0.3477277875845632,0.3267738671248068,0.3503913452653173,0.3283660977753423,0.2938383015551949,0.3622367895357139,0.3556694405539406,0.3091909030393794,0.3286548466469003,0.3274107354001169,0.3152592193486524,0.363536266150365,0.3424966137185827,0.3645378835397624,0.3314330460286279,0.2839008811824244,0.3300420294487846,0.2775071031796623,0.3877423935980188,0.3407691783557797,0.3675403938897955,0.3233314828459011,0.3344884421009665,0.2926035547810965
0.3205915432810986,0.3281934529257356,0.2948583207941682,0.2456832829621582,0.353392074263,0.270656710387831,0.3057521629848529,0.3700975365090275,0.3850059000918054,0.367635076060541,0.289824896813759,0.3112896571294601,0.3390600336887632,0.3179180742744018,0.3086329343647086,0.3055649293208649,0.3231605835512556,0.3022519691568194,0.3368531886491147,0.3588922282265829,0.3396567439297182,0.3509275445612234,0.3455226731023451,0.3647134919045726,0.3347074432591075,0.3207692695672473,0.2801492916731586,0.3469351785122171,0.341828747326021,0.3582187691631567,0.3582943079799761,0.3439589619925705,0.2939855422340446,0.3739443486586424,0.3678349744189906,0.3497908072055098,0.3474391656544762,0.3671432864866858,0.3319893770156057,0.3580359126519468,0.3139036068522791,0.3451753335824302,0.3170307546132224,0.3523762444338636,0.3196908229007347,0.2949759215889859,0.2814960970487059,0.349625305753018,0.3648235915943523,0.3473640385674263,0.2673038525935717,0.3113788234155455,0.3531230285534755,0.3365508661716138,0.3210839752056071,0.3158902890614988,0.3366740346472862,0.3231579273840761,0.3182169674466265,0.3540015686567133,0.3405461298706976,0.3425733985765539,0.3609634101193245,0.3175094340453543,0.2727242973984369,0.4012354700592588,0.354525240701493,0.3098978336827816,0.3599165303369556,0.2803371591026111,0.3250701053420299,0.2493903495299978,0.3172256167700164,0.3413828208450479,0.3506844227072961,0.3466855573903712,0.3259885313527182,0.3491580928375494,0.3269316141155507,0.2925060877879104,0.3629892659984587,0.3562071028185187,0.3078912395462236,0.3285435858703855,0.3257136968808689,0.3205548498903203,0.3635798774222539,0.3473630376267425,0.3631287098135665,0.3303622522527403,0.2847095866370634,0.3281944801450818,0.2671561696780447,0.3870488839291707,0.3356111879345828,0.3668041212237096,0.321902137069332,0.3336277371199627,0.2875541522558164
0.3211585905651832,0.3319664855429985,0.2952112702759362,0.2517384203291049,0.3525796773080116,0.2666103293327013,0.3046242042373429,0.3715149226747619,0.3849771880511782,0.3662240561282835,0.2866563830815877,0.3327487923479778,0.3386896343003335,0.3171843163782816,0.307449879224845,0.3085155173632109,0.3240832293688775,0.3046669053294932,0.3367217299696782,0.3591890874161379,0.3398292666366608,0.349692197317086,0.3447108602356007,0.3631746275472377,0.3331745297472964,0.3202373916304491,0.2698661674421604,0.3477157300381633,0.3415978034877017,0.3581623286745076,0.3587094812479446,0.3421202193713107,0.2924019593642211,0.3738172059217186,0.3649814958151765,0.355238436845032,0.3461158080933916,0.3672369600901558,0.3330518105748726,0.357532326967553,0.3126438240161751,0.3446292205201518,0.3155187569649254,0.3523944977829702,0.3183071466744335,0.2947572430770742,0.2805508446811203,0.349169443508839,0.3628560619015502,0.3466440089280467,0.2677447338005632,0.3171981021177451,0.3526454829253254,0.3360228059926785,0.3245856074994522,0.3204574059535633,0.3384649813336915,0.3220819123948883,0.3171921949132769,0.3554397826714087,0.3406318480336443,0.3412654804923052,0.3595877567890723,0.3157873566598925,0.2720508739751324,0.3976124705459547,0.3535840968333805,0.3086034941438943,0.3611514475245162,0.2825212049997553,0.3245464588952344,0.2455487635557953,0.3164631776016667,0.3410844798416346,0.3495927694601222,0.3456387849748517,0.3253059828843994,0.3480393395575884,0.3254634953789299,0.2915457395050403,0.3634455252089946,0.3566312723163156,0.3065626388151522,0.3284783759858251,0.3239540418067896,0.3256843737379766,0.363665809859211,0.3517411070901927,0.3616550058973396,0.3292092246036573,0.2863300200167674,0.3264082998851081,0.2568842099755461,0.3862146927763552,0.330437277264189,0.3658383726454622,0.3207584683182404,0.3326965007498088,0.2822341107796468
0.3218744458983499,0.3353803820140095,0.2963255059513827,0.2586615221032118,0.3517419592732755,0.2635049943476528,0.3035392935185385,0.3727143350639982,0.3846599916745037,0.3649058502458933,0.2832645394726069,0.3520964987916828,0.3373983712647247,0.3164353535145077,0.3061301341167144,0.3111918926544378,0.3252024773445532,0.3068952753261015,0.3365512716564355,0.3593302400299168,0.3402041853681441,0.3482981453970091,0.343898103045658,0.3614714455462832,0.3317345612226274,0.3197230447152357,0.2596322154414244,0.3483141854341063,0.3412960865490169,0.3581697514546723,0.3591902956642911,0.3402157591219491,0.2908442787170463,0.3735512775245814,0.3615657321336756,0.3598679813110756,0.3445019695036239,0.3673739387097542,0.3339443889914954,0.356899444581026,0.3113320785001774,0.3440840445486602,0.313893162201986,0.352492043755753,0.3169931255952954,0.295077511593836,0.2798604869405601,0.3487704971068209,0.3610458979177799,0.3460977677936271,0.2683839538856345,0.3238428101884196,0.3520278509402806,0.3354822380034159,0.3279299523807406,0.3249104063062402,0.3403722567287143,0.3209337657779479,0.3162232034860776,0.3566477208475448,0.3408066178412973,0.3400244985717007,0.3580668090642872,0.3140883414427745,0.2715037993735985,0.3925629085171305,0.3526157716844652,0.3074284645603181,0.3621815396767289,0.2852350368438091,0.324306987121137,0.2416263364246224,0.3156000525366441,0.3406845474288664,0.348486896541586,0.3445694687865006,0.324679684706906,0.3470148226852213,0.3239699574404724,0.2911285364659668,0.3636137306969673,0.3569005920422094,0.3051807575683574,0.3285948226430293,0.3221825690433297,0.3305231270944209,0.3637943416813464,0.3556569839962326,0.3601741346344371,0.3279642725758441,0.288784270391247,0.3247820051848968,0.2471051995790376,0.3852397960562752,0.3254773871197626,0.3646831147623215,0.3198290053965683,0.3316591475662692,0.2766531126930081
0.3226385420794075,0.3384861148545827,0.2982648525164205,0.2662556387124148,0.3508695100465989,0.2615193990334605,0.3024727053590863,0.3737090762051707,0.3840514664867436,0.3636559720911695,0.279861329581122,0.368816751441247,0.3351453390495542,0.3156816913689679,0.3046606761053025,0.3134024724560788,0.326520288041831,0.3088790375643908,0.3363720278527516,0.359357879382213,0.3407252878588018,0.3468044022353523,0.3430662231068575,0.3596040223511192,0.3303731489043099,0.3192115419631679,0.2500617224143549,0.3487260082044031,0.3409476005275152,0.358251802092756,0.3596784590909443,0.33818946628118,0.2893497078586975,0.3732000710439971,0.3576276165572118,0.3637840120613363,0.3425969837897764,0.3675595389309086,0.3347104447585307,0.3561692292736365,0.3099472954573214,0.3435384710370736,0.3121451443543397,0.352672648687942,0.3157573590288935,0.2959850600699319,0.2795038770220882,0.3484445204789613,0.3594291971783097,0.3456755048259146,0.2691621179053834,0.3308534152120999,0.3512931385616318,0.3349401563032292,0.3310481151628551,0.3291393901454925,0.3423336514045176,0.3197310404023429,0.3152985998895245,0.3576408902488742,0.3410611565453904,0.3389039201117331,0.356442931631637,0.3123957515954291,0.2710007375551314,0.3860199600902797,0.3516077610970038,0.3063674283774575,0.3630107362350629,0.2884542796850737,0.3243052223977529,0.2376689567555975,0.3146297190450594,0.3401862465184836,0.3474123611635215,0.3434644205002527,0.3240613214893919,0.3460644461524856,0.3224642724631131,0.2914148931654552,0.363520960221719,0.3569839050377014,0.3037130264312805,0.3290107403775291,0.3204511272308434,0.3349694363431564,0.3639647110162136,0.3591582190920245,0.358732287679776,0.3266236342436722,0.2920467905123431,0.3234107768872952,0.2382211332991845,0.3841303246100668,0.3209844222036446,0.3633880587405059,0.3190289087915478,0.3304884318127077,0.2708546982595502
0.323355910102614,0.3413338403928067,0.3010375779745229,0.2743017418823169,0.3499394317185902,0.2608033359838708,0.3013852507676228,0.3744962848778874,0.383135420347216,0.3624490203917471,0.276695284010642,0.3827228765449366,0.3319574405697137,0.3149340663513984,0.3030492890073508,0.3149991327376858,0.3280272741289848,0.3105882691509251,0.3362176547527676,0.3593123038868481,0.3413364962559855,0.345266354190785,0.3422012875910079,0.3575969344746146,0.3290708721792822,0.3186898722677011,0.241718981997291,0.3489352277288412,0.3405663203904948,0.3584146092454586,0.3601115549761509,0.3359781677912888,0.2879502249955763,0.3728182536665013,0.3532230709989955,0.3671028260049214,0.3404092328174986,0.3678048533838084,0.3353837934854285,0.3553765546422102,0.3084630941467187,0.3429907650841383,0.3102779329331719,0.352929650778615,0.3146014268701239,0.2975012978495824,0.2795594491544639,0.3481976157523124,0.3580212947287588,0.3453244173261324,0.2700198316441111,0.3377168358944213,0.3504695950222668,0.3343984175026134,0.3338966200934392,0.3330635587491293,0.3442906851550752,0.3184971605293885,0.3144023098268588,0.3584417561025433,0.3413873811106316,0.337955203311126,0.3547525922475144,0.3106956983413326,0.2704566398170233,0.3779741951285937,0.3505488399824532,0.3053959246096693,0.3636400354374886,0.2921494946595989,0.3244816562118413,0.2337344412612007,0.3135561645726145,0.3395935454514165,0.3464069512554129,0.342309312848964,0.3234000037576064,0.345161251802937,0.3209613892044646,0.292540820360011,0.3632038160388518,0.3568575488317277,0.3021265476156138,0.3298207125842947,0.3188029801797262,0.338960087560229,0.364168881204094,0.3622955693290156,0.3573599127245093,0.3251941462611135,0.2960438907607768,0.322374294435912,0.2305815332620355,0.3828917549782529,0.3172127616762424,0.3620036181717941,0.3182730563849081,0.3291702323310628,0.2649079698517222
0.3239355896825528,0.3439615585077895,0.3045885623524326,0.2825717476362044,0.3489182842109097,0.2614660839223841,0.3002254603585859,0.3750578413670564,0.381884035381032,0.3612585072516774,0.2740281170562367,0.3937991286437972,0.3279353872450664,0.3142003735296929,0.3013247864614492,0.3158940617457695,0.3297058992824787,0.3120201280791978,0.3361198915363865,0.3592381770529805,0.3419808340558322,0.3437336904873109,0.3412925113467246,0.3554913229702211,0.327803095957349,0.318143572135989,0.2350526034878508,0.3489257902169168,0.34015271642849,0.3586614636458353,0.360426173141073,0.3335227647383635,0.2866632259528624,0.3724571219764281,0.3484276445744693,0.3699312040601976,0.337953619358677,0.3681150928405703,0.3359872849706241,0.3545475411363153,0.3068540057336504,0.3424378438076954,0.3083079266737137,0.3532440526938518,0.313512181960363,0.2996128823636972,0.2801005068342646,0.348021339849433,0.3568279884705749,0.344991524688055,0.2708979402962644,0.3439322033500993,0.3495842047611737,0.3338526876915054,0.3364519542721348,0.3366339789885766,0.3461794194182326,0.3172543078798508,0.3135105949740221,0.3590829643096626,0.3417832234967774,0.3372192781334528,0.3530235078242166,0.3089791393931015,0.2697929857677615,0.3684929972198554,0.349433081521829,0.3044673353521412,0.3640711180282884,0.2962845132126609,0.3247729284347862,0.2298924235973425,0.3123936900724183,0.338914046956524,0.3454902609879406,0.3410955554723963,0.3226449396088897,0.3442654592408041,0.3194745818692508,0.2945984568597246,0.3627011330407349,0.356508922785347,0.3003964433067922,0.3311002955796144,0.3172735398024491,0.3424803794301069,0.3643923447849201,0.3651059371677601,0.3560717912393136,0.3236891950611497,0.3006610087646268,0.3217219962836176,0.2244684975140886,0.3815305923560748,0.3143973219403538,0.3605794720631824,0.3174902841398037,0.3277091045968361,0.2589076809039383
0.3243000451242894,0.3463965546760063,0.3088101767938766,0.2908481529302581,0.3477705898630248,0.2635704052620065,0.2989295910129882,0.3753726317777064,0.3802686461630863,0.3600610224023968,0.2721197202364921,0.4023345056441543,0.3232440024117938,0.3134838612390091,0.2995336151805813,0.3160591662862378,0.3315367582829512,0.3131974317976431,0.3361020405246037,0.3591829404831064,0.342608854673091,0.3422523235678737,0.340331486919888,0.3533308473873506,0.3265397289797426,0.3175635461479532,0.2303376941270641,0.3486954684165746,0.3397060097382158,0.3589976326924937,0.3605647852959844,0.3307798058342114,0.2854869343560461,0.372163204899101,0.3433369777309056,0.3723591240088105,0.3352476548244424,0.3684899595693061,0.3365251048192149,0.3537010060478586,0.3051058629627536,0.3418756754119995,0.3062661749748892,0.3535936020849922,0.3124655827012939,0.3022683623196945,0.2811903367676807,0.3478956756686721,0.3558444606507213,0.3446260515261135,0.2717323042006787,0.3490144169946564,0.3486662698352034,0.3333036598183331,0.3387098022386149,0.339824359003868,0.3479312139249659,0.3160151092945829,0.3125831255774685,0.3596022392064248,0.3422425778040733,0.3367191338906963,0.3512891075550447,0.3072408130423029,0.2689430785222699,0.3577211035769781,0.3482597501719416,0.3035265740106007,0.3643069850511537,0.3008151154501209,0.3251238533223249,0.2262294999686063,0.3111709515653308,0.3381639676820486,0.3446637958242678,0.3398285587080901,0.3217564084570282,0.3433363562467805,0.3180133007029422,0.2976200861875602,0.3620558870591698,0.3559437970442528,0.2985072686635263,0.3329050110604771,0.3158899483270295,0.3455523188387556,0.3646193273621129,0.3676109905929867,0.3548687223712158,0.3221211054505895,0.3057523612237774,0.3214688876504281,0.2200894397298199,0.3800660128675764,0.3127365570387135,0.3591634059326429,0.3166293089403496,0.3261247229015525,0.2529763693096653
0.3244052071896184,0.3486591286377608,0.3135562912289195,0.2989385384886481,0.3464660225431731,0.2671186671543917,0.2974270005428525,0.3754311953117559,0.3782711289041718,0.358838682534264,0.2712132545628541,0.4088329518212465,0.3180995038642091,0.31278690226073,0.2977366489032323,0.3155159902221487,0.3334969974206851,0.3141780147010105,0.3361754124356339,0.359191077912441,0.3431874341982555,0.3408562973647474,0.3393142284468129,0.3511633486794443,0.3252528187080572,0.3169526013229555,0.227654707701795,0.3482529948167486,0.3392300873879861,0.3594302457419989,0.3604835524346515,0.327726215618963,0.2844067352028662,0.3719769731994907,0.3380563890203423,0.3744530802626883,0.3323121120011507,0.3689346170216738,0.3369834664560336,0.3528567163647784,0.3032171001473985,0.341301911021638,0.3042028768855744,0.3539567895931009,0.3114398088242358,0.3053847116380837,0.2828712627346315,0.3477995185549739,0.3550497863467338,0.3441896925192789,0.2724559726823604,0.3525098886782208,0.3477486068575477,0.332754685052098,0.3406817189303024,0.3426225433774165,0.3494816866711193,0.3147820617250732,0.3115686361225134,0.3600336065092305,0.342749052542625,0.3364588645555846,0.3495867351517394,0.3054810635847491,0.2678547231098156,0.3458801347736887,0.3470309453197283,0.3025234494071135,0.364354940972342,0.3056870772443787,0.325488664995005,0.2228552690839503,0.3099310385490919,0.3373659379623073,0.343919528477876,0.3385217671113343,0.3207138019402281,0.3423483850517096,0.316584113681017,0.301574362122308,0.3613161386983324,0.3551846094883848,0.2964522412482751,0.3352641300797371,0.3146595397783631,0.3482164967407028,0.3648300828793388,0.3698222676990984,0.353737840763498,0.3205022232371817,0.3111504328665731,0.3215993553165355,0.2175580871400421,0.3785307761627685,0.3123766703745349,0.3577929551813729,0.3156585038847251,0.3244443024246012,0.2472548023543778
0.3242444079508936,0.3507590896660696,0.3186468704517819,0.3066806615743423,0.3449832946121359,0.2720345064665776,0.2956523031870138,0.3752386115364661,0.3758891160218543,0.3575774872143247,0.2715070576238816,0.4136901537280769,0.3127553252589223,0.3121134473135982,0.2960039417031037,0.3143350507041057,0.3355571492648039,0.3150634006858525,0.3363386697442319,0.3593028607210196,0.3436987757923549,0.3395569481563917,0.3382434333464597,0.3490487522421343,0.3239263024821741,0.3163209810053644,0.2268955194688201,0.3476105251640736,0.3387230503133509,0.359963132220313,0.3601560469025037,0.3243604932757189,0.2833997170575709,0.3719304938829333,0.332689513401249,0.3762478215262216,0.3291749485182385,0.3694613203977953,0.3373437015647728,0.3520366903242662,0.3011961922867333,0.3407156780113009,0.3021898116371623,0.3543056092966678,0.3104187166801768,0.3088582049634629,0.2851562633136519,0.3477190572585872,0.3544135704881521,0.3436668266079376,0.2730072507019198,0.3540733129688064,0.3468583109324083,0.3321979690758749,0.3423864712822887,0.3450327817411968,0.3507749306972624,0.3135509136378934,0.3104230953008198,0.3604079439120924,0.3432851562380842,0.336424966532111,0.3479382008688195,0.3037095792198054,0.266494164991525,0.333269950944166,0.3457552236868417,0.3014118206422343,0.3642296582004519,0.3108342337912549,0.3258277545012762,0.219903978865934,0.3087268696074026,0.3365401593818069,0.3432408988723419,0.3371883425418794,0.3195120810398138,0.3412915610036454,0.3151930940036831,0.3063714934397273,0.3605290897479851,0.3542615569460866,0.2942391891008372,0.3381824893373951,0.3135609487304092,0.3505267125185289,0.3649930537885865,0.3717387405884167,0.3526548767501133,0.3188519760768745,0.3166796664144925,0.3220653329887587,0.2168810556427434,0.3769569485462953,0.3133967100120367,0.3564878908311749,0.3145683442483792,0.322701640032758,0.2418904938716967
0.3238349336343259,0.3526927234108141,0.3238760372319653,0.3139473998712052,0.3433150639097246,0.2781571170328722,0.293555569713847,0.3748100161928082,0.3731429571041371,0.3562674026549155,0.2731240498944229,0.4171325097779192,0.3074750912761668,0.3114636252758696,0.2944048341982433,0.3126389293984409,0.3376843768975398,0.3159919369981528,0.3365770027498308,0.3595551515842502,0.3441320401426692,0.3383462144163721,0.3371290290982999,0.3470504334107239,0.3225551802555884,0.3156773480758946,0.2277704220704463,0.3467909097543183,0.3381706028812644,0.3605952578111684,0.3595740129272979,0.3207105587367886,0.2824309152866608,0.3720474949014104,0.3273365576134358,0.3777524344436576,0.3258725885641698,0.3700805587275056,0.3375937174925161,0.3512565289410832,0.299066692776187,0.3401137133572379,0.3003161753378716,0.3546038510024173,0.3093851865574951,0.3125715563079168,0.2880313528755586,0.3476498879440376,0.353908350321779,0.3430615370711445,0.2733327638328223,0.3535249108590222,0.3460092528003411,0.3316133147178176,0.3438443191397195,0.3470780030053709,0.3517615871839943,0.3123111730754408,0.3091168524375935,0.3607595469465036,0.3438405137425514,0.3365867397932303,0.34634881901522,0.3019471298815127,0.2648502691203401,0.3202516815707796,0.3444534795347272,0.3001470406677001,0.3639529984393225,0.3161777138588058,0.326114239714653,0.2175279517797928,0.3076177983043066,0.3357012284555,0.3425955995598982,0.3358463522296529,0.318156376354804,0.34016186480864,0.3138438490301496,0.3118694460229798,0.3597364285857782,0.3532105646255741,0.2919006124492784,0.3416500627768455,0.3125528917909123,0.3525478447444659,0.365067769962447,0.373343860960955,0.3515906358075334,0.3171955738368991,0.3221737920831327,0.3227825456721648,0.2179761727913087,0.3753687818219451,0.3157993198404993,0.3552526641666302,0.3133763384761777,0.3209376412293268,0.2370401976891277
0.3232144333948095,0.3544505926360816,0.3290376285720668,0.3206547603415183,0.3414727047386443,0.2852529043668632,0.2911057587465369,0.3741702774397493,0.3700904397816221,0.3549046129564923,0.2760983048142449,0.4194364102588174,0.3024977663562954,0.3108279996540828,0.2929969998239959,0.3105877895505755,0.3398461702775994,0.3171213358763368,0.3368622808793907,0.3599787722157523,0.3444770150727753,0.3372086578667285,0.3359882666606089,0.3452179285386806,0.3211380470881093,0.3150268155208657,0.2298285765724045,0.3458392900842508,0.3375557353594354,0.3613238324765526,0.3587483746310352,0.3168423394683354,0.2814529351518877,0.3723458053522775,0.3220953092562686,0.3789739031744559,0.3224465284388648,0.3707976192080439,0.337728076314749,0.350517936425433,0.2968740839834601,0.3394893639807376,0.298681492458875,0.3548191011250206,0.3083233138938648,0.3163991144457462,0.29145935999703,0.3475972384683108,0.3535106827926076,0.3423882808827284,0.2733855374644123,0.3508278849321415,0.3452058543858438,0.3309817200610096,0.3450764501203348,0.3487892749442511,0.352399245077705,0.3110458252410545,0.3076266683848173,0.361123051809095,0.3444050684132438,0.3369005253956488,0.3448291196685526,0.3002254102969734,0.2629332722586432,0.3072102907937652,0.3431536485388315,0.2986956459658924,0.363552222616575,0.3216261962750709,0.3263446429591952,0.215884093673756,0.3066670510491047,0.3348640187425534,0.3419373034178551,0.3345252677090855,0.316665127239895,0.3389595214119671,0.3125306689657683,0.3178816983860047,0.3589752508112069,0.3520776703222844,0.2894974992276797,0.345645145457349,0.3115882259906178,0.3543412930283323,0.3650183060620467,0.3746149064981084,0.3505175277955048,0.3155542379724283,0.3274882423733568,0.3236416989452321,0.2207086872916809,0.3737910296973845,0.3195093910209363,0.3540819694995391,0.3121255547752579,0.3191929143341756,0.2328768396281976
0.322450254687125,0.3560300538134,0.3339550877700155,0.3267632546111578,0.33948421414139,0.293034124744468,0.2882945433968077,0.3733562180298727,0.3668385855031659,0.3534902600904955,0.2803770965116366,0.4209511117456589,0.2980146268693182,0.3101905753774161,0.2918189575656139,0.3083510079296578,0.3420089217777196,0.3186144921831621,0.3371575419925793,0.3605949428973188,0.3447232762107346,0.3361228539733868,0.3348452338543039,0.3435847653034392,0.3196782857473473,0.3143749555230996,0.2325200155311331,0.344818363844937,0.3368686426378693,0.362143184902904,0.3577089705658079,0.3128509151418148,0.2804145805722423,0.3728377299841121,0.3170538868870419,0.3799373626204181,0.3189397240650929,0.3716162243240207,0.3377449652392455,0.3498128723723714,0.2946833645537232,0.3388367467874354,0.2973903759267019,0.3549313571031066,0.3072319326682289,0.3202174916159425,0.2953754820818125,0.3475767270316633,0.3531945545751772,0.3416737382143032,0.2731291365151625,0.3460712376804821,0.3444488428880145,0.3302915484823568,0.3461019563745711,0.3501919555065872,0.3526562272991894,0.3097344704538726,0.3059353495230353,0.3615210776399986,0.3449605075666059,0.3373193576368139,0.3434018400678862,0.2985849332965548,0.2607671744863414,0.2945238727145268,0.3418765135495565,0.2970477532445981,0.3630581492787052,0.3270786543761619,0.3265376024930937,0.2151215286060366,0.3059366590548901,0.3340469719565318,0.3412204607478052,0.3332571201429579,0.3150733677314291,0.3376956204658121,0.311235816914128,0.3241931594080223,0.3582778747615684,0.3509151427181216,0.2871157899811796,0.3501282022717618,0.3106144050257437,0.3559484612800742,0.364819574176069,0.3755372409714308,0.3494126925096179,0.3139417298079851,0.3325053851419109,0.3245302019328018,0.2249096073169756,0.3722514847208474,0.3243776610757695,0.3529596813678216,0.310874605749758,0.3175000009623003,0.2295835030202961
0.3216340679330707,0.3574392090021794,0.3384946071270527,0.3322691880049266,0.337387023638567,0.3011790965066261,0.2851458662706811,0.3724137902528171,0.3635404608292617,0.3520279449167913,0.2858245287425563,0.421858042678389,0.2941604688353462,0.3095333922692362,0.2908858977469362,0.3060898173882126,0.3441381764726134,0.3206301406185216,0.3374245061819614,0.3614134971091853,0.3448606251781022,0.3350540884877828,0.3337267104068779,0.3421761024414907,0.318192631177138,0.3137291693873183,0.2352801977824291,0.3437944532389052,0.3361043355927208,0.3630382617897652,0.3565007877435966,0.308836605489578,0.2792667143290263,0.3735281620989166,0.3122798968779851,0.3806897779008325,0.3153977923871436,0.3725376363608713,0.3376503628213331,0.3491340649074677,0.2925734240309302,0.3381540983882578,0.2965466412199818,0.3549274739000743,0.3061293343123588,0.3239200563675372,0.2996857358580165,0.3476127798991611,0.3529332414726777,0.3409655723108898,0.2725516987780826,0.3395267616355614,0.3437335202827046,0.329532324810286,0.346932559920069,0.3513054426274598,0.3525126256409284,0.3083568565477327,0.3040479971000187,0.3619603866331988,0.3454850198843823,0.3378005392947545,0.3420848585282822,0.297068613783895,0.2583837077887105,0.2825524027892274,0.3406315208929421,0.2952179996758348,0.3625018557151434,0.3324322235063521,0.3267242990238551,0.2153743547170508,0.3054829831601595,0.3332671159872347,0.34041167728245,0.3320642168108224,0.3134245156796616,0.3363934160911206,0.3099364819590663,0.3305831062711477,0.3576689707605626,0.3497688609314625,0.2848640460359655,0.3550367926732226,0.3095688051366612,0.3573906825540162,0.3644522061069188,0.3761082060539106,0.3482599469236943,0.3123695061196026,0.3371398458746517,0.3253422630278323,0.2303750094277596,0.3707672710100294,0.3301875959670415,0.3518566236923699,0.3096868398279539,0.3158853801094421,0.227341434053405
0.3208562134118507,0.3586924780930866,0.3425647939337992,0.3371954266700287,0.3352253993411869,0.309357661851145,0.2817227052849962,0.3713915495334519,0.3603809672508327,0.350526479662252,0.2922278359409893,0.4220848144486442,0.291007101684983,0.3088321017339444,0.290188055044249,0.3039538711142746,0.3462039928223885,0.3233100414931896,0.3376302259081268,0.3624300048918172,0.3448777184807215,0.3339581270652686,0.3326548579240267,0.341004215846276,0.3167106691988023,0.3130954458892291,0.2375935822918518,0.3428336335365575,0.3352588011943748,0.3639836635004408,0.355178541483127,0.3048907949633712,0.2779596780439803,0.3744145989172008,0.3078178548720604,0.3812989498071383,0.3118731127548066,0.3735557302979678,0.3374644944274474,0.3484777555581445,0.290638827508594,0.3374430909154572,0.2962432428238115,0.3547967154022874,0.3050415062243277,0.3274251296616294,0.3042811806277044,0.3477333436707733,0.3527073838027666,0.3403261752201081,0.2716814266999888,0.3316827678340118,0.3430464568200508,0.3286946413599281,0.3475746084866003,0.3521520306512584,0.351958207981548,0.30689294005494,0.3020040191269411,0.3624419488967143,0.3459618547787234,0.3383068780883326,0.3408839823889295,0.2957136968082932,0.2558246311383297,0.271626113989527,0.3394261212912851,0.2932404604781939,0.3619102014555277,0.3375922417306362,0.3269467954426701,0.2167505368514019,0.3053553766172879,0.332536066943302,0.3394895843416234,0.3309613426767454,0.3117582376944883,0.3350803708818108,0.3086125415303996,0.3368446169706244,0.3571665816106156,0.3486729119392712,0.282874113271691,0.3602841301711377,0.3083876493461495,0.3586789716875089,0.3639013156637589,0.3763338714271921,0.3470522529383863,0.3108467346609272,0.3413444722426544,0.3259782079687582,0.236876418413324,0.3693349221607724,0.3366681084391595,0.3507366373166701,0.3086225726175366,0.3143720133930623,0.2263271790678289
0.32018853333189,0.3598086616468131,0.3461192033814542,0.3415853696680012,0.3330518614206733,0.317260650761877,0.278122143136116,0.370335813851614,0.3575621855275761,0.3490028896856256,0.2993169772226524,0.4214896452922617,0.2885626486319764,0.3080505806126931,0.2896930635172131,0.3020711644248594,0.3481820176309462,0.3267600294425589,0.3377516703441758,0.3636228961849661,0.3447611581880312,0.3327970545359219,0.3316432535312039,0.3400579555040721,0.3152632794110052,0.31247482916589,0.2390368506192598,0.3420031598047379,0.3343326800388179,0.3649518887199464,0.3538010171337513,0.3010985549755819,0.2764434177249571,0.375489037796121,0.3036944090574546,0.381858098427175,0.3084239455100606,0.3746574100861926,0.3372192058746778,0.3478370486789359,0.2889914976560621,0.3367080390244322,0.2965519069899745,0.3545385522152838,0.3039918296279437,0.3306751422243323,0.3090558622614324,0.3479632522140086,0.3525034304130806,0.3398101807868372,0.2705957805286773,0.3231583942099649,0.3423683820472631,0.3277799073482861,0.3480373084149791,0.3527575405966877,0.3509923507320119,0.3053232629956655,0.2998706496801978,0.3629689760748636,0.3463777575451605,0.3388073521100379,0.3398071067088938,0.2945488397499304,0.253147654440739,0.2620229278847288,0.3382687368825798,0.2911694120471347,0.3613033997552295,0.3424772442786255,0.3272617193483876,0.2193094064544923,0.3055927838587953,0.3318625153308069,0.3384445325190164,0.3299625789256228,0.3101087939245049,0.3337801523558798,0.3072445921648896,0.3427953457980925,0.356785669868757,0.3476542365009012,0.2812962618838206,0.3657548251598583,0.3070215488511493,0.3598153939751104,0.3631642588954423,0.3762318614889208,0.3457923177517772,0.3093727778326964,0.3451075342137883,0.3263556684868818,0.2441878182990434,0.3679376620341071,0.3435135268669578,0.3495660709070894,0.3077300417340078,0.312971842305285,0.2267108648766068
0.3196884309319132,0.3608138885820647,0.3491602453439018,0.3454921724293977,0.3309206037851315,0.3246258817482597,0.2744663211966368,0.3692877154520297,0.3552897608834519,0.3474771660223463,0.3067946528810193,0.4200047414630356,0.2867880155185606,0.3071488320934759,0.289351114484608,0.300530082203491,0.3500473321009051,0.3310316007668514,0.3377779180794038,0.3649563992722969,0.3444972607221269,0.331547148141579,0.3306988400818287,0.339308474318976,0.3138758302445258,0.3118619576575366,0.2393293615672122,0.3413624430889897,0.3333343377895028,0.3659194762603785,0.3524237731604649,0.2975356419226369,0.2746759751776997,0.3767378734840307,0.2999221014222398,0.382484399769417,0.3051053445207757,0.3758254001782993,0.3369469277474983,0.3471991677268438,0.2877496726955023,0.3359568341580717,0.2975173383848387,0.3541682516130895,0.3030049106176466,0.3336355496718674,0.3139098242088027,0.3483181777631532,0.3523032350304044,0.3394496064073992,0.269424305763142,0.3145829725236379,0.3416801110678503,0.3268026533026167,0.3483344471928773,0.35314318906949,0.349626397182828,0.3036344090508114,0.2977333082509996,0.3635428406031538,0.3467183638246695,0.3392807267850537,0.3388701946944265,0.2935949605066508,0.2504268142972731,0.2539558949998268,0.3371570020453051,0.2890831247556383,0.3606961583636002,0.347019161102526,0.3277327900306549,0.2230395376051072,0.3062166697046075,0.331254017008034,0.3372841618756899,0.3290752467710083,0.3085099348590964,0.332510647645688,0.305807472094766,0.3482865764139974,0.3565359991798671,0.3467316803457785,0.2802850132893336,0.3713000849573267,0.30543842550329,0.3607888157351331,0.3622533677939105,0.3758378931831964,0.3444905843128605,0.3079359368690087,0.3484408523643472,0.3264311696814618,0.2521009437985823,0.3665542602362673,0.350407032709487,0.348316771876333,0.3070349701170385,0.3116801969815097,0.2286399377102279
0.3194017244580853,0.3617408049998295,0.3517306914758314,0.3489630739472577,0.3288716994887932,0.3312582480041506,0.2709015171185708,0.3682811989592015,0.3537556069179862,0.3459653741673601,0.3143639144385646,0.4176243645704197,0.2856210510950229,0.3060974854927314,0.2890988666109291,0.2993760090466733,0.3517739824893476,0.336112139792551,0.3377096135481101,0.3663865587963461,0.3440749232458527,0.3301933962617711,0.3298222308558147,0.3387242206748083,0.3125712480650084,0.3112456291349731,0.2383782048776053,0.3409496589105856,0.3322775610423057,0.3668640493648983,0.3510917937787501,0.2942493087487071,0.2726310779353919,0.3781394659214143,0.2965001353650828,0.3833007170797931,0.301959488895012,0.3770350677074829,0.3366729907223417,0.3465522764593094,0.2870211835644174,0.335200198245013,0.2991531945003126,0.3537085214713277,0.3021121116606329,0.33629787314938,0.3187449146645797,0.3487998734699706,0.3520814288732426,0.3392554287124276,0.2683465454128956,0.3065540711628793,0.3409659317615925,0.3257818774251529,0.3484779196441814,0.3533232765316359,0.3478840843411813,0.3018256653171063,0.2956976362048609,0.3641581183911608,0.3469720595963209,0.3397161874675722,0.3380839253891232,0.2928609290799155,0.2477480513546653,0.2475836621134645,0.3360707680971038,0.2870820203394251,0.3601003321904009,0.3511668660714851,0.328414003873537,0.227854469196445,0.3072289226531484,0.3307144459294903,0.3360351711204993,0.328289168762553,0.3069914588496272,0.3312841979798812,0.304271854447276,0.3532154743486679,0.3564174845800502,0.3459054761349994,0.2799829737040957,0.3767409389976917,0.3036182903683871,0.3615806593846663,0.3611881516686921,0.3752029887464402,0.3431633178877159,0.3065203902503152,0.351371808047485,0.3262047509376028,0.2604170299496974,0.3651565913080698,0.3570419863187805,0.3469653649555047,0.3065357934139201,0.3104848320168079,0.2322158204289282
0.3193503587491285,0.3626206477815023,0.3538944540581926,0.3520313916897115,0.3269215086886832,0.3370448636868683,0.2676000677958169,0.3673432586886184,0.3531156536509811,0.3444819084281912,0.321750002089098,0.4144264360350436,0.284991689329075,0.304880878508192,0.288862417948198,0.2986256088064384,0.3533451158485496,0.3419260222726564,0.3375589704866168,0.3678617273936215,0.3434886329049977,0.3287274157902619,0.3290013507461384,0.3382705664384423,0.3113699499710406,0.3106118191025587,0.2362816061663775,0.3407793400653499,0.3311808622632501,0.3677613764722117,0.3498365400902243,0.2912451093342484,0.2703011421914664,0.3796614466732969,0.2934177829756582,0.3844122404624449,0.2990143021365076,0.3782511037572075,0.3364170992854925,0.345890268110174,0.2868964135216256,0.3344487276211224,0.301436703585909,0.3531804479166567,0.3013440263954845,0.3386786162933948,0.3234731564178744,0.3493939169034487,0.3518139703126422,0.3392159319423885,0.2675838123222658,0.2996270604753312,0.3402145460075446,0.324736797672548,0.3484763208163507,0.3533120249146395,0.345799044828298,0.2999103903629975,0.2938911093312367,0.3648080874763542,0.3471354963207466,0.340107819546887,0.3374473208848752,0.2923346963845109,0.2452085164890894,0.2430232048184128,0.334983317202976,0.2852828422031427,0.3595262436153083,0.354893485346889,0.329341680803616,0.2336032345846808,0.30861778936012,0.3302434205919146,0.3347373136153149,0.3275780436031984,0.3055678271028546,0.3301054675826539,0.3026129335388208,0.3575321422466637,0.3564233616133367,0.3451539272669485,0.2805089431848664,0.3818773533391953,0.3015570854331276,0.3621789000965603,0.3599906323149099,0.3743817361781379,0.3418310485450839,0.3051065373978968,0.3539429806999835,0.3257045155090426,0.2689388243536199,0.3637074276443978,0.3631395192290216,0.3454968140444434,0.306205483388147,0.3093752953671864,0.2374807857466244
0.3195231674553384,0.363476442992049,0.3557217512796874,0.3547197913278645,0.3250669864847557,0.3419601683053875,0.2647502869493373,0.3664950799310579,0.3534662317655556,0.3430441558035274,0.3287210222232572,0.4106496622316375,0.2848335160129819,0.3034906725604445,0.2885635221772705,0.2982754238281215,0.3547579484020446,0.3483416791886327,0.337352488201587,0.3693211032478545,0.3427433825158635,0.3271552437146333,0.3282078194199795,0.337899514536151,0.3102809580093348,0.3099476838132558,0.2332972291173008,0.3408458812369427,0.3300686785913281,0.3685905224520051,0.3486760827699704,0.2884960982548777,0.2677036369102641,0.3812573099669322,0.2906605279521393,0.3858928906821964,0.296287710776844,0.3794334557822064,0.3361971377498783,0.3452079863792803,0.2874478559082383,0.3337115620524433,0.3043076723913863,0.3526058288713819,0.3007163991788001,0.3408082054212374,0.3280321589304744,0.3500701788484483,0.3514837366893714,0.3392815813524938,0.2673836624836087,0.2942555771291613,0.3394186211831981,0.3236897128857163,0.3483430038639349,0.3531285803422583,0.3434123800001766,0.2979147371951656,0.2924493937584821,0.3654930189641935,0.3472108070541123,0.3404496681179067,0.3369586635495797,0.291982056317058,0.2429203876901388,0.2403464013864803,0.3338745491350294,0.283813739778066,0.3589819666058188,0.3581967295236983,0.3305374616073997,0.2400794248436622,0.3103609532212686,0.3298387199689143,0.3334386419545899,0.3269075951815095,0.3042336126658046,0.3289688998191284,0.3008146323864887,0.3612326126816236,0.356547389358576,0.3444446226628028,0.2819477974452294,0.3864959242266547,0.2992749756175011,0.3625846876600749,0.3586904591955641,0.3734244343080717,0.3405150739248212,0.3036632835210633,0.3562066798127524,0.3249784549448677,0.277480096847174,0.362167636208978,0.3684650828987803,0.3439095190755748,0.305992911880521,0.3083358647517606,0.2444127420412504
0.3198847938033225,0.3643233752227299,0.3572823430149435,0.3570429645424572,0.3232913331808692,0.3460556539714665,0.2625363743626036,0.3657515911353778,0.3548265511389503,0.3416676586616168,0.3351052876398788,0.4066578851709588,0.285101743623994,0.3019278414499058,0.2881278176644462,0.2982979832423765,0.3560143969737318,0.3551786866549513,0.3371290102406244,0.3707026575696077,0.3418595845402902,0.325500542384708,0.3274057795943846,0.3375552343528588,0.3092958960659775,0.3092424189620545,0.2298092329855481,0.3411206550988934,0.3289667388736243,0.3693393858402208,0.3476125601967718,0.2859569570202327,0.2648902829207931,0.3828633283700704,0.2882135071670362,0.3877761228386341,0.2937879003525266,0.3805452214064645,0.3360274778837576,0.3444974815575893,0.2887221077505379,0.3329971721369025,0.3076767170622977,0.3520096301362901,0.3002249654604567,0.3427186374224171,0.3323855809437752,0.3507847375646198,0.3510768331045941,0.3393560134615281,0.267997267282875,0.2907392264626061,0.3385732895183777,0.3226633809997515,0.3481008634152256,0.3527954264289289,0.3407715601168402,0.2958815346059643,0.2914980989928451,0.3662189997033998,0.3472014946472199,0.3407350072408106,0.336620490566771,0.2917563654214178,0.2410106197311793,0.2395733207078374,0.3327294241629397,0.282807475910304,0.3584731385834003,0.3610889790363618,0.3320065297693831,0.247028067403349,0.3124200156640523,0.3294945707945726,0.3321933531394754,0.3262374875093536,0.3029703066759425,0.3278603114467477,0.2988680165828897,0.3643447651932838,0.356782383878849,0.3437440758966309,0.2843394498170976,0.3903807043428053,0.2968134570916331,0.3628086370841876,0.3573266484968399,0.3723773415673776,0.3392336286806521,0.3021496739148991,0.3582096348254943,0.32409979662887,0.2858775805766592,0.3605021235033958,0.3728446520675565,0.3422151642454891,0.3058242934419294,0.3073360138259909,0.2529164285889636
0.3203891706695412,0.3651702931466634,0.3586374091078647,0.359004499957015,0.3215604856394936,0.3494401813621741,0.2611251302981719,0.3651221851194476,0.3571359036271374,0.3403585961075307,0.340797716160559,0.4028149357311295,0.2857842674258468,0.3002142018210273,0.2874890396929059,0.2986455031555305,0.3571135708434352,0.3622159679278807,0.3369266190926895,0.3719561740756048,0.3408711533642586,0.3237962050930238,0.3265639122951693,0.3371918669320791,0.308393192591828,0.308484467420175,0.2262920214645974,0.3415499379679392,0.327895055554692,0.3700012685588388,0.3466288350663798,0.2835642292317991,0.2619488692785162,0.3844009708870873,0.2860615611203498,0.3900392428632495,0.2915085287986592,0.3815508802751369,0.3359138831971529,0.3437539659130317,0.2907259277779521,0.3323130680432107,0.3114350131169434,0.3514116991462447,0.2998508900716096,0.3444401319531688,0.3365097554261879,0.3514836342793702,0.3505797276347351,0.3393085149342917,0.2696508668960266,0.2892467255054881,0.3376765316850454,0.3216734954265914,0.3477759587423678,0.3523362477787611,0.3379292156636753,0.2938778524936558,0.2911469526357671,0.3669906940984479,0.3471154856887973,0.34095301754158,0.3364303127706268,0.2916065182921686,0.2396141794995654,0.2406763440877279,0.3315322343561758,0.2823902230837749,0.3580063428087622,0.363589074928794,0.3337283950540743,0.2541640138620861,0.3147377172118029,0.3291970500648151,0.3310526858560297,0.3255221881814775,0.3017529180946517,0.3267620651456796,0.2967737597485036,0.3669203125994891,0.3571127936853379,0.3430147399464394,0.2876709112420887,0.3933345392280744,0.2942283597421825,0.3628672143325377,0.3559375145215857,0.371283560795894,0.3380015332619461,0.3005293615745168,0.3599825260828549,0.3231610273666485,0.2939893997476243,0.3586784376461826,0.3761746043566776,0.3404359049641952,0.3056138753997927,0.3063381832078835,0.2628162256303874
0.3209815167071607,0.3660154043426958,0.359828047567023,0.3605981081160284,0.3198199562398984,0.3522607852254455,0.2606629417269626,0.3646151243028114,0.3602654938060728,0.339115959826862,0.3457543086316125,0.3994336440090961,0.2868929631028886,0.2983955840628277,0.286589657549512,0.2992667756877001,0.3580598383836406,0.3692063965106343,0.3367698429429865,0.3730455059512885,0.3398161985795694,0.3220766064605513,0.3256554142861781,0.3367770194632719,0.3075438382067683,0.307660755806976,0.2232489271985173,0.3420652290238838,0.3268687264855036,0.3705682707844235,0.3456929466815829,0.2812343667589376,0.2590001524680527,0.3857848521663697,0.2841903944682781,0.3925886901470775,0.2894278772414723,0.3824105960176041,0.3358525026571564,0.3429808874447785,0.2934212503552721,0.3316642762258638,0.3154575027411272,0.3508188607003231,0.2995664435763147,0.3460024930930601,0.340388246465058,0.3521098962485254,0.3499844011344763,0.338992866278304,0.2725155994345163,0.2898473741980268,0.33673212821068,0.3207282716289127,0.3473895697071675,0.351776212206029,0.3349412080370469,0.2919955104871673,0.2914901568289236,0.3678094087427184,0.3469674010898819,0.3410803653270548,0.336378557800036,0.2914755397653928,0.238868479054922,0.2435830228222979,0.3302716240995563,0.2826710275769081,0.3575936030205576,0.3657233528375485,0.3356550682752909,0.2612024580137612,0.3172465706356758,0.3289262347765617,0.3300512630173195,0.324719738755764,0.3005482919230067,0.3256559659140901,0.2945503288939952,0.3690315820789339,0.3575148791031535,0.3422127014982229,0.2918757254943431,0.3952023611112292,0.2915959687998793,0.3627831384541077,0.3545511026156903,0.3701805396044497,0.3368313606777431,0.2987794085141472,0.3615437280462343,0.3222512486190254,0.3016902642402249,0.3566684793558158,0.3784186124744348,0.3386034064923217,0.3052820961556233,0.3053102029867817,0.2738634186776392
0.3215960422327993,0.3668419327600373,0.3608696586625527,0.3618182583192788,0.3180038616790334,0.35468343074076,0.2612685409010398,0.3642398677272723,0.3640335627027941,0.3379364192807705,0.3499807159566642,0.3967767562030039,0.2884505441820708,0.2965304402652612,0.2853849135690799,0.3001163196336877,0.3588719562766422,0.3758959277608002,0.336673425500502,0.3739411778085573,0.3387302549150448,0.3203775071093404,0.324651627122679,0.3362813484932211,0.3067116100459368,0.306761460931968,0.2211428063093973,0.3425968038138686,0.3259018437707862,0.3710318981704545,0.3447700051247516,0.2788764143962706,0.2562013910682279,0.3869281274058885,0.2825900597337894,0.395261950934633,0.2875160528823736,0.3830821903007764,0.335835142447462,0.3421837013464617,0.2967324388005248,0.3310523171184284,0.3196071799204097,0.3502290204170636,0.2993353050396312,0.3474305973579857,0.3440174738662169,0.352611595268442,0.3492950388712805,0.3382553778501516,0.2766825404218203,0.2924891734970897,0.3357492130078904,0.3198314924270601,0.3469586480142709,0.3511421909010158,0.3318653021148787,0.290341075034369,0.2925968733419773,0.3686762490115068,0.3467724717403225,0.3410781556346328,0.3364606557444035,0.2913002333972714,0.2389110150008688,0.2481658914322169,0.3289480406899747,0.2837347665762655,0.357251252518792,0.3675264304423117,0.337720706533832,0.2678861132250147,0.3198790038072948,0.3286638346741881,0.3292033984505165,0.3238003656539897,0.2993112656066946,0.3245214058452272,0.2922384364030316,0.3707617022007695,0.3579632439740689,0.3412991043767743,0.2968390201065279,0.3958839853934164,0.2890236975571767,0.3625851578577658,0.3531880435543466,0.3690977424435598,0.3357310780756902,0.2968869804420366,0.3629052259893547,0.3214428643988208,0.3088778235441505,0.3544552860858745,0.3795943822827239,0.3367553136808284,0.3047665892979072,0.3042212382852427,0.2857555623722102
0.3221628637188586,0.3676239288315525,0.361756816920435,0.3626703592074841,0.3160493292344406,0.3568685799254846,0.263015858098827,0.3640029132223023,0.3682180216848874,0.336809941427339,0.353519682089796,0.3950024946473596,0.2904866626312975,0.2946782448332987,0.2838510391532323,0.3011482689814478,0.3595756621559851,0.3820385941989838,0.3366549116516414,0.374620652167245,0.3376472922154727,0.3187340947381449,0.3235270929007571,0.3356792400971752,0.3058540637870794,0.3057850336233909,0.2203526088556985,0.3430773268473956,0.3250029367264291,0.3713877330636493,0.3438302506963993,0.2764092540399661,0.2537493846317997,0.3877435621635617,0.2812571305322534,0.3978455355651519,0.2857436283545226,0.3835270041023401,0.3358562087316386,0.3413628021614306,0.3005549330024635,0.3304732473425798,0.3237503902725174,0.349638387088838,0.2991117410920868,0.3487353640911176,0.3474045453586691,0.3529470610464889,0.3485283693196082,0.3369428825774268,0.2821468080355002,0.2970012382957525,0.3347359536239296,0.3189767708946889,0.3465002483813433,0.3504634052482926,0.3287618486724913,0.2890255108230689,0.2944956417829955,0.3695904843821258,0.3465416952424263,0.3409005654495324,0.3366827974733417,0.2910220445079426,0.2398705906330239,0.2542328372287284,0.3275705723601562,0.2856336840133471,0.3569934110532758,0.3690332880574009,0.3398501301960234,0.2740017761144638,0.3225679584998517,0.3283946854182495,0.328508709160707,0.3227465716231743,0.2979871000008837,0.3233345467987853,0.2898990153958002,0.3721885733073675,0.3584313139386224,0.3402542002723927,0.3024046512213172,0.3953422346244014,0.2866438322270254,0.3623058396349233,0.3518688247205949,0.3680569962221974,0.3346999715447691,0.2948505396056025,0.3640696233411332,0.3207958474832028,0.3154829501375101,0.352031799384778,0.3797599917366884,0.3349259954264127,0.3040228130817932,0.3030341469584744,0.2981574928130243
0.322620442532785,0.3683385014043625,0.362473047076412,0.3631734936111156,0.3139028385076581,0.3589469472391156,0.26592038724403,0.3639048641576526,0.3725761514523569,0.3357148261175792,0.3564386196732878,0.3941250156407927,0.2930275496396149,0.2928972536164788,0.2819908984959231,0.3023138765925023,0.3601908378483298,0.387405590892214,0.3367340590957576,0.3750779692961243,0.3365990763295078,0.3171724359356213,0.322273365188812,0.3349614336996373,0.3049304072430404,0.3047368385222102,0.2211486023732798,0.3434427396528366,0.3241676538253734,0.371633720913698,0.3428487822499474,0.2737658111266794,0.2518639071032693,0.3881498410069116,0.2801930278368474,0.4000955603212937,0.2840867264820839,0.3837104993386027,0.3359165771213914,0.3405185765372157,0.3047602416303674,0.3299146186165161,0.3277736565495584,0.3490403940824745,0.2988444330361396,0.3499112131290456,0.3505536182014424,0.3530882014292416,0.3477084628482169,0.3349268210335833,0.2888008964463648,0.3031744021887398,0.3336955850554127,0.3181405363440766,0.3460318370637167,0.3497732636373106,0.3256958526829416,0.2881613431209917,0.297168952566726,0.3705415396589631,0.3462860153208981,0.3405043709107989,0.3370538406686557,0.2906011883514147,0.2418487438804815,0.2615320807758137,0.3261507564760883,0.2883766341554764,0.356829554598065,0.3702712071882892,0.3419621866549676,0.2793927209711818,0.3252442579661592,0.3281016004027178,0.327951294788826,0.3215532376782096,0.2965193027760328,0.3220735701205279,0.2876126795519587,0.3733754685860974,0.3588874189404504,0.3390775949787297,0.3083846601149999,0.3936172669445643,0.2845958759554071,0.3619784059334482,0.3506123008668436,0.367074760768535,0.3337291046479946,0.292692085572935,0.3650273342899763,0.3203573583547665,0.3214698402735966,0.3493924377435863,0.3790030170207463,0.3331397394810709,0.3030278232746351,0.3017182356119335,0.3107235088044399
0.3229207624433048,0.368970391524146,0.362999693141518,0.3633611165771205,0.3115202138534401,0.3610068415399814,0.269938836149781,0.3639453043471228,0.3768767803747361,0.3346248219510115,0.3588171522152825,0.3940768532664374,0.2960700990261691,0.2912433012564462,0.2798359930981124,0.3035693719447508,0.3607331745415278,0.3917956485327498,0.3369209196827,0.3753251148447192,0.3356049761015727,0.3157038261667904,0.320901694253722,0.3341354282265185,0.3039107419491729,0.3036243037742073,0.2236616117290984,0.3436412092768431,0.3233819360071145,0.3717626576373077,0.3418059519471657,0.2708897430724731,0.2507571061982093,0.3880852869524967,0.2793997697111605,0.4017562242239132,0.2825330591380401,0.383601380288499,0.3360235307223943,0.3396595457465934,0.3092034631779883,0.329356841667116,0.3315860609719542,0.3484217716889239,0.2984850183397115,0.3509431762302877,0.3534599773827039,0.3530246758043693,0.3468605377055151,0.3321322513687303,0.2964391290191786,0.3108146811390833,0.3326304097469019,0.3172894450966755,0.345568987883997,0.3491075635334242,0.3227372851486082,0.2878598283841332,0.3005592177430192,0.3715047267527729,0.3460186627701511,0.3398486532162614,0.337579492334694,0.2900208799270111,0.2449045129270831,0.269762995423502,0.3247048712166177,0.2919241205535057,0.3567691186870365,0.3712617752981973,0.3439785510428362,0.2839682090375507,0.3278414384255975,0.3277648331248555,0.3274930394874156,0.3202333951811311,0.2948571081178731,0.3207243380791656,0.2854827517340975,0.3743720448858152,0.3592979075547516,0.3377800901134272,0.3145731801680819,0.3908370865533521,0.2830203638107508,0.3616308989982242,0.3494278268369639,0.3661656231060456,0.3328056999086602,0.2904647093022768,0.3657644356232145,0.3201505855471955,0.3268283774632427,0.3465354326726019,0.3774271609588435,0.3314122098856823,0.3017904679407578,0.3002700276260261,0.3231236358950182
0.3230249656576184,0.3695072591672428,0.3633225074019687,0.3632830467377229,0.3088710650342157,0.3630941124524948,0.2749746663579293,0.3641260785398656,0.3809299479147292,0.3335180965273612,0.3607341590741788,0.3947665635814031,0.299565993416486,0.2897611589798609,0.277451517855007,0.3048760752315683,0.3612234324624731,0.3950481905494247,0.3372159757122481,0.3753804578568107,0.3346620499826405,0.3143261796283697,0.3194331062446183,0.3332115694368688,0.3027792378928016,0.3024577879822911,0.2278619347388742,0.3436420891884159,0.3226306898632718,0.3717592383593983,0.3406944263458089,0.2677395153112651,0.2506150272325804,0.3875158932744244,0.2788764410085342,0.402582740130741,0.2810922802913649,0.383175254756669,0.3361886833142916,0.3387986285536568,0.3137370115129592,0.3287806635803433,0.3351133235002184,0.3477648645394603,0.2979963042414165,0.3518149486219276,0.3561187591511472,0.3527657103155054,0.3460062118560668,0.3285493270012998,0.3047755942773196,0.3196859800752582,0.3315460187104453,0.3163940707275507,0.3451256585848237,0.3484974658114633,0.3199575496373613,0.2882177318671746,0.3045746279420923,0.3724464633217652,0.3457474414202086,0.338892179192365,0.3382637416289549,0.2892836836523884,0.2490531635871637,0.2785841994016714,0.3232568816465457,0.2961927835170342,0.3568221553524942,0.372026878741669,0.3458400836003903,0.287702649714975,0.3303045187067547,0.3273677821431663,0.3270787170108843,0.3188180706139178,0.2929611377459149,0.3192783910620096,0.2836335714899675,0.3752151875174289,0.3596336346975003,0.3363830989973977,0.3207645912624305,0.3872066446006328,0.2820621532923008,0.3612802997375552,0.3483122257161799,0.3653447296235483,0.3319152065901093,0.2882487803597673,0.3662727074722959,0.3201743035827412,0.3315697049285901,0.3434756897736938,0.3751360619619608,0.3297518005623753,0.3003522756369094,0.2987138374808827,0.3350674732324751
0.3228982981889671,0.3699400769837564,0.3634352167785482,0.3630033925727702,0.3059474911546689,0.365215873148124,0.2808819653817297,0.3644430607780187,0.384598629273307,0.3323736188367224,0.3622560892413711,0.3960518892362708,0.3034325026671647,0.2884738381141022,0.2749449545269605,0.3061886202910133,0.3616840272774068,0.3970511235533097,0.3376246348897865,0.3752609968172446,0.3337484811378864,0.3130241237029,0.317894840801327,0.3321986725052398,0.3015326275284239,0.3012591082292301,0.2335769137038633,0.3434351143639756,0.3218990080451596,0.3716051341774367,0.3395250190353702,0.2642970604055021,0.2515937300114889,0.3864319216562319,0.2786196873309424,0.4023703756455447,0.2798035422680048,0.3824162691539826,0.3364264942788751,0.3379441461030861,0.3182258234115091,0.3281720351076591,0.3383022762928556,0.3470537054152874,0.2973559845342154,0.3525106916701001,0.3585307839820586,0.3523353250711016,0.3451610865191877,0.3242282771734481,0.3134711860217818,0.3294384873585905,0.3304484285922955,0.3154296173665892,0.3447157110336395,0.3479656732297213,0.3174256144249242,0.2892990888001478,0.3090928423021741,0.3733311817373705,0.3454694706545678,0.3376005060896216,0.339105088316349,0.2884118054823278,0.2542696549553606,0.2876300057809954,0.321831278709519,0.3010625828672663,0.3569899794195804,0.3725885375756414,0.3475182277594223,0.2906242604321363,0.3325930260939827,0.326899581230721,0.3266525785308992,0.3173451186532006,0.2908101394562821,0.317727667834186,0.2822010438498382,0.3759244688079113,0.3598673827858493,0.3349244366037008,0.3267721936819392,0.382981467032663,0.281860933800787,0.360934832394891,0.3472537080766018,0.3646257980819609,0.3310405497744294,0.2861501433266179,0.3665501705812495,0.3204174710083994,0.335725005297362,0.3402458290459695,0.3722226381630883,0.3281540516694391,0.2987734166813139,0.2970909763705278,0.3463181441074576
0.3225114346227112,0.3702740488715294,0.363340256494434,0.3625934469973054,0.3027671718665948,0.3673440709067094,0.2874725474217099,0.3648762222617666,0.3877993428938651,0.3311654587005962,0.3634315838046222,0.3977439385472253,0.3075653174437464,0.2873788432903565,0.2724689332610016,0.3074537057253548,0.3621265098799598,0.3977403999913649,0.3381618100456839,0.3749861879254943,0.3328348879775235,0.3117660822164234,0.3163259069195175,0.3311139145512498,0.3001791373656958,0.3000687317831714,0.2405308919377378,0.3430277952637767,0.3211707163028716,0.3712849702218475,0.3383224851726729,0.2605702070007729,0.2538055304770142,0.3848465809610555,0.2786284596238474,0.4009810438004569,0.278732827433972,0.3813117684690409,0.3367542505483629,0.3371010339758954,0.3225586063847175,0.3275186895290709,0.3411324350879808,0.3462785162735031,0.2965577238532872,0.3530138829038938,0.3606957712287742,0.3517655350296798,0.3443341028707338,0.3192756758352273,0.3221618752784691,0.339637929196171,0.3293404494117449,0.3143687035475542,0.3443517192798628,0.3475306599308841,0.3152092051446571,0.2911265250159202,0.3139692699685682,0.3741211909803496,0.3451784291682262,0.335957995156958,0.3400877000961658,0.287453766261818,0.2604836240141904,0.2965413620678909,0.3204442489857347,0.3063824686441935,0.3572581096354776,0.3729666601825927,0.349015373697547,0.2928015958678527,0.3346787628313133,0.3263535583496398,0.3261655676648852,0.3158517053869344,0.2884099244436783,0.3160667625340354,0.2813224871636849,0.3765013356791036,0.3599674351641235,0.3334556869378233,0.3324419129947258,0.3784457672779323,0.2825282573553324,0.3606029097173188,0.346235966610208,0.3640173266388586,0.3301636143421731,0.2843030388192957,0.3665980060787326,0.32086627889534,0.3393397262250738,0.336882359992973,0.3687672601722009,0.3265983251101717,0.2971207054088794,0.2954674492707053,0.3566980373176975
0.3218460086336663,0.3705349900566764,0.3630498589633706,0.3621260109309668,0.2993682475926384,0.3694233413049449,0.29453057538798,0.3653925314619923,0.3905043095498981,0.3298705418075909,0.3642946206814609,0.3996769026145935,0.3118350340835678,0.2864510989747153,0.2702135522504618,0.3086270257492994,0.362550309233644,0.397099307384032,0.3388393208877391,0.3745801334996402,0.3318892727359527,0.310508078753731,0.3147728548084884,0.3299850358146346,0.2987384896808054,0.2989439170349018,0.248373257443083,0.3424483961122777,0.320435285577097,0.370787666767216,0.3371154279634897,0.2565923905850334,0.257291138517483,0.3828040282061082,0.2789079400329771,0.3983598005037162,0.277964847583406,0.3798502381143395,0.3371908570514699,0.3362774102048948,0.3266534373847353,0.3268071780342316,0.3436132544051284,0.3454385535534914,0.2956146039091655,0.3533106171964497,0.3626079811422801,0.3510939755956836,0.3435266167646148,0.3138541602431615,0.3304872498578071,0.3498617550451415,0.3282245531686665,0.3131848292088951,0.3440427500765763,0.3472100992681664,0.3133786658525462,0.2936839378469879,0.3190486086856967,0.3747743093435633,0.3448714039201297,0.3339712150419833,0.3411799747316085,0.2864884393868868,0.2675719738876818,0.3049947037061521,0.3191044617342938,0.3119793023549091,0.3576022783593464,0.3731835018324169,0.3503615406996935,0.2943301123017913,0.3365451452924283,0.3257287555182772,0.3255706325023653,0.314377021028904,0.2858011994634877,0.3143008771731355,0.2811284533275123,0.376938343067791,0.359902778471217,0.3320288341674229,0.3376581075986054,0.3738954135043087,0.2841325219246853,0.3602955835705125,0.3452390940871419,0.3635238330200002,0.3292693931398371,0.2828619059185137,0.3664246608969153,0.3214978619713408,0.3424626904775151,0.333421696035349,0.3648382918825101,0.3250557254458767,0.2954666072387731,0.2939533677988094,0.3660886267472399
0.3208967771874078,0.370760461674572,0.3625887350926939,0.3616713126546155,0.2958030172434417,0.3713857830555037,0.3018288579809063,0.3659553517009925,0.3927391044717039,0.3284786373792582,0.364870897907618,0.4016806447831926,0.3160910119467255,0.285646011702623,0.2683939331004289,0.3096850485583267,0.3629530748805274,0.3951619978690849,0.3396583266006459,0.3740642693453906,0.3308766895574255,0.3092051527556884,0.3132732298108432,0.328837834082777,0.2972405041746107,0.2979519313849516,0.256701626414655,0.3417448868321419,0.3196955214810177,0.3701053544001849,0.3359300294982276,0.2524290961682983,0.2620051756361653,0.3803809600126324,0.2794673948627504,0.3945416350310234,0.2775984774041434,0.3780291995623569,0.3377518018251328,0.3354810079854051,0.3304580720788362,0.3260287771866499,0.3457663801234178,0.3445418754899675,0.2945643925842117,0.3533982229048839,0.3642660610812563,0.350361694416992,0.3427311943161908,0.3081709755228199,0.3381214950155217,0.3597791560838714,0.3271065437741921,0.3118631897514213,0.3437955786158221,0.347016272260866,0.3120044962436496,0.2969186912292415,0.3241730906538542,0.37524995771568,0.3445433909819214,0.3316631357088617,0.3423376676872003,0.2856200590684772,0.2753649499429728,0.3127166992623561,0.3178162783094145,0.3176722472228632,0.3579968528308448,0.373270446187454,0.3516112451881124,0.2953149950628123,0.3381889576939014,0.3250325452734201,0.3248271912571197,0.3129599015758484,0.2830627000050172,0.3124471232291004,0.2817306024992494,0.3772296350600939,0.3596560724635645,0.330685749768224,0.3423444693503342,0.3696108175712248,0.286696804095241,0.3600203583744431,0.3442400795381847,0.3631505858844017,0.3283486731378057,0.2819809612377816,0.3660522741216341,0.3222801462086131,0.3451369956249087,0.3299137131912217,0.3604928582286476,0.3234994837403314,0.2938839129781073,0.2926996175594416,0.3744210254913218
0.3196679660962887,0.3709885919821686,0.3619938756031419,0.3612883568933712,0.2921345567923954,0.3731681457784256,0.3091429427791524,0.3665243933859428,0.394564776852446,0.3269869916521092,0.3651814258870635,0.4034541975717112,0.320189346623833,0.2848996005875193,0.2672374200229855,0.3106192235974265,0.3633337834273172,0.39201565888732,0.3406169722571601,0.3734515586072462,0.3297652831399997,0.307818415880165,0.3118488161497454,0.3276880998310605,0.2957212058153358,0.2971678552941241,0.2651052443270175,0.3409738714199798,0.3189639064670893,0.3692332418730071,0.3347886044721599,0.2481870199587744,0.2678282063143559,0.377670725895783,0.2803142778348364,0.3896515234064672,0.2777431411751064,0.3758605572602721,0.3384434990038896,0.3347095552556641,0.3339474340441247,0.3251861579469787,0.3476163858274408,0.3436002057982233,0.2934699214901,0.3532917910557642,0.3656840430154968,0.3496047297531728,0.3419328458432535,0.3024511688611517,0.3447994662454459,0.3691927327353729,0.3259925554895346,0.3104022434597899,0.3436185571169338,0.3469510723086582,0.311146855100877,0.3007392504008053,0.3291901982681868,0.3755214462955217,0.3441815359587605,0.3290682259246245,0.3435004390286884,0.2849676262165243,0.2836650074700046,0.319496687672562,0.3165759184547811,0.3232867815332416,0.3584118944215747,0.3732669063835578,0.3528358426933045,0.2958534485790327,0.3396203121909277,0.3242770475343311,0.3239171957964317,0.311624875545959,0.2803106155120518,0.3105275009818709,0.2832055906071664,0.3773723990289677,0.3592263580474923,0.3294574919269078,0.3464646616953848,0.3658222428553448,0.2901940438820505,0.3597807174957175,0.3432147960509762,0.3629024302750289,0.3273989258976062,0.2818013011269529,0.3655147078961228,0.3231808034576499,0.3473967523286457,0.3264285096362065,0.3557843612261196,0.3219062662805749,0.2924279193436659,0.2918705599455937,0.3816584298209643
0.3181714719333223,0.3712588756923618,0.3613081728039682,0.361015098445373,0.2884334494584261,0.3747244175658126,0.3162678862418412,0.3670492537269386,0.3960530661738404,0.3253907225168536,0.365244230015612,0.4045859313691408,0.3240172769213368,0.2841292678746678,0.2669665984283366,0.311432564809194,0.3636850430333812,0.3877975671368923,0.3417142079507113,0.3727501773164792,0.3285374425823235,0.3063145662071653,0.3105148924003026,0.3265471202211825,0.2942171730740998,0.2966777018912768,0.2732166250401632,0.3401913453858827,0.318256325946344,0.3681699594882352,0.3337066142921088,0.2440151976796871,0.2745844822652247,0.374766552485741,0.2814516792727525,0.3838968488053979,0.2785064564317723,0.373363601022561,0.3392627421415362,0.3339518687689768,0.3371215394428854,0.3242900159653941,0.3491969335527962,0.3426252553502132,0.2924124087676746,0.3530218055230033,0.3668877948856082,0.3488467148803941,0.3411128757909205,0.2969086940500178,0.3503266395144629,0.3780228997458708,0.3248838412996301,0.3088089387618892,0.3435229024348464,0.3470084987267468,0.3108465462299231,0.3050187753041099,0.3339657765504875,0.3755807481189,0.3437719298072421,0.3262316171519317,0.3445896960888763,0.2846556153043919,0.2922627164161612,0.3252050495567423,0.3153687441680031,0.3286651370668826,0.3588070093044984,0.3732127925664018,0.3541115080649874,0.2960241459515757,0.3408592355945888,0.3234741433026505,0.3228481619195623,0.3103740427377277,0.2776974016621608,0.3085649354335452,0.2855845421006623,0.3773634057041947,0.3586204007849325,0.3283644377530372,0.3500214218104578,0.3626868559753111,0.2945381196761649,0.3595853902654454,0.3421400126282247,0.3627763621654249,0.3264253717820672,0.2824486218247068,0.3648505521423936,0.3241655161607269,0.3492680040341549,0.3230440466303386,0.3507760289479723,0.320254271366343,0.2911249705992375,0.2916260731152134,0.3877795353080432
0.3164341017305985,0.3716150510058585,0.3605721580918709,0.3608684168422604,0.2847725469732809,0.3760301506540592,0.3230379235588063,0.3674726476547484,0.3972705143654594,0.3236893014924851,0.3650777060466657,0.4047539879376968,0.3274925438074205,0.2832404305070433,0.2677756965165833,0.312151864232065,0.3639904189601617,0.3826905303413204,0.3429395192399649,0.3719683711640325,0.3271933791411035,0.3046683055499279,0.3092830530110655,0.3254264016364307,0.2927597213328551,0.2965773989751921,0.2807429618356787,0.3394519436529705,0.3175962546807354,0.366917033242891,0.332686312807564,0.2400978931474586,0.2820501516146795,0.3717607549462616,0.2828803809449125,0.3775490577579579,0.2799743524626691,0.3705580509164343,0.3401996374313024,0.3331975576118055,0.3400025260647931,0.3233521924928785,0.3505510650161091,0.3416324219322055,0.2914847636733811,0.3526261687735481,0.3679043379441797,0.3481026161767279,0.3402522926596019,0.2917259763972701,0.3545756347106713,0.386225502523728,0.3237766104024436,0.3071012969811378,0.3435197265880931,0.3471787525073408,0.3111235574403722,0.3096106768399353,0.3383963764919293,0.3754322992456818,0.3433074598445261,0.3232078115628168,0.3455210487555665,0.284807976770756,0.3009442826722118,0.3298018601507289,0.3141759783255096,0.3336769435741389,0.3591371382696721,0.3731433099244741,0.3555088069114735,0.2958839013187919,0.3419306635858138,0.3226381167593313,0.3216376316321108,0.3091935935732944,0.2754080330694162,0.3065863536701627,0.2888515305672802,0.3772016184208889,0.3578481957550728,0.3274096639338363,0.3530493860965791,0.3602826296067204,0.2995878036491341,0.3594515292857365,0.3409947721935901,0.3627588659090383,0.3254396972540796,0.284021360151139,0.3641014035051954,0.3251833533386191,0.3507710066717971,0.319835339612878,0.3455485462515634,0.3185292113947285,0.2899803201935051,0.2921216120977157,0.3927677604377006
0.3145077365196976,0.3720945586345778,0.3598198273546472,0.3608523566215083,0.281221158949183,0.3770811059593842,0.329338560814385,0.3677436892666167,0.3982696838973693,0.3218996914061742,0.3647048658416014,0.4038137974321916,0.3305612848145571,0.2821382086362081,0.2698061578288169,0.3128368872664504,0.3642315848261271,0.3769173237891184,0.3442668978479226,0.3711132707489518,0.3257454167633551,0.3028703851037436,0.3081483528854705,0.3243329041410411,0.291370693656396,0.2969613702481537,0.2874806763206821,0.338805237808398,0.31701965653307,0.3654778923874956,0.3317128348393858,0.2366464315938491,0.2899650885587287,0.3687473263622651,0.2845997660401836,0.3709153014719459,0.2821961645672058,0.3674691873378607,0.341236576371963,0.3324376073173538,0.3426259896437788,0.3223873752459213,0.3517155066352757,0.3406437905280724,0.2907896706749465,0.3521465535367232,0.3687607673889043,0.3473857251502038,0.3393347593252352,0.287039737380995,0.3574818380106708,0.3937327201059831,0.3226648500731553,0.3053138352386617,0.3436171651932144,0.3474476797834603,0.3119768649702947,0.3143662365223183,0.3424108134748266,0.375088343830231,0.3427832029800058,0.3200585557231866,0.3462206174212269,0.2855411727170552,0.3095010088711661,0.3333235705072886,0.3129801127334841,0.3382301695060981,0.3593643273806854,0.3730869616178522,0.3570828845117588,0.2954672355944838,0.3428601294531802,0.3217895990282189,0.3203063515460175,0.3080588970000051,0.2736476318559966,0.3046236725101209,0.2929431342753871,0.3768971800894193,0.356926943497063,0.3265724907291136,0.3556030664763363,0.3586071734334494,0.305166441279824,0.3593952749072093,0.3397631821398943,0.3628309898393447,0.3244541329155441,0.2865672219512097,0.3633136302264776,0.326159413053334,0.3519222638530179,0.3168787013125996,0.3401982897353303,0.3167331302551968,0.2889872745698909,0.2934994078749379,0.3966037559544191
0.3124709997020392,0.3727138576054609,0.3590782627113331,0.3609611385748207,0.2778390217128718,0.37789309263993,0.3351054244056796,0.3678259919440104,0.3990785405246334,0.3200527812624499,0.3641558511772595,0.4016803616610148,0.3332124357615579,0.2807369105710933,0.2731283056115708,0.3135708560594832,0.3643921961707332,0.3707297913054054,0.3456658087604132,0.3701890238244105,0.3242138055009994,0.3009312144224484,0.3070829933880753,0.3232646307535103,0.2900605767891874,0.29790662485099,0.2933297466109247,0.3382843641584593,0.3165656960479779,0.363856957056061,0.3307574400613697,0.2338914153557855,0.2980584948775194,0.3658094921869102,0.2866045058744396,0.3643069760783782,0.2851798184424278,0.3641332604335863,0.3423433976571334,0.331655177229603,0.3450277653213032,0.3214182216149119,0.3527091553172502,0.3396813681665951,0.2904358640972405,0.3516306793145556,0.369491159894604,0.3467035360293952,0.338352013154081,0.2829297737730966,0.3590393657758868,0.400495934089529,0.3215414185025207,0.3034943409473208,0.3438212790104007,0.3477974708088716,0.3133790766101112,0.3191441540737867,0.3459651205374622,0.3745725284421318,0.342190247842875,0.3168527053336794,0.346628560676297,0.2869520747547885,0.3177456166207253,0.3358616834727486,0.311759198580232,0.3422752776432717,0.3594593833105009,0.3730620881504729,0.3588597392790635,0.2947895919554031,0.3436715378968681,0.3209497587256802,0.3188906562868298,0.306930301087421,0.2726205289993106,0.3027080497879567,0.2977459351251192,0.376475852012805,0.3558834626066864,0.3258119046104987,0.35774644612847,0.3575797421692334,0.3110795754035534,0.3594257047981284,0.3384392473667005,0.3629706464852403,0.3234762509726414,0.290073003589781,0.3625343138745638,0.326999264129907,0.3527355553587462,0.314253395128823,0.3348374545363438,0.3148835228743668,0.2881212107729149,0.2958612826296468,0.3992622180389354
0.3104238126427297,0.3734689962711277,0.3583675804975818,0.3611749925692941,0.2746694367057974,0.3785054697334281,0.3403178724407661,0.3676959411374497,0.3996943145339737,0.3181777930166678,0.363468239402373,0.3982816554383533,0.3354828998874727,0.278964122744806,0.2777308149882469,0.3144469392777511,0.3644535929042576,0.3643944479781278,0.3471151438361243,0.3691988236581232,0.322627234962704,0.2988773737898056,0.3060492516821399,0.3222126551387635,0.2888286398160937,0.2994625367034334,0.2982998897924885,0.3379005028023105,0.316262826380045,0.3620587083221439,0.3297848397546419,0.2320708208377009,0.3060749098874932,0.3630026065234769,0.2888803172601356,0.3580126838407787,0.2888892411248713,0.3605890439209099,0.3434779539928015,0.3308249650199008,0.3472344342407426,0.3204706424123933,0.3535404977690243,0.3387592189973679,0.2905251929209446,0.3511298793474304,0.3701353654029228,0.3460490365164416,0.3373097191025797,0.2794141601362243,0.3592889452212847,0.4065244450086517,0.3203982688926556,0.3016995011981059,0.3441382331585692,0.3482124974925195,0.3152706389487024,0.3238163665973975,0.3490419395750667,0.3739207663502373,0.3415220138424371,0.3136658450105354,0.3466999438081176,0.2891040960549201,0.3255259378956322,0.3375491820567101,0.3104820807349796,0.3457999763227496,0.359396406311835,0.3730733001578974,0.3608251447548228,0.2938547323964406,0.3443857128490866,0.3201316747477573,0.3174461522968078,0.3057560655702838,0.2725094562732514,0.3008639471944188,0.3031009760335249,0.3759728083128785,0.3547513723172639,0.3250770490193438,0.3595450264837063,0.3570577956287644,0.3171227118351471,0.3595504062182939,0.3370297574655224,0.3631484122497719,0.3225096844481864,0.2944748089699645,0.3618024406262922,0.327590789487089,0.3532219445195569,0.3120277855532696,0.329599767376985,0.3130043425352561,0.2873343818458834,0.2992481244986179,0.4007178713578444
0.3084851524271699,0.3743461541856345,0.3577010020134198,0.3614621743266676,0.2717344645900914,0.3789810953708824,0.3449951843734354,0.3673417487072705,0.4000921809056524,0.3162983837557037,0.3626846941251725,0.3936849203904251,0.3374358307989333,0.2767664367480825,0.2835177923589339,0.3155657772592916,0.3643932008871974,0.3581819556204851,0.3486085445763861,0.3681467229842431,0.321019855390968,0.2967495485993751,0.3050115523677723,0.3211622717932497,0.2876646327176344,0.3016479547736319,0.3024970083011652,0.3376483905332224,0.3161275696475206,0.3600869399112145,0.3287585153172467,0.2314108492005067,0.3137898717183549,0.3603535917583396,0.2914019795792176,0.3522763317159036,0.2932399304713167,0.3568666302119352,0.3445946018914315,0.3299261673567835,0.3492616954749272,0.3195628287143742,0.3542180758013168,0.3378861868696982,0.2911364806382052,0.3506867480260208,0.3707256410535136,0.3454054337215561,0.3362272865569148,0.2764540180040684,0.3583018309709995,0.4118035374975294,0.3192267226233844,0.3000000802302563,0.3445733371877791,0.3486815369940572,0.3175607243487006,0.328278023701689,0.351652450566417,0.3731711827799981,0.3407827887947975,0.3105767497427521,0.346418701351164,0.2920198624687327,0.3327287551319336,0.3385480054626292,0.3091168424732899,0.3488212553247788,0.3591552295519437,0.3731120671335602,0.3629277501262326,0.2926606312357834,0.3450169929512771,0.3193420992995909,0.3160270199800012,0.304488199675242,0.273460398005601,0.2991067027313569,0.3088204072043585,0.3754237338511192,0.3535675692107089,0.3243149082523218,0.3610563404250173,0.3568671497788356,0.3230919192023598,0.3597770975986563,0.3355513257086849,0.3633277236924291,0.3215556341471403,0.2996652432975577,0.3611449251506366,0.3278036078968769,0.353388955866263,0.3102468179772005,0.3246384617675648,0.3111205835274124,0.2865692601395736,0.3036405684424717,0.4009586837242534
0.3067933917604799,0.3753213849139297,0.3570862315651841,0.3617916908200544,0.2690362452062014,0.379396120339855,0.3491919359463615,0.3667680467414266,0.4002414815464121,0.3144417276743451,0.361847629485107,0.3881252152253858,0.3391397670474985,0.2741227503582943,0.2903140593480711,0.3170313580045772,0.3641895806308491,0.3523593576183619,0.3501613349114563,0.3670372613462478,0.3194220505390928,0.2946019442549556,0.3039325527175154,0.3200902421943351,0.2865503357582106,0.304449330713735,0.3061021199154236,0.3375093143160709,0.3161697280393524,0.3579441324699106,0.3276437947206241,0.2321006705544576,0.3210228249617461,0.3578721643154182,0.2941335008810991,0.3472763824418041,0.2981010131672338,0.352990903724481,0.3456509584086175,0.3289519989322127,0.3511156916202386,0.3187028126119116,0.3547470473315706,0.3370713436920771,0.2923185244254633,0.3503251370038716,0.3712756117710578,0.3447603774091076,0.3351311507742226,0.2739650695961069,0.3561751304122855,0.4162255371738251,0.318016165228131,0.2984843237731631,0.3451276270741092,0.3491922155119879,0.3201333714476287,0.3324574203287418,0.353830849970267,0.372354113591028,0.3399837073090313,0.3076645082856415,0.3458101857225277,0.2956816800442566,0.3392792633444138,0.3390273931552622,0.3076405692331545,0.3513798236595962,0.358730310414756,0.373159067489379,0.365093839434001,0.2912021612649558,0.3455697130957212,0.3185874604151965,0.3146684973579435,0.3030903486110337,0.2755688254216625,0.2974395035680899,0.3147071004920619,0.3748643974778238,0.3523673314564958,0.323473253686919,0.362321696863716,0.3568292605888983,0.3288049197947126,0.3601030253058063,0.3340248507487314,0.3634740060364774,0.320608501603754,0.305489195358501,0.3605791137558469,0.3275001492852977,0.3532387163230924,0.3089350218996564,0.3201103137258084,0.3092587164510725,0.2857744807884614,0.3089644067528561,0.3999997909900604
0.3054987002702811,0.3763509324182674,0.3565266210432821,0.3621434245517574,0.2665623213727455,0.3798262832947846,0.3529869653261789,0.3659979513150835,0.4001163741893749,0.3126403645781846,0.3609945571856502,0.3818388665494691,0.3406686039351662,0.2710587118534682,0.2978779808114086,0.3189312171774289,0.3638244015453539,0.3471762422367756,0.3518252912247962,0.3658766301618699,0.3178522526288769,0.2924938190867715,0.3027693119828281,0.3189649414881304,0.285458700128348,0.3078172158586732,0.309352167321014,0.337447337472376,0.3163880644557341,0.3556305237353141,0.3264134284615261,0.2342674697042133,0.3276494942360952,0.3555542191691288,0.2970304289606658,0.3431081529556996,0.3033093041669515,0.3489918227220038,0.3466071617090009,0.3279052318391163,0.3527926379719545,0.3178946186953954,0.3551224944130684,0.3363197271745394,0.2940923478804897,0.3500544179122173,0.3717827644855787,0.3441084190370257,0.3340485008217614,0.2718319050493027,0.3530395175721633,0.4196928905076397,0.3167541571640629,0.2972470340697292,0.3457958460299307,0.3497286353299533,0.3228547530472577,0.3363164575877375,0.3556226390451334,0.3714930407033187,0.3391350407371609,0.3050093816212038,0.3449310774000653,0.3000317706501966,0.3451416899102306,0.3391413336661266,0.3060355938939524,0.353533782069158,0.3581320423596308,0.3731839186921843,0.3672412713123508,0.2894775766043634,0.3460400131434418,0.3178701307105683,0.3133952405499672,0.3015290446543566,0.2788641704000594,0.2958494588360444,0.3205673109352814,0.3743365519414244,0.351176602352107,0.3225050208108289,0.3633666265595793,0.3567790990454648,0.334121560761679,0.3605094456673253,0.332474567286696,0.3635606623207187,0.3196504427657969,0.311750945139739,0.3601143744948376,0.3265566224406618,0.3527654702275321,0.3081008889815641,0.3161602792156661,0.3074452941199359,0.2849014258139056,0.3150893282025934,0.397897092525656
0.304747226715671,0.3773730488198865,0.3560210570033232,0.3625064364519779,0.2642877609393954,0.3803415549622422,0.35646757177269,0.3650675629883876,0.3997033290230237,0.3109216718568527,0.3601579117286285,0.3749880260636276,0.3420976789887169,0.2676532414281116,0.3059206734517657,0.3213146615832862,0.3632788298352283,0.3428450907105425,0.3536968289217828,0.3646745512252617,0.3163143529178771,0.2904760475283627,0.3014833289655765,0.3177507562397315,0.2843529737568813,0.3116662372978334,0.3125102767485296,0.3374131274050955,0.3167615147199062,0.3531444217835263,0.3250554422933865,0.2379609615485055,0.3336013913164961,0.3533780845938737,0.3000443050120037,0.3397789450609897,0.3086870067250852,0.3449021830577207,0.3474249929908228,0.3267908250754895,0.3542788838868387,0.3171396169695807,0.3553354715939261,0.3356258760606912,0.2964511115255601,0.3498787711419549,0.3722366880066199,0.3434406782525335,0.3330054484340991,0.2699240348994811,0.3490637677743399,0.4222221190457153,0.3154327441807502,0.2963776533657845,0.3465658573560825,0.3502776588203355,0.3255827508441499,0.3398426330284374,0.357076352215938,0.3706070588334715,0.3382490327129383,0.3026915577717392,0.3438500424415786,0.3049696575276823,0.3503169138860868,0.3390171494032302,0.3042825076644088,0.3553479814679398,0.357380288125853,0.373145578784112,0.3692904254211293,0.2874989498575295,0.3464218437182625,0.3171808196792241,0.3122329749348592,0.2997711699660783,0.2832994700993603,0.2943079123616774,0.3262199098318423,0.373887110763494,0.3500089472964424,0.3213765238728253,0.3642074962302931,0.3565831781936113,0.3389515628499446,0.3609716310816397,0.3309311652637495,0.3635649029515588,0.3186529778879146,0.318241189989412,0.3597502781856955,0.3248815786513813,0.3519542018700021,0.3077289645899456,0.3129179556276544,0.305700747292472,0.2838943323050477,0.3218340739906088,0.3947599710654844
0.3046677097441024,0.3783240376904342,0.3555655652163089,0.3628742100067221,0.2621721071251569,0.3810077603008585,0.3597136113017306,0.364018643029151,0.3990121906530844,0.3093002795826948,0.3593658251011285,0.3677913842135977,0.3434800335825257,0.2640390261776258,0.3141319925138041,0.3241882179618335,0.3625345140117902,0.33952712062314,0.3559084456808991,0.3634419901368942,0.3147986894442527,0.2885869295720775,0.3000498221938025,0.3164107054558597,0.2831921110628562,0.3158823875871397,0.3158253458234206,0.337358772860166,0.317250746477106,0.3504864903127619,0.3235761068491356,0.243149237915993,0.3388522641988255,0.3513091651797693,0.3031265408629296,0.3372207869395861,0.3140544466686552,0.3407465507375253,0.348073306654371,0.3256177244165464,0.3555546251525127,0.3164308180418328,0.355384489825348,0.3349774085517989,0.2993540658187565,0.3497954711437569,0.3726194422653334,0.3427427894471402,0.332026658775976,0.2681137248223863,0.344450615190695,0.423823436092109,0.314055655308012,0.2959624215927031,0.3474168748892693,0.3508314595575151,0.3281796376723238,0.3430414439728168,0.3582394640796372,0.3697034959000255,0.3373450368810056,0.3007828626789442,0.3426445947282022,0.3103566544750336,0.3548336382006917,0.338753138496925,0.3023668242072611,0.3568821980594006,0.3565017548123106,0.3729993184269005,0.371178968777206,0.2852945059731345,0.3467094005574548,0.3165018224730481,0.3111972695518794,0.2978006984083871,0.2887531522651963,0.2927745277858046,0.3315103415642571,0.3735576270146143,0.3488710882828192,0.3200751030077136,0.3648535150385429,0.3561606629710452,0.3432509678793722,0.3614667614014114,0.3294300021736804,0.3634649657072372,0.3175825020511337,0.3247594552187741,0.3594769874642913,0.3224345014680446,0.3507820411945027,0.3077724875889865,0.3104956010314132,0.304033112182309,0.2826992133184354,0.3289860658993328,0.3907545768507361
0.3053626350407624,0.379149052931397,0.3551585233087293,0.3632468512443086,0.2601580951730491,0.3818829630541921,0.3627849709903352,0.36289494488595,0.3980825603003672,0.3077805188348892,0.3586388398483583,0.3605766069775263,0.344831213765365,0.260401957951179,0.3222112874688811,0.3275219889637234,0.3615809606401998,0.3373290913449366,0.3586132709773426,0.3621871817387209,0.3132862779370884,0.2868566853001209,0.2984538155732104,0.3149082858433362,0.2819413277682265,0.3203338485277369,0.3195056265732914,0.3372471220328593,0.3178058819154754,0.3476662092017384,0.3219955241913848,0.2497178824492005,0.3434091957133302,0.3493123974973734,0.3062301064705851,0.3353121380996453,0.3192420904443047,0.3365414256438402,0.3485344793771476,0.3244051856971019,0.3566003845463376,0.3157510695956498,0.3552776057829129,0.3343607724712712,0.3027253808908065,0.3497873999706533,0.3728996619937595,0.3420058457859277,0.3311334585062414,0.2662932729498347,0.3394345894518658,0.4243599797111265,0.3126364746389889,0.2960869140049396,0.3483180453394091,0.3513791118633791,0.3305230814705371,0.3459319406596198,0.3591528464069328,0.3687713349692618,0.3364436402153672,0.2993377021003827,0.341405084391814,0.3160333664666621,0.3587389624024092,0.3384195265765596,0.3002921068024524,0.3581835710867605,0.3555312731505423,0.3727078479333155,0.3728778750802278,0.2828994030122385,0.3468954249638557,0.3158156907462359,0.3102771541899009,0.2956324419138711,0.2950393278915133,0.2912005563878709,0.3363266207536926,0.3733785145356658,0.3477662916706189,0.3186125475770763,0.3653036399285503,0.3554955236385744,0.3470145696462285,0.3619673043799931,0.3280014806885181,0.3632474579045686,0.3164020924883644,0.3311185314406588,0.3592803047474157,0.3192491232498297,0.3492229047418161,0.3081611354909565,0.3089768868584461,0.3024356328758179,0.2812839778025998,0.336322126204144,0.3860918546448303
0.3068964242243429,0.3798006232521514,0.3548045575007053,0.3636350516338325,0.2581779149594877,0.3830054149467037,0.3657166081913211,0.3617396201537758,0.3969754403321056,0.3063591375646433,0.3579868451079885,0.3536282763666446,0.3461406075341944,0.256974965017526,0.3298951737604346,0.3312499679920461,0.3604173120112827,0.3363047514370665,0.361970294168129,0.3609166027202264,0.3117574010990914,0.2853048514460214,0.2966873900139549,0.3132157591831804,0.2805768987257813,0.3248809672684717,0.3237120708422142,0.3370499803244549,0.3183667051002442,0.3447041178577158,0.3203434331344367,0.2574695455680261,0.3473120853741014,0.3473588014301651,0.3093124341258007,0.3338974705040005,0.3241072621225693,0.3323083080611128,0.3488059188198666,0.3231830428428722,0.3574039371372928,0.3150778983242646,0.3550287753522236,0.3337577183255201,0.3064650399475609,0.3498280840098412,0.3730339337474257,0.3412308083269883,0.3303406170971971,0.2643872560186325,0.3342842321396022,0.4237055574806902,0.3111910307315236,0.296821783855636,0.3492309196848828,0.351900485685557,0.3325127830200504,0.348540883587613,0.3598462321154209,0.3677903152438632,0.335558546621311,0.2983905822866063,0.3402201736190854,0.321838972309811,0.3620933699362004,0.3380637974921187,0.2980824906393898,0.3592847807091888,0.3545075336607927,0.3722487557846793,0.37439815989224,0.2803487119430436,0.3469735984370467,0.3151039399662664,0.3094421742395475,0.293304979913199,0.3019209197194342,0.2895334753142632,0.3406067947738724,0.3733771320841237,0.346688669945609,0.3170239208202309,0.3655492880975058,0.3546320288045104,0.3502679746871137,0.3624372703641434,0.3266631313276683,0.3629133174103171,0.3150722995332318,0.3371506661305044,0.3591461810465997,0.3154465310690586,0.3472546531786548,0.3088145843047012,0.3084052230316749,0.3008884628787939,0.2796436031671549,0.3436212561545154,0.381008460854683
0.3092820043540429,0.3802388144602029,0.3545113550388309,0.3640559013937773,0.2561626006369354,0.3843829397222246,0.3685223123780577,0.3605894915583491,0.395757891025352,0.3050218128181812,0.3574127324161664,0.3471128737291001,0.3473820101835066,0.2540213853658564,0.3369753085323645,0.335266622067254,0.3590451523603352,0.336455065072634,0.3661224586049832,0.3596382736530272,0.3102004632611162,0.2839292489347241,0.2947595153108189,0.3113272349965131,0.2790819370827795,0.3293876351379579,0.3285473884383196,0.3367495586341054,0.31885880327563,0.3416284448232565,0.3186599618039964,0.2661344475473681,0.3506242668888719,0.3454255654111186,0.3123410875922068,0.3328047667872588,0.3285482331870742,0.3280812300292162,0.3488993987011584,0.3219847746983486,0.3579657443456214,0.3143864559602596,0.3546594935237023,0.333142045286774,0.3104626181713403,0.3498978932789032,0.3729787574659011,0.3404195190093713,0.3296522421621087,0.2623562345390114,0.3292956307228428,0.4219701908608388,0.3097361575786967,0.2982051200653842,0.3501134782626384,0.352372373018861,0.3340765972054509,0.3508942726155103,0.3603402503495451,0.3667455217387673,0.3346994975737236,0.2979563927737007,0.3391512676548662,0.327620475041653,0.3649656229775234,0.3377184775278908,0.2957786475794694,0.3602056525278133,0.3534651674412765,0.3716158639127686,0.3757877298153735,0.2776798896630755,0.3469455370615513,0.3143405068295329,0.3086606587362536,0.2908709359004092,0.3091284935847899,0.2877268028186108,0.3443342013191154,0.3735855814106209,0.3456200663681864,0.3153608614992498,0.3655849070270443,0.3536606477446447,0.3530597849760251,0.3628450410738639,0.3254209749201723,0.3624703287988385,0.3135572634401103,0.3427267553366233,0.3590611858572462,0.3112261191187301,0.3448666982330938,0.3096483717337804,0.3087831170945613,0.2993632019097277,0.2777922927839302,0.3506783713276148,0.3757494456046187
0.3124760961158181,0.3804387797255018,0.3542828838135358,0.3645227928511955,0.2540465115844399,0.3859906490646711,0.371200032038097,0.3594678532885436,0.3944928364804305,0.3037396228888231,0.3569176185507304,0.3412150356584257,0.3485058526426386,0.2518147238697695,0.3433066666697573,0.3394341322290095,0.3574651140159119,0.3377283708985152,0.3711654017272366,0.3583596563305016,0.3086167249766451,0.2827036660096634,0.2927033800412301,0.3092670957466038,0.277446185824364,0.3337361973419704,0.3340373525359877,0.33634759602682,0.319198387125721,0.3384732001585852,0.3169935262919032,0.2753975026580738,0.3534109871381097,0.343499666284525,0.3152960942871467,0.3318667660464631,0.332506587598287,0.3239017730779421,0.3488404105226461,0.3208394303201552,0.3583001582882154,0.3136490881149446,0.354202377512103,0.3324877464556388,0.3146029510144108,0.3499908055437836,0.3727006909255058,0.3395702546416873,0.3290586370012049,0.2601935555093911,0.3247714611839809,0.419312440318676,0.3082943086260626,0.3002415253203643,0.3509210136958299,0.3527748937744012,0.33517729667746,0.3530108338269284,0.3606500890630564,0.3656276525185352,0.3338769017194842,0.2980270405313311,0.3382251383459689,0.3332386204567195,0.3674235156332309,0.3374044836339287,0.2934421626651101,0.3609553029443373,0.3524329431127319,0.3708185638228445,0.3771266862459816,0.2749331656028306,0.346822496426194,0.3134955449029328,0.3078994388800924,0.2884042022762373,0.3163874607154033,0.2857490146267398,0.3475275357653483,0.3740321900053157,0.3445390112531863,0.3136798726048135,0.3654150273653859,0.3527025227219504,0.3554525780836308,0.3631746555488791,0.3242741206190313,0.3619213930991579,0.311831474497198,0.3477682527911441,0.3590129597435175,0.3068492068265053,0.3420659433671541,0.3105768008635182,0.3100768278135535,0.2978271836780969,0.2757673100665795,0.3573222442263763,0.3705486098854139
0.3163839840890053,0.3803944216283716,0.3541183999123602,0.3650397787871227,0.251767919748377,0.387773758928058,0.3737322276073769,0.3583814591440883,0.3932305089384724,0.3024720619053115,0.3564989520327393,0.3361947686235286,0.3494397641693437,0.2506210755073422,0.3488099460315209,0.3436010152370808,0.35568337839857,0.3400228828250528,0.3771207621031244,0.357082376310291,0.3070247511359252,0.2815884163339593,0.2905695052624903,0.3070917649190586,0.2756779103078315,0.3378390745488741,0.3401323639448413,0.3358677991915059,0.3193034368956939,0.3352812482681662,0.3153890223300077,0.2849294819715232,0.3557263800989591,0.3415832965277788,0.3181652048405158,0.3309438382436785,0.3359624676946049,0.3198151828144042,0.3486636655458847,0.3197669673107793,0.3584318536384177,0.3128387594539705,0.3536981545482494,0.3317762736436807,0.3187685226331432,0.3501061649930746,0.3721767354758555,0.3386859220234456,0.328538446725026,0.2579222082123484,0.3209952859425296,0.4155140759438059,0.306891820149658,0.3029084369092351,0.3516069124685029,0.3530871488793643,0.335814256588425,0.3549001895147516,0.3607838170472936,0.3644245046731433,0.3330945851708456,0.2985676659229385,0.3374454533171748,0.3385816690087927,0.3695263171404502,0.3371324388929026,0.2911643869481747,0.3615339638842685,0.3514358836263585,0.369882145979742,0.3785212482676264,0.2721429537712837,0.3466203180298972,0.3125453867365309,0.3071110368864749,0.2860102230734925,0.3234452447389661,0.2835853531247938,0.3502329593192601,0.3747271925357908,0.3434307075629209,0.3120320520826812,0.3650527060715281,0.3518919381879973,0.3575109599543354,0.3634183808709963,0.3232141407735912,0.3612638329072278,0.3098792125456593,0.3522388022800904,0.3589941721000265,0.3026270891303273,0.33888223900449,0.3115205662415052,0.3122171025910174,0.2962443913585729,0.2736473304152096,0.3634246836068162,0.3656028078071763
0.3208653124254902,0.3801143536635394,0.3540182013366004,0.3656034794542224,0.249274299795873,0.3896514685068148,0.3760868082064482,0.3573241721515581,0.3919943064428032,0.3011746776176144,0.3561467513273791,0.3321984536344723,0.3501137860292055,0.2506772390348886,0.3534685525924569,0.3476197121467485,0.3537162290288121,0.3431929416698474,0.3839231644535461,0.3558022292992127,0.3054695461369491,0.280536441321961,0.2884197794345683,0.3048911774901626,0.2738142361424306,0.3416392358110516,0.3467339209568854,0.3353469294426306,0.3190994638964645,0.3321042920827439,0.3138750560982129,0.2944097108995652,0.3576175309437117,0.3396916296060525,0.3209397070696207,0.3299396429910818,0.338931487529436,0.3158761624940239,0.3484058002213115,0.3187776551342477,0.3583921365424802,0.3119350267379508,0.3531898430713779,0.3309906582139191,0.3228494715191973,0.3502429403870585,0.3713932956395789,0.3377783180739134,0.3280655117317661,0.2555962327068321,0.3182073977416429,0.4100060793168352,0.3055493674872908,0.3061515405519595,0.3521293982094986,0.3532826934776659,0.3360179762325664,0.3565635926798819,0.3607417792385619,0.3631245914051039,0.3323410953563835,0.2995185976958898,0.3367979752300746,0.3435794542339934,0.3713248170146975,0.3369106627516566,0.2890641454626549,0.3619364415908903,0.3504917533387932,0.3688478053248331,0.3800893353543372,0.2693321100812909,0.3463578952429315,0.3114727039132366,0.3062372066568857,0.2838193926050505,0.3300890461926721,0.2812403606451167,0.3525174149448914,0.37566304247288,0.3422867887348961,0.3104599981216911,0.3645176981533817,0.3513556860147243,0.3592896945371918,0.3635665547419449,0.3222221424991963,0.3604963305973931,0.3076916858474124,0.3561332073421038,0.3590051258826461,0.2988962595641484,0.3353765312633362,0.3124133471571733,0.3151007074724469,0.2945748802481064,0.271562504606065,0.3688960357267957,0.3610503799166545
0.3257411125352505,0.379620136478499,0.3539858606219841,0.3662058528797581,0.2465345839240396,0.3915216299016024,0.3782267309100903,0.3562826994459149,0.3907684214833771,0.2998053478656801,0.3558490375320696,0.3291089885319906,0.3504821843966321,0.2521602349174248,0.3573198283748165,0.3513565880995437,0.3515838160761818,0.3470609526643411,0.3914150006231703,0.3545135249225676,0.3040311155245193,0.2794876763262941,0.2863345684298435,0.3027916752623117,0.2719164098316081,0.3451042030168971,0.3537153238132496,0.3348269052863636,0.3185204378840596,0.3289932825264944,0.3124625070169119,0.3035456959629553,0.3591284586443762,0.337845715130061,0.3236170775251022,0.3288061671701115,0.3414600812230593,0.3121537412706657,0.3481032440783195,0.3178728277026508,0.3582187165031052,0.310923368862716,0.3527208605685613,0.3301113182782095,0.3267573755193924,0.3504054979402362,0.370351625854295,0.3368597989747345,0.3276121925252236,0.2533018948389869,0.3165789739692756,0.4024288987460281,0.3042762425952718,0.309878412128907,0.3524599903822576,0.3533361525760266,0.3358432943827701,0.3579953029926597,0.3605256207040361,0.3617309004204821,0.3315953900996853,0.3008018666672332,0.3362442997507929,0.3482026005119192,0.3728639543738032,0.3367549561488189,0.2872753836167075,0.3621584879751113,0.3496047688033735,0.3677695761425856,0.3819407777140986,0.2665161614472415,0.3460602519048779,0.3102598243894841,0.3052284216990401,0.2819725521700968,0.3361572273353724,0.2787491162976926,0.3544584441802131,0.3768227585742232,0.341103023061296,0.3089970750443671,0.3638389057041069,0.3511941218516641,0.3608285066903698,0.3636138714610424,0.3212705094814749,0.3596195876982768,0.3052716205692293,0.3594763629700394,0.3590487254777901,0.295970939283007,0.3316494126593607,0.3132028679669105,0.3185989613726974,0.2927773368580884,0.2696864037924253,0.373680599101039,0.3569634209917897
0.3308091286812703,0.3789480189669256,0.3540210593472866,0.3668324755246783,0.2435503858756084,0.3932653947160835,0.3801225228925503,0.3552378789116961,0.3894976932832417,0.2983266149399038,0.3556019528173307,0.3266698431388521,0.3505224910836868,0.2551617679787861,0.3604420943315215,0.3546975684652637,0.3493021364275295,0.3514324675158786,0.3993465948332421,0.3532102799611851,0.3028231599916188,0.2783679512492706,0.2844179579798185,0.3009544870128114,0.2700614482532372,0.3482243046127003,0.3609269552526328,0.3343512122628063,0.3175145917736566,0.3259879764447937,0.3111505975957099,0.3120968655253621,0.3602947314351886,0.3360700666385868,0.3262017790728254,0.327542091659303,0.3436124282336636,0.3087242314904098,0.3477945413324387,0.3170433171319892,0.3579549353107006,0.3097899871611235,0.3523324136706149,0.3291279572235195,0.3304292842477042,0.3506071437873742,0.3690720952260553,0.3359384131169708,0.3271460266122477,0.2511512514656392,0.3161882150891341,0.3930119322477757,0.3030724102871164,0.3139679953673384,0.3525843678147918,0.3532315509612345,0.335363835842827,0.3591853867982803,0.3601483681550423,0.3602629672653042,0.3308376368622046,0.3023292370032948,0.3357237069544906,0.3524510090813131,0.3741806128899653,0.3366866603931522,0.2859381151103745,0.3622025980125173,0.3487668315887667,0.36670777547818,0.3841644325454077,0.2637056954045594,0.3457549998485557,0.3088907940535682,0.3040520557695611,0.280615907158483,0.3415502506711566,0.2761863794893625,0.3561309238894661,0.3781726223956591,0.339883678343048,0.3076607934346873,0.3630546331120651,0.3514688744250849,0.3621537954332005,0.3635692610524766,0.3203276762777439,0.358630139204582,0.3026408279601341,0.3623179661249795,0.3591217593450658,0.2940999137715513,0.3278414106468552,0.3138532880776386,0.3225663836941827,0.2908142495079475,0.2682240234379073,0.3777590802305273,0.3533493894550237
0.3358639688440957,0.378143551782477,0.3541119881272821,0.3674593018616235,0.2403605372265062,0.3947524323815914,0.3817562354948849,0.3541625548900959,0.3880965844038616,0.296708255790825,0.3554105451327088,0.324679058685124,0.3502343279759137,0.2596800364531657,0.3629379147778826,0.3575525716957144,0.3468834801989661,0.3561057304717987,0.4073904549351185,0.3518849327472854,0.3019817634080467,0.2771026212084371,0.2827878303527761,0.299565125066972,0.2683467660747181,0.3510133103178373,0.3682104780282479,0.3339562223747855,0.3160562538207213,0.323117164684465,0.3099278955681595,0.3198931790087486,0.3611425200914865,0.3343923670433333,0.3286949617921088,0.3261872680142344,0.3454547324389656,0.3056584241338495,0.3475164557916513,0.3162667240652441,0.3576436198549456,0.3085243550849057,0.3520553522520436,0.3280501043730374,0.3338219775599738,0.3508613698235264,0.3675880943669096,0.3350259886894177,0.3266288127872377,0.2492706847603785,0.3170100295067016,0.3823767919874617,0.3019300270117224,0.318287061569262,0.3524985893193875,0.3529610266785162,0.3346628678110503,0.3601241846675363,0.3596320947782469,0.3587441989975206,0.3300480355144782,0.3040126686340563,0.3351687519958217,0.3563476793931746,0.3752991423956569,0.3367222634772296,0.2851924777106553,0.3620789889312293,0.3479641780555337,0.3657226068899477,0.386825803724772,0.2609005751757251,0.3454625622551701,0.3073605907194285,0.3026830470702256,0.2798987454860316,0.3462353166035855,0.273660345689541,0.3575967939225398,0.3796420930315749,0.3386438398147706,0.3064438994360441,0.3622080077896736,0.3521980843884513,0.3632804794722984,0.3634499726734289,0.3193607293728751,0.357518441476626,0.2998393270390258,0.3647151115882217,0.3592126126395258,0.2934494559453136,0.3241212596676148,0.3143493646404387,0.3268427628542842,0.288655469319531,0.267405121965529,0.3811460219931187,0.3501571439550073
0.3407122912019535,0.3772498045486912,0.3542380046426847,0.3680537742305745,0.2370434721474893,0.3958522684548329,0.3831189408547097,0.3530240414044008,0.3864607633549962,0.2949362883880778,0.355280979430832,0.3230046685762336,0.3496528564216535,0.265620940418572,0.3649143756484894,0.359858530700956,0.3443406256800121,0.360872955211082,0.4151717659784614,0.350530332339397,0.3016508458025168,0.2756306081028731,0.2815633284277531,0.2988146302006889,0.2668976755663078,0.3534999073464158,0.3754262328645131,0.33366022190134,0.3141562927607797,0.3204041264948662,0.3087683624192671,0.3268384436860024,0.3616984768806647,0.3328368808312079,0.331083111698493,0.3248128056841191,0.3470468572436966,0.3030151471437629,0.3472936036680397,0.3155091619229832,0.3573194367770322,0.3071293937247155,0.3519044662160812,0.3268970626640108,0.3369099140819099,0.3511717025739562,0.3659364505109326,0.3341428955696454,0.3260241938753658,0.247794625607832,0.318920180117849,0.3712201339784817,0.3008310377886938,0.3226957525448555,0.3522114289830352,0.3525218756985012,0.3338205530199372,0.3608065335644108,0.3589995136055987,0.3571943160762548,0.3292010654638769,0.3057746869211321,0.3345176188306405,0.3599370360964631,0.3762312204038534,0.3368707690208936,0.2851653671064953,0.3618041822199769,0.3471792578039389,0.3648722928517157,0.3899670014431804,0.2580899214989824,0.3451950928724204,0.3056774949214733,0.3010995188248034,0.2799591545154516,0.3502365906162852,0.2713003037973548,0.3589010242458855,0.381118939860437,0.3374029686387474,0.305314484423891,0.3613438886427158,0.3533586740916856,0.3642123371223599,0.3632697239368244,0.3183369130847568,0.3562742707532694,0.2969194196215552,0.3667197525024119,0.3593059846964811,0.2940936011725603,0.3206695894297006,0.3146907915217995,0.3312559060835948,0.2862805411056893,0.2674738207266874,0.3838748846123317,0.3472927638466299
0.3451849330302354,0.3763025307711582,0.3543779458242172,0.3685804551158995,0.2337222035331425,0.3964528955300461,0.3842118109453558,0.3517931660823692,0.3844836869718164,0.2930256024197162,0.3552179088066589,0.3215203274678984,0.3488540917631478,0.2727992500135762,0.366467585816602,0.361580244456178,0.3416865145931965,0.3655230245354389,0.4223043408057588,0.3491423244311977,0.301967813844653,0.2739054083395576,0.2808613538738957,0.2988776011465135,0.2658569735058593,0.3557114109531053,0.3824673968833025,0.3334631793122797,0.3118666925756138,0.3178637290960672,0.3076331708755894,0.3329049473894961,0.3619956757356848,0.3314153240846413,0.3333408497243156,0.323508276328541,0.3484384529543853,0.30084051106062,0.3471347486102332,0.3147316874476341,0.3570069159780095,0.3056252721411707,0.3518822431992313,0.3256838418892595,0.3396891699241763,0.351531165222315,0.3641554267468148,0.3333074678133223,0.3253050292974666,0.246866651416262,0.3217051832372268,0.3603015645815732,0.2997471559747123,0.3270494235380401,0.3517503043365326,0.3519217234573936,0.3329059154068814,0.361234349351458,0.3582758817872479,0.3556344191242577,0.3282721169953568,0.3075515864480865,0.3337144552064393,0.3632731626198676,0.3769790350898671,0.3371390708569101,0.2859523964363745,0.3614024424271888,0.3463888397368886,0.3642137175975127,0.3936041335944438,0.2552658140348972,0.3449650984987596,0.3038600267095193,0.2992947413918707,0.2809040308838414,0.3536176137355461,0.269254440480087,0.3600702884696343,0.3824649563800738,0.3361804971053027,0.3042256563629146,0.3605083366651779,0.3548942939211482,0.3649462037974753,0.3630392763658445,0.3172265301891643,0.354891912697114,0.2939480465078083,0.3683795710128336,0.3593843218384697,0.2959959590385409,0.3176659476606924,0.3148771426062516,0.3356322635686711,0.2836829978315095,0.2686663733648747,0.3859839374992084,0.3446453885430833
0.3491529911697231,0.3753331190036407,0.354511839331359,0.3690059267215232,0.2305669974796424,0.3964758564479688,0.3850486819042439,0.350451274055885,0.3820780651587023,0.2910246402341871,0.3552295500200433,0.3201420894766759,0.3479390318032382,0.2809493310824786,0.3676789464815287,0.3627079269181017,0.3389321665393882,0.3698528837014102,0.4284243173076415,0.3477167717916144,0.3030495284851719,0.2718928860281763,0.2807906437903816,0.2998936417692602,0.2653627850865993,0.3576655588773825,0.3892555853426256,0.3333533681157971,0.3092795595795387,0.3154938817419513,0.3064797266868126,0.3381272504054733,0.3620692803194746,0.3301244151814219,0.3354409693062596,0.3223692145800583,0.3496620217324536,0.2991627298828358,0.3470386443373207,0.3138941042365679,0.3567232886179692,0.3040437067146673,0.3519837771255238,0.3244263176844253,0.342173688572042,0.3519250168940842,0.3622860868046808,0.3325253160425558,0.3244522804150217,0.2466380289999604,0.3250795891827979,0.3504721302834691,0.2986447304255714,0.3312132166789727,0.3511577545549193,0.3511831633559019,0.331976081227433,0.3614182396200513,0.3574982253692839,0.3540900513727962,0.3272498968790132,0.3092911700516942,0.3327081731646115,0.3663989729004752,0.3775372551432915,0.3375306500426695,0.2876078115120606,0.3609075697395394,0.345567241134492,0.3637982514607826,0.3977257919507243,0.2524354356551054,0.3447862304384626,0.3019410691932855,0.2972901244051615,0.2827989476411711,0.3564681994479877,0.2676904809306613,0.3611114172810332,0.38352642676326,0.3349994512392141,0.303123967176832,0.3597439290945275,0.3567252975291533,0.3654797069393521,0.3627724793051262,0.3160045378471026,0.3533713558726008,0.2910162097050437,0.369735867662304,0.3594223728074836,0.2990082706661012,0.3152774042448594,0.3149012137037879,0.3398080710179531,0.2808748536777372,0.2711828525016,0.3875150344753469,0.3421110828481649
0.352540735132392,0.3743661548505942,0.3546166369431163,0.3693004117163346,0.2277886711975571,0.3958791970960353,0.3856505536734345,0.3489896084391033,0.3791918233118574,0.2890096489559163,0.3553290177754,0.3189045381423644,0.3470191277552343,0.2897539964980679,0.368618059597304,0.3632510523502298,0.3360886292642626,0.3736802247521317,0.4332222355399344,0.3462456012358355,0.3049796505987771,0.2695802423541172,0.2814352514968461,0.3019550207260836,0.2655378183544148,0.3593744546772096,0.395740924387284,0.3333057189113001,0.3065225780692234,0.3132767353146804,0.3052682882760369,0.3425888359158313,0.3619561359761952,0.3289479344881218,0.3373527298379077,0.3214847903424913,0.3507282059195215,0.2979807943930397,0.3469965919720846,0.3129540300617315,0.3564799221241555,0.3024263756102975,0.3521940087910821,0.3231524103543424,0.3443800492599762,0.3523289907773426,0.3603667273915021,0.3317940424571391,0.3234523400475699,0.2472563986107168,0.3287194052263571,0.3424260926733368,0.2974896906784395,0.3350812470455697,0.3504793372024591,0.3503377204188527,0.331075084787451,0.361378769865726,0.3567138161086157,0.3525842990321923,0.3261366853370509,0.3109553671613816,0.3314574641799118,0.3693334070172302,0.3778951148290023,0.3380368242043243,0.2901417478732835,0.3603579473371591,0.3446936760411411,0.3636623628196376,0.4022948521216854,0.2496198649521789,0.34466290005413,0.2999772560713829,0.2951350065993067,0.2856662356228202,0.3588938085634792,0.2667811244283949,0.3620132594777872,0.3841300471319544,0.3338848300539128,0.301952469054908,0.3590816459936765,0.3587583007474504,0.3658153079870705,0.3624826736347913,0.3146497727241422,0.3517191722423982,0.2882401041292431,0.3708116755414995,0.3593851164915431,0.3029057986896685,0.3136445303937311,0.3147550452711171,0.3436320541490789,0.2778883809648938,0.2751622863403726,0.3885166597273383,0.3396098404515754
0.3553235677721879,0.3734105164477527,0.3546676331160768,0.3694396170181769,0.2256238778010674,0.3946561566083953,0.3860358192824745,0.3474072305306396,0.3758141632319618,0.2870812505406591,0.3555270789033237,0.3179472363959815,0.3462152828246581,0.2988771116371985,0.3693410086255902,0.3632318376761247,0.3331700446026452,0.3768480267472676,0.4364697696576535,0.3447205250414741,0.3077970956457598,0.2669913330373344,0.2828420735855581,0.3050956607588032,0.2664895519408752,0.3608453440633796,0.4019090447993664,0.3332762630347979,0.3037545372048167,0.3111906447670705,0.3039621307411721,0.3463992929136749,0.3617026943898027,0.3278566543361499,0.3390305725218442,0.3209244150765277,0.351632371305018,0.2972574181024222,0.3469881033950527,0.3118689131878428,0.3562813690060537,0.3008329526598176,0.3524851400194835,0.3218946791934632,0.3463171386107729,0.3527086862366449,0.3584242443339309,0.331112284910074,0.3223007954114773,0.2488499032602168,0.332304878876654,0.3364374671044338,0.2962505307428646,0.338581100818916,0.3497577507396318,0.3494175342829734,0.3302291742705814,0.3611462656693331,0.3559662761940522,0.3511311855759287,0.3249404441699646,0.312526815752462,0.3299361244100853,0.372070528782484,0.3780410110456982,0.3386339984387002,0.2935141248980505,0.3597871299863535,0.3437553381086733,0.3638226698981675,0.4072496395582669,0.2468518359596126,0.3445877548746783,0.2980509725584224,0.2928991094607638,0.2894798660673601,0.3609977550475307,0.2666800779927969,0.3627550664859167,0.3840885423688697,0.332850583246658,0.300654937204681,0.3585383186515754,0.360896548266429,0.3659602451657321,0.3621760382855012,0.3131465965364353,0.3499508750510544,0.2857501602007698,0.3716086743400569,0.3592357871194697,0.3074315427065984,0.3128677493000951,0.3144295991127902,0.3469643832480581,0.2747789855305444,0.280665370819798,0.3890382779375299,0.3371031819322755
0.3575173223167622,0.3724576668604116,0.3546466769676961,0.3694095544984541,0.224317350573594,0.3928395660389214,0.3862188956354818,0.3457131386634596,0.3719802580012613,0.2853688603271794,0.3558239619034223,0.3174500388317381,0.3456500506903004,0.3079848127903474,0.3698864044238636,0.3626823168506735,0.3301930062764164,0.3792244847807817,0.4380322644469457,0.3431397982976553,0.3114845310673499,0.264194694845681,0.2850213261208481,0.3092779219189133,0.2683007621106454,0.3620718104887931,0.4077749975120096,0.3332095567507218,0.3011615221736656,0.3092172399128751,0.3025269964608389,0.3496766166327171,0.3613647024448785,0.3268098430411585,0.3404137031072878,0.3207269885677931,0.3523658970338656,0.2969237039286093,0.3469822217527608,0.3106039599286019,0.3561258592982347,0.299345500902575,0.3528248220331934,0.3206741000997604,0.3479908280421065,0.3530256160690267,0.3564734745371662,0.3304765849885038,0.3210059952318076,0.2515152147955088,0.3355542748521109,0.3324203754443198,0.2949015737627425,0.3416664755896324,0.3490354943020983,0.3484552598898842,0.3294457937087401,0.3607580694260666,0.3552871502389919,0.3497362363276201,0.3236754553051992,0.3140056676326954,0.3281328387617674,0.3745773491341243,0.3779655134857806,0.3392876606767338,0.2976280856452671,0.3592204080272297,0.3427462177123948,0.3642786689664604,0.4125000172582091,0.2441844006617832,0.3445531478319661,0.2962648901651619,0.2906697162990334,0.294158351119321,0.3628609846845554,0.2675099004234436,0.3633160672262867,0.3832283507174105,0.3318920098892458,0.2991835843914919,0.3581200921016572,0.3630503470369831,0.3659289084162653,0.3618542101165688,0.3114897487878346,0.3480916187186108,0.2836816043235385,0.3721207431680544,0.3589449837485729,0.3123195822554792,0.3129988076900658,0.3139006648825326,0.3496805392489308,0.2716325837912073,0.2876652673164595,0.3891206836297804,0.3346096083349846
0.359173247574624,0.3714897877861816,0.3545448682287244,0.3692109521318084,0.2241006290880262,0.3905045293488838,0.3862158532264137,0.3439277037387627,0.3677760492329197,0.2840282878305057,0.3562061702421769,0.3176000006646576,0.3454248833846444,0.3167645327284549,0.3702811633947194,0.3616435561492994,0.3271751771067251,0.380706610862517,0.4378668316365938,0.3415061896606519,0.315962047991046,0.2613027983784107,0.2879445163034168,0.3143853438566972,0.2710103438410398,0.3630319922441959,0.4133680684369468,0.3330545998826698,0.2989467603475438,0.3073385381845244,0.3009338441286343,0.35254153107876,0.360993696373903,0.3257635028011919,0.3414398163372351,0.3208980044519816,0.3529193098204914,0.2968897678711032,0.3469475698112396,0.3091376035110384,0.3560079238772347,0.2980601542765044,0.3531879534300574,0.319499482401092,0.3494101646427401,0.3532434125754018,0.3545225157076807,0.3298726630258796,0.3195851008101977,0.2553096122038791,0.3382447908462775,0.330130093371002,0.2934263485244446,0.3443145856179357,0.3483527722438163,0.3474848413069795,0.328718787894092,0.3602546121937263,0.3547005272084793,0.3483983483822251,0.3223686600564633,0.3153957273577238,0.3260483993283377,0.3767878556856736,0.3776599901880149,0.3399521133180283,0.3023373508698118,0.35867890488603,0.3416679263879465,0.3650110565476737,0.4179171145448797,0.241699245298769,0.344557383000428,0.2947380559417554,0.2885552488475827,0.299565844402905,0.3645342909601906,0.269361395779618,0.3636794633528418,0.3814158942042155,0.3309937597095977,0.2975046510850702,0.3578235944383033,0.3651416698535137,0.3657460264596174,0.3615188826539749,0.30968633501566,0.3461733478536369,0.2821737314620257,0.3723444192450975,0.3584917569079257,0.3173145318884965,0.3140364811016318,0.3131216882425959,0.3516786237510439,0.2685702963422058,0.2960450446579294,0.3887954562443527,0.3322031027348732
0.3603748596772722,0.3704856845048118,0.3543560420905773,0.3688591831452922,0.2251662767702062,0.3877573779069167,0.3860440383885216,0.342079089585066,0.363330662618861,0.283222795385782,0.3566469922396884,0.3185697358738903,0.3456050387983428,0.3249531846757568,0.3705530155766393,0.360163238455593,0.324137404772419,0.3812269263124831,0.4360142198284292,0.3398185670511608,0.3210939663747103,0.258469798960086,0.2915320681125847,0.3202312132587653,0.2746062957249615,0.3637039668325597,0.418730227539183,0.3327698006566761,0.2973093944432117,0.3055371073189119,0.2991628444407878,0.3551082513795643,0.3606295169997418,0.3246781051864851,0.3420541941769511,0.321412225503306,0.3532808258642217,0.2970519355408953,0.3468575795260833,0.3074608137832622,0.3559208342344283,0.2970762078577493,0.3535578422261111,0.3183766911625146,0.3505818708560596,0.3533292662734403,0.3525740329253566,0.3292766620578314,0.3180601106493225,0.2602429626596748,0.3402301877227908,0.3291930224569124,0.2918201539286412,0.3465292280501931,0.3477382837842028,0.3465336860289514,0.3280319730528056,0.3596768932319512,0.3542280097574811,0.347110055822065,0.321055974894359,0.3166972863313098,0.3236954531449313,0.3786069495387376,0.3771175862917781,0.3405684796574607,0.3074675056918964,0.3581813109659501,0.3405318490663359,0.3659679490927751,0.4233192798841081,0.2395008037050146,0.3445969564503519,0.2936022342616378,0.2866875900985231,0.3055232523960187,0.3660435327032214,0.2722855532540161,0.3638333668764785,0.3785642286443993,0.3301375221708441,0.2956007776393113,0.3576349979987644,0.3671002350579503,0.3654425520811707,0.3611685402862808,0.3077553418581196,0.3442302043172082,0.2813669108919271,0.3722756155448755,0.3578629864859792,0.3222085247408405,0.315925829505118,0.3120365979831461,0.352883849079338,0.2657423965834417,0.3056003416366074,0.3880932291047712,0.3299964734396872
0.3612231277782254,0.3694214885533894,0.35407339834754,0.3683813858747953,0.2276442915789427,0.3847178207378666,0.3857154086081959,0.3402000008347748,0.3587942874851554,0.2831029830464441,0.357108820566833,0.3204774193387545,0.3462216442149413,0.3323608379364507,0.3707330801841838,0.3582929188608198,0.321106312548641,0.380758133703648,0.4325874139322007,0.3380716584992547,0.3267058031615512,0.2558890896951146,0.2956508450497015,0.3265777564706791,0.2790348290280697,0.3640801321947375,0.4239233859285353,0.3323183495936376,0.2964207125193203,0.3038047783672158,0.2972063177521599,0.3574642106902685,0.3603074724376491,0.3235183423898251,0.3422069311359546,0.3222140546536622,0.3534429696773536,0.297297066013073,0.3466876407602436,0.3055793929262845,0.3558587637294809,0.2964929563516602,0.3539191754175023,0.3173066940049601,0.3515032229771836,0.3532570347453815,0.3506237410104701,0.3286638943970539,0.3164608578413037,0.2662700995795539,0.3414533617683211,0.3290798340383816,0.2900941214091537,0.348338323806652,0.3472061649542599,0.3456146160916878,0.3273582127820996,0.3590655769839583,0.353884652772117,0.3458602636022259,0.3197703634385432,0.3179123726768111,0.3211021125750951,0.3799273982824022,0.3763415218315637,0.3410724035730049,0.3128346929121459,0.3577395813579065,0.339357506105298,0.3670530188019581,0.4284627611516726,0.2377027779174211,0.3446625289237448,0.2929917743955491,0.285215026703887,0.311823502154988,0.3673940460163073,0.2762767582805818,0.3637750133618559,0.3746360618942485,0.3292972506457285,0.2934748192014173,0.3575344536608135,0.3688578314109927,0.3650473310115266,0.3607964344973238,0.3057334693984138,0.3422944216869178,0.2813875190609745,0.3719100171419399,0.3570590183696403,0.3268722617922115,0.3185650902416146,0.3105940634312513,0.3532490183158538,0.2633168438866809,0.3160511517400192,0.3870489986553611,0.3281286869091387
0.3618148884967558,0.3682752542316452,0.3536960021686737,0.3678141207902912,0.2315881055685224,0.3815099121860527,0.3852366789640675,0.3383279656494467,0.3543187438645317,0.283800603740565,0.357545731147645,0.3233551731888965,0.347271145916673,0.3388733002332932,0.3708472149388301,0.3560885755938646,0.3181132290393528,0.3793147662081652,0.4277541445466707,0.3362664332383742,0.3325993608869007,0.2537859801645439,0.3001347509193763,0.3331534116789272,0.2842061986978585,0.3641629470178186,0.4290236671895293,0.3316713963554092,0.2964087409377599,0.30214718923278,0.2950697533627016,0.3596592179936461,0.3600615565053688,0.3222530446865051,0.3418527947758465,0.3232138001069783,0.3534142908727586,0.2975111091351973,0.3464179609449047,0.3035232182725907,0.3558194006383857,0.2964074885945522,0.3542576638447303,0.3162775640670703,0.3521674652416146,0.3530151110071878,0.3486643884699328,0.3280124947177764,0.3148257703605678,0.273287335309283,0.3419421952073097,0.3292559459541327,0.2882804623644576,0.3497848529956742,0.3467617043506402,0.3447288009865929,0.326662418974434,0.3584592902689302,0.3536733426001253,0.3446376354882171,0.3185365518254245,0.3190458362992654,0.3183170118057734,0.3806450763396183,0.3753518872400155,0.3414054204549042,0.3182545901541321,0.3573573553493337,0.3381684317328426,0.3681316270112742,0.4330466714858895,0.2364188480212349,0.3447479656547105,0.2930304602620161,0.284285570802644,0.3182482392021654,0.3685707469547153,0.2812666090524098,0.3635159473633962,0.3696581141845015,0.328435897365568,0.2911537974628127,0.3575029485409663,0.3703480886628194,0.364585868070758,0.3603976440704736,0.3036863642474187,0.340393595262267,0.2823285649339368,0.3712572109052138,0.3560981598290251,0.3312513123520033,0.3218199755403697,0.3087460120609227,0.3527526899166734,0.2614715377223014,0.3270677963081867,0.3857001166577389,0.3267573753485303
0.3622313529264966,0.3670348326312194,0.3532338120493322,0.3672004588309633,0.2369677593111922,0.3782594220263369,0.3846186560405605,0.3365024427584041,0.3500494594814091,0.2854246237568584,0.3579037948016735,0.327130157804926,0.3487049380733951,0.3444434415807175,0.3709133871494171,0.3536124366226094,0.3151917930351732,0.3769517372877932,0.4217161831675153,0.334416294755505,0.3385633310346352,0.2524029463455778,0.3048082818004466,0.3396685650110333,0.2899924686954468,0.3639558203005858,0.434109377785363,0.3308169900552403,0.2973488485013966,0.3005771469550405,0.2927707007912719,0.3617177163114513,0.3599124746617519,0.3208648136483643,0.3409604447556673,0.3242866286665538,0.3532217251069073,0.2975922620987679,0.3460439014860534,0.3013509327893316,0.355805144859547,0.2969039860146307,0.3545689954659966,0.3152681988440721,0.3525742494076219,0.3526098211451561,0.346693026767089,0.3273021873871748,0.3131928048257196,0.2811345071269519,0.3417912785211341,0.3293735791855334,0.2864330486696459,0.3509179599621899,0.3464029505083678,0.3438728352620095,0.3259120501230629,0.3578913291742246,0.353586141330187,0.343429371907538,0.3173726038193179,0.3200951013405044,0.3154108370844748,0.3806657585960212,0.3741812138713593,0.3415149017453268,0.3235524300117982,0.3570358111120496,0.3369899304118069,0.3690459954052518,0.4367309513099164,0.2357549202827814,0.3448548966655175,0.29382121717633,0.2840310650169754,0.3245858257915925,0.36954471066731,0.287134549084642,0.3630808659720883,0.3637305834624504,0.3275156360586607,0.2886881025980903,0.3575221530589939,0.3715087443976813,0.3640842606927396,0.3599727310580021,0.3017114646001761,0.3385490082474135,0.2842388224333018,0.3703504483615248,0.3550107950137761,0.3353442013600863,0.3255369968085224,0.3064451031620823,0.3513964308691202,0.260385960973197,0.33830424510739,0.3840842731544892,0.3260379748599289
0.3625364807231968,0.3656986742149994,0.3527011449951474,0.3665844585885907,0.243664967510627,0.3750833148790334,0.3838824256920669,0.3347564514227384,0.3461150420993346,0.2880443281043162,0.3581217110743816,0.3316009672460345,0.350428043891353,0.3490869339763408,0.3709492508075714,0.3509307947091368,0.3123773616034405,0.3737587636229703,0.4146938546933326,0.3325407425571124,0.3443881938333988,0.2519781723193751,0.3094935672320832,0.3458382287005121,0.2962351801699683,0.3634701082354445,0.4392619592001138,0.329757630682731,0.2992537299694029,0.2991084428288843,0.2903391244026478,0.3636534137948373,0.359858209589607,0.3193599354816044,0.3395182039529425,0.3252784618070521,0.3529029130339544,0.2974613546736814,0.3455770517302044,0.2991434880719971,0.3558216403863716,0.298040074397473,0.3548631456916907,0.3142571575038966,0.352730780062067,0.3520593652842743,0.3447129233820977,0.3265169505288232,0.3115918738731792,0.2896027282073967,0.3411435265832032,0.3292621899903188,0.2846219882084516,0.3517850622852356,0.3461163424705158,0.343038040774358,0.3250860316578556,0.3573874528216237,0.3536094551670412,0.3422201079150957,0.3162869237369572,0.3210462580786486,0.3124720404355213,0.3799139012803348,0.3728657557196527,0.3413485086138218,0.328580770583924,0.3567790771145082,0.3358472809089437,0.3696198612802787,0.4391571320642695,0.2357975794799846,0.3449823824967323,0.2954346719718737,0.2845609723938591,0.3306479776834961,0.3702877411592863,0.2937203119910296,0.3625011165620419,0.3570150755956318,0.3265082190200812,0.2861503003906248,0.3575714616173454,0.372279378582898,0.3635657933632443,0.3595201200836241,0.2999286325025542,0.3367734598398733,0.2871200777786666,0.369239180986314,0.3538309988122705,0.3391901635389091,0.3295522823793753,0.3036597922169646,0.3492043533735461,0.2602231648577472,0.3494238512410172,0.3822427068675085,0.3260922028904565
0.3627716404138477,0.3642715217361759,0.352106772236398,0.3660051589572239,0.2514747736547211,0.3720732955327031,0.3830572380768735,0.3331121774594035,0.3426060462456385,0.2916715857002958,0.3581384812294957,0.336437230381132,0.3523129061704257,0.3528744839719425,0.3709730240602693,0.3481079619767683,0.3097058564878615,0.3698545761342692,0.406919124111225,0.3306581190050317,0.349886250527623,0.2527203968670187,0.3140143364762297,0.3514074678898663,0.3027673640697486,0.3627382161356281,0.4445678864168718,0.3284993042140392,0.3020676769052599,0.2977578353893368,0.2878238479593272,0.3654658785540567,0.3598823383045885,0.3177635478257994,0.3375307509781702,0.3260136723997792,0.3525010662916916,0.2970658562331026,0.3450341663322823,0.2969984729301202,0.3558758999283357,0.2998401442885107,0.3551551742337098,0.313220385316797,0.3526490539036316,0.3513878288950048,0.3427315369612552,0.3256505830249555,0.3100485590015964,0.2984488803501426,0.3401724864090066,0.3288196808366584,0.2829293165202561,0.3524246195906544,0.3458793920025723,0.3422064449138987,0.3241761290697136,0.356966603523461,0.3537272723516319,0.3409977335736722,0.3152720157321586,0.3218863290518609,0.309602133996646,0.3783475378907151,0.3714450007569441,0.340860705242487,0.3332348613070452,0.3565933484840003,0.3347614917209964,0.3696571134492094,0.4399713628951543,0.2366044259665841,0.3451191313159079,0.2978946987909083,0.2859586141640476,0.3362824676902815,0.370781175109797,0.3008298982027128,0.3618106127080486,0.3497144524643636,0.3253930984485383,0.2836404335136531,0.3576338776193287,0.372596538900876,0.3630422510524873,0.35903317074956,0.2984719936774645,0.3350681732479126,0.2909238093512044,0.3679795914346705,0.3525967635270265,0.3428575741776768,0.3337025318763045,0.3003944592552746,0.3462260430309691,0.2611081322798727,0.3601157172544779,0.3802241837074733,0.3269928685921894
0.362947496714038,0.362766378569928,0.3514530854599655,0.3654923904451038,0.2601225886758858,0.3692900031158385,0.3821783776465738,0.3315840212272841,0.3395585773201747,0.2962613062146165,0.3579054542389629,0.3412161364258949,0.354211429730312,0.3559091433514251,0.3709920024491774,0.3452016475416017,0.3072100464764534,0.3653857750356088,0.3986331698961787,0.3287899574905083,0.3549057989921299,0.2547863399851723,0.3182149469520361,0.3561670329344102,0.3094305039315498,0.3618090534591254,0.4501001958828829,0.3270507104697447,0.3056726133615912,0.2965443403387646,0.2853008230654945,0.3671344251779226,0.3599666328321859,0.3161056443072451,0.3350192794631971,0.3262984678696101,0.3520649347785851,0.2963815095466141,0.3444325106271986,0.2950336218328878,0.3559754932994433,0.302293426832091,0.3554521418993997,0.3121262713932967,0.3523519806856312,0.3506261490996248,0.3407615648168876,0.3247074043442328,0.3085870918446303,0.3074149167889231,0.3390566842359099,0.3280379266214172,0.2814491100843648,0.3528647176090827,0.3456702414493495,0.3413547472355761,0.3231874624308405,0.3566424681876822,0.3539227359715067,0.3397588392971326,0.3143055571448362,0.3226133683388152,0.3069156959383444,0.3759678141751859,0.3699653554739744,0.3400262937577887,0.3374546967494272,0.3564855317326629,0.3337452611796599,0.368957015529157,0.4388617285640327,0.2382009566535884,0.345250934802078,0.3011712485686024,0.2882676294098706,0.3413820283011481,0.3710139752304895,0.3082442941278698,0.3610455046022373,0.3420613782574187,0.3241549655336954,0.2812904068358266,0.3577055462884363,0.3723954221623121,0.3625153682568372,0.358511880879465,0.2974890504247515,0.333422056774814,0.2955470523713926,0.3666368350669367,0.3513513232663198,0.3464162084305662,0.3378396034222988,0.2966922787475785,0.3425366900625418,0.2631161851427457,0.3701137751580928,0.3780840354620651,0.3287685422304177
0.3630463887813308,0.3612093227502584,0.3507421976406423,0.3650629837381289,0.269293770519267,0.3667709392023071,0.3812887059781506,0.3301782267953773,0.3369563588029421,0.3017222895373602,0.3573911701309689,0.3454430983678591,0.3559612320887384,0.3583025903530269,0.3709965183536946,0.3422624516666785,0.304916780619203,0.360524842735169,0.3900830643524119,0.326969660160417,0.3593359523000897,0.2582654627085187,0.3219826970340597,0.3599601322972859,0.3160778908028472,0.3607310317877369,0.4558926101785948,0.3254317909806037,0.3099010528027948,0.2954780949768299,0.2828733513696441,0.36863028837428,0.3600911766526632,0.3144163193988243,0.3320292089212539,0.3259232846699913,0.3516445820875365,0.2954147440886163,0.3437963141062157,0.2933864215674883,0.3561270153653915,0.305350630664404,0.3557505784051156,0.3109439404095741,0.351881209735596,0.3498118850058261,0.3388227209667742,0.3236986466906691,0.3072209702726793,0.3162458977820589,0.3379528936195726,0.3271015819802942,0.2802858342423017,0.353127312132072,0.3454683126520992,0.3404638159944662,0.3221439503678874,0.356423877961797,0.3541790652177968,0.3385041133426189,0.313356524198062,0.3232304877756849,0.3045386068413011,0.3728177518609065,0.3684744292896316,0.3388411635621227,0.3412173047404404,0.3564660269084287,0.3328019925939919,0.3673474001831178,0.4356105197749531,0.2405785506120649,0.3453680892118012,0.3051852260318303,0.2914758966941912,0.3458888841251217,0.3709830521384908,0.3157370374477627,0.3602418627145136,0.3343063088263869,0.3227913671222429,0.2792553809146209,0.357793258474088,0.371620389455504,0.3619883850737806,0.3579707055972757,0.2971343072554314,0.3318162461765133,0.3008363883395796,0.3652872888713387,0.3501331348829608,0.3499101439518642,0.3418385898560976,0.2926265610113634,0.3382300355725767,0.2662701087169196,0.3792184023210761,0.375879977428124,0.3314008422573659
0.363034714092407,0.3596334732137364,0.3499791374287908,0.3647175944644381,0.2786633657162776,0.3645376511180019,0.3804370899703606,0.3288849334511731,0.3347398665191358,0.3079202027661978,0.3565784735432609,0.3485550260614129,0.3574006491910874,0.3601676732148332,0.3709684411533785,0.3393348346724863,0.3028474104071207,0.3554593906926194,0.3815152831533869,0.3252396101162775,0.3631104907653453,0.2631693504654019,0.32525310206077,0.3626907133572692,0.3225792542495386,0.35954771535815,0.4619271308604641,0.3236739803411125,0.3145490351212163,0.2945509466986355,0.2806651493795027,0.3699342335038351,0.360229896774711,0.3127315813710072,0.3286304756676467,0.3246731786189435,0.3512818986475128,0.2942036430248892,0.34315585265622,0.2921980733897875,0.3563335025314844,0.3089233393551212,0.3560438610006755,0.3096543708615791,0.3512907268295984,0.3489807255197305,0.3369383029571274,0.3226410625278829,0.3059441858868744,0.3247038888729999,0.3369847689376341,0.326349759935766,0.2795468045264483,0.3532289257869384,0.3452466299005021,0.339523053653932,0.3210938303536177,0.3563156687901979,0.3544782788604337,0.3372316922251441,0.3123861276463589,0.3237398738230727,0.3025949989626884,0.3689793655173476,0.3670076682604886,0.3373123400438471,0.3445288745359015,0.3565493282348618,0.3319254945402287,0.3647102302412286,0.4301397352228066,0.2436919085553168,0.345459546391563,0.3098142333024715,0.295515765124174,0.3497929971759342,0.3707019591142877,0.3230935661199353,0.3594300842052271,0.3266933267447945,0.3213179914077557,0.2776983695625923,0.3579026719303427,0.3702353599043385,0.3614700402765264,0.3574285063435096,0.2975498391113616,0.3302305736403282,0.3066035789724992,0.3640081853678585,0.3489626056897151,0.3533521844020335,0.3455955928139895,0.288300766343589,0.3334116767364902,0.2705339191274863,0.3873025088183579,0.3736696060242438,0.3348091201788962
0.3628725347727429,0.3580657520406589,0.3491701531059984,0.3644424139738549,0.2879203803821449,0.3625948077600023,0.3796713844442393,0.327675832279492,0.3328077202596106,0.3146781543378784,0.3554665518858342,0.349991745029431,0.3583922444669599,0.3616166366205454,0.3708883329254085,0.3364551668587571,0.3010173804749499,0.35038025999485,0.3731686950544097,0.3236375447620077,0.3662117879162378,0.2694224203286514,0.3280032002100531,0.3643301218214597,0.3288331513919043,0.358306694630648,0.4681226524215249,0.3218128971731562,0.3193933568932173,0.2937401141680913,0.2788165144434,0.3710373702977012,0.3603560841898807,0.3110926401061106,0.3249051117717219,0.3223482571802408,0.3510050116476181,0.2928151551716899,0.3425347349970438,0.2915946903988204,0.3565932872237545,0.312892586205878,0.356325529995414,0.3082471806058556,0.3506321935476124,0.3481579610608047,0.3351305579659018,0.3215574572682274,0.3047380894746357,0.3325816315878457,0.336244530843259,0.3261167964640487,0.2793323981552569,0.3531765647041168,0.3449750272470742,0.3385288979389791,0.3201103372802862,0.3563211282344331,0.3547989825670919,0.3359406773950628,0.3113465139851903,0.3241520441374326,0.3011883317121273,0.3645722420662934,0.3655824187351423,0.3354563831921489,0.3474188981599393,0.3567476718206283,0.3310989225060324,0.3609857171747291,0.4225313661785514,0.2474639790410493,0.3455070663564863,0.314894419202602,0.3002781849408922,0.3531245882669295,0.3702040859244512,0.3301259987237537,0.3586311459492137,0.3194368542878064,0.3197608449200245,0.2767829854918032,0.3580346791303445,0.3682264362414505,0.3609668979553169,0.356898756241533,0.298845133023825,0.328646276471235,0.3126448829675274,0.3628642629485253,0.347842037414127,0.356726758225829,0.3490262896136631,0.2838543779843258,0.3282006486480767,0.2758045438397677,0.3942964802166905,0.3715092694522185,0.3388523787131938
0.3625189429010864,0.3565232883588222,0.3483204112567197,0.364215448938588,0.2967904059056875,0.3609294077418064,0.3790319716520967,0.3265144508096731,0.3310176406571966,0.3217913499857763,0.3540792895149368,0.349324552653286,0.3588379219044045,0.3627478521932497,0.3707310783435859,0.3336453077458,0.2994323218693114,0.3454813937398954,0.3652716304938794,0.3221885719285824,0.3686651707554929,0.2768603853044561,0.3302486858768369,0.3649097924267042,0.3347721651123324,0.3570584207246847,0.4743106354602942,0.3198911265065609,0.324215757560541,0.2930156999124793,0.2774824463808316,0.3719340228348228,0.360452913912235,0.309532316766113,0.3209390002827271,0.3187859531923156,0.3508287641015916,0.2913393708086007,0.3419455859004651,0.2916816636714215,0.3569000688552206,0.3171215054733022,0.3565818134708482,0.3067143523305559,0.3499519895532072,0.3473593917169046,0.3334206807212354,0.3204737721149794,0.3035823840451084,0.3397181848111036,0.3357914521248262,0.3266236679784668,0.2797265254415103,0.3529700955646158,0.3446344305534065,0.3374846203113767,0.319289756850768,0.3564431217059171,0.3551173463328398,0.3346374102528417,0.3101878629779371,0.3244948917783579,0.3003911811504618,0.3597441683933126,0.3642024186641469,0.3333054928558864,0.3499326647380635,0.3570651424232935,0.3302960085202052,0.3561714194625425,0.4130287108854498,0.2517996021200774,0.3454927812573901,0.3202316994491122,0.3056194036787625,0.3559435283739622,0.3695312596758964,0.3366846199606251,0.3578574595452168,0.3127140023154311,0.3181478255183098,0.2766694860139002,0.3581904238417076,0.3656011023282265,0.3604808114916984,0.3563973261227849,0.3010870171105311,0.3270459929159865,0.3187557515884375,0.3619040611227647,0.3467646256027313,0.3599843361884194,0.352071003144313,0.2794557011293043,0.3227324928235688,0.2819161215985339,0.4001718201163227,0.3694504174613087,0.3433571790012766
0.3619411598893947,0.355018857630593,0.3474332204685853,0.3640101491018915,0.3050570454348651,0.3595159445278038,0.3785470942613448,0.3253657001459031,0.3292005797213418,0.3290502645675643,0.3524646741229117,0.3463057510729878,0.3586835118458938,0.3636310493765876,0.3704646187888928,0.3309065024127667,0.2980848882357888,0.3409631489621259,0.3580393559551653,0.3209085173124025,0.3705243316885538,0.2852450623397168,0.3320416398175421,0.3645035860969426,0.3403545859741105,0.3558414445084659,0.4802208830537392,0.3179713171238995,0.3288232212869759,0.2923398835395752,0.2768197650670292,0.3726269074246852,0.360516293494083,0.3080640876350033,0.3168262246271707,0.3138772078788808,0.350755149545771,0.2898821103937983,0.3413993671377812,0.2925417894484286,0.3572410969528094,0.3214643329193103,0.3567842285581186,0.3050600981865803,0.3492994352044596,0.3465965373761429,0.331828033702337,0.3194131940840028,0.302453187260177,0.3460105242028431,0.3356473993488552,0.3279567746108567,0.2807867212618804,0.352613538957217,0.3442183755085385,0.3364023834495138,0.3187469316254122,0.3566821186925085,0.3554110835805374,0.3333309887728861,0.3088712084500594,0.3248044138437473,0.3002448065293995,0.3546534331329525,0.3628601512102408,0.3309038662728303,0.3521205490600049,0.3574994728424701,0.3294850218943618,0.3503318909700913,0.402029979370401,0.2565976757215883,0.3454086964309897,0.3256268340087143,0.3113590583469349,0.3583269040057654,0.368722094806954,0.342666275679466,0.3571165418114484,0.3066630614705595,0.3165110357391855,0.2774972898970561,0.358368573600774,0.3623923548288215,0.3600184360097307,0.3559517885060647,0.304293298661941,0.3254167618270529,0.3247427410733798,0.3611605770615397,0.3457159853279928,0.363041802637627,0.3546952341248955,0.2752820369864568,0.3171536620511253,0.2886608963980617,0.4049371692739823,0.3675339496353462,0.3481389379643178
0.3611241764731661,0.3535593191938836,0.3465116982686513,0.3637952565556391,0.3125752929065286,0.3583221725610103,0.3782256744384837,0.3241946065210987,0.3271821898498542,0.3362544228171746,0.3506809731153797,0.3408305989586281,0.3579248656761492,0.3643098486898012,0.3700623114395709,0.3282217531659356,0.2969558150098166,0.3370188273082427,0.3516594003778063,0.3198050092479069,0.3718614006398206,0.2942909790648159,0.3334575654356954,0.363216016933629,0.3455578921964139,0.3546768237809389,0.4854986420737791,0.3161409415526006,0.3330573952586317,0.2916642857647279,0.2769636251530328,0.3731367532335998,0.3605520807718438,0.3066867858466779,0.3126696692074955,0.3075783129234086,0.3507734926408513,0.2885574253318148,0.3409067144944651,0.2942210796324816,0.3575944425960389,0.3257757170583096,0.3568949012146241,0.303315983039407,0.3487260815653806,0.3458765006992174,0.3303630872693095,0.3183927239739306,0.3013176699607114,0.3514146477999428,0.335803979438829,0.3300585485012319,0.2825373576658004,0.3521216765685464,0.3437176308083124,0.335302309298142,0.3186032887326148,0.3570345070386311,0.3556616514252745,0.3320250014695783,0.3073758102501241,0.3251102017213587,0.3007560708816494,0.3494567852203088,0.3615321543744416,0.3282956445182572,0.3540260763467342,0.3580453321913258,0.3286318105155794,0.3436069857464535,0.390065121518276,0.2617583212018919,0.3452540778092198,0.3308959615015836,0.3172927962510971,0.3603557769332964,0.3678144077116357,0.3480166698692157,0.3564157836606673,0.3013760606681019,0.3148882216117865,0.279358904961017,0.3585537291677221,0.3586648749532934,0.3595974352603328,0.3555927279792273,0.308424596385165,0.3237557606410342,0.3304385172998479,0.3606474992073779,0.3446692992446348,0.3658040892744527,0.3568795157282143,0.2715054411673089,0.3116120307454122,0.2958134516290397,0.40863246398792,0.3657873943079447,0.3529995777157748
0.360071559737678,0.3521377446384865,0.3455633917398896,0.3635402373955746,0.3192731516990789,0.3573106683430311,0.3780509684213701,0.3229647299024976,0.3247966181875201,0.3432177511221191,0.3487861685867899,0.3329683831450687,0.3566142131907667,0.3648144547158496,0.3695140563370201,0.3255665189216688,0.29601594090197,0.3338082748538393,0.346263313301426,0.318867539854952,0.3727643858141711,0.3036912431558575,0.3345774045771512,0.3611775485497741,0.3503815632074969,0.3535796875566645,0.4897338819002815,0.314503728989234,0.3368022314829527,0.2909373272296452,0.2780108299104245,0.3734970362336726,0.3605765254709261,0.305395360027073,0.3085675660876045,0.299924888082016,0.3508649912529877,0.2874832762222258,0.3404653834929774,0.2967121164110373,0.3579301419969611,0.3299261821702269,0.3568795475512966,0.3015390699677336,0.3482714028087374,0.3451979581684609,0.329022427040766,0.3174232862765413,0.3001433018075722,0.3559386153400184,0.3362394117185874,0.3327229175961175,0.2849691298346273,0.3515153664641415,0.3431153556488964,0.3342070737338636,0.3189695179725816,0.3574934153367372,0.3558525340813307,0.3307200624280191,0.3057009613138707,0.3254361454932393,0.3018889793610248,0.3443070251386734,0.3601776093687631,0.3255225088493911,0.3556767934874465,0.3586900301006175,0.327702582957401,0.3361998281201744,0.3777420938396468,0.2671920069397421,0.3450286210815503,0.3358759066530306,0.3232229217611215,0.3621030634067802,0.3668510705158907,0.3527266966529865,0.3557661329952247,0.2968952352762775,0.3133123854957664,0.2822875851488116,0.3587135503754983,0.3545115492159063,0.359239545382884,0.3553397351296505,0.3133830011377741,0.3220721770364153,0.3357173165069226,0.3603559752785508,0.3435887801589498,0.3681891128629843,0.3586117185295241,0.2682870562571937,0.3062534142626755,0.303147472524272,0.4113076175605702,0.3642258640390532,0.3577288562232376
0.3588018935664172,0.3507364910269042,0.3446031196289266,0.36322856973343,0.3251455235054181,0.3564381925099853,0.3779832812520639,0.3216456675057688,0.3218933532910931,0.3497791357942829,0.3468395644363818,0.323070237070743,0.3548561862441935,0.365165486782849,0.3688231494538255,0.3229157049976387,0.2952263653290335,0.3314432712629188,0.3419043126880607,0.3180591673724726,0.3733296693094103,0.3131402577661422,0.3354770608370096,0.3585332926101698,0.3548451810433304,0.3525676179894047,0.492485427889818,0.3131720042376711,0.3399940286778093,0.2901171905948881,0.2800159589229304,0.3737415161887061,0.3606176408094472,0.3041809038667031,0.3046019356981876,0.2910468710924187,0.3510088996459802,0.28678029657348,0.3400579698122887,0.2999557978307564,0.3582155154455276,0.3338156000057499,0.3567128586103554,0.2997998593071302,0.3479532592025949,0.3445506819399732,0.3277939013639088,0.3165097528910428,0.2989139940072174,0.3596342292072791,0.3369267991328345,0.3356328061656115,0.2880386598776566,0.3508171677934607,0.3424042053351115,0.3331356858890585,0.3199331493962635,0.3580482992812139,0.3559662430656604,0.3294209749137059,0.3038691809171113,0.3258076555352917,0.303563043699152,0.3393471861133966,0.3587464878747061,0.322630679437165,0.3570827663714468,0.3594060912403467,0.3266705271809583,0.3283486258238343,0.3656738836765162,0.2728294930182161,0.3447339064996685,0.3404297995788292,0.3289789219504483,0.3636230060705366,0.3658732121191542,0.356824864944914,0.3551811490686573,0.2932240636771818,0.3118014274476814,0.2862603314223567,0.3588092645291515,0.3500391829534388,0.3589621790779684,0.3552014983435336,0.3190230633369879,0.3203831365983817,0.3405012656721391,0.3602595450332994,0.3424416830709563,0.3701342995968855,0.3598915530832005,0.2657650946501367,0.3012203473509257,0.3104481072330473,0.4130013557619899,0.3628524747778176,0.3621282019183268
0.35735088703698,0.3493412148179651,0.3436484370576845,0.3628646809962048,0.3302440564719767,0.3556549297780393,0.3779683655838038,0.3202201189214926,0.3183492272449261,0.3558173000307448,0.3449025516112184,0.3117539190246193,0.3527960187409465,0.3653713461498583,0.3680011381171688,0.3202403643240661,0.2945398142765431,0.3299884455688578,0.3385549929976584,0.3173231769863765,0.3736478676150448,0.3223596557449556,0.3362216907985446,0.3554245630695755,0.3589749426668683,0.3516536989060387,0.4933195189836769,0.3122658574672115,0.3426206934487668,0.2891785531158032,0.2829865155811654,0.3739046374465201,0.3607101475898263,0.3030221985620095,0.3008415848915614,0.2811740001335696,0.3511847985113323,0.2865669467784245,0.3396683825419019,0.303856659107256,0.3584200642200345,0.3373740049946979,0.3563745870004109,0.2981815692316597,0.3477734764418119,0.3439195168394224,0.3266631352900507,0.3156495982475957,0.2976338933785796,0.3625886858863521,0.3378302356907023,0.338425138816444,0.2916638633550534,0.3500556918030816,0.3415983997686018,0.3320996644804449,0.3215529909126997,0.3586811508751614,0.3559835772153684,0.3281337701741578,0.3019287938214687,0.326245781296596,0.3056648471092619,0.3346969661015492,0.3571898136591933,0.31966978075237,0.3582431152215962,0.3601523412529469,0.325523044487897,0.3203017406108476,0.3544135753137772,0.2786218861068668,0.3443782929896924,0.3444632515420734,0.3344150880948936,0.364942988703941,0.3649090814870557,0.3603657385237214,0.354673266296683,0.2903411643218638,0.3103604682409636,0.2911961289944193,0.3588038890304368,0.3453576986538159,0.3587789994498823,0.3551803042249996,0.3251665212107973,0.31870911800588,0.3447548220503068,0.3603234677575684,0.3412060404717139,0.3715932080336377,0.3607352764375525,0.264033996451968,0.2966448039638746,0.3175261878821852,0.413741425558299,0.3616570605435693,0.3660325261581612
0.3557732375497683,0.3479461155007221,0.3427125333627971,0.3624648507637728,0.3346617033827734,0.3549039858306477,0.3779404842579315,0.3186819434321638,0.3140863916042137,0.3612580027641266,0.343029165600539,0.2997267196621996,0.3506068407515543,0.3654333537687546,0.3670736166608995,0.3175063019895984,0.2939048097576646,0.3294550755265286,0.336111982761616,0.3165952506071043,0.373797391257382,0.3311248388387012,0.3368562182039723,0.351978527356913,0.362793783367208,0.3508397738377917,0.4918717968684315,0.3119085428637452,0.344705491403822,0.2881134422146277,0.2868716503928367,0.3740288398969294,0.3608862925939285,0.3018861133513839,0.297345617265569,0.2706241008311321,0.3513743225910727,0.2869474401027807,0.3392909846585828,0.3082904105357559,0.3585181999231671,0.3405568531928097,0.355849545298897,0.2967869015730601,0.3477263040321429,0.3432888774338295,0.3256112029402473,0.3148324316835576,0.296322537631614,0.364913240487275,0.3389043949099913,0.340758093710598,0.295725683942107,0.3492699332666783,0.3407213248189397,0.3311022436958665,0.3238509923119782,0.3593644403460905,0.3558871596730086,0.3268585372473995,0.2999509837233638,0.3267545932852342,0.3080638823845075,0.3304453919479953,0.3554651546861578,0.3166830438310256,0.3591532343715534,0.3608838312806156,0.3242618793232334,0.3123027512072067,0.3444078349667243,0.2845316920989926,0.3439757139346636,0.3479340660342559,0.3394096933360048,0.3660629038605413,0.3639770655460191,0.3634163673533746,0.3542552770463973,0.2882041646731112,0.3089878217686003,0.2969474216651798,0.3586606776166183,0.3405807110926248,0.3587017247227006,0.3552638759729433,0.3316155027510548,0.3170725062217029,0.3484752063556772,0.3605108961752253,0.3398723403696663,0.3725370961320605,0.3611687130309123,0.2631314490459585,0.2926395810089262,0.3242332792478327,0.4135579294920037,0.3606179060780284,0.369308347510927
0.3541328751066881,0.3465465568755144,0.3418041906515904,0.362045227867601,0.3385120465243362,0.3541235313586869,0.3778223557407629,0.3170338603618498,0.3090840645110267,0.3660716489551575,0.3412570464628849,0.2876670709484459,0.3484704356516515,0.3653558416510043,0.3660854274330151,0.3146868765343725,0.293268213667689,0.3297819205621617,0.3343926948259242,0.315805371800776,0.3738485766573137,0.3392801248229014,0.3373975376739773,0.3483098558147878,0.3663242167258114,0.3501237573432124,0.4878998657228915,0.3122118028511517,0.3462930738849409,0.2869343836787341,0.2915588591429939,0.3741589004865061,0.3611699595406967,0.3007411146047078,0.2941543335305886,0.2597788327283079,0.3515669444360961,0.2880003771395652,0.3389190344273197,0.3131041914335752,0.3584912178717097,0.3433484863930621,0.3551362790769165,0.2957319646973206,0.3477981221489633,0.3426459790638665,0.3246112322617447,0.3140415708118432,0.2950176893925042,0.366728957313105,0.3401037913512823,0.3423770672492369,0.3000847089732803,0.3485048785181592,0.3397900503024657,0.3301391167000535,0.3267993665332389,0.3600641406221772,0.3556677412129982,0.325592611524429,0.2980266459921062,0.3273214860396415,0.3106241583350385,0.3266565189709767,0.3535401768904647,0.3137056793296748,0.3598063489528522,0.3615592972457221,0.3228984111460746,0.3045767953126765,0.3359607140981142,0.2905282471701476,0.3435413984849694,0.3508423848952962,0.3438817023527429,0.3669650342904941,0.3630979512153358,0.3660457505306688,0.353947359411187,0.2867524339620849,0.3076726946476567,0.3033071328836402,0.3583428637113482,0.3358247740517929,0.358734957328273,0.3554144849158878,0.3381705597604015,0.3154965058138369,0.3516849714494818,0.3607854827206959,0.3384467534560805,0.3729545751572417,0.3612188140910082,0.2630416165113253,0.2892957018543459,0.3304719012000229,0.4124872200128891,0.3597084633718228,0.3718469747574862
0.3524890574471705,0.3451380182508454,0.3409322361225809,0.3616236123347399,0.3419090875073017,0.3532520639624394,0.3775349580478578,0.3152908550989005,0.3033772232604433,0.3702675614169426,0.3396080371289812,0.2762493826398734,0.3465493179390706,0.3651487313009579,0.3650910114046443,0.3117788682491899,0.292574719343992,0.3308273491031709,0.3331382482678506,0.3148763468911331,0.3738625858955824,0.3467394084924681,0.3378383587432758,0.3445214483689567,0.3695901510179248,0.3495102689993273,0.4813064228375641,0.3132582547133255,0.3474474771339251,0.2856803784290263,0.2968865057604161,0.3743279900359791,0.3615744829115701,0.2995668840912766,0.2912810816233336,0.2490573099802776,0.3517635071511105,0.2897763391240526,0.338536528194743,0.318128874483718,0.3583275704767659,0.3457681162114902,0.3542527524724699,0.2951279281487672,0.3479646470578216,0.341982306680139,0.323634708867998,0.3132563726309495,0.2937823745604984,0.3681532300159836,0.3413899057078055,0.343147955074615,0.3045989956289733,0.3478037847126927,0.3388207813283784,0.3291980828314879,0.3303146426091997,0.3607426214939482,0.355326809089699,0.3243374950140748,0.2962676916472367,0.3279279056750389,0.3132143194651774,0.323375614577238,0.3513973668263476,0.3107726855884156,0.3601941091017213,0.3621406038598588,0.3214536738602154,0.2973141644171835,0.3292082622467838,0.2965891813265983,0.3430903782068906,0.3532167096070043,0.3478021265325015,0.3676255910960976,0.3622960791486369,0.3683168198440453,0.3537771235548952,0.2859190652882227,0.3063908501086487,0.3100372422917969,0.3578215219434834,0.3311950822179884,0.3588707342418085,0.3555726296033232,0.3446529499052764,0.3140016418265227,0.3544237974703028,0.3611139246676258,0.3369531734652172,0.3728417390640393,0.3609166143493487,0.2637031614632583,0.2866794053613133,0.3361963633254242,0.4105673923640201,0.3589037974619076,0.3735731574470648
0.3508935717940225,0.3437274056703099,0.3401039161851177,0.361227360085392,0.3449534541168001,0.3522319677859292,0.3770157815254417,0.3134786238366009,0.297048080322018,0.3738865474541036,0.3380910568057252,0.2661189903332281,0.3449648030775942,0.3648245113212692,0.3641395629924711,0.3088025796530066,0.2917694577546216,0.3323853307311915,0.3320418933222946,0.3137367962892319,0.3738800826157589,0.3534814199469416,0.3381578416801861,0.3406993522417588,0.3726080339807402,0.3490100804409099,0.4721564001589916,0.315088707355943,0.3482460107270456,0.2844198643727395,0.3026608122210928,0.3745561935231002,0.3620999692682456,0.2983480315453433,0.2887194136159467,0.2388907456383625,0.3519712504579645,0.2922984548703614,0.338129476140187,0.3232033473505559,0.358021160585676,0.3478611234878287,0.3532313609818723,0.2950679831700296,0.3481952095353558,0.3412927078584539,0.3226602594450921,0.3124539497016845,0.2927011644074219,0.3692900311982594,0.3427292793600899,0.34303724859266,0.3091276548636266,0.3472042752801982,0.3378414668770251,0.3282576478898334,0.3342657470982521,0.3613580071402062,0.3548710755912367,0.3230943913366099,0.2948031715975419,0.3285532294992063,0.3157201447173994,0.3206275762613837,0.3490377691333019,0.3079201344495266,0.3603138903060178,0.3625915444735405,0.3199620748156224,0.290658966425543,0.3241181489986093,0.3026949405497595,0.3426359240922396,0.3551102431902339,0.3511800390180093,0.3680178043946968,0.3615892894259681,0.3702758047956867,0.3537663562976406,0.285641791349413,0.3051073455447536,0.3168960614516755,0.3570838823155246,0.3267693543159855,0.359090124755322,0.3556669303723168,0.3509183568567619,0.3126014628105345,0.3567368956784144,0.36146989499029,0.3354267312486776,0.3721940445671142,0.3603026538720975,0.2650128613815342,0.2848222004071868,0.3414037478162964,0.4078444559721034,0.3581824532724491,0.3744542376647283
0.3493944502086303,0.3423373687373853,0.3393189117164454,0.3608871332131388,0.3477253444086283,0.3510103057143859,0.37622825923979,0.3116217346644252,0.2902174474165994,0.3769925969545732,0.3367008003971854,0.2577380270411094,0.343787874499808,0.3643993127996651,0.3632709378743664,0.3057917132994663,0.2908058781367025,0.3342055781100808,0.3307894313439639,0.3123435509471036,0.3739162125287838,0.3595435441294921,0.3383277417674736,0.336912436474105,0.3753805389230266,0.3486329597450788,0.4606963271343908,0.3176958004082784,0.3487605411601462,0.2832480020061233,0.3086701228682933,0.3748602893097251,0.3627300427064339,0.2970643980342652,0.2864527838367953,0.2296931861115225,0.3521978702581075,0.295555310902075,0.337695263921889,0.3281889712834719,0.3575727304625787,0.3496788569605344,0.3521113808288101,0.2956225556231157,0.3484611827653239,0.3405743452885577,0.3216739906967492,0.3116099711349501,0.2918689147833324,0.3702248597297197,0.344090186254702,0.3421017537361101,0.3135311941134172,0.3467360863544818,0.3368868258599102,0.3272887883736831,0.3384885021064844,0.3618661964007471,0.3543056813308685,0.3218558971728183,0.2937625795296459,0.3291713274812046,0.3180552271914016,0.318417071725974,0.3464833558089345,0.3051778731134834,0.3601780961969456,0.3628833842037349,0.3184679377810405,0.2847092234252588,0.320519192695219,0.3088142652396144,0.342185616763598,0.3565957532248849,0.3540429574687083,0.3681133012448286,0.3609869542741798,0.3719426239335395,0.3539179325487582,0.2858613966840563,0.3037811615535148,0.3236509176118169,0.3561363333135437,0.3225984431008067,0.3593665406194837,0.3556145533182742,0.3568592095322082,0.3112997094318327,0.3586650945853971,0.3618382203015811,0.3339052315136908,0.3710071604990235,0.3594207273259551,0.2668317704449134,0.2837142524495358,0.3461206021671669,0.4043892744913601,0.3575264791870938,0.3744916436965627
0.3480311212822392,0.3409928002802636,0.338570152188237,0.3606176922636764,0.3502810081481269,0.3495440570211642,0.3751575885982161,0.3097353260231565,0.2830349264184428,0.3796674023036586,0.3354184024297235,0.2513015849544334,0.3430287634719277,0.3638963171436765,0.3625175168580939,0.3027935603837728,0.2896505974780492,0.3360033013415808,0.3290853681615368,0.3106913206956938,0.3739700185278895,0.3650074142295249,0.3383154933721149,0.3332210686583288,0.3779036896019613,0.3483855044053893,0.4473422670566314,0.3210232605465491,0.3490460334396092,0.2822788466656725,0.3147034838870078,0.3752554603784526,0.3634311558142643,0.2956948328905545,0.2844510429941402,0.2218269457398084,0.3524526083527345,0.2994907059303419,0.3372331362882553,0.332968227946607,0.3569959865452478,0.3512688048859823,0.350936574498061,0.2968323172968624,0.348740759161816,0.3398283385092546,0.3206679334040359,0.3106992518263393,0.2913853444713747,0.3710235027605724,0.3454433321672347,0.3405257559529696,0.3176859088371517,0.3464180369358752,0.3359823835738024,0.3262618333703945,0.3427991878850963,0.3622290206223498,0.3536365212819882,0.3206104335516256,0.2932589912587062,0.3297524809332517,0.3201644390630823,0.3167363900856123,0.343780079544161,0.3025682252008807,0.3598141180195206,0.3630025518703257,0.3170140872616238,0.2795246783465012,0.3181484369228122,0.3148956388105774,0.3417401484460335,0.3577488517572774,0.3564347893699477,0.3678948560378393,0.3604996304746888,0.373312692855413,0.3542173181508344,0.2865167978215787,0.3023660458550286,0.3300908535203091,0.3550045764975571,0.3187177656432345,0.3596647875445714,0.3553208570480433,0.3624076104951333,0.3100893043710357,0.3602407349438462,0.3622153526474563,0.3324281602324822,0.369275841245682,0.3583067834740683,0.2690017738912649,0.2833104180210894,0.3503926958342234,0.4003039753552346,0.3569230093795877,0.3737079650081159
0.3468251134885723,0.3397060745764654,0.3378498707634089,0.3604088043648758,0.3526516095724879,0.3478114394965621,0.3738086383532569,0.307828452881228,0.275663601952121,0.3820040227627794,0.3342174023700558,0.2468207678046329,0.3426217703468091,0.3633445455180273,0.3618987328098318,0.2998780404078842,0.2882804743156444,0.3374745687964934,0.3266694148983275,0.3088080033420986,0.3740329837361831,0.3699745320805584,0.3380926963664211,0.3296843848879597,0.3801750149244545,0.3482735122601171,0.4326267544129832,0.3249690229720294,0.3491483508396566,0.2816340745270382,0.3205725321362447,0.3757473764901398,0.364155642107228,0.2942278880395786,0.282665256295729,0.2155711367797348,0.3527470733304828,0.3040046151060477,0.3367347434708421,0.3374455744039292,0.3563188663634916,0.3526795634613495,0.3497530836256726,0.2986995141212554,0.349019357027496,0.3390615562971761,0.3196458357782388,0.3096977927780299,0.2913517076364073,0.3717315522532035,0.3467622596455978,0.3386066675647272,0.3215009907726457,0.3462576446226187,0.3351405529277874,0.3251538732434994,0.3470103452540777,0.3624199701616137,0.3528780104965434,0.3193513629320699,0.2933861813471967,0.3302707029337211,0.3220217343935457,0.3155706405304068,0.340998516942307,0.3001127941353006,0.3592567103745192,0.3629507137339074,0.3156340886875255,0.2751360300604327,0.3167036399608527,0.320872396224583,0.3412969669674519,0.3586346817888648,0.358417328756132,0.3673734520959152,0.3601427920327977,0.3743682334673543,0.3546416793846257,0.2875483452344916,0.300813987381079,0.3360490001991021,0.3537302873451721,0.3151494778690469,0.359940733519148,0.3546934164487276,0.3675406630983515,0.308953494634087,0.3614853285210342,0.3626025466317186,0.3310360189436758,0.3669876301216875,0.3569880469898419,0.2713680349694429,0.2835375454382497,0.3542776882933873,0.3957106983337665,0.3563653208240515,0.3721473319647552
0.3457826153958469,0.3384764532298243,0.3371492186423571,0.3602363200198721,0.3548463072933038,0.3458178809856765,0.3722136386854526,0.3059057681438535,0.2682609426921428,0.3840916399199365,0.3330682907881941,0.2441868885122055,0.3424261779885396,0.3627747817311378,0.3614113416398014,0.2971345650107585,0.2866811833840884,0.3383311270653565,0.3233439129683825,0.3067557563983635,0.3740856256277825,0.3745429656559865,0.3376466889906932,0.3263596169500455,0.3821897307378084,0.3483018937173112,0.4171451434357188,0.329389491576459,0.3491106982801748,0.2814329454963546,0.3261228600815296,0.3763316547130243,0.3648474234425165,0.2926610722587787,0.2810377724906742,0.2111033548482476,0.3530880821850979,0.3089665203629652,0.3361919004988151,0.3415577474784889,0.3555731574687548,0.3539602624467595,0.3486030560486169,0.3011867754114353,0.3492890726882732,0.3382845898381846,0.3186269301362476,0.3085872064726027,0.2918577046133734,0.3723733470028152,0.3480214478374784,0.3366260639120274,0.3249166573878094,0.3462535454359265,0.3343690491895237,0.3239523458045443,0.3509504579715423,0.3624216477441021,0.3520522629637602,0.3180717356854407,0.2942199811423928,0.3307069555367498,0.3236271231112003,0.3148938188585793,0.3382274755856677,0.2978331814207842,0.3585456356540034,0.3627370682331913,0.3143522191257144,0.2715547230670165,0.3158968603865224,0.3266713651447133,0.3408532416370515,0.3593089419980431,0.3600544443264166,0.3665896640417593,0.3599286770131055,0.3750856174371121,0.3551604168137995,0.2889024248991707,0.2990849018579252,0.3414190191845478,0.3523617957306357,0.3118967026950616,0.3601471334438284,0.3536604504761869,0.3722745669169173,0.3078688315074003,0.3624063146545697,0.3629962691333504,0.3297596154569798,0.3641266106201614,0.3554891152896137,0.2737994644333681,0.2842915180077914,0.3578343692025895,0.390740941407532,0.3558504490957318,0.369879696514713
0.3449063676106597,0.337294311208205,0.3364536122525319,0.3600758221790555,0.3568601515161048,0.3435899031671391,0.370434676314643,0.3039588013242486,0.2609631391726975,0.3859983240459715,0.3319397374694179,0.2431132622079165,0.3422512149775504,0.3622162781072935,0.3610273060150477,0.2946549274193679,0.2848558634118874,0.3383371757937192,0.3190031916117418,0.3046412782671749,0.3740935323966919,0.3787947420000933,0.336985328817652,0.3232999006082676,0.3839348590648603,0.3484713228768684,0.4015198403416699,0.3341068636615814,0.3489639510092974,0.2817862193138979,0.3312345458882224,0.3770039686384227,0.3654483497769007,0.2909904753484527,0.2795174212566716,0.208496009198349,0.3534717430504664,0.3142276443604258,0.3356050056357185,0.3452769998966572,0.3547835659264808,0.3551458612048948,0.3475196856221453,0.3042221499933188,0.349548003119945,0.3375087164186249,0.3176367145519717,0.3073595716202477,0.292964900762004,0.3729548049560229,0.3491966548967371,0.334753668521104,0.3278916070055552,0.3463952840665739,0.3336737217671651,0.3226563283634109,0.3544797527315849,0.3622239345625707,0.3511787836875438,0.3167518062576341,0.2958070112028178,0.3310493396255516,0.3250036735945336,0.314665739700035,0.3355647937309376,0.2957424824487845,0.3577295600348819,0.3623728025953138,0.3131823802921422,0.2687842804413339,0.3155007939502004,0.3322160392534337,0.3404052874984531,0.3598179779752904,0.361393382528814,0.3656001029553491,0.359861320851945,0.3754370736988187,0.3557280072770742,0.2905281631468855,0.2971536645907412,0.3461526282072665,0.3509454877131374,0.3089491882679498,0.360241629245079,0.3521757912922769,0.3766460334552439,0.306807082338341,0.3629994704102266,0.3633850193997696,0.3286085428448835,0.3606913093898224,0.3538315139480127,0.2762050991956942,0.2854365722311858,0.3611090701438739,0.3855375792387188,0.355374599189525,0.3669942236362786
0.3441992912038784,0.336135977077627,0.3357466355978751,0.3599014128488447,0.358683017056575,0.3411676148671578,0.3685497325840232,0.3019607569735364,0.2538761570981689,0.3877678816963727,0.3308025265416292,0.2431233992150572,0.341884106125657,0.3616921808199725,0.3606990891320382,0.2925233562321629,0.2828360057028596,0.3373263472665972,0.3136382611877782,0.3026146611289616,0.3740135764375935,0.3827907459212668,0.336134028995973,0.320556054760882,0.3853953983507469,0.348774803373415,0.3863514760342015,0.3389249895358407,0.3487218804071093,0.2827878013974662,0.3358274492219736,0.377765486420185,0.3659031337917235,0.2892095507745453,0.2780615434588649,0.2077219013045613,0.3538881105670867,0.3196262946610065,0.3349758872856239,0.3485980182305148,0.3539700183385307,0.3562477010177057,0.3465270661661571,0.3077033246273616,0.3497989491388557,0.3367463446232208,0.3166960544630254,0.3060196991913358,0.2947010441467844,0.3734734459819671,0.350268395686302,0.3331226213212526,0.3304034110666816,0.3466607249781203,0.3330517833753623,0.3212771002573785,0.3574974397994612,0.3618301330553496,0.3502696047250561,0.3153612835178989,0.2981481809205005,0.3312965057544071,0.3261913524664424,0.3148368370547753,0.3331123148148251,0.293841345787498,0.3568628812871687,0.3618731130013283,0.3121221137720217,0.266830315308128,0.3153746458839064,0.3374281333951146,0.3399477385454642,0.3601883876257684,0.3624666413397391,0.3644697857327768,0.3599413899228662,0.3753987280693708,0.356283739434312,0.2923732099086534,0.2950103074568797,0.3502489081042237,0.3495251458413071,0.3063006986315206,0.3601909547731163,0.3502171021506348,0.38069790961211,0.305734514488659,0.3632609185181854,0.3637513232546589,0.3275723952775085,0.3567089038159813,0.352027576489486,0.2785447943822964,0.2868222403686878,0.3641286447652845,0.380255763649769,0.3549284108328482,0.3635889282717356
0.3436584126258028,0.3349543527334815,0.3350191866738395,0.3596781011230002,0.3603046672246667,0.3386052518847081,0.3666358198570082,0.2998755146301302,0.2470694440258379,0.389426816488672,0.3296350932022009,0.2436871615139886,0.341110825673441,0.3612151858658519,0.3603643320273431,0.2908192170136627,0.2806827915799078,0.3352060785194348,0.3073208996527383,0.3008498802476014,0.3738022188325773,0.3865661564574258,0.3351330626926739,0.3181787383260562,0.3865656313959089,0.349195308633824,0.3721505176303729,0.3436518222116497,0.3483986349376269,0.28449898425247,0.3398709594924267,0.3786173745696463,0.3661636643658218,0.2873201460417172,0.2766322849447384,0.2086658965894917,0.3543262302431512,0.3249956528021787,0.3343002031366066,0.3515234826368948,0.3531559395846765,0.3572627921742532,0.3456383419951515,0.3115037510793109,0.3500478203182819,0.3360112603320349,0.3158235462305985,0.3045852267639822,0.2970615934599956,0.3739281633339965,0.3512235350074717,0.3319372064442086,0.3324570874039621,0.3470183475793835,0.3324877770055615,0.3198357563808426,0.3599461247840356,0.3612612026650922,0.3493352919948285,0.3138732664233153,0.3011974107929721,0.3314594360324506,0.3272362504820911,0.3153521824559581,0.3309708612976311,0.2921244811972087,0.3559930105658882,0.3612599736022307,0.3111496612173113,0.2657053358354254,0.315467265017603,0.342233032242299,0.339474049971277,0.3604242937601863,0.3633028813391019,0.3632747557296156,0.3601675365224726,0.3749653091198069,0.3567622505738646,0.2943864890679352,0.2926627878999289,0.3537473042969649,0.3481417820511355,0.3039569433177496,0.359971475892794,0.3477934720638561,0.3844745005037046,0.3046124858840176,0.3631988450228626,0.3640687398739868,0.3266274452439118,0.3522362754363844,0.3500798476691966,0.2808308884705703,0.2883066412643971,0.3669031293121257,0.3750479124786893,0.3544924678234338,0.3597684419597616
0.3432741200500692,0.3336785150559912,0.3342681894678382,0.3593669902150208,0.3617161152928594,0.335970178725343,0.3647653849774732,0.2976675552585269,0.2405704708453772,0.3909817236806731,0.3284233594090704,0.2443404870970668,0.339746133895867,0.360789751596016,0.359949492804514,0.2896138752904995,0.2784828321399453,0.3319675518918555,0.3001944480192493,0.2995263018435846,0.3734178912075203,0.3901274378912637,0.33403797843582,0.3162170250113187,0.3874509304860002,0.3497055792572781,0.3592939984759949,0.3481186289562821,0.3480258173941205,0.2869350911429807,0.3433790258409542,0.3795554461705043,0.3661955803958321,0.2853392312537147,0.2752046109639591,0.2111439975480533,0.3547685209941067,0.3301801816056112,0.3335748156281202,0.3540614308635104,0.3523651079563209,0.3581855537822868,0.3448500867820452,0.3154860969874357,0.35030116047805,0.3353135163679671,0.3150411804086566,0.3030883155090073,0.3000064130022442,0.3743190937321837,0.3520533299791599,0.3314111943805391,0.3340792388993054,0.3474354368569598,0.3319579930120392,0.3183588696663817,0.361816527482795,0.3605487067450595,0.3483888160546308,0.3122688820235401,0.3048744588217368,0.3315552998492467,0.3281795724143438,0.3161486282804876,0.3292271211914911,0.2905863197699553,0.3551537660713674,0.3605578639224651,0.310228764041981,0.265428696102464,0.3158073046529467,0.3465681125724191,0.3389772750491526,0.3605222283049902,0.3639222570158896,0.3620968831497688,0.3605283361242836,0.3741567525628919,0.3571043290755059,0.2965209655202452,0.2901467316953397,0.356717840000521,0.3468242350102274,0.3019290752634211,0.3595681399196794,0.3449550846368089,0.3880129576025629,0.3034028103275772,0.3628340378927639,0.364295396147444,0.3257361520511936,0.3473592735860684,0.3479867740261743,0.2831229988354016,0.2897667023818535,0.3694297701703203,0.3700434914141307,0.3540349741939438,0.355644789470195
0.3430372705491422,0.3322223298349688,0.3334876856245342,0.3589423700243096,0.362911888619795,0.3333294462422513,0.3630079958218772,0.2952999073662608,0.2343669253762773,0.3924087425217102,0.3271573778879565,0.2446615757937987,0.3376755005999555,0.3604173791917804,0.3593764823838306,0.2889568770935142,0.2763494233840524,0.3276975249103367,0.2924725578236374,0.2988210598780243,0.3728243818180397,0.3934560679188525,0.3329173619360267,0.3147139787997772,0.3880627009800036,0.3502712673571068,0.3480265521806103,0.3521914670021267,0.3476444063788725,0.2900668127042927,0.3463893562162298,0.380571727273055,0.3659851050139984,0.2832958382173218,0.2737788311118762,0.2149290357770995,0.3551855220940507,0.3350524411282192,0.3328064256991276,0.3562261770353986,0.3516091442037219,0.3590050073954273,0.3441421773011422,0.319517438290342,0.350562079900034,0.3346543621096166,0.3143659203290241,0.301580163492594,0.3034563623961813,0.3746427949578549,0.3527520489560422,0.3316248115069497,0.3353018300698837,0.3478839905834539,0.3314368510222966,0.3168774873762757,0.3631453924468587,0.3597265434741681,0.3474397823726856,0.3105331603717154,0.3090728635851972,0.3316012195404512,0.329052945420758,0.3171536836966395,0.3279383502529632,0.2892172334509079,0.3543719835611091,0.3597862180335073,0.3093153836345732,0.2660238895647366,0.3164843811907985,0.3503911107074624,0.3384520319074836,0.3604816101599555,0.3643246379341222,0.36100656187511,0.3609984904681828,0.3730134660932243,0.3572614939580388,0.2987299159264355,0.2875318040691486,0.359241849578935,0.3455788326487626,0.3002316181251392,0.3589725608684712,0.3417868552397768,0.3913287813880473,0.3020732704333806,0.3621944941751003,0.3643779944619262,0.3248473827980852,0.342195827413869,0.3457467007583205,0.2855216116378646,0.2911006907524839,0.3716937237970666,0.3653435690578565,0.3535141023882854,0.3513327044749488
0.3429411345456795,0.3304932866153522,0.3326706642515598,0.3584006089278889,0.3638941398686102,0.330733929500099,0.3614208767230756,0.2927308626516536,0.228420612750848,0.3936577194205381,0.3258329661845492,0.2442236432957968,0.3348829739903745,0.360094563596837,0.3585708040986222,0.2888714531495163,0.2744258617738963,0.3225754443448196,0.2844227244456986,0.2988965103426513,0.3719992543545324,0.3965188077273308,0.3318441116721389,0.3137002272228433,0.3884187665201962,0.3508547244522284,0.3384699742410382,0.3557785421426445,0.3472884323844815,0.2938292886586199,0.3489498607148767,0.3816553304318776,0.3655392103993105,0.2812321357139877,0.2723785250755213,0.2197769196315021,0.3555444446439801,0.339520628435457,0.3320071267951097,0.3580324134258653,0.3508838503239294,0.3596990732102182,0.3434864880375382,0.3234783397017258,0.3508266017076744,0.3340288880998823,0.3137957041715655,0.3001336550808642,0.3073012832979811,0.3748961016039782,0.3533191558892512,0.3325225734522554,0.3361591008702826,0.3483400438119182,0.3309003273743324,0.3154278912719486,0.3640024972803726,0.3588327436868347,0.346489891124887,0.3086605424279731,0.3136598186295076,0.3316164554223624,0.3298799995671465,0.3182922563080937,0.3271277258693099,0.2879971902570377,0.3536726347870058,0.3589576035551909,0.3083616698038768,0.2675122339406285,0.3176172419958548,0.3536853466607143,0.3378969087384441,0.3602971054397693,0.3644961111357113,0.360052513566704,0.3615461435330294,0.3715934127805106,0.3571987133332508,0.3009640357755667,0.2849179372329739,0.3613932828061318,0.3443919203027903,0.2988903108657872,0.3581826782391289,0.3383905874393229,0.3944133009392419,0.3005966952104537,0.3613164661881734,0.3642668276812138,0.3239090042564298,0.3368924633911965,0.3433590897952837,0.2881580198872361,0.2922400251041285,0.3736716766746643,0.3610279742959733,0.3528826863456537,0.3469430272423879
0.3429753832922329,0.3283991454052645,0.331820332681275,0.3577517016804939,0.3646734240671533,0.3282157321023808,0.3600335791559519,0.2899233160272643,0.2226829223274114,0.3946726674080261,0.324455287069988,0.2426540206625641,0.3314549189775014,0.3598073950513296,0.3574681993112085,0.2893663275428459,0.2728778261374515,0.316854974285408,0.2763339833639913,0.2998753621596954,0.3709372650345878,0.3992793395995588,0.3308847289000918,0.313187735937986,0.3885486527364531,0.3514162164201569,0.3306234750770551,0.3588342061082223,0.3469874697918942,0.2981237601933907,0.3511195964793946,0.3827861136129983,0.3648789701174806,0.2792137425098862,0.2710384706685483,0.2254480244652028,0.3558202558568792,0.3435287185774676,0.3311888760219236,0.3594886625189379,0.3501781153486276,0.3602430751322821,0.3428532600820894,0.3272685222876514,0.3510831145982656,0.3334309631823882,0.3133106623230683,0.2988388748303071,0.3114137517850191,0.3750859748473412,0.3537634528166572,0.3340214836986935,0.3366961984948559,0.3487815767614121,0.3303280250426901,0.3140455230231037,0.36447456840881,0.3579112828518679,0.3455373453135292,0.3066690252565177,0.3184831240371982,0.3316247397564489,0.3306767719282007,0.3194934243881336,0.3267877599470122,0.2868975499742537,0.3530721803812646,0.3580814051079867,0.3073198445041068,0.2699020994232428,0.319315956007062,0.3564575298150189,0.337312949551258,0.3599555101922155,0.3644286255463966,0.3592659504909163,0.3621376540904911,0.3699737159420051,0.3568985761287744,0.3031748441667456,0.2824290407137451,0.3632313507771038,0.3432403275094599,0.2979403017505478,0.3572056174663844,0.3348743584146532,0.3972468885456288,0.2989467620096756,0.3602507729506236,0.3639244871131609,0.3228816016821045,0.331610826939691,0.3408269876545317,0.2911733790887469,0.293166223765442,0.3753415026090907,0.3571561172774021,0.3520913220206964,0.3425787181340012
0.3431235234683667,0.3258554214937077,0.3309503545765907,0.3570081524974954,0.3652637156143057,0.3257936927800121,0.3588453815320691,0.2868594177985362,0.2171001072340811,0.3954040728014563,0.323036532856067,0.2397357078207652,0.3275799067473897,0.3595369960723096,0.3560209368905514,0.2904429204258424,0.271875624807082,0.3108422602840978,0.2684930222869398,0.3018230676842267,0.3696448912087942,0.4017075873143815,0.3300937823460675,0.3131689121643113,0.3884936029428304,0.3519153999160531,0.3243827766955192,0.3613566033803287,0.3467773832412085,0.3028160504283146,0.3529647247068018,0.3839264937744812,0.364035539821953,0.2773346747692959,0.2698017258478494,0.2317240314474712,0.3559925827792996,0.3470564331312981,0.3303683792321215,0.3605987870489836,0.3494802667662899,0.3606226416485035,0.3422088067605222,0.3308137104052107,0.3513143685899093,0.332850502646004,0.3128859691278663,0.2977931425675168,0.3156567268505895,0.3752285708648232,0.3541052604592166,0.3360334201193314,0.3369677918000008,0.3491899437884015,0.3297054464208952,0.3127531058393442,0.3646535592009081,0.3570013042597745,0.3445802324597957,0.3046048068129242,0.3233886467677486,0.3316468177813473,0.331447863732202,0.3206914404816204,0.3268783692061039,0.2858913720619467,0.3525732307616273,0.3571652452381008,0.3061476576593134,0.2731790741323773,0.3216575947369095,0.3587303704502271,0.3366999319954603,0.3594528051623076,0.364126012780701,0.358662030382302,0.3627316999757992,0.3682442638471876,0.3563633557644071,0.305316762898341,0.280210108085247,0.3647997977567068,0.3420961117473134,0.2974070589045289,0.3560591134396862,0.3313492754579699,0.3998066621767873,0.2970996294162583,0.3590624221775289,0.3633228574343152,0.3217382482345917,0.3265145692330981,0.3381592775488179,0.2946916156605383,0.2939158265969369,0.3766899443437322,0.3537580810518525,0.3510926636695384,0.338331198617918
0.3433665994279227,0.3227935682070074,0.3300731093871586,0.3561859601204899,0.3656775553091617,0.3234713516910065,0.3578356421175395,0.2835471822435755,0.211613879628897,0.3958067867948427,0.3215915191394524,0.2354384914469459,0.323549238943737,0.3592724789315228,0.3542034768764109,0.2920873377968805,0.271580051036795,0.304873852889044,0.2611744916654274,0.3047506179916034,0.3681382776404353,0.403785921779544,0.3295148752165099,0.3136210069851723,0.3883004033949393,0.3523168894831314,0.3195854338702108,0.3633815169891896,0.3466939013370604,0.3077480807042363,0.3545426613960254,0.3850196324028932,0.3630522888273195,0.2757088074217651,0.2687236167001625,0.2384217428429967,0.3560379718944573,0.3501199250532346,0.3295697540181567,0.3613671576487219,0.3487751020427572,0.3608324622271787,0.3415149683048306,0.3340691657098842,0.3514997158151886,0.3322676979880857,0.3124958627693509,0.2970926236728853,0.3198900714032515,0.3753364391907862,0.3543736817187992,0.3384090437913581,0.3370276160109828,0.3495529235826485,0.329025677372226,0.3115559458437142,0.3646266354526027,0.356125477468785,0.3436113185466037,0.3025372210985753,0.3282339793556301,0.3316914830169208,0.3321858030309826,0.32182746211175,0.327321070523438,0.2849628802349917,0.3521727460327449,0.3562130088758264,0.3048127071204969,0.277303671677254,0.3246821057469629,0.3605395891733319,0.3360587409454979,0.3588062738922964,0.3635947593738118,0.3582319800788267,0.3632759104661813,0.3664929219813634,0.3556125530548879,0.307343906124934,0.2784213729582721,0.3661245301490796,0.3409278657269827,0.2972907254974272,0.3547669615261156,0.3279187690020668,0.4020594777535545,0.2950415866982139,0.3578210767129575,0.3624443714043545,0.3204606879041791,0.3217600971235561,0.3353701997301685,0.2988010457747437,0.2945725410505734,0.3777131249135069,0.3508329927969285,0.3498515791437501,0.3342779074700863
0.3436835819886165,0.3191678689489852,0.3291975160136327,0.3553100708682788,0.3659268316773304,0.3212298268254568,0.3569693729619005,0.280021809661846,0.2061703111760642,0.395845477788358,0.3201375237282172,0.2298759980406989,0.3197341628969649,0.3590133375648626,0.3520141170016702,0.2942668998967682,0.2721347228885981,0.2992881492617705,0.2546271690972407,0.3086216115483078,0.3664497017447607,0.4055115333188304,0.3291825771184269,0.3145076281311673,0.3880170782894323,0.3525962316250611,0.3160476266529548,0.3649766648425194,0.346755739623546,0.3127597155891079,0.355894112220805,0.3859946175458035,0.3619834524166913,0.2744592952958026,0.2678639956996466,0.2454006363866021,0.3559362850214764,0.3527679618913736,0.3288151391277147,0.3618008447100149,0.3480421997690354,0.3608681532383389,0.3407384343143966,0.3370151780012144,0.3516169794877966,0.3316563992548336,0.3121082039285535,0.2968280805192131,0.3239856292426637,0.3754133177036101,0.3546008253977357,0.340965325739879,0.3369292548643509,0.3498652812232863,0.3282896586748268,0.3104480667121577,0.36446500898139,0.3552945672853852,0.3426149388366908,0.3005593919789385,0.3328925326726367,0.3317568111630334,0.3328789012556289,0.3228557404186416,0.3280046862424228,0.2841081398737047,0.3518718186680833,0.3552261810303918,0.3032951217051638,0.2822136354799209,0.3283939286581001,0.3619361900485243,0.3353979661701329,0.3580411083939012,0.3628426531974978,0.3579439285581087,0.3637156567520178,0.3647975387254818,0.3546790561969509,0.3092105716924723,0.2772243739095862,0.3672118901369594,0.3397086724753981,0.2975673253973823,0.3533536164351485,0.3246606122321954,0.4039603450476393,0.2927732714563211,0.3565924142690085,0.3612940292903443,0.3190474808929248,0.3174849218579786,0.3324799875581718,0.3035479513660917,0.2952578712392129,0.378416684565145,0.3483619442541594,0.3483556388150396,0.3304844044404324
0.3440469405277783,0.3149612594246256,0.3283393378187005,0.3544089172535372,0.3660256164943644,0.3190315062200443,0.3561928229541644,0.2763504591785961,0.2007331015643228,0.3955139724229572,0.3186926951606542,0.2232486177846415,0.316537296440131,0.3587609479590969,0.3494741106757087,0.2969444881110193,0.2736534661100658,0.2943937429428047,0.2490510474883159,0.3133489455590618,0.3646289304883342,0.4068943151106398,0.3291203845127481,0.3157752540983319,0.3876927469259884,0.3527408922552859,0.3135786433484012,0.3662319065118672,0.3469610406907858,0.3177027584961656,0.3570513005405066,0.3867734719994551,0.3608834586095221,0.2737139686814676,0.2672682454391892,0.2525602567340078,0.3556835435512981,0.3550703951292059,0.3281172257380367,0.3619118376601826,0.347261734337132,0.3607303955427393,0.3398602244049413,0.3396491650256468,0.3516442744407233,0.3309941714273521,0.3116871323292254,0.2970790703074542,0.3278423792000042,0.3754636209345591,0.3548191584885087,0.3435781298721081,0.3367360385180497,0.3501255420764876,0.3275045834453796,0.3094162814538985,0.3642167331868875,0.3545177505432168,0.3415753198093638,0.2987920918500962,0.3372587160238916,0.3318351187446958,0.333519643055619,0.3237470321572601,0.3288041154617233,0.2833309795765045,0.3516724763709126,0.3542094339283406,0.3015906702677752,0.2878219845895998,0.3327598110893772,0.3629819150228462,0.3347316956236721,0.3571767828473212,0.3618908011962302,0.3577602557355468,0.364003232928217,0.3632261726189249,0.3536065095753971,0.3108786071381175,0.2767652920774396,0.3680532397004681,0.3384256475190565,0.2981912212560738,0.3518453401099412,0.3216174561908506,0.4054690764322661,0.2903072002438498,0.3554361645564204,0.3599054770163577,0.3175226118132158,0.3137956752383054,0.3295184587819347,0.3089304564397409,0.2961202588023703,0.3788208259890126,0.3463197979537388,0.3466160118515534,0.3270050676027673
0.3444229010738833,0.3101894261683828,0.3275215197441439,0.3535021111568113,0.3659891385221356,0.316835251492772,0.3554334478530593,0.2726380069856904,0.1952859664763157,0.3948450944081023,0.317269229147612,0.2158245187689625,0.314349606652955,0.3585173318301612,0.3466290416132685,0.300091675801808,0.27620011495623,0.2904475196743732,0.2445807572010474,0.3187946761218578,0.362732745632414,0.4079519990441493,0.3293376081376011,0.3173553569451032,0.3873767067734331,0.3527487687054452,0.3119954411397629,0.3672406039476881,0.3472947782686647,0.3224447550978607,0.3580437806174785,0.3872760810456762,0.3597965828321874,0.2735979037561898,0.2669565461396829,0.2598309934182846,0.3552902013719993,0.3571022862970448,0.3274835234479663,0.3617220517606392,0.3464197529236383,0.360435732676432,0.3388743911983075,0.3419802606391319,0.3515618288975109,0.3302656411724033,0.311205417755845,0.2979023095192756,0.3313886387028148,0.3754984887943686,0.3550630375569231,0.3461824277268918,0.3365184789735705,0.3503308610780274,0.3266811602041765,0.3084353089342846,0.3639069932797303,0.3537974939483232,0.340485825460135,0.2973739013779509,0.341258328991362,0.3319106352782329,0.3341045308087052,0.3244862988918183,0.3295960631815233,0.2826466296288329,0.3515711068464348,0.3531724779844352,0.2997132352814972,0.2940115080970184,0.3377136536217526,0.363735411857493,0.3340686049126318,0.3562392452660009,0.3607799326887004,0.357651868184751,0.3640970987281203,0.3618308436988268,0.3524456820100506,0.3123204104597183,0.2771609502684725,0.3686349639139988,0.3370797649272116,0.2990860903024959,0.3502742892078297,0.3188006502084023,0.4065659063557419,0.2876676281348528,0.3544055191742781,0.358331387429964,0.3159265151335743,0.3107641980109275,0.3265246612499971,0.314889194350493,0.2973163000504712,0.3789632552307818,0.3446738168583019,0.3446617529681077,0.3238759341109295
0.344777618525957,0.3049005880740305,0.326759591227217,0.3525983908210197,0.3658308846508095,0.314607067541838,0.354611810251821,0.2690275369547834,0.189826041828582,0.3939002015308696,0.3158720253505647,0.2079684560422757,0.3135241166212512,0.358293378717098,0.343549051945606,0.3036824457373442,0.2797743899260719,0.287645631622637,0.241280976633737,0.3247885893443608,0.360817232753827,0.4087058526818429,0.3298322641759353,0.3191768534021027,0.3871147501363422,0.3526283354665606,0.3111397370452774,0.3680816253171042,0.3477284065577969,0.3268759473359843,0.3588922097116417,0.3874239718722691,0.3587559668317268,0.2742174408325674,0.2669266615515588,0.2671663734262192,0.3547692033860444,0.358931124857438,0.3269185589868691,0.3612655783125343,0.3455077930425032,0.3600132474887962,0.3377820945642611,0.344025253540285,0.3513547215393335,0.3294582238497234,0.3106499670161685,0.2993201215858126,0.3345778854086643,0.3755278483710781,0.3553663642493671,0.3486980712823874,0.3363401552124516,0.3504741461048445,0.3258322789148013,0.3074651195798916,0.363540857611382,0.3531163460468297,0.3393465912045574,0.2964405260815017,0.3448531730623248,0.331956443250898,0.3346306227351656,0.3250722237437911,0.3302654579802369,0.2820945712462001,0.35156340214001,0.3521250640004136,0.2976949747270801,0.300636550354427,0.3431760763598577,0.3642452518496305,0.333409657673694,0.3552752579700263,0.3595622126567789,0.3575964864931142,0.3639610352363688,0.3606362548491918,0.3512471461249321,0.3135132871882173,0.2784863657876797,0.3689494336544949,0.3356807302437685,0.3001398267746456,0.3486771100628106,0.3161959853252823,0.4072468166808101,0.2848995565390166,0.3535429416019356,0.3566323623401545,0.3143003828492178,0.3084293562427098,0.3235390079631608,0.3213075711355793,0.2989889031835788,0.3788929838881249,0.3433806572880712,0.3425393120249373,0.3211090353193218
0.3450800499105777,0.2991724001661072,0.3260557732652917,0.3517045568402049,0.3655634489523718,0.3123200031358442,0.3536538789137694,0.2656964289494731,0.1843667856251821,0.3927582382233438,0.3145066176831267,0.2001474991526637,0.3143425389177828,0.3581086606454081,0.3403202596880884,0.3076814767998888,0.2843122423202125,0.2861165846231654,0.2391448752612673,0.331153753538555,0.3589420698055015,0.4091777708730076,0.3305997966864604,0.3211759246261502,0.3869451322183424,0.352396485833698,0.3108769788749295,0.3688143852614697,0.3482145319387976,0.3309196071663469,0.359605800104833,0.387146750945036,0.3577855418892361,0.2756449290156467,0.2671559585032472,0.2745384782743282,0.3541357417121496,0.3606113248160653,0.3264155494812449,0.3605856195090613,0.3445231287538128,0.3594903272696577,0.3365921650961951,0.3458033995912055,0.3510168437237832,0.3285619118954629,0.310016937845027,0.3013175102950092,0.3373910139964234,0.3755553711428815,0.3557525549417863,0.3510326561687996,0.3362541499404738,0.3505461115248394,0.3249729755429001,0.3064589423562817,0.3631049847285385,0.3524401057090641,0.3381576848300234,0.2961120736773328,0.3480344171466961,0.3319415474251839,0.3350983651785672,0.3255198774321665,0.3307141378318556,0.2817437210188777,0.3516517019291558,0.3510729365772668,0.2955870260474875,0.3075348074722959,0.3490725881500251,0.3645569572004318,0.3327583130613772,0.3543367834428161,0.3582917876657792,0.3575756153164525,0.3635722952089866,0.3596425623754605,0.3500523851736005,0.3144378580102531,0.2807644163902018,0.3690027511064387,0.3342478477317311,0.3012198051009861,0.3470899925087955,0.3137648427313996,0.4075107199577344,0.2820797833127758,0.3528753460638602,0.3548749164828515,0.3126842491280239,0.3067972447446166,0.3205963545656483,0.3280282408622451,0.3012506631682246,0.3786608354103087,0.3423950659622541,0.3403160128180217,0.3186987563037207
0.3453006293056206,0.2931113669538125,0.3254103285958307,0.3508288065738829,0.3652023345064001,0.3099543923093401,0.3524941057594734,0.2628485924140182,0.1789541903540581,0.3915166874240337,0.3131799555134889,0.19285523159203,0.3169713970043064,0.3579790801429008,0.3370316756907771,0.3120467681476504,0.2896923232762273,0.2859105543155043,0.2380947599746362,0.3377201238636206,0.3571725111876487,0.409386251657693,0.3316382697966641,0.32329343152398,0.3868953006757387,0.3520702967784315,0.3110849191930769,0.3694817920330969,0.348693533909382,0.3345332838638662,0.3601912962591456,0.3863920629413193,0.3568967871438612,0.2779109040289437,0.2675965304461671,0.2819305525669209,0.3534181202373719,0.3621822405566496,0.3259527333324297,0.359732445548505,0.3434726474702771,0.3588903338922892,0.3353252391311543,0.3473309059047564,0.3505529410105828,0.3275754371370574,0.3093106058675082,0.303846300875308,0.3398392045030408,0.3755897094362472,0.3562264046257563,0.3531445577249743,0.3363114059139381,0.3505386173566677,0.324117031939403,0.3053727167784614,0.3625728787584008,0.3517350542300826,0.3369212638649653,0.2964877557076646,0.3508143858934828,0.3318401711041213,0.3355166249109202,0.3258568953871061,0.3308756348177807,0.2816793738693641,0.3518383792375877,0.3500203815475244,0.2934623101318407,0.3145376065905753,0.3553311190678991,0.3647168766778929,0.3321242461414527,0.3534549146354871,0.3570237829787244,0.3575821948553255,0.3629283374332026,0.3588416690724582,0.3488887432077413,0.3150869674991067,0.2839621169902913,0.3688154597910784,0.3328118228960944,0.3021979088870771,0.3455477617206579,0.3114472086053912,0.4073595327141092,0.2793189275566182,0.3524132344231945,0.3531276266850749,0.3111210924266246,0.305842924341162,0.3177271270897195,0.3348734811646735,0.304169319981714,0.3783161704951893,0.34168043822215,0.3380735409960266,0.3166295602072904
0.3454147127491778,0.2868543755586917,0.3248272280827849,0.3499742058334161,0.3647677370395167,0.307505204155767,0.3510762013706489,0.2606986335204586,0.1736791744486668,0.3902893537638334,0.3118874182702328,0.1865550204667336,0.321440820877902,0.3579094207373012,0.3337697074728457,0.3167379542813848,0.2957413238906434,0.286994372545257,0.2379913468251861,0.3443297624183324,0.355567596786201,0.4093405422443475,0.33294436196369,0.3254713315310522,0.3869797943759611,0.3516597783457603,0.3116552775320824,0.3701079094724183,0.349109399686432,0.3377025150774476,0.3606580058996885,0.3851344643399682,0.3560861672309539,0.2809986042996226,0.2681732650620119,0.2893250648031344,0.3526581209525213,0.3636640398374974,0.325502964786061,0.3587641297081741,0.3423734133088258,0.3582431657871485,0.3340113284666793,0.3486158482824847,0.3499759012845068,0.3265089699262304,0.3085494937897237,0.3068286394332261,0.3419551778330422,0.3756559814122926,0.3567753273665082,0.3550209189352813,0.3365597078704411,0.3504435646969006,0.3232694299656865,0.3041669823311032,0.3619156185613713,0.3509737165640506,0.3356495063768329,0.2976313719267829,0.35322356991599,0.3316299082789282,0.3358996840416992,0.3261120344353574,0.3307220820221044,0.2819881218787863,0.3521138688850561,0.3489733993591473,0.2914150720723987,0.3214712102589582,0.3618642320793886,0.3647617605742537,0.3315128873572538,0.3526419433751428,0.3558149489414344,0.357626188592925,0.3620423366484802,0.3582236079759401,0.3477702508564642,0.3154717333969949,0.2879935814249535,0.3684177281537966,0.3314070186570531,0.3029676034820063,0.3440844459732639,0.3091720816954972,0.4068076069336844,0.2767550529251645,0.3521536433524037,0.3514481622515851,0.3096479611751891,0.3055178922155941,0.314960917943986,0.3416580790328407,0.307751839717065,0.3779085677069537,0.3412051638336541,0.335890099703686,0.3148708876669009
0.3454105127745232,0.2805646077985642,0.3243025019234716,0.3491374640821202,0.3642836792095379,0.3049875611585682,0.3493596209426929,0.2594501113337168,0.1686781318961709,0.3891904175534549,0.3106068964409593,0.1817460216885435,0.3276581847346826,0.357896539373491,0.3306187061652942,0.3217115218535979,0.3022447639934086,0.2892604063969521,0.2386473865497822,0.3508470734344925,0.3541683522349693,0.4090378452353143,0.3345067937193476,0.3276604844627763,0.387201490283485,0.3511688362579512,0.312495973833901,0.3706929297703919,0.3494177642198357,0.3404392738746762,0.3610115711276357,0.3833788293923945,0.3553402642262602,0.2848400182614088,0.2687900277610371,0.2966946753593801,0.351897386065801,0.3650539512688565,0.325040767778205,0.3577422432212885,0.3412472443757473,0.357585450153678,0.332680995847472,0.3496555391123131,0.3493025138344255,0.3253803042326373,0.3077659798893571,0.3101600704071792,0.343778984468411,0.3757895792992318,0.3573717719383446,0.3565918646983645,0.3370297375274062,0.3502495359148816,0.3224223734218939,0.3028077546513066,0.3611107874396452,0.3501254949630558,0.3343656859739293,0.2995513021561236,0.3553066211769313,0.3312857570271258,0.336259407824635,0.3263091492162973,0.3302565937721698,0.2827591434335089,0.3524584731890334,0.3479364819173326,0.2895540277355805,0.3281571165538962,0.3685542543471855,0.3647113208644822,0.3309196789317775,0.3519121354097241,0.3547182493664538,0.3577266459507774,0.360937322728196,0.3577688548375863,0.3466998524701943,0.3156143080689552,0.2927258502345444,0.3678471376765584,0.3300602122811304,0.3034550653875253,0.342727141070076,0.3068711033039801,0.4058832827597586,0.274548027129178,0.3520839694775908,0.3498738850747971,0.3082824120714153,0.3057558585173736,0.3123256404627065,0.3482000743201354,0.3119364679455838,0.3774862496851389,0.3409316156568727,0.3338275911905225,0.3133700629322435
0.3452903680384785,0.274419641316015,0.3238166387806682,0.3483188491024199,0.3637771359011575,0.3024318898070771,0.3473266722486407,0.2592774492353635,0.1641336792998484,0.3883175952714258,0.3093114261635689,0.178991955727477,0.3354266481995052,0.3579296174814473,0.3276540728147142,0.3269079135990403,0.3089686097017818,0.2925391917698895,0.2398390322020912,0.3571712912880664,0.3530004215106709,0.4084686508337328,0.3363060448377142,0.3298295725699541,0.387555505374742,0.350597963375557,0.3135132883101545,0.3712180744252238,0.3495853340675833,0.3427813704215814,0.3612514366584844,0.381159294508781,0.3546415611187588,0.2893214790342327,0.2693380451427304,0.3040019370320058,0.3511695014050659,0.3663304753980112,0.3245380769925337,0.3567214488126152,0.3401170484670751,0.3569450551193184,0.3313591713325801,0.3504417793717013,0.3485524334992583,0.324211651787763,0.3069944540283889,0.3137188037511407,0.3453519354575242,0.3760236648605881,0.3579696542436509,0.357735580074963,0.3377285236852879,0.3499436142219631,0.3215592578996217,0.3012733319802829,0.360144993541692,0.3491553115114237,0.3330973656541515,0.3021965937853968,0.3571129528180732,0.330785838431217,0.3366041331549343,0.3264717585661152,0.3295049039939343,0.2840895765535,0.3528521725024421,0.3469070610830977,0.287995742687573,0.3344193238618174,0.3752446045783884,0.3645787537699115,0.3303394896487899,0.3512827628459379,0.3537736816457871,0.3579008773887399,0.3596489871280461,0.3574498405487827,0.3456685394833961,0.3155381088246314,0.2979885891564608,0.3671510845023828,0.3287871755639804,0.3036328617736193,0.341486667488044,0.3044883940283151,0.4046204646025734,0.2728760917806473,0.3521843436700128,0.3484240977252286,0.3070241563553603,0.306472981519286,0.3098453326826311,0.3543360200373502,0.3166002132017155,0.3770894384334557,0.3408162873774891,0.331931544107858,0.3120608667255869
0.3450638168385808,0.2686011588142301,0.3233456587673667,0.3475278312230594,0.3632773464319806,0.299874397703271,0.3449835503674175,0.260312839066033,0.1602801779799596,0.3877448217655762,0.3079782541192136,0.1787335381699144,0.3444526383301492,0.3579834503326458,0.3249278857579583,0.3322489506898085,0.3156828735396982,0.2966009110890881,0.2413224118583572,0.3632398088870839,0.3520796838090063,0.4076271823344787,0.3383181540398273,0.3319594828563922,0.3880300231148212,0.3499397907162688,0.3145995666905878,0.3716587846531052,0.3495934147674412,0.3447799871357461,0.3613788103147702,0.3785359640096768,0.3539670991621244,0.2942976911905302,0.2697042622435026,0.3112030821185161,0.3505050590102821,0.3674645625833635,0.3239648124217346,0.3557444035063612,0.3390087498296952,0.3563329330401251,0.330065596820376,0.3509728500615497,0.347748232951749,0.3230288654169256,0.3062613802403769,0.3173795510615946,0.3467157848389021,0.3763893656746044,0.3585052675970838,0.3583716877242709,0.3386479989611444,0.3495174947605174,0.3206586610918921,0.2995604228633487,0.3590156803915499,0.348037678660047,0.3318704781990505,0.3054697336327712,0.3586885027115382,0.3301238395836142,0.336943543883999,0.3266261099408712,0.3285160755609616,0.2860707184128879,0.3532725681455599,0.3458761526144244,0.2868631407041068,0.3400930943611641,0.3817295206408476,0.3643822224853842,0.3297730540692984,0.3507557805891218,0.3530013546505429,0.3581608261677526,0.3582276099461384,0.3572477856913298,0.3446547179980813,0.315268738829897,0.3035906155924978,0.3663837534437224,0.3275924096841197,0.3035296327209712,0.3403563748915205,0.3019842479825833,0.4030513415292416,0.2719254566334801,0.3524279436276092,0.3471022311288236,0.3058644827704969,0.3075734137813964,0.3075406629478263,0.3599336436441304,0.3215731799971824,0.3767452072189593,0.3408190898311889,0.3302315278177837,0.3108781875320172
0.3447445115736109,0.2632933002037964,0.3228725486134087,0.346775453501067,0.3628148392878675,0.2973529478297627,0.3423591597039808,0.2626305202236697,0.157398286594988,0.3875175061862793,0.3065789713018521,0.1811346749186512,0.3543660907462904,0.3580174188914669,0.3224634089631253,0.3376465125776106,0.3221777101678172,0.3011523634453033,0.2428612920292246,0.3690230797338661,0.3514048857928173,0.4065186619969858,0.3405138669490694,0.3340304824781992,0.3886020299282082,0.3491739189173612,0.3156544367717571,0.3719926279931454,0.3494459344918648,0.3464829789880714,0.3614006069513494,0.3755884551500912,0.3532875499111473,0.2996029214235913,0.2697829806316938,0.3182486814108896,0.3499340550965929,0.3684276106600838,0.3233024343062861,0.3548464539856765,0.3379512892043599,0.3557532653663165,0.3288172657986461,0.3512591534830331,0.3469117774637983,0.3218580441769096,0.3055859287395226,0.3210228616644641,0.3479070350126545,0.3769218770657137,0.3589115387129364,0.3584937679257144,0.3397733721166019,0.3489691322214848,0.3196911110423283,0.2976834423328989,0.3577361179031283,0.3467661704687539,0.330707133535757,0.309235237366933,0.3600731704601395,0.3293093902364955,0.3372883674535997,0.3267947923198872,0.3273607202834121,0.2887629371252727,0.3536847855288764,0.3448346262620245,0.2862819882870944,0.3450289386890905,0.387746370949631,0.3641371057550832,0.3292180505659792,0.3503143792447978,0.3524012630219345,0.3585086807138911,0.3567287720216148,0.3571600065387753,0.3436299169374217,0.3148394985943119,0.3093388349830008,0.36559322592803,0.3264639528916027,0.3032258527833625,0.3393184884392735,0.2993352483197741,0.4012047174834404,0.2718684023453535,0.3527814179137014,0.3458911244047963,0.3047836834572203,0.308963725838748,0.3054286082130323,0.3648944402492738,0.3266506635453459,0.3764692969286931,0.3409037155698242,0.3287336721631463,0.3097582720245077
0.3443557178625701,0.2586815496707994,0.3223825179223252,0.346067297194745,0.3624217042170433,0.2949078452538139,0.3395063875218249,0.2662304630692702,0.1557897183156402,0.3876466306180447,0.3050729710841286,0.1863139324621311,0.3647660323279851,0.3579836075751272,0.3202638438612951,0.3430091034260742,0.3282759602369721,0.305851525837027,0.2442522986617538,0.3745195971132969,0.3509472004704801,0.4051611674433025,0.3428524327573107,0.3360204250441402,0.3892348276727844,0.3482726024205664,0.3166074487961121,0.3721994417137233,0.3491707561270938,0.3479323721682886,0.3613228856345872,0.3724068725433378,0.3525754751110679,0.3050596552387372,0.2694874433554335,0.3250825391215262,0.3494768378743523,0.3691927780605673,0.3225515574609466,0.3540586005718669,0.3369692142025401,0.3552126710359436,0.3276271980558065,0.3513160372234561,0.3460592457160153,0.3207207989464576,0.3049825976142342,0.3245397427586224,0.3489505482418328,0.3776548407114657,0.359132554957323,0.358115572720774,0.341082129109067,0.3482991899249043,0.3186157505848427,0.2956737025878049,0.3563369457426883,0.3453481866176289,0.3296235771146376,0.3133216782392806,0.3612989109782937,0.328355837623032,0.3376435762753106,0.3269902131693998,0.3261157151167834,0.2921868922805562,0.3540442425611116,0.3437770363929635,0.2863684344254806,0.3490973870759227,0.3929838942994933,0.3638425699047818,0.3286620939586118,0.3499403871621517,0.3519609480920783,0.3589272889642993,0.3552026472209981,0.3571868240865288,0.3425679097055634,0.3142878252264209,0.3150526944793317,0.3648116574123097,0.3253720162250665,0.3028407083727077,0.3383462518502309,0.2965350892119031,0.3991062243658699,0.2728395043495646,0.3532087107171965,0.3447538050283034,0.3037442014401292,0.3105608815033234,0.3035194534477797,0.3691523506247077,0.3316082453292684,0.376272296198436,0.3410274944523406,0.3274162415433965,0.3086310998365021
0.3439337687817276,0.254940273358115,0.3218560368584972,0.3454081882773543,0.3621318408912327,0.2925792122850452,0.336501109493479,0.2710341155816724,0.1557468735864366,0.3881092356947171,0.3034227496776944,0.1946765474755595,0.3752645664689959,0.3578334879025801,0.3183202825472439,0.3482434159207279,0.3338478174418709,0.3103425287980262,0.2453356976192357,0.3797522022025372,0.3506556698583093,0.4035876330949252,0.3452786873431365,0.3379120753075161,0.3898827774639683,0.3472126714691979,0.3174056257140188,0.3722635217728806,0.348812294105232,0.3491708647669086,0.3611478054247753,0.3690846493232829,0.3518146548130513,0.3104962427567845,0.2687553120864361,0.3316449509875874,0.349135537044266,0.3697378506399612,0.3217220157761803,0.353401364289507,0.3360742652569641,0.3547145031232555,0.3264993996721805,0.3511579654223884,0.3452001653069938,0.3196338392409369,0.30445755593077,0.3278400872795184,0.3498617216880822,0.3786066298594954,0.359125292137851,0.3572443201365145,0.342542470685939,0.3475114070075069,0.3173868108910812,0.2935842569945246,0.3548594212208286,0.3438004847190749,0.3286279763947382,0.3175369031456062,0.3623861835033974,0.3272739033294129,0.3380054620275017,0.3272169176968716,0.3248467720406889,0.29633176841514,0.3543110682803261,0.34270026818952,0.2872142335744107,0.3521993201862877,0.397106824325071,0.363486406400105,0.328092091902171,0.3496245450201277,0.3516644128983958,0.3593777537733116,0.3536941462932469,0.3573211646074781,0.3414486424906253,0.3136440003374942,0.3205754416057892,0.3640589785750601,0.3242807798093673,0.3025193556454491,0.3374000174153623,0.2935973022899095,0.39677896461697,0.2749214509057938,0.3536773261414425,0.3436464814739417,0.3027001510713524,0.3122879811989514,0.3018167603383939,0.3726754372033348,0.3362253699647526,0.3761627836620661,0.3411380516068011,0.3262381600795766,0.3074255747589834
0.3435217753981058,0.2522131914480771,0.321275479849147,0.3448067640383493,0.3619761835874266,0.290398482155481,0.33343438464152,0.2768939183108732,0.1575298392781303,0.3888555531877571,0.3016097131693403,0.2067283683875035,0.3855075834892619,0.3575214496172846,0.3166092658298015,0.3532590927969352,0.3388203923435129,0.3142878023466352,0.2460019736461114,0.3847624218357344,0.3504726615794792,0.4018502761132417,0.347728107294709,0.3396926374743332,0.3904980155843509,0.3459797850974965,0.3179975884958324,0.372180431304371,0.3484232331586768,0.3502372486907628,0.3608810726063075,0.3657134785554611,0.3509992456252175,0.315770446494157,0.2675532176016578,0.337880237826391,0.3488960412917843,0.3700540556125305,0.3208236696635689,0.3528794998061449,0.3352641104438244,0.3542530127368959,0.3254258033228149,0.3508067700089128,0.3443385612681199,0.3186096755444937,0.3040041346193474,0.3308632424142915,0.3506520459759382,0.3797739121702659,0.3588608736535513,0.3559077744899225,0.3441178447209564,0.3466183027342132,0.3159651897011094,0.2914934651325991,0.3533475070064468,0.3421549153378664,0.3277201684138314,0.3216975862904961,0.3633447013899011,0.3260780065355532,0.3383664991222998,0.3274769958608997,0.3236051587346942,0.3011563252789213,0.3544549077615417,0.3416028987650283,0.2888787964758719,0.3542737055667425,0.3997853468983435,0.3630601777242022,0.3275046154476235,0.3493600422934957,0.3514925937730105,0.3598092267076222,0.3522461464680775,0.3575552503991985,0.3402580127527634,0.312925189865805,0.3257861809136088,0.36334979503815,0.3231608766368908,0.3024175994474442,0.3364287641836232,0.2905558117525315,0.394244902626734,0.2781384195390982,0.3541616580365042,0.3425303217970477,0.3016147187274134,0.3140753919180451,0.300321678326835,0.3754649730806494,0.3403099200150069,0.3761451401346525,0.34118238499316,0.3251513589411509,0.3060833964495739
0.3431605582184868,0.2506032758424901,0.3206343883894468,0.3442677306328174,0.3619739828219839,0.2883814760997967,0.3304027573877452,0.2836042945853269,0.1613407093934095,0.3898147905803021,0.2996302369537713,0.2225052424759995,0.3951859413002552,0.3570129821145792,0.3150912421056616,0.3579777486672376,0.3431728464311263,0.3173848039201171,0.2462034290282506,0.3896034254534662,0.3503388619837484,0.4000217817079586,0.3501338355380131,0.3413440070389345,0.3910318116350745,0.3445654883698688,0.318353293780644,0.3719601875778462,0.3480580041992222,0.3511539508081834,0.3605378135378975,0.3623745555019662,0.3501289385058662,0.3207810866305734,0.2658893208493306,0.3437427043729861,0.3487343906153161,0.3701521897115006,0.3198728317590186,0.3524867840971431,0.3345265364829605,0.353821315048625,0.3243903980132974,0.3503014320245409,0.3434717071389614,0.3176518690868102,0.3036046364077164,0.3335780154490464,0.3513284866183024,0.3811320995165003,0.3583391580911674,0.3541567551287169,0.3457725788460721,0.3456416945907338,0.3143234936252327,0.2895008525600306,0.3518459224184672,0.340460870586062,0.3268920811829977,0.3256485379511311,0.364179391070476,0.3247916478443917,0.338720101467757,0.3277707032706788,0.3224340613870533,0.3065788294264189,0.3544481834777315,0.340489553826055,0.2913849193456553,0.3552964477842701,0.4007267690712704,0.3625597868810807,0.3269011284170247,0.349139231427229,0.3514187654632736,0.360166494532899,0.3508932872957579,0.3578850476623367,0.3389923996198324,0.3121396784403113,0.3306084049658208,0.3626905451900257,0.3219875830549439,0.3026779606881292,0.3353816955353939,0.2874605556999228,0.3915244219797391,0.2824479692674689,0.3546415840782716,0.3413728238196379,0.3004607891532663,0.3158745404752415,0.2990333283842518,0.3775467818481303,0.3437158343015457,0.3762189430751074,0.3411142021953158,0.3241053923210805,0.3045620319204775
0.3428855986532792,0.2501762002326761,0.319934586359089,0.3437827110929876,0.3621295461854477,0.2865300697728797,0.3275018315831931,0.2909110158798195,0.1672861453871137,0.3909020806438212,0.2974923475405538,0.2414302817394386,0.4040514490784256,0.3562935628730245,0.3137210015978062,0.3623387244915931,0.3469226771189198,0.3193842194913688,0.2459571997120423,0.3943326495505912,0.3501882233686598,0.398189243125656,0.3524288135482324,0.3428390601134897,0.3914331998096022,0.3429695964970723,0.3184865128041884,0.3716224109246159,0.3477653939371246,0.3519275586047702,0.3601399240832074,0.3591271160735845,0.3492115948237607,0.3254651322649153,0.2638281619039571,0.3491986764773845,0.3486202904359767,0.3700580284921946,0.3188991288747692,0.3522139172776946,0.3338422352972032,0.3534200795255113,0.3233764945270432,0.3496916952363613,0.3425900373396719,0.316750339313724,0.3032352679509943,0.3359717165577056,0.3518913851437476,0.3826338156598768,0.3576005733136617,0.3520378478333689,0.3474745051917975,0.3446046311184416,0.3124446180434219,0.2877203308237389,0.3503992456791225,0.338775164036814,0.3261271756904457,0.32926353744248,0.364893049487663,0.3234429227420058,0.3390594295906014,0.3280948507702338,0.3213691721897705,0.3124767692512046,0.3542676106252133,0.3393754304690752,0.2947117548047786,0.3552797412225437,0.3997160776888006,0.3619733473344407,0.326279505607513,0.3489612032014166,0.3514136428317776,0.3603887690105427,0.3496527073448828,0.3582978681388074,0.3376658699581216,0.311292678552557,0.3350085578073379,0.3620741892453216,0.3207351375349093,0.3034029429201075,0.3342198415149109,0.2843734871854071,0.3886333406013302,0.2877337108989047,0.3551012183292372,0.3401485151145151,0.2992095232763174,0.3176639971308533,0.2979417953155621,0.3789628123527374,0.3463550004024268,0.3763853927956332,0.340891867585646,0.32304966167134,0.3028295306614465
0.3427281868014196,0.2509619526434823,0.3191792251968345,0.3433345324865187,0.3624374165392789,0.2848389609203101,0.3248200987343899,0.2985308370222638,0.1753449455859115,0.3920337879311327,0.2952330602207635,0.2627686075405013,0.4119261176801656,0.3553679074443678,0.3124616639347304,0.366298800774377,0.3501159096618272,0.3201212742768204,0.2453292310731161,0.3990029793290828,0.3499518998332862,0.3964446043454157,0.3545461372256312,0.3441487858524171,0.3916520065841808,0.3412085557328026,0.3184386859911538,0.3711879310230603,0.3475814810576927,0.3525616252653367,0.3597129939783847,0.3560052243084033,0.3482679661408453,0.3297960316892964,0.2614940608293699,0.3542273115057079,0.3485201852653171,0.3698024736959672,0.3179366397158398,0.3520507684027751,0.3331846336636163,0.3530517786165889,0.322367312165573,0.3490239379309176,0.3416832598238608,0.3158861696150697,0.3028682085713559,0.3380446420639105,0.3523396291550239,0.3842094133600585,0.356714476318639,0.3496026247499127,0.3491962558517297,0.3435261655592514,0.3103232553004402,0.2862755568305868,0.3490457085048787,0.3371515014913364,0.3254012404704757,0.3324487780231613,0.365483699447459,0.3220593740058848,0.3393741278456728,0.3284433759302471,0.3204331125963033,0.3187017402096258,0.3539070929994922,0.3382834655930141,0.2987895818425368,0.3542800969087434,0.3966602662049017,0.3612791709456175,0.32563692073972,0.3488341020506213,0.3514606869246191,0.3604141876839604,0.3485251908233652,0.3587613211816907,0.3363076000169014,0.3103850929903402,0.3389877660058331,0.3614858632471717,0.3193849275532648,0.3046368382008068,0.332919527095144,0.2813711507572942,0.3855822540554953,0.2938111901208493,0.3555310001424498,0.3388457018679803,0.2978329078593991,0.319437435072399,0.2970225082296382,0.3797702259403301,0.3482027821313449,0.3766531139331095,0.3404773109365404,0.3219428146891258,0.3008687484884376
0.3427147912825745,0.2529437568258118,0.3183739880472769,0.3429079146141314,0.3628854567066812,0.2832983492370975,0.3224302443278916,0.3061842521940413,0.1853630702210388,0.3931421227027248,0.2929332926405313,0.2859169892605184,0.4186944965200289,0.354255719173525,0.3112891251495244,0.3698298614359464,0.3528220582377395,0.3195387455876025,0.2444153215412254,0.4036547394417638,0.3495744417512464,0.3948755761965632,0.3564254410447655,0.3452480021448832,0.3916452449996461,0.3393166209913433,0.3182561899730865,0.3706725913721501,0.3475254342534321,0.3530615423867986,0.3592863153322916,0.3530256112903858,0.3473262288322599,0.3337866074247292,0.2590631327810532,0.3588210118265534,0.3484019614810449,0.3694165771458629,0.3170110021940404,0.3519870609378986,0.3325209482364391,0.3527116863530239,0.3213400260679401,0.3483388742781861,0.3407467904144935,0.3150396961356934,0.3024720194332922,0.3398156935737273,0.3526779409138224,0.3857765991015565,0.3557581213316671,0.3469412292544071,0.3509155053958779,0.3424256378346772,0.307973010801052,0.2852929534754194,0.3478108011461186,0.3356395517173831,0.3246864303500662,0.3351579501929733,0.3659465184406462,0.3206714835442179,0.3396507524437804,0.3288080844951841,0.3196358562195558,0.3250923484256958,0.3533821069019072,0.3372350498628822,0.3035037844573458,0.3524045041827882,0.3916168353345523,0.3604568558307935,0.3249762504057483,0.3487660363518794,0.351561834038493,0.3601964949835552,0.3475035199105486,0.3592304268646417,0.3349502245360178,0.3094083777422472,0.3425736165335102,0.3609147992432395,0.3179394796532091,0.3063602114839013,0.3314722039209261,0.2785495998869405,0.3823813132224783,0.3004490768279993,0.3559288961272741,0.3374701366797731,0.2963202986636264,0.3211945821937279,0.2962382659454848,0.3800412319429866,0.3492922571822003,0.3770324273583079,0.3398431309182801,0.3207636970156712,0.2986873179884801
0.3428638418239393,0.2560469617093,0.3175295446023661,0.3424912695301063,0.3634486428169432,0.2818912265065508,0.3203817283576518,0.3136251421929625,0.1970723905205587,0.3941760228432597,0.2907054555020775,0.3101576111789216,0.4242913246011747,0.3529960543111501,0.3101898124876194,0.372916833523474,0.3551246861031876,0.3176802074797412,0.2433337817685193,0.4083115865766157,0.3490241647132435,0.3935558660032961,0.3580237179751085,0.3461128710513858,0.3913802495433649,0.3373362746783767,0.3180004218099707,0.3700861205117069,0.3475967438207785,0.3534292025297105,0.3588902373637077,0.3501933272718776,0.3464108321663262,0.3374815654015896,0.2567552960010656,0.3629826234746535,0.3482378083882745,0.3689322548053373,0.3161388711186576,0.3520163454749007,0.331817197647774,0.3523924440610195,0.3202653164170772,0.3476771315771662,0.3397803043085374,0.3141885990957373,0.3020143530677798,0.3413225781168763,0.3529167782438426,0.3872513755423131,0.354812221111435,0.3441726861341426,0.352613298000541,0.3413262221402915,0.3054333362233988,0.2848897054566364,0.3467079418956545,0.3342838627321443,0.3239561512948116,0.3373969731619348,0.3662834191540435,0.3193191998910381,0.339876731694291,0.3291782967429208,0.3189830402229449,0.331480020131635,0.3527193314641477,0.3362432143009101,0.3087047642638952,0.3498028954264235,0.3847948334047715,0.3594930052117897,0.3243044705514428,0.348758528608061,0.3517247349339071,0.3597167491378196,0.3465754206085493,0.3596581038439834,0.3336249513902357,0.3083458336902372,0.3458113170186104,0.360358893174811,0.3164214985076083,0.3084950253781117,0.3298864533669989,0.2760227512626655,0.3790463598289165,0.3073923318546774,0.3562965636257771,0.3360405344713351,0.2946838518115696,0.3229481655656385,0.2955429961061419,0.3798570471389693,0.3497023813618807,0.3775237765763187,0.3389794529488488,0.3195123994457846,0.2963153429876654
0.3431820715508614,0.2601461341816117,0.3166555126737107,0.3420717774276806,0.3640831783528132,0.2805936388019726,0.3186964910875298,0.3206550244850716,0.2101132930105834,0.3950974610482256,0.2886745880858956,0.3344837657516141,0.4286970615171805,0.3516515618052078,0.3091624207677285,0.3755550535258726,0.3571058701095658,0.3146696783650189,0.2422169808386988,0.4129754772795275,0.3482888880039109,0.3925348392423783,0.3593193949585346,0.346719084531766,0.3908342885150762,0.335310561012423,0.3177564551475195,0.3694353235667001,0.3477737935803058,0.3536633562966865,0.3585524711030866,0.3474973626128149,0.3455399015600975,0.3409372510057502,0.2548277511016646,0.3667185084435135,0.3480058397738791,0.3683822559689543,0.3153324138440717,0.3521370782257226,0.3310447158725484,0.3520934195745963,0.3191160820235835,0.3470749238930016,0.3387837592563465,0.3133003611444756,0.3014661131029661,0.3426062669014619,0.3530678308385235,0.3885519238583539,0.3539641310379465,0.341406104930046,0.354272566598266,0.3402487119190759,0.3027720376285583,0.2851623853916464,0.3457419967582498,0.3331133912884769,0.3231883539997415,0.3392052679135947,0.3665081480522578,0.3180526365213914,0.340043011487081,0.3295425253688933,0.3184812896359698,0.337699858605527,0.351949090311118,0.3353129347893723,0.314217402441349,0.3466557884316091,0.3765352449488967,0.3583764552684998,0.3236293628751757,0.3488084464924688,0.3519503595414862,0.3589792756398833,0.3457208752242559,0.3599922297584652,0.3323659377083043,0.30718248890682,0.3487513588595872,0.3598220425950452,0.3148602613977258,0.310917208590372,0.3281893305278855,0.2739150912468308,0.3756017242519684,0.3143795087206948,0.3566339713013677,0.3345843723490576,0.2929482361715994,0.3247258066529064,0.2948819690137889,0.3793032242667725,0.3495515197770089,0.3781162312182086,0.3378927037674964,0.3182035664993525,0.2937937291513455
0.3436616007969301,0.2650855094843648,0.3157535065382487,0.3416356939892431,0.3647322283372053,0.2793817764571247,0.3173644851529258,0.3271293974552763,0.2240580912180484,0.3958890298831105,0.286980599428814,0.3579087469012581,0.4319370484407249,0.3502968071006637,0.3082228380592907,0.3777467483999512,0.3588337814095078,0.3107034134814989,0.2411902576782582,0.4176151351779182,0.347370041370135,0.391831146273028,0.3603057123125902,0.3470484203211079,0.389996179991522,0.3332847722172066,0.3176035767872658,0.3687256241761109,0.3480178034407279,0.3537665843872362,0.358299333967694,0.3449083764935187,0.344730433506474,0.3442065345207243,0.2535605519239213,0.3700305279126873,0.347695675937226,0.3677959648658101,0.3145951975920345,0.3523469871821829,0.3301839808883475,0.3518160880508137,0.3178723989864667,0.3465532519507054,0.3377609416052071,0.3123353858417228,0.3008039535672888,0.3436955638605493,0.3531427212056188,0.3896037925381369,0.353291997954555,0.3387374418881276,0.355877721129915,0.3392041746810258,0.3000829820899479,0.2861792096854161,0.3449080542464262,0.3321310919934289,0.3223675462996476,0.3406355036080502,0.3666400298011352,0.3169289888016945,0.3401416315521924,0.3298913186274561,0.3181359144896792,0.343605882281822,0.3511085403357361,0.3344423563939763,0.3198526801906092,0.3431710269257231,0.3672808041612853,0.3570968826988899,0.3229613950063931,0.3489078271267712,0.3522370691716528,0.3580063835407625,0.3449130282259088,0.3601717931753269,0.3312068096159891,0.3059121819293545,0.3514380325961738,0.3593133334956637,0.3132849253298789,0.3134722110627053,0.326422978726566,0.2723565020219592,0.3720811480841964,0.3211628831556696,0.3569381244200885,0.3331367821496563,0.2911469702928907,0.3265519310709017,0.2941935717571177,0.3784725877377293,0.3489921020691285,0.3787948415582045,0.3366013446983855,0.3168623756262361,0.2911716059574839
0.3442795042758416,0.2706917150373862,0.3148189738591124,0.3411735984697822,0.365337238396704,0.2782378685022504,0.316341158307118,0.3329662559024008,0.2384491938049318,0.3965631209910459,0.285784041199128,0.3797458054565535,0.4340781962313095,0.3490002295443777,0.3074027329859825,0.3794963086490303,0.3603601570727507,0.3060431735050791,0.2403545364218322,0.4221557105846465,0.3462858883029041,0.3914317161124938,0.3609845419235122,0.3470979148828804,0.388870241404063,0.3313080665260504,0.3175882849028032,0.3679563579051558,0.3482819197101597,0.3537455814178,0.3581557081580485,0.3423894929200609,0.34399775112428,0.3473361690343884,0.2532323404746378,0.3729097040537548,0.3473151166689943,0.3671934439852803,0.3139153029531735,0.3526397643009211,0.3292254581615305,0.3515505747969847,0.3165157723508318,0.3461190314747874,0.3367257132182357,0.311260385414182,0.3000114795730053,0.344608687523304,0.3531534069888735,0.3903533995657787,0.3528371221633045,0.33627309875505,0.3574131669088444,0.3381967827945755,0.2974794793858075,0.2879721396289058,0.3441886567171969,0.3313150652353054,0.3214854295300754,0.3417522687950293,0.366697999733741,0.3160116872833124,0.3401607943831712,0.3302161021500202,0.3179483761233741,0.3490773916654163,0.3502412942807718,0.3336179739650541,0.325424902194802,0.3395829476945716,0.3575365520483385,0.3556513067411034,0.3223130269218912,0.3490377773521537,0.3525873033343014,0.3568428138078813,0.3441237664545908,0.3601387212517234,0.3301649925345077,0.304532911228017,0.3539039005209176,0.3588485300660803,0.3117274944370464,0.3159913234394562,0.3246385450157855,0.2714787019323306,0.3685307747912054,0.3275366369989933,0.3572051222446451,0.3317343189932261,0.2893338034595962,0.3284312949396427,0.2934169751520779,0.3774665493991435,0.3481923346023781,0.3795386124824005,0.3351349981721951,0.3155237184896364,0.2885124575091513
0.3450010762807082,0.2767743032035042,0.3138455602883316,0.3406819737015347,0.3658417076344461,0.2771480834778775,0.3155544672357191,0.3381512828410443,0.252852740120843,0.3971530486419496,0.2852469312897431,0.3994416143591184,0.4352256096449328,0.3478205523046112,0.3067404242095438,0.3808038138564251,0.3617245782016245,0.3009849950280691,0.2397876334487159,0.4264810264142081,0.3450757852767242,0.3912924619343138,0.3613699481106098,0.3468827591734876,0.3874769091525111,0.329426156309389,0.3177393053000922,0.3671168047958764,0.3485188800424725,0.3536063206575454,0.3581362625481408,0.3399091575468868,0.3433464881829666,0.3503629656709469,0.2540944308603989,0.3753319000155121,0.3468877173304865,0.3665828960274601,0.313268083754429,0.3530095517560438,0.3281708835017755,0.3512738709081737,0.3150259844186609,0.345776346619737,0.3356987866009443,0.310054988634765,0.2990818236538424,0.3453625961472316,0.3531107181801524,0.3907774460049011,0.3525954957127719,0.3341282799381574,0.3588620821060855,0.3372307191598046,0.2950863921781144,0.2905295443511652,0.3435568988795275,0.3306260501462376,0.3205396239573653,0.3426342188457824,0.3667050817229583,0.3153696452753153,0.3400845309118025,0.3305057105454976,0.3179180427524644,0.3540199878361157,0.3493863596608486,0.3328080114156245,0.3307679170385234,0.3361390955272921,0.3478210688184354,0.3540468781883041,0.3216918192245578,0.3491660476526982,0.3529975801355433,0.355555877293057,0.3433273523139191,0.359853677333071,0.3292341460114247,0.3030397490109242,0.3561675650355239,0.3584489798082297,0.3102205936613689,0.3183123181585109,0.3228897701999678,0.2714058049308008,0.3650138436347476,0.3333586635650972,0.357430847397114,0.3304043866085932,0.2875907712713212,0.3303537079037824,0.2925003305843845,0.376386183068172,0.3473107162166055,0.3803068444579581,0.3335344028526366,0.3142270234276913,0.2858920638678965
0.3457837500094687,0.2831319096800891,0.3128235920428343,0.3401608482235924,0.3661891478597647,0.2760987721268069,0.3149189172773359,0.3427293632010439,0.2669064806951533,0.3976943441956426,0.285503081189261,0.416400065135905,0.4355205562299758,0.3468119537564532,0.3062723957164804,0.3816597275111718,0.36295866031874,0.2958144806280337,0.2395498152305094,0.4304435051188676,0.3437949283022845,0.3913408103002201,0.3614927797056939,0.3464333358867453,0.3858484679046309,0.3276720358582313,0.3180828990014684,0.3661936276990443,0.3486849009614358,0.3533561001920556,0.3582389824468994,0.337441092209268,0.3427643868613728,0.3533027323655199,0.2563474012188757,0.3772558087494017,0.3464410666545142,0.365965566164191,0.3126247128086279,0.3534529562839049,0.327035360584526,0.3509607554206641,0.313390974597934,0.3455287790791773,0.334698184230413,0.3087070765251308,0.2980220267795545,0.3459720610474524,0.3530243756983128,0.3908782644822386,0.3525293867803126,0.3324041346233141,0.3602085707897278,0.3363082356167384,0.2930352984790725,0.2937959539502206,0.3429827153430866,0.3300109542895464,0.3195325958953329,0.3433577857898881,0.3666936211275211,0.3150710708953029,0.3398977272222355,0.3307482168934737,0.3180424727932283,0.3583752067465572,0.3485697293806003,0.3319635464074741,0.335743710101797,0.3330790172184707,0.338614947049294,0.352295539313987,0.3210980191658759,0.3492522115503627,0.3534414173461247,0.354219513903405,0.3425005958961528,0.3592964875021608,0.3283946695104589,0.3014296975549934,0.3582315917987922,0.3581390012045848,0.3087865284193718,0.3203042123473511,0.321224531591448,0.2722397496508809,0.3616122959007671,0.3385515225680433,0.3576093599356356,0.329161808258288,0.2860207912789819,0.3323030469270051,0.2914047981178777,0.3753217641371135,0.3464847803123678,0.3810354548486673,0.3318479490997115,0.3130065254082528,0.2833860177282185
0.3465782702301507,0.2895728736275906,0.3117379825303009,0.3396124944097594,0.3663278004473259,0.2750796933694243,0.314344337272828,0.3467853421353077,0.2803450824011307,0.3982200396616098,0.2866477047659667,0.4301816691403898,0.4351375311913604,0.3460170395819213,0.3060298353221313,0.3820458295931533,0.3640864678058091,0.2907837059569109,0.2396785521717917,0.4338695770962015,0.3425038555534615,0.3914845740506965,0.3613934094762543,0.3457926690671692,0.3840245754779973,0.3260654612679994,0.3186196741179221,0.3651851823807041,0.3487444589254964,0.3530081214394083,0.3584525646092741,0.3349576603290234,0.3422253884722452,0.3561454374558254,0.2601186718771935,0.3786243934009813,0.3459986890373396,0.3653453521250141,0.3119551346244325,0.3539611332321892,0.3258453450252175,0.350589057646094,0.3116172231255045,0.3453716051059349,0.3337370783512722,0.3072111675848625,0.296856922408969,0.3464418685269846,0.3529057984177886,0.3906780083920424,0.3525716063710889,0.3311731506597576,0.3614394384938132,0.3354221418048745,0.2914603060056934,0.2976783878384919,0.3424346589010121,0.3294046474769214,0.3184723487080428,0.3439751283204227,0.3666989636151466,0.3151740974822023,0.339587110849362,0.3309373335568347,0.318311951570844,0.3621307830026711,0.3478064216194484,0.3310268879651842,0.3402481867211044,0.3306205511927761,0.3303156221326231,0.3504102760106678,0.3205296847899006,0.3492540837676594,0.3538685951401161,0.3528969560024811,0.3416235569915335,0.3584579523222583,0.3276231540799431,0.2997129818811092,0.3600841265520594,0.3579435861674956,0.3074301419308901,0.3218838552819169,0.3196750150631434,0.2740493558945059,0.3584216649717002,0.3430918179766617,0.3577320616426415,0.3280122330164433,0.2847356962632115,0.3342513503327806,0.2901087330002855,0.3743509992305013,0.3458351147134214,0.3816524939901761,0.3301260180571482,0.3118844720734069,0.2810600582247471
0.3473301196983524,0.2959339470996255,0.3105721098710098,0.3390400769490625,0.3662232270786254,0.2740899175128446,0.3137382419531826,0.3504256637661444,0.2930085221459078,0.3987680560737643,0.2887391161252299,0.4406677794243089,0.4342801251276413,0.3454521667888439,0.306035796166669,0.3819426221950473,0.3651221163137085,0.2861108235969285,0.2401855566715585,0.4365653528495392,0.3412624811332986,0.3916254344632719,0.3611089271276048,0.3450164711622081,0.3820498803168508,0.3246183702885318,0.3193078397458058,0.3641070857734397,0.3486769149576041,0.3525771022655749,0.3587643287572997,0.3324315720019835,0.341696884972775,0.358863675247753,0.2654445198853664,0.3793699946689225,0.3455823220672946,0.3647335229002896,0.3112259212771424,0.3545129264791126,0.324630950969656,0.3501338615977863,0.3097270027244176,0.3452917052594513,0.332828758753576,0.3055768049757907,0.2956307883480009,0.3467681701966589,0.3527678597634363,0.3902231342333476,0.352618848939014,0.3304638616122335,0.3625412588280509,0.3345572289730006,0.2904870805254989,0.3020521669532482,0.3418783179676897,0.3287379525837346,0.3173715732205535,0.3445134309984596,0.3667491518829771,0.3157208208454099,0.3391340782994564,0.3310741701169876,0.3187041892564431,0.3653126228415668,0.3471022366551847,0.3299373336405051,0.3442192887609595,0.328952444974742,0.3232055701877864,0.3484074151992627,0.3199833398147053,0.3491330670908764,0.3542205324350601,0.3516382038356258,0.3406818729212453,0.3573418562250173,0.3268870216222834,0.297912699738277,0.3617057268674836,0.3578828168856769,0.3061413018484044,0.3230145132013999,0.3182524194398494,0.2768643600168003,0.3555416183287376,0.3470056292441404,0.3577894284025961,0.3269504324755111,0.2838508543535046,0.3361521332538053,0.2886158946298865,0.3735387157867206,0.3454641699599944,0.3820919612282318,0.3284155804018743,0.3108695250060635,0.2789671108968655
0.3479857386756387,0.3020816476558765,0.3093123084641399,0.3384438155423392,0.3658658777319796,0.2731366043820565,0.3130141683012627,0.3537646487905344,0.3048445929575297,0.3993792709416678,0.2917894132543412,0.4478260740713787,0.4331724340859169,0.3451075950236401,0.3062996625670277,0.381338256360575,0.3660690183044851,0.2819696624700782,0.2410693354823964,0.4383364200132123,0.3401286855477975,0.3916695562320519,0.3606718570923407,0.3441720068907672,0.3799709311434885,0.3233359507746576,0.3200921356566655,0.362986165789908,0.3484792688835044,0.3520734009209068,0.3591531240630384,0.3298431634938122,0.3411454156774565,0.3614225266554034,0.2722631014163727,0.3794225173028967,0.3452149241736367,0.3641443800706195,0.3104010097306773,0.3550797904484211,0.3234196734665643,0.3495655487696984,0.3077525777137332,0.3452787250363157,0.3319857295545663,0.3038357864416973,0.2944076197336522,0.3469491674464551,0.352621133265588,0.3895855238766526,0.3525390688989096,0.3302434281048924,0.3634994766085612,0.3337011184223766,0.2902163899901527,0.306767040577235,0.3412776563945837,0.3279502762954892,0.3162429190227311,0.3449909049459348,0.36686524615655,0.3167342811850869,0.338511353773009,0.3311627147274841,0.3191860859225454,0.3679670378179078,0.3464489675286631,0.3286312722445079,0.3476404122848831,0.3282211261666125,0.3174394630496956,0.3463070510291446,0.3194477521394251,0.3488607679232868,0.3544411889419863,0.3504825733715379,0.3396684850591759,0.3559747725278902,0.3261407700451007,0.2960538766587185,0.3630752212287495,0.3579631700197009,0.3048996240772985,0.323695576196487,0.3169484215684811,0.2806677049135924,0.3530684961596717,0.3503659659764503,0.3577740874020219,0.325954646337178,0.2834815860458101,0.3379510519723966,0.2869632958143375,0.3729275948140201,0.3454457472204199,0.3822903204568028,0.3267555629149837,0.3099556794215978,0.2771442077158919
0.3485000486425649,0.3079062372872667,0.3079474704862537,0.3378186522636284,0.3652669510498069,0.2722280994963653,0.3121076870663489,0.3569101289119553,0.3159003077609105,0.400085348402515,0.2957518144602556,0.4514857150338374,0.4320382835759745,0.3449608708186583,0.3068124722932012,0.3802356607184242,0.3669244466414965,0.2784619371117426,0.2423281246010704,0.4390164918272399,0.3391556305900433,0.3915350836134517,0.3601195319262238,0.3433320380808151,0.3778315696863942,0.3222125358592773,0.3209304167261377,0.3618551813057192,0.3481629861047123,0.3515077469692655,0.3595820325530069,0.3271804690269091,0.3405400615509377,0.3637825288038966,0.2804176266897203,0.3787207648222713,0.3449143713272191,0.3635912496719694,0.3094466815850266,0.3556333841907768,0.3222365399085757,0.3488593814566449,0.3057419254306155,0.3453311864928005,0.3312115787780317,0.3020399239625668,0.2932713991921079,0.3469911411972801,0.3524746989422992,0.3888469572865189,0.3521981098797325,0.3304331582998943,0.3643056530477985,0.3328486800154953,0.2907135400527832,0.3116607282254024,0.3405981455808812,0.3269986021564759,0.3150951252735915,0.3454211183046088,0.3670686949101703,0.3182128622883229,0.3376929182592613,0.3312076366649054,0.3197197509520513,0.3701570897644667,0.3458232384889895,0.327044778005876,0.3505317357168851,0.3285143226567732,0.3130518240098097,0.3441273077770245,0.3189037591361007,0.3484230976155676,0.3544766474682603,0.3494507221456964,0.3385836491104151,0.3544064681257103,0.3253388145398558,0.2941625309606219,0.364172037119241,0.3581733156071761,0.3036763521228835,0.3239572707836325,0.3157376365276198,0.2853870998957717,0.3510913507763281,0.3532750508120202,0.3576830369595035,0.3249901214991472,0.2837339695652757,0.3396014839473133,0.285224264536852,0.3725267954626753,0.3458234327412858,0.3821824006014368,0.3251737739206292,0.3091204057700645,0.2756087263504413
0.3488385902943222,0.313325720550631,0.3064683541378837,0.3371563219954727,0.3644512947267239,0.271370359803943,0.31098529500357,0.3599472538338916,0.3262909314812549,0.4009050185963556,0.3005252793778228,0.4514942531386202,0.4310716231049439,0.3449813966337011,0.3075464186434755,0.3786577416057355,0.3676862356264321,0.2756052905996535,0.243957563485704,0.4384860484174065,0.3383870865199285,0.3911620537147076,0.3594962211257527,0.34256553942058,0.3756701200400779,0.321230296639761,0.3217759687883537,0.3607537871932837,0.3477495881609201,0.3508963380232398,0.3600108640251571,0.3244340382731236,0.3398539099682084,0.3659034331689982,0.2896652358643619,0.3772261730383516,0.3446835999487225,0.3630915054042121,0.3083368362955205,0.3561435410922033,0.3211039226529911,0.3480044534113784,0.3037671569010477,0.3454508208473389,0.3304979732046175,0.3002562283390559,0.2923247348276546,0.3469057948276792,0.3523419163857016,0.3880811398357401,0.3514807969875303,0.330949772836583,0.3649620404197864,0.3319936702413056,0.2920081008335597,0.3165770365233952,0.3398066641972079,0.3258599734747111,0.3139340683441123,0.3458013300514305,0.3673810533330352,0.3201238135967362,0.3366646234924662,0.3312175638952696,0.3202652820234691,0.3719672866591204,0.3451947281486809,0.3251229213394038,0.352936166949508,0.3298544555862811,0.3099785338339123,0.3418792958232592,0.3183318036979963,0.3478177610449623,0.3542766742004666,0.3485337299170062,0.3374335063912469,0.3526988549470163,0.3244498004956966,0.2922795029247291,0.3649814940293621,0.3584865312280857,0.302436034944456,0.3238561379617722,0.3145771332086518,0.2908963552944068,0.3496846035889633,0.3558344817310778,0.3575176575491828,0.3240204014526591,0.2846920807841642,0.3410671685230448,0.2835085645508803,0.3723108274214475,0.3466220877350008,0.3817151439141353,0.3236853390807745,0.308326161597393,0.2743577831763087
0.3489765899856231,0.3182954739836469,0.3048697318130958,0.3364473128849146,0.3634566828154213,0.2705675697502313,0.3096405833583272,0.3629277263511614,0.3361541814134351,0.4018514212338792,0.3059697681827589,0.4478722183748494,0.4304145996849533,0.3451251096718325,0.3084562040435558,0.376650196394058,0.3683535123600647,0.2733585309144463,0.2459457277609562,0.4366798169286164,0.3378536917210619,0.3905208388320834,0.3588435745764674,0.3419305831517613,0.3735191001107186,0.3203629238792929,0.3225623510219311,0.3597279123665882,0.3472676136903423,0.3502533707356091,0.3604131297744488,0.3215981824672909,0.339065354188483,0.3677537258934056,0.2996942575339518,0.3749352071259081,0.3445099399569427,0.3626721559620054,0.3070567682713526,0.3565735648605167,0.3200340918043627,0.3470015728506074,0.3019196265724531,0.3456368267001003,0.3298300733605962,0.2985662524691717,0.2916821929767322,0.3467080529860767,0.3522411544254263,0.3873500525906842,0.350294884108985,0.3317106616689623,0.3654730973688614,0.3311220881157871,0.2940949714353134,0.3213778841377043,0.33887052334113,0.3245311935771391,0.3127640652496559,0.3461101209499171,0.36781560998618,0.3224046024505501,0.3354200427462933,0.331206711444581,0.320779387696654,0.3734910675146888,0.344534071195106,0.3228276808582728,0.3549098969181413,0.3322004085807225,0.3080828056019941,0.3395683533556439,0.3177137411792124,0.3470519532346277,0.3538057018983433,0.3476958705836936,0.3362284603522891,0.3509170461732541,0.3234550906461876,0.2904687732152721,0.3655043128690088,0.3588632552932732,0.3011394804188775,0.3234593923987885,0.313407945107769,0.2970293947677498,0.3488929934364133,0.3581257135716393,0.3572822374688439,0.3230117305477979,0.2864067825428639,0.3423205886532344,0.2819602902815719,0.3722260790403518,0.3478541877072554,0.3808660127596223,0.3222906588132429,0.3075264100581032,0.2733688417411491
0.348902239549247,0.3228059365988746,0.3031503222632479,0.3356802146555528,0.3623356558152742,0.2698209567237433,0.3080902587130292,0.3658690989010886,0.3456127034449846,0.402934703535387,0.3119151903156631,0.4405980920666417,0.4301483470750858,0.3453390497597521,0.3094806698934027,0.3742822834749377,0.3689197912892561,0.2716626134465298,0.2482793146019411,0.433597877804484,0.3375704862295023,0.3896094380434866,0.3581948344390335,0.3414711121541819,0.3714038324596808,0.3195783342115711,0.3232318322291928,0.3588232732855352,0.3467489803641893,0.3495848470609233,0.3607714517606221,0.3186767209238201,0.3381631397619452,0.3693179286197771,0.3101537405787841,0.3718860063375654,0.3443744781362708,0.3623625355260864,0.3056051580338059,0.3568856651770499,0.3190221629281682,0.3458578211712096,0.3002981318810771,0.345887083373698,0.3291902405398595,0.297064964368207,0.2914583398780849,0.3464186532084218,0.3521901328696845,0.3867040156857307,0.3485744663828694,0.3326007064532224,0.3658375340291644,0.3302194351617979,0.2969305698938482,0.3259485378982646,0.3377608200302038,0.3230288309070644,0.3115850092503962,0.3463248336870033,0.3683736853628817,0.3249734350220444,0.3339518973243822,0.3311911353052371,0.321215307286828,0.374805650657575,0.3438140609631668,0.3201367637895363,0.3565152161988724,0.3354471170407402,0.3071827540745412,0.337197827426648,0.3170288571099432,0.3461468905728061,0.3530538613214823,0.3468883078070345,0.3349835654130919,0.3491277783275515,0.3223425802191322,0.2888100731362316,0.3657599460919106,0.3592526973162187,0.299747190470831,0.3228239357988968,0.3121637190150231,0.303596897881115,0.3487174804928331,0.3602080881782857,0.3569833686240901,0.3219305927582629,0.2888879555815664,0.3433505825578636,0.2807491400424975,0.372196142090357,0.349515397350252,0.3796445408148623,0.3209744089733912,0.3066722056522681,0.2726016875821271
0.3486217086914021,0.3268676662389458,0.3013102542861556,0.334843635512471,0.3611505503567134,0.2691260454142751,0.3063753361001993,0.368758515101534,0.3547544791386916,0.4041551064268831,0.3181704937921062,0.4294006374912771,0.4302838597073527,0.345576857674899,0.3105487298741094,0.3716479477383876,0.3693676779890517,0.2704672711851846,0.2509474361804777,0.4293191384507583,0.337535645266279,0.3884441549044033,0.3575793403379669,0.3412131732086413,0.3693389915298484,0.31883839432033,0.3237610273011534,0.3580776342660619,0.3462247828250155,0.3488994650058657,0.3610632086282865,0.3156810776519533,0.3371537726489784,0.3705964465711107,0.3206879347351126,0.3681581506669645,0.3442600446425194,0.3621792340949238,0.3039944062197904,0.357051392467163,0.3180505586497687,0.3445888522910085,0.2990058098418641,0.3461994233073067,0.3285566341968094,0.2958542195644538,0.2917557774065876,0.346066013820468,0.3522042824099426,0.3861703334654293,0.3462925830851979,0.3334729170784382,0.366057278188079,0.3292814310046174,0.3004307910654674,0.3302039528133836,0.3364570578799958,0.3213887333515602,0.310390557229083,0.3464367576143903,0.3690490820486643,0.3277391925592941,0.3322589241880133,0.3311850787312864,0.3215267551492865,0.3759639036340104,0.3430111055125583,0.3170381125393649,0.357809745943857,0.3394273262851967,0.3070816624788255,0.3347701333229332,0.3162591685887002,0.345140880965548,0.3520392053522072,0.3460591013629036,0.3337198928567315,0.347397281937474,0.3211114422639413,0.2873921517490752,0.3657792284110261,0.3595987431407749,0.2982253924744658,0.3219860855455398,0.3107822904838996,0.310398395114512,0.3491136401818983,0.3621184802623808,0.3566304584235779,0.3207479286641137,0.2921010689276508,0.3441693699856389,0.2800542696482918,0.3721281182995884,0.3515852663739249,0.3780832918400082,0.3197107602540999,0.3057175790926493,0.2720091845135911
0.3481561875703994,0.3305004976922427,0.2993540337669669,0.3339330202240245,0.3599620387288453,0.2684731093287194,0.3045553253629723,0.3715544941113109,0.3636190982574223,0.4054962235600685,0.3245441052486578,0.4139635570514958,0.4307513429428227,0.3458051324037922,0.3115906339563973,0.3688655361671807,0.3696735732201839,0.2697407747793764,0.2539291623112936,0.4239989097447885,0.337732392547924,0.3870578454558013,0.357023781663978,0.3411582975715843,0.3673269538155776,0.3181009759821173,0.324143916982673,0.3575136687405233,0.3457226814827062,0.3482198848081956,0.3612657541213576,0.3126213635768421,0.3360623634593962,0.3716032907873375,0.3309640371605615,0.363867085678268,0.3441510717450188,0.3621204256334303,0.3022521248614823,0.3570536803155617,0.3170993081615988,0.3432249381337573,0.2981505070068717,0.3465685746320283,0.3279050848809327,0.2950340692068329,0.2926568977737463,0.3456837884736264,0.3523004176166779,0.3857414768645419,0.3434695807612467,0.3341945307023145,0.3661495802090186,0.3283118320371346,0.3044777756549977,0.3340949913948741,0.3349473834912398,0.3196622607010356,0.3091719158804873,0.3464465951528717,0.3698317237070959,0.3306051056470651,0.3303609810663239,0.331200945463708,0.3216728951325345,0.377005151141524,0.3421108798410134,0.3135292049320045,0.3588373024039887,0.3439275218568229,0.3075966019926709,0.3322856633295557,0.3154030292425114,0.344081011882935,0.3508042363021011,0.3451576558456238,0.3324615327247989,0.3457841241979842,0.3197776141947303,0.2863176535503874,0.3655977237061363,0.3598472069042285,0.2965553680600738,0.3209622772727528,0.309212377481288,0.3172343981529796,0.3499996179120148,0.3638645651320624,0.3562337628488586,0.3194490601827408,0.2959681914882976,0.3448061092846942,0.2800471256521544,0.3719245753722222,0.3540368266056463,0.3762365538625483,0.3184728044053024,0.3046259886790221,0.2715548900443003
0.3475315318520094,0.3337334222282819,0.2972984930137782,0.3329562808173377,0.3588207166144195,0.2678487359228304,0.3026916654263545,0.3741910661742725,0.3721828069889151,0.4069208997757484,0.3308633437836948,0.3942346764684801,0.4314056655967224,0.3459970678065331,0.3125459414743455,0.3660687894928733,0.3698180870287497,0.2694762838371554,0.2571801609840101,0.4178481798346589,0.3381327972741615,0.3855028295374292,0.3565428707529689,0.3412801864772813,0.3653596514272668,0.3173258173888888,0.3243776576775226,0.3571313652118598,0.3452646418441569,0.3475732044017643,0.3613735207792174,0.3095030729826946,0.3349236071362773,0.3723649017383823,0.3406926503338544,0.3591542528162665,0.3440314759672528,0.3621712297370888,0.3004255355657076,0.3568825899870453,0.3161477399932857,0.341809282737357,0.2978334458087911,0.3469833755215661,0.3272164111077782,0.2946949236180824,0.2942167605087916,0.3453066435144694,0.3524949173121842,0.3853784234993766,0.3401673491344893,0.3346653030336298,0.3661395329503666,0.3273120374344453,0.3089316584295042,0.3376058006349972,0.3332280005487522,0.3179076766893772,0.3079204662734036,0.3463546687910863,0.3707065040082121,0.333473415717575,0.3282985117205966,0.3312490736502886,0.3216209789566884,0.3779572934616486,0.3411113790896989,0.3096213356502203,0.3596277213638016,0.3487112996468808,0.3085765781778952,0.3297428230765026,0.3144793086362705,0.3430107650938542,0.3494117860408604,0.3441415140575826,0.3312280106676546,0.3443319121406181,0.3183655499210127,0.2857043797060677,0.3652583814588267,0.359947149677309,0.2947402482569567,0.319749657224715,0.3074149460525817,0.3239229026323174,0.3512614081318314,0.3654250695033362,0.3557982888548511,0.3180351972697694,0.3003719124037724,0.3452963464889381,0.280877305854586,0.371494606217663,0.3568379825830933,0.3741827065208334,0.317236557453713,0.3033773480347366,0.2712221013479656
0.3467720161822299,0.3366034182208432,0.2951744250414571,0.3319340009420459,0.3577658958853473,0.2672333187120267,0.3008361268688588,0.37659153159454,0.3803568005632591,0.408364714455412,0.3369792733086424,0.3704229125037225,0.4320523236240919,0.3461310773733396,0.3133621603456098,0.363388881057095,0.3697910849226398,0.2696973694784396,0.2606367534019378,0.411112921377256,0.3386979999736881,0.38384119599003,0.356132028603343,0.3415308428251674,0.3634206462319967,0.3164780295570849,0.3244884574043513,0.3569050617886318,0.3448630970213706,0.3469764834855782,0.3613958071265462,0.3063318030260782,0.333772710620153,0.3729170636935174,0.3496471561269955,0.354173876489652,0.3438883082888874,0.3623052829511481,0.2985843297093024,0.356536262409539,0.3151688167497539,0.3403880570040267,0.298131276563603,0.347426369467786,0.3264799826289876,0.2949086074881644,0.2964541178465149,0.3449660792016555,0.3527960444962926,0.3850190698963271,0.3364776204939574,0.3347924756990416,0.3660436370681589,0.3262803385690182,0.313640497136172,0.340743965023575,0.3313080913884466,0.3161792723644799,0.306623429810625,0.3461652872227872,0.3716525643386733,0.3362576374239102,0.3261177167959226,0.3313351363212493,0.3213464398528077,0.3788246443182803,0.3400206149876529,0.3053426458264538,0.3602004806344365,0.3535332164135153,0.3099062926585777,0.3271402668501353,0.3135213945458051,0.3419658713546362,0.3479384757667284,0.3429846830754782,0.3300308451008385,0.3430656775371206,0.3168967165977446,0.2856703376733179,0.3648145011281694,0.359852081424315,0.2928052439858855,0.3183285804135355,0.3053651485959372,0.3303144017198178,0.352754437939337,0.3667649469994794,0.3553191251973874,0.3165171755150476,0.3051631922508839,0.3456803639606401,0.2826587379910584,0.3707583304518058,0.3599402526321072,0.3720148941269905,0.3159792367398807,0.3019708659471917,0.2710113769019798
0.3459015811921013,0.339145411060075,0.2930213133148392,0.3308969906131718,0.3568247466175578,0.2665979194027831,0.2990316697467382,0.3786859941210348,0.3880115828800111,0.4097302177707272,0.3427686457095852,0.3428579511365137,0.4324743965690557,0.3461985571051858,0.3139932296355405,0.3609399477828474,0.3695885255753556,0.2704534480400398,0.2642263401687649,0.4040606336899879,0.3393753995924762,0.3821246757023954,0.3557705758781802,0.3418515985000785,0.3614856224912357,0.3155272674629799,0.3245515257905068,0.35678916178492,0.3445188699921498,0.3464426886588816,0.3613379789193325,0.3031154241575877,0.3326445751995366,0.3733008565278509,0.3576791712365518,0.3490793031368791,0.3437179640198171,0.3624782340968989,0.296817678311556,0.356026024852059,0.3141301909953753,0.3390026948077611,0.2990883792338504,0.3478732232147301,0.3256897595192634,0.2957193794574301,0.2993439539597201,0.3446858483615344,0.3532030116019017,0.3845767719355217,0.3325118117779369,0.3344932922916933,0.3658713316364302,0.3252219417165839,0.3184484609461779,0.3435336147386429,0.3292162828368708,0.3145194975932934,0.3052605709774283,0.3458971523547799,0.3726452393159867,0.3388951352551891,0.3238654386117679,0.3314589634490983,0.3208317532891574,0.3795857606360953,0.3388551207379432,0.3007380639867876,0.3605640320004163,0.3581470745091774,0.3114988772365719,0.3244797746240457,0.3125778504224351,0.3409746256163928,0.3464635831079628,0.3416805926526685,0.3288777220668351,0.3419899716721253,0.3153901362308174,0.2863163024935394,0.3643225964125791,0.3595309092739973,0.2907966936567466,0.3166773255611549,0.3030579638986515,0.3362980367324421,0.3543125119690076,0.3678515769452736,0.3547845984538887,0.3149147940485328,0.3101763005662403,0.3460040890278835,0.2854552153176215,0.369653126909555,0.3632730296335129,0.3698249955487985,0.3146835671424621,0.3004226014805497,0.2709440322743456
0.3449428778400896,0.3413828361981059,0.2908892869217949,0.3298828241294193,0.3560067566344137,0.2659072734802915,0.2973114195765887,0.3804191250474038,0.3950143556160193,0.4108882881851432,0.3481449188854557,0.3120171712673129,0.4324515713360172,0.3462047658057701,0.3144086098265142,0.358815921261836,0.3692095110886087,0.2718006888833912,0.2678655377156769,0.3969615994453139,0.3401019654885269,0.3803877339709198,0.355425020613568,0.3421804254729901,0.3595240588549649,0.314449770407108,0.3246660621515972,0.3567248904968909,0.3442246581865023,0.345994321361968,0.3611972141887506,0.2998596625539826,0.3315748783619476,0.3735613405870377,0.3647205855320514,0.3440119325426903,0.3435260269004242,0.3626266162839162,0.2952288499364467,0.3553756526639499,0.3130033019599112,0.3376903069499674,0.3007181632224392,0.3482933264416288,0.3248409642837605,0.2971404243028161,0.3028168986431469,0.3444784662801128,0.3537124281895396,0.3839392793082751,0.3283895809518452,0.3337375792829414,0.3656390683421959,0.3241526701548384,0.3232054535245726,0.3460121113446071,0.3270007640706533,0.3129559168795253,0.3038100146377363,0.3455803893006045,0.3736576914653546,0.3413491640970981,0.3215972233704432,0.3316165631600866,0.3200656386438543,0.3802083676103241,0.3376400414432093,0.2958698593875187,0.3607158703615647,0.3623265383073582,0.3132831293347143,0.3217671022832594,0.31171899319528,0.3400528191542472,0.3450573638956747,0.3402409513999981,0.3277741901693849,0.341087448193166,0.3138664170899417,0.2877203486059638,0.3638316028111018,0.3589792762630343,0.2887855465405847,0.3147929064135211,0.3005149548963622,0.3418006174976987,0.3557673647645383,0.368659506286862,0.3541843347889685,0.3132599563843194,0.3152473931358147,0.3463125572516123,0.2892698930948297,0.3681473409482153,0.3667512951560953,0.3676968189916546,0.3133492866300845,0.29876308787055,0.2710765589484214
0.3439097004064208,0.3433292786927198,0.2888511432553654,0.3289298126856126,0.3553007339781751,0.2651257189002626,0.2956876428430293,0.3817487952286015,0.4012572470948738,0.4116833246402236,0.3530651498147513,0.2785916134440837,0.4317856579140044,0.3461583250479341,0.3146043036296837,0.3570887271252115,0.3686613080637541,0.2737776488872719,0.2714531017248972,0.3900615944066872,0.3408166621701385,0.3786586728113993,0.3550456362998422,0.3424563659886731,0.3575035418167978,0.3132363551489862,0.3249233598813847,0.3566414995821967,0.3439706593666605,0.3456575322725765,0.3609754587129268,0.2965651309557023,0.3305938196746188,0.3737453342585393,0.3707718028348241,0.3390931231320311,0.3433204518568631,0.3626795538902896,0.2939313883245665,0.3546152101000669,0.3117671657596335,0.3364859585708025,0.3029996978018624,0.3486542856564007,0.3239330937671958,0.2991556251543679,0.3067653965224795,0.3443451110926793,0.3543180583271426,0.3829827753045351,0.3242262039804599,0.3325561335469164,0.365369749684286,0.3230900765433613,0.3277781058016189,0.3482223861507147,0.3247251886208308,0.3114998472182743,0.3022557458828329,0.3452432537356333,0.3746623436700372,0.3436026449266858,0.3193766655748384,0.3318013099869626,0.3190444074791153,0.3806602393037426,0.3364044115355652,0.2908210885379481,0.3606520472943821,0.3658934584682565,0.3151905768912373,0.3190095061178486,0.31103115475021,0.3391983178236523,0.3437740638023043,0.3386960081446769,0.3267165115674757,0.3403204664466678,0.3123414136238769,0.2899340067509188,0.3633801751149085,0.3582151036478412,0.2868708831122402,0.3127010358017859,0.2977881693193864,0.3467846319565545,0.3569683923888863,0.3691718780783973,0.3535134161506983,0.311590033134146,0.3202274871831693,0.3466414108926219,0.2940412560893689,0.3662489385610723,0.37028217197235,0.3657050683378342,0.311995785997588,0.2970375860977837,0.2715033965238912
0.3428021224915857,0.3449960301508867,0.287006956784594,0.3280707449556477,0.3546821931047607,0.2642183575175549,0.2941450498894097,0.3826500576541039,0.4066740465719587,0.411939306086254,0.3575202978487219,0.2434093878414024,0.4303353213996994,0.3460641975393626,0.3145989371266564,0.3557974936773455,0.3679689819974666,0.2763902228750787,0.2748756504757932,0.3835624479985031,0.3414706410202449,0.37696405469398,0.3545680523490755,0.3426275808479589,0.3553939598983008,0.3118976563948831,0.3254014845039455,0.3564602012678844,0.3437462455181585,0.3454460727424421,0.3606816257097828,0.2932304716539965,0.3297164011173596,0.373893847252528,0.3758855560781652,0.3344189854637836,0.3431070719606617,0.3625729800846798,0.2930426251802195,0.3537777518771589,0.3104035523805896,0.3354184062264082,0.3058715185585988,0.3489266019984708,0.3229741637607085,0.3017201344728846,0.3110532455901476,0.3442781994716892,0.3550028264481162,0.3815901381722673,0.3201242658217347,0.3310007530407042,0.3650791798105422,0.3220460905714434,0.3320598330653383,0.350201588741599,0.3224667048348935,0.3101451987250746,0.3005879238851242,0.3449074568414029,0.3756335401512622,0.3456540402588828,0.3172601261763236,0.332001778643102,0.3177753148218027,0.3809080111627153,0.3351734769998177,0.2857000986116166,0.3603799021619951,0.3687290136969066,0.31714697962804,0.3162124667786485,0.3105999108746924,0.3383956243087398,0.3426490463711275,0.3370936174922113,0.3256866194479624,0.339636939500662,0.3108180940536442,0.2929674546244239,0.363000064955325,0.3572661403181081,0.2851760761409622,0.3104553519021019,0.294959450795458,0.3512458478930921,0.3577946112885588,0.3693885568535349,0.3527713537453334,0.30993512484195,0.3249887211305402,0.3470143838291267,0.2996435985171712,0.3639979798815244,0.3737625008098749,0.363905706730415,0.3106504387326932,0.2953031285029037,0.2723347826389793
0.3416107590499544,0.3463940560420543,0.285471737789587,0.3273299515229868,0.3541236603410179,0.2631500617174596,0.2926482735059266,0.3831267273268461,0.4112556704419599,0.411475274367753,0.3615223716434518,0.2073651935285115,0.4280378321339826,0.3459260294365173,0.3144192274219917,0.3549379826271097,0.3671789277670465,0.279608356597428,0.2780242800167232,0.3776197713729892,0.342026103979148,0.375315747503765,0.3539273617605096,0.3426612313435026,0.3531701619103615,0.310460342057302,0.326159074193294,0.3561077324860312,0.3435376795100667,0.3453621990550952,0.3603174036728109,0.2898564074156741,0.3289388668565851,0.374036352873971,0.3801516713823496,0.3300608973935275,0.3428916363393541,0.3622562935798776,0.292670713163554,0.3528983619570502,0.3088959579355502,0.334501147814379,0.3092358041724978,0.349084747733384,0.3219795413599336,0.3047592753039633,0.3155277561277579,0.3442644414594402,0.3557390988829815,0.3796575833522288,0.3161683040084506,0.3291303693838531,0.3647751353045289,0.3210307292760437,0.3359771998011678,0.3519747539551943,0.3203130623092732,0.3088702767381204,0.2988034833228907,0.3445945701815702,0.3765477822109788,0.3475168277447563,0.3152872886763485,0.3321997393144202,0.3162789335105564,0.3809205248946856,0.3339674760559558,0.2806429794618419,0.3599205165769473,0.3707635449103899,0.3190689794275468,0.313379611123746,0.3105028145887837,0.3376246154228425,0.3416958308216178,0.335491408815069,0.3246590034206731,0.3389775229531233,0.3092906376551906,0.2967756861881808,0.3627159360068286,0.3561690354030229,0.2838382777273326,0.3081403969283848,0.2921364500994801,0.3552066363754294,0.3581617607526592,0.3693328333339533,0.3519640426303416,0.3083160857992827,0.3294324438697792,0.3474432840450155,0.3058931703930282,0.3614545825702848,0.3770792666647762,0.3623227378289819,0.309340663049339,0.2936179884011083,0.2736705618720063
0.3403227710978382,0.3475301218234922,0.2843611226015794,0.3267203536666062,0.3535950909253909,0.2618904195214832,0.2911510473856938,0.3832144353615905,0.4150611650760628,0.4101345153346296,0.365102355466335,0.1714607602335263,0.4249070902608408,0.3457462707623306,0.3140953792448467,0.3544669251729677,0.3663513805900091,0.2833624898710702,0.2808077138887773,0.3723469220375477,0.3424525271388879,0.3737047870037202,0.3530716763449764,0.3425474458484147,0.3508156031632279,0.3089616751038224,0.3272149842294634,0.3555283495536663,0.3433260946788657,0.3454078331360886,0.3598714351018891,0.2864470406474376,0.3282412914716925,0.3741952518253031,0.3836809452369142,0.3260743084927074,0.3426818167612197,0.361694868768903,0.2929015756910673,0.3520092134708146,0.307237800239085,0.3337289607648353,0.3129717223246691,0.3491086119514975,0.3209655030575694,0.3081730541125849,0.3200343810984591,0.3442874637051893,0.3564999130258772,0.3770989887356762,0.3124169129566738,0.327039170385118,0.364469104097227,0.3200569913544329,0.3394900257537937,0.3535549851463491,0.3183530442015453,0.3076427384005228,0.2969163210243994,0.3443277242179701,0.3773798495177459,0.349215181260228,0.3134865687647356,0.3323723601991389,0.3145894730200748,0.3806817464062523,0.3328055143909695,0.2758120544355349,0.3593019348835501,0.3719683754487727,0.3208631793563897,0.31051558489724,0.3108122046513122,0.3368610284179442,0.3409023682949446,0.3339453533993798,0.3236095753537789,0.338281105753049,0.3077535450707957,0.3012621486297735,0.3625410259851555,0.3549742160881974,0.2829969627948339,0.3058780894422357,0.2894484406950454,0.3587047957789611,0.358028018669506,0.3690457321563838,0.3511127699385149,0.306751790659548,0.3335000976123645,0.3479270298964158,0.3125643785506314,0.3586980870245715,0.380119531834395,0.3609486904897541,0.3081002442663885,0.2920304947329445,0.2755907623878375
0.3389227328765486,0.3484063183036182,0.2837886677941528,0.3262372170508248,0.3530590485312814,0.2604228440724134,0.2895972484596249,0.3829687349078467,0.4182118914890403,0.4078141037462139,0.3683088744720605,0.1367853819707444,0.4210240817750572,0.345519755401677,0.3136680266344865,0.3543161809117294,0.3655493048231161,0.2875367018784366,0.2831592024921132,0.367816010702145,0.3427325410372326,0.3721184338032335,0.3519642348030875,0.3422976312238457,0.3483276545595132,0.3074497688841645,0.3285482204035264,0.3546840336202397,0.3430879250804741,0.3455800433600716,0.3593301157857024,0.2830119789128292,0.3275904070232617,0.3743931424307834,0.3865883835653796,0.322512287482751,0.3424834030811167,0.3608739840947907,0.2937927001078552,0.3511333796646962,0.3054395158929233,0.3330844261761014,0.3169456106056316,0.3489879982811,0.3199423672917275,0.311847860879574,0.32443019576811,0.3443296305590288,0.35726341730976,0.3738620853132404,0.3088958998219282,0.3248549061894111,0.3641765123883936,0.3191367754637801,0.342586911185272,0.3549448369868385,0.3166656267756297,0.3064231899280972,0.2949680172511397,0.3441231518843465,0.3781021509701455,0.3507740349813374,0.3118786151096293,0.332497468175264,0.3127566199615292,0.3801968917783062,0.3317032608236058,0.2713905233942694,0.3585562274050577,0.3723597617612724,0.3224279633715381,0.3076276639040563,0.3115878695549014,0.3360733530017319,0.3402310730870486,0.3325023574035674,0.3225144369481864,0.3374894301686899,0.3062020852809328,0.3062921341599474,0.362475074581066,0.3537364153216272,0.2827838426477989,0.303821470056752,0.2870427363466651,0.3617831515310757,0.3573958645074725,0.3685747127476824,0.3502626959072936,0.3052577274722433,0.3371753988720192,0.3484539445857174,0.3194135568452976,0.355830450351172,0.3827803981751164,0.3597567165987573,0.3069724329965412,0.2905764111540558,0.2781507622494578
0.3373940811969456,0.3490264745949412,0.2838640204523875,0.3258555572959788,0.3524770591464276,0.2587502505506459,0.2879242610033906,0.382454461288403,0.4208714668901944,0.404482496296823,0.3711966913547801,0.1043864714506133,0.4165286608701297,0.3452317739661437,0.3131861092420909,0.3544001928005054,0.3648339455967867,0.2919758400273242,0.2850428719106674,0.3640621547132838,0.3428714955136857,0.3705574635605432,0.3505841544968003,0.3419435631337507,0.3457207906032565,0.3059828481501334,0.3301210358213037,0.3535534168119811,0.3427980836175918,0.3458565115597502,0.3586850892484888,0.2795711385449003,0.3269428653246044,0.3746506450634622,0.3889804960985221,0.3194363074291229,0.3422952732648799,0.3598017243578283,0.2953697248714194,0.3502848507574561,0.3035276635240601,0.33254625194962,0.3210176985248211,0.3487240574075931,0.3189127756796546,0.3156672442589331,0.328593153852844,0.3443735896602688,0.3580044582700434,0.3699455789805216,0.3056000926078471,0.3226929549728468,0.3639045313379827,0.318273851134319,0.3452822821799202,0.3561385413576814,0.3153159063044819,0.3051666327380009,0.2930265315035024,0.3439846233655873,0.3786911793253635,0.35221045169123,0.3104684984172983,0.33255715692122,0.3108503199627696,0.3794867339069078,0.3306646189616833,0.2675747281720108,0.3577234435644369,0.3719965286411747,0.3236619004652151,0.3047249283249589,0.3128592183669205,0.3352301320563466,0.3396262475231442,0.3311969510621432,0.3213467092007404,0.3365536752948063,0.3046283835557693,0.3116998098024447,0.3625058804429339,0.3524976106059179,0.2833132204900967,0.3021326530988033,0.2850776617349,0.3644845236616953,0.3563079422144689,0.3679695322355338,0.3494819883065185,0.3038345070439598,0.3404729457286533,0.3490068643967695,0.3262006212748848,0.3529681016983477,0.3849741413768013,0.3587063640708119,0.3059954174169711,0.2892814773525642,0.2813627568878057
0.3357269730106459,0.349403078108252,0.2846776966576976,0.3255372404888516,0.3518258653943769,0.2568988339295212,0.2860758356861717,0.3817476265460073,0.4232257428754745,0.4001905010975054,0.3738149936579655,0.0752100399337351,0.4115995872667529,0.3448649368298443,0.3126902146788093,0.3546162560456533,0.3642662011509005,0.2965121007805793,0.2864587889323018,0.3610959115788035,0.3428951368861949,0.369029293057434,0.3489358238870204,0.3415358120112909,0.3430256882082237,0.30461959115565,0.3318827257100374,0.3521397245972866,0.3424350907743526,0.3461974533253761,0.3579287867876786,0.2761574563146653,0.3262518020982309,0.3749788450828419,0.3909490462103132,0.3169211204050673,0.3421102256316091,0.3585078157616579,0.2976200907808619,0.3494721572756727,0.301542890998677,0.3320898075730373,0.3250538186178219,0.348324722798684,0.3178770225858106,0.3195172094089565,0.3324290821911885,0.3444061148669612,0.3586905410309464,0.3654007592422028,0.3025017677947232,0.3206389040905559,0.3636503427583856,0.3174630235089998,0.3476157634270155,0.3571270876340834,0.3143527540690884,0.3038269990079903,0.2911800444554149,0.3439090458783513,0.3791310677470594,0.3535311522227023,0.3092411197817128,0.3325370253011283,0.3089624405354246,0.3785843686728864,0.3296803910746779,0.2645640181808993,0.35685199998771,0.370960067224124,0.3244776496589776,0.3018191704210409,0.3146192390598304,0.3343144728301536,0.3390260282473753,0.3300475973322412,0.3200839176306825,0.335442847248201,0.3030230967973342,0.3172937126853357,0.3626116075550242,0.3512862710426848,0.2846721491753879,0.3009614758341328,0.2837089536432188,0.3668508279367615,0.3548379047393388,0.3672828681353854,0.3488532305662379,0.3024638295026755,0.3434246342640925,0.3495640137897277,0.3327045323908903,0.3502260973342614,0.3866352504187982,0.3577411044947424,0.3051867906506761,0.2881583340254841,0.2851751480810808
0.3339258022120908,0.3495589595352812,0.2862815524183847,0.3252393173126813,0.3511028716727932,0.2549262691434706,0.2840123436545824,0.3809373630531765,0.4254651006368385,0.3950813216566872,0.3762052944392925,0.0501111426801477,0.4064195794754444,0.3444045866174907,0.3122024698525817,0.3548516924206772,0.3639036089574312,0.3009821991130644,0.287443201228827,0.3589161386977202,0.342836112489672,0.3675326133112918,0.3470564805227545,0.3411348046239352,0.3402873872933243,0.3034076742321414,0.3337549815498963,0.3504754160593922,0.3419839639901408,0.3465617345789553,0.3570527313033841,0.2728139955181376,0.3254731253618898,0.3753793886372463,0.3925696256381764,0.3150563503475249,0.3419200107803976,0.3570401275204991,0.300488682824946,0.3486974768817407,0.2995427356582663,0.331683262157573,0.32893886860484,0.3478020017531742,0.316838534208764,0.3232916875370767,0.3358782658002448,0.3444243956868431,0.3592914728461528,0.3603252079519027,0.2995596507800336,0.3187785986926651,0.3634109885179064,0.3166931458894683,0.3496457859183012,0.3579020106013121,0.3137998020961356,0.3023655553301278,0.2895387481965221,0.3438941757353175,0.3794072472458799,0.3547341253375166,0.30817033134961,0.3324238433900894,0.3072006557897493,0.3775380180318747,0.3287369020354981,0.2625459299020137,0.3559904151641426,0.3693338184606934,0.3248139743143444,0.2989305000132197,0.3168340309914011,0.3333284373279601,0.3383723400603666,0.3290535572537764,0.3187181226295413,0.3341498047161276,0.3013783764411538,0.3228751956664776,0.3627640032527083,0.3501279471892315,0.2869098826262024,0.3004345778647542,0.2830743618421942,0.3689214887285255,0.3530765622234189,0.3665653254226775,0.3484643508482553,0.3011173921009406,0.3460736613472331,0.3500972394396132,0.3387376296314935,0.3477097135649661,0.3877290838096722,0.3567931769409602,0.3045464038490678,0.2871983424720832,0.2894720896770444
0.3320085917983774,0.3495255435807575,0.2886827521819166,0.3249149891709507,0.3503144563527421,0.2529304924598983,0.2817113754788142,0.380116121827565,0.4277612168355892,0.3893891869735118,0.3784011579125924,0.0297668627246007,0.4011434710195604,0.3438378207692652,0.311733763379432,0.3550005186144809,0.3637897533472257,0.305216395245266,0.288065602253867,0.3575159187625054,0.3427253344864666,0.3660614543109557,0.3450099895034586,0.3407982386073215,0.3375643770487995,0.3023808368818443,0.335643493620047,0.3486111067453601,0.3414334377151353,0.3469123481374067,0.3560543874741304,0.2695890073171994,0.3245671583125196,0.3758523065782712,0.393903355125026,0.313945536588613,0.341717740993663,0.3554588003692444,0.3038827280798507,0.3479527225090522,0.2976047021804927,0.3312904858912385,0.3325821161710476,0.3471747341501955,0.3157999530430407,0.3269025601126031,0.3389179621038005,0.344438673255853,0.3597877111816222,0.3548619718310554,0.2967303154210506,0.3172084745713727,0.3631826994236513,0.315948375186217,0.3514340292896383,0.3584549774910539,0.3136465767990473,0.3007560931249401,0.2882368925885762,0.3439387155694681,0.3795020281891229,0.3558110230102658,0.3072303577804958,0.3322071214512427,0.3056808726306565,0.3764071752807085,0.3278219591979856,0.2616769792701611,0.3551783691286913,0.3671987498948181,0.3246423592186872,0.2960943874167281,0.319447633425532,0.3322840096303892,0.3376164228310799,0.3281960758360213,0.3172547399918217,0.3326916957124674,0.2996856888176406,0.3282650294665891,0.3629333136964403,0.349041302060359,0.2900276265966778,0.3006466532910928,0.2832835399383046,0.3707293629444532,0.351115031429253,0.3658562100429741,0.3484000700175116,0.2997650034857959,0.3484702999511824,0.3505766084859973,0.3441608205272635,0.3455134932454761,0.3882528575957217,0.3557990620525806,0.3040660176038851,0.2863704206644323,0.294089600860512
0.3300032789755114,0.3493416532320658,0.2918485173128254,0.3245163014604119,0.349467162071053,0.2510501255175697,0.2791717863472498,0.3793687235016017,0.4302431889354256,0.3834170037249752,0.3804241078451054,0.0145693609277831,0.3958776714085241,0.3431543481679016,0.3112901793722141,0.354976583478833,0.3639456458874407,0.3090336874814137,0.2884233620944182,0.3568833038949974,0.3425935907859256,0.3646214450953249,0.3428746466831218,0.3405756399528098,0.3349248586951294,0.3015597777196582,0.3374690428742363,0.346601730555076,0.3407727245540178,0.3472096899719361,0.354939871945572,0.2665338012602614,0.3234996260096793,0.3764011099474496,0.3950004125305877,0.3136981870620271,0.3414963281571769,0.3538256984879401,0.3076829080993333,0.347220603902174,0.2958247043556239,0.3308813243305218,0.3359171562418391,0.3464678595288972,0.3147534462732508,0.3302885550912485,0.3415572823381889,0.3444666811015437,0.3601656331951168,0.3491959756532771,0.2939844900146421,0.3160039350539297,0.3629484342723505,0.3152083462747455,0.3530309636659497,0.3587795945682782,0.3138518998444153,0.2989842661859088,0.2874196917756302,0.3440388843382179,0.3794033245054455,0.356749330258153,0.306397659359317,0.3318846094110662,0.3045259028786636,0.3752515035950399,0.3269215721191166,0.262064835093746,0.3544444006491726,0.3646361916777444,0.3239717152823332,0.2933646128205672,0.3223773957083397,0.3311962002577042,0.3367228328097098,0.3274424037374699,0.315705719469621,0.3311063736962702,0.2979349183095406,0.3333206238542605,0.363091867091388,0.3480232153321281,0.29397373143669,0.301647933221872,0.2844114306274881,0.372297775814667,0.3490311578474293,0.3651800189207229,0.3487295659838405,0.2983740866869573,0.3506613942981233,0.3509794417681337,0.3488927479524749,0.3437169825251747,0.3882301845730857,0.3547107497372902,0.303726393436597,0.2856305948230353,0.2988300710972841
0.3279484592912216,0.3490527416423506,0.2957059730752797,0.3240086043379893,0.3485748717321678,0.2494581380691662,0.2764280936183122,0.3787719018846357,0.4329886361038471,0.3775018712245362,0.3822840206235064,0.0046672007923613,0.3906612631520824,0.3423530419036836,0.3108653846356249,0.3547169604838472,0.3643704297182629,0.3122778298609868,0.2886303511021044,0.3569981326392816,0.3424716466351102,0.3632302811413333,0.3407367700723762,0.3405086415026533,0.3324371668360284,0.3009477706088522,0.339170987914022,0.3445055345629279,0.3399958434859464,0.3474124703333626,0.3537188687249844,0.2637022747592222,0.322247300901731,0.3770319798723163,0.3959035327349469,0.3144129309283658,0.3412473359270762,0.3521933636239462,0.3117534161805008,0.3464809872859633,0.2943121753890886,0.330437486939151,0.3389055302497208,0.3457044922492291,0.3136802450326601,0.3334159030504611,0.3438276779075927,0.3445256480796088,0.3604109543456486,0.3435364878275351,0.291321771060254,0.3152015154592321,0.3626758522422245,0.3144480804545671,0.3544723434570238,0.3588790890446831,0.3143547712170496,0.2970482329274319,0.2872213460957905,0.3441900207810551,0.3791144263850337,0.3575341426597224,0.3056482127144542,0.3314643714959454,0.3038645689745195,0.3741269098838012,0.3260166069572413,0.26375693213063,0.3538075731799495,0.3617250381297959,0.3228515831586113,0.2908109316245589,0.3255184382415859,0.3300873677875689,0.3356737412812453,0.3267490477216689,0.3140905519204121,0.3294477545923002,0.2961197702081764,0.337941110773266,0.3632145670562084,0.347051374154022,0.2986486491085572,0.3034366019084015,0.2864882741323734,0.3736420777073683,0.3468824283403995,0.3645501258685517,0.3494918410387935,0.2969079698017924,0.3526785568472039,0.3512929160091313,0.3529077190098735,0.3423775007555013,0.3877096314718132,0.3534958728510207,0.3034910152553123,0.2849309973530494,0.3034753786483782
0.3258939358340098,0.34870874823829,0.3001376068214157,0.3233845680769837,0.3476665350949453,0.2483555144670509,0.2735595465657339,0.3783950344887328,0.4360314191821826,0.3719809171431701,0.3839854152672621,0.0,0.3854524337504605,0.3414457670460387,0.3104340914082577,0.3541841076491295,0.365045379504801,0.3148583781650662,0.2888009202122377,0.3578222016324882,0.3423820444601457,0.3619010026083231,0.3386851660853449,0.3406253037608612,0.3301584319985348,0.3005264080434967,0.3406937005443122,0.3423860005339593,0.3391100395579756,0.3474882576046019,0.352403273870949,0.2611468097824604,0.3208043309215917,0.3777512302937036,0.3966513855344338,0.3161584984908789,0.3409626337993817,0.3506013753809568,0.3159505135997298,0.3457163398131406,0.2931824737317249,0.3299490253215237,0.3415398174031973,0.3449018738046128,0.3125622030332289,0.3362726432528568,0.3457743034855081,0.3446299908246353,0.3605131141897633,0.3380965127630876,0.2887783608844473,0.3148139554032994,0.3623289874837079,0.3136360539723436,0.3557816108112964,0.3587709376158113,0.3150789900539587,0.2949645282288062,0.2877523480842984,0.3443927125893073,0.3786487903264997,0.3581504360155597,0.3049586392534587,0.3309598318250079,0.3038201640876589,0.3730894352087235,0.32508708379008,0.2667341723543361,0.3532783708452927,0.3585386713141664,0.3213680342600581,0.2885150566386612,0.3287621195345939,0.3289923588598896,0.33447150378646,0.3260655546746073,0.3124404743847207,0.3277798270860056,0.2942414514325522,0.3420712200133494,0.3632797756112521,0.3461035402253017,0.3039158455739608,0.3059638273192557,0.2894889249171012,0.3747731838838857,0.3446998650673482,0.3639726086167197,0.3506869579989085,0.295328896203388,0.354534563863714,0.3515104404246153,0.3562261925309901,0.3415274796584397,0.3867654902803408,0.3521369872506304,0.3033153301496829,0.2842204426468238,0.3078112173700093
0.3238933080447149,0.3483616175118033,0.3049878612985216,0.3226608222740746,0.3467781636575315,0.2479610155295119,0.2706830581257977,0.378291804515812,0.4393722601296396,0.3671568356527822,0.3855278933761301,0.0001843074709587,0.3801398494655045,0.3404532689833024,0.3099606741573098,0.3533726991526337,0.3659333151931344,0.316741537319478,0.2890368050982859,0.3592859626690881,0.3423317537969761,0.3606326413690855,0.3367981330396222,0.3409295888636254,0.3281280357553064,0.3002608752227797,0.3419994663096563,0.3403024550726857,0.3381368935567078,0.3474181645602358,0.3510114590527747,0.2589088322407181,0.319182532890262,0.3785619901168389,0.3972826527407611,0.3189609843054191,0.340636972247119,0.3490783966682236,0.3201323982622305,0.3449142464407949,0.292545248753554,0.3294113884745908,0.3438361643464895,0.3440764590948523,0.3113894349157685,0.3388633088225002,0.3474484526357614,0.3447922235303373,0.3604741801625196,0.333081478209985,0.2864323443280094,0.3148350802502152,0.3618733522575689,0.3127343671028048,0.3569682253339964,0.3584823084397809,0.3159334626964818,0.292772668986006,0.2890947330801383,0.3446562068524793,0.3780197387665915,0.3585873303205263,0.3043104683803329,0.3303857175285975,0.3044923309544124,0.3721917741671334,0.3241187535887755,0.2709074907638348,0.3528593445095723,0.3551500293011629,0.3196311480142798,0.2865679766677211,0.3320103257156412,0.3279521047033963,0.333138161903186,0.3253413328900489,0.3107933573913201,0.3261683677132675,0.2923067065863746,0.3457053770917712,0.3632724032008798,0.34516363843885,0.3096114805091872,0.3091449446688311,0.2933324769158689,0.3756981004788187,0.3424799523606851,0.3634475811214047,0.352275767786842,0.2936035246583438,0.3562272625425306,0.3516316178039252,0.3589033379190016,0.3411736034740084,0.3854891084207595,0.3506362479735954,0.3031626186802687,0.2834437473498073,0.311658629000176
0.3219935556113896,0.3480640379994967,0.3100834391783729,0.3218654702542497,0.3459394199383572,0.2484893748559442,0.2679432992978055,0.3784930837964531,0.442986873220106,0.3632610998589397,0.3869006455986539,0.0045608907815389,0.3745780044042048,0.3393997890236361,0.3094101369388702,0.3523150633581278,0.3669776852348769,0.3179156379512796,0.2894189260351592,0.3612803282897127,0.3423139568910059,0.3594177192309832,0.3351298153986364,0.3414010647701547,0.326366572897054,0.3001082479788504,0.3430872546429703,0.3382992669489545,0.3371053613866573,0.3471942240543259,0.3495671741740298,0.2570094631840013,0.3174078076830848,0.3794602757054671,0.3978373016224901,0.3227974987505271,0.3402691057163663,0.3476406972526055,0.3241697531481998,0.3440684540218695,0.2924923506627292,0.3288303729399692,0.3458206714286633,0.3432460749627892,0.3101552785419618,0.3412058868678499,0.3488994253160553,0.3450195022365165,0.360310295495628,0.3286769196576347,0.2844084558299184,0.3152273952248756,0.3612700444831789,0.3117061196678822,0.3580230057359356,0.358045400573931,0.3168209242237985,0.2905344312727508,0.2912900874977438,0.3449949643800684,0.377244299679248,0.3588426227066419,0.3036940611480199,0.3297619661225217,0.3059472506106934,0.3714711546124821,0.3231047468181939,0.2761208560925261,0.3525469296530775,0.3516376516593524,0.3177613281192633,0.2850669568150358,0.335177477241931,0.3269995518162103,0.3317128962386559,0.3245328037929518,0.3091836609976176,0.3246731483512231,0.2903301228646718,0.3488823979230342,0.3631849239562482,0.3442111156160556,0.3155530257703834,0.3128674286339445,0.2978937902405493,0.3764178981999607,0.3401832302303499,0.3629713383211906,0.3541811068285891,0.2917095029953628,0.3577436055832413,0.3516657436548832,0.3610164361456649,0.3412915537653141,0.3839726863749494,0.349016975048059,0.3030053446803906,0.2825479973499628,0.314895186666539
0.3202313614680271,0.3478672495562144,0.3152518239264227,0.3210357979818057,0.3451718434117142,0.250124406097746,0.2655115200958485,0.3790111943208163,0.4468391714886043,0.360424518605902,0.3880861517418245,0.0125887524829432,0.3686222601322337,0.3383122664052063,0.3087469134660963,0.3510793775770298,0.3681095206636067,0.3183961179216217,0.2899991514443756,0.3636551998414851,0.3423141627279613,0.3582505049522935,0.3337058984639904,0.3420071524720189,0.3248757359586928,0.3000177250190959,0.3439774902105433,0.3364075715598629,0.3360473069576312,0.3468200615530434,0.3480925626790622,0.2554472702459141,0.3155188496362108,0.3804344127461262,0.3983500772748811,0.3275910211349963,0.3398606145048142,0.3462873441581565,0.3279559566353152,0.3431778281554592,0.2930902549176455,0.3282260871895632,0.3475220280765146,0.3424225367018928,0.3088514118777604,0.3433280218775228,0.3501679824431351,0.3453074545294691,0.3600464196009674,0.3250249273303915,0.2828741093971372,0.315931229509075,0.3604765448222017,0.3105229654250617,0.3589183192899831,0.3574998646405393,0.3176532977119387,0.2883339107299373,0.2943229109891902,0.3454211093344891,0.3763538007058944,0.358923720366796,0.3031099577322937,0.3291176385116819,0.3082175435685616,0.370944779226699,0.3220435183885265,0.2821642495080438,0.3523330825949601,0.3480837074710288,0.3158785002607248,0.2841083562288087,0.3381927331566102,0.3261517178374171,0.3302466767661403,0.3236073375726664,0.3076395445028182,0.3233435682275461,0.2883444328505087,0.3516696085192354,0.3630139362093791,0.3432209809386111,0.3215521888463321,0.316997578103747,0.3030159250962078,0.3769282831783752,0.337746141107871,0.3625400052760779,0.3562870805319999,0.2896422991492691,0.3590616531225555,0.3516301857822201,0.3626517031652711,0.3418227702512676,0.3822993524887271,0.3473159641183411,0.3028175772676399,0.2814915409537302,0.3174616573370125
0.318633459938947,0.3478151326063321,0.3203294777535618,0.3202225336205073,0.3444940705459957,0.2530001133870371,0.2635818694651055,0.3798432954191592,0.4508996828353694,0.358665168211616,0.3890735855612097,0.0240778442639079,0.3621557523628744,0.3372199109499473,0.3079314986432498,0.3497639816641808,0.3692589072782594,0.3182521315112719,0.2907921678774443,0.3662202228642347,0.3423144678653507,0.357123891392511,0.3325250861458931,0.3427106582188972,0.3236367185269088,0.2999292250476412,0.3447004443345182,0.3346499839747286,0.3349981273137422,0.3463130541286825,0.3466063481522078,0.2542028297328934,0.3135674296850142,0.3814669943683877,0.3988402414766959,0.3332076571761819,0.3394130940070674,0.3450022582375128,0.3314166401042488,0.3422446419766485,0.2943741142490288,0.3276260184911792,0.3489701402013311,0.3416076244665468,0.3074737900223934,0.3452608685526903,0.3512839006510165,0.345638955207534,0.3597116032563121,0.3222039662533431,0.2820238380803491,0.3168908292488411,0.3594591552535428,0.3091628084098884,0.3596151729266973,0.3568928889016298,0.3183596678684703,0.286280835570241,0.2981176759896008,0.3459394690397243,0.3753890460287806,0.3588460107787474,0.3025637764219265,0.3284836447689929,0.3112987459978382,0.3706171120279596,0.3209370668433641,0.288792245211663,0.3522067497526199,0.3445691620879422,0.314089969695463,0.283776290076616,0.3410078092902714,0.3254130943492724,0.328792452195479,0.3225457378224702,0.3061840731946594,0.322215306423398,0.2864070160987711,0.3541469396589193,0.3627573237742159,0.342179020035103,0.3274314967101914,0.3213934309412933,0.3085181928125472,0.3772238806972315,0.3350972824692044,0.3621518026771017,0.3584452577696281,0.2874172179222982,0.3601541717305877,0.3515436599332954,0.363893709856342,0.3426816201384318,0.3805411362594312,0.3455743433743206,0.3025795112249333,0.2802484588831417,0.3193651029544321
0.3172119461285533,0.3479372969287644,0.3251688340479463,0.3194826720604786,0.3439203953283501,0.2571886061126507,0.2623537957522112,0.380961159994464,0.4551562579438588,0.3578923645962301,0.3898631530307003,0.0388625785065733,0.3551225253354009,0.3361490460361961,0.3069282290140602,0.3484927738503617,0.3703610862558726,0.3175817721796352,0.2917736979969235,0.368749688543327,0.3422985040240334,0.3560226564603634,0.3315597949526833,0.3434646021964956,0.3226101488161503,0.2997826970294776,0.3453284985552431,0.3330353379960991,0.3339933517652432,0.3457000012582652,0.3451275898562701,0.2532424375717997,0.3116164706500657,0.3825315694224714,0.3993084433261308,0.3394645560004454,0.3389262874792974,0.3437647461901518,0.3345137328500429,0.3412771920197176,0.2963391943758905,0.3270543300502275,0.3501918172850263,0.3408006594197815,0.3060292683890797,0.3470322266462372,0.352265664914502,0.3459878336515155,0.3593369676753711,0.3202275644755599,0.2820620419873545,0.3180555874697969,0.358202248959667,0.3076054182458838,0.3600740062252183,0.356269353183987,0.3188854416527066,0.2845073999386157,0.3025522460395242,0.3465487821330091,0.3743836845649407,0.3586333149855351,0.3020561254070225,0.3278807429729209,0.3151405101821518,0.3704847982700801,0.3197903133006199,0.29574209856043,0.3521575406502979,0.3411720433744817,0.3124754020588809,0.284131960291778,0.3435999797298097,0.3247813621849162,0.3273948710867798,0.3213453092753615,0.304831333821396,0.3213045997081183,0.2845970810456154,0.3563963792821644,0.3624160500564516,0.3410861592757315,0.333037801467618,0.3259226094688349,0.3142074636572077,0.3773014731296714,0.3321673333684111,0.3618070322721165,0.3604950742801999,0.2850664225765891,0.360995687045738,0.3514210530418168,0.3648175806172369,0.3437654699355496,0.3787538914874225,0.3438350552095195,0.3022907537786501,0.2788104267703186,0.3206814574352679
0.315957442055983,0.3482472101425469,0.3296510239316234,0.3188628733514677,0.3434550842639233,0.2626854404696185,0.2620099155670796,0.382299568647429,0.459609044381386,0.3579224085331877,0.3904566604831317,0.0564521797933447,0.3475644867589243,0.3351162896502334,0.3057161944967719,0.3474106291183615,0.3713572054937473,0.3164536251794617,0.2928860520523001,0.3709977781041632,0.3422588092622518,0.3549243362366751,0.3307598768177701,0.344210352403923,0.3217413076724452,0.2995314463149874,0.3459879821974914,0.3315535011414152,0.3330589404746422,0.3450117297072196,0.3436750999287083,0.2525168464478562,0.3097381064839618,0.3835843581355459,0.3997420964392049,0.3461506576624681,0.3383994443889832,0.342557263475984,0.3372390980729816,0.3402945733874611,0.2989361233662413,0.326530205890668,0.3512042916670156,0.340004397545923,0.3045330425432469,0.3486609533144263,0.3531197511417792,0.3463220534453132,0.3589550183239233,0.3190517704863713,0.2831880042215233,0.3193646515081855,0.3567083513139855,0.305840592464083,0.3602658502824567,0.3556633770837158,0.3191938394453709,0.2831530766245501,0.3074717987843724,0.347243682461006,0.3733597326621202,0.3583186760199929,0.3015791831250916,0.3273183907021054,0.3196476840535074,0.3705328346779457,0.3186121461521836,0.3027530140527475,0.3521802216664889,0.3379621089799577,0.3110757800617272,0.285207120151449,0.3459669814327872,0.3242451185608712,0.3260867477565953,0.3200198804971456,0.3035819558771442,0.3206031392048873,0.283013710630568,0.3584911956707625,0.361996173545896,0.3399467684241963,0.3382497831523102,0.3304744272780999,0.3198965347711132,0.3771601855490368,0.3288972070004663,0.3615072685153222,0.3622891620649163,0.2826412674401672,0.3615703409575165,0.3512691898767147,0.3654808562264661,0.344956727822619,0.376968129605024,0.3421422417336554,0.3019707599577985,0.2771905338322011,0.3215471900922741
0.3148408253218327,0.3487460663076859,0.3336959742137013,0.3183916018077184,0.3430923612115902,0.2693974016908631,0.2627009544798112,0.3837599914187219,0.4642548329898838,0.3585061842136914,0.3908528682641549,0.076242530271976,0.3396364250019532,0.3341257331306443,0.3042919360968658,0.3466750110328128,0.3721984642209515,0.3149085216279328,0.2940458581328689,0.3727216902820054,0.3422005528587172,0.3538068454821826,0.3300626641303027,0.3448916144678444,0.3209695381154347,0.2991444809610579,0.3467903879039223,0.3301828714043561,0.3322050197146245,0.3442837960198983,0.3422633485218599,0.25196081102998,0.3080146713903184,0.3845626123325911,0.4001182509193803,0.3530500469076423,0.3378340599812738,0.3413648248680504,0.3396038514452613,0.3393229933693779,0.3020781927580476,0.3260722316893482,0.3520143392699755,0.3392192820883052,0.3030071511050052,0.3501538213538501,0.3538411784271412,0.346607186057937,0.3585981557695386,0.3185781139530276,0.2855731389695589,0.3207561533959991,0.3549975759562412,0.3038816984308889,0.3601789770680512,0.3551020271997893,0.3192703112776101,0.2823485285291013,0.3126970905369945,0.3480094826337697,0.3723366458251427,0.3579390555528057,0.301124859795177,0.326802472752272,0.3246963219524649,0.3707323156577387,0.3174181103747847,0.3095896227831387,0.3522744632363254,0.3349876911908139,0.3098916051418469,0.2870006055177068,0.3481232980407427,0.3237769367956623,0.3248911828841677,0.3185941147709313,0.3024253209358631,0.3200790858530069,0.2817782124279592,0.3604819075735714,0.3615057469960437,0.3387649836700896,0.3429818590871184,0.3349600704172331,0.3254203695327777,0.3768034268438656,0.3252527915336875,0.3612546469518366,0.3637086831441425,0.2802234406459843,0.3618766192523965,0.3510805342138811,0.3659173444586093,0.3461236070971311,0.3751864043866639,0.3405343196844511,0.3016453576523759,0.27542693056528,0.3221355749248162
0.313822541438968,0.3494261453611275,0.3372616197579192,0.318082224959413,0.3428195571770053,0.2771469565121537,0.2645333098976684,0.3852222912561039,0.4690677604560199,0.3593655086321904,0.3910567190345776,0.097848676556876,0.3315892417415688,0.3331704041901346,0.3026701700365043,0.3464423000049037,0.3728550024399907,0.3130150151975738,0.2951522578437041,0.3737048309000674,0.3421388152152834,0.3526547064659776,0.3294022007095423,0.3454703810351706,0.3202368747140651,0.2986022900152262,0.3477637730313851,0.3289002069851637,0.3314264395387188,0.3435551611584638,0.340904305539812,0.2514995499910575,0.3065374758824276,0.3853926204200118,0.4003992094726879,0.3599574170562929,0.3372342541566535,0.3401743418360384,0.341633887203547,0.3383829415841618,0.3056544036357279,0.3256961310613082,0.3526224514258381,0.3384390047943941,0.3014895113768268,0.3515056897664292,0.3544178168912652,0.3468134634522403,0.3582930443761605,0.3186610792059453,0.2893283461923017,0.3221893832115808,0.3531079013074888,0.3017658630273838,0.3598177105495837,0.3546108772585309,0.3191194367230896,0.2822092420422514,0.3180367925092766,0.3488135786839609,0.3713310279796419,0.3575266963643646,0.3006905194718075,0.3263348825750189,0.3301482575411228,0.3710455149337473,0.3162304555006239,0.3160626533688888,0.3524390524811882,0.3322660437050117,0.3088873289170489,0.2894772541103092,0.3501001098064353,0.3233349307399163,0.323820020710178,0.3170975631714613,0.3013413693548195,0.3196832785002243,0.2810285653257734,0.3623864897060319,0.3609496162082874,0.3375536276047041,0.3471852596035026,0.3393076393735474,0.33064350553994,0.37624572648715,0.3212394784173191,0.3610514798861713,0.3646690658889677,0.2779304674881238,0.3619276900707145,0.3508301467662524,0.3661406053939355,0.3471321711116761,0.3733897906099323,0.3390332841662107,0.3013385953551983,0.273583505080942,0.322628674589551
0.3128580842277543,0.3502691132251638,0.3403380312181399,0.3179337842385842,0.3426165611746613,0.2856917339821072,0.2675542819230539,0.386549252088053,0.4739789959366256,0.3602294513425212,0.391087705712219,0.1209297347144015,0.3237383792907378,0.3322349983534692,0.3008895732899357,0.346850790564343,0.3733205019531765,0.3108622409555356,0.2960976485496031,0.3737799682747294,0.342096513403171,0.3514593250265287,0.3287136034723853,0.345926539651441,0.3194932234478981,0.2979013507315974,0.3488793294848291,0.3276800064591997,0.330700726212215,0.342858237273133,0.3396127143145275,0.2510575506914766,0.3053977655938188,0.3859956482519987,0.4005310525351072,0.366687671484653,0.3366056913189165,0.3389798524577316,0.3433694749078909,0.3374825071033076,0.3095363618516363,0.3254061939204323,0.3530259176108373,0.3376582380799068,0.3000403778276784,0.352702514092078,0.3548372375508367,0.3469213488337547,0.3580524293455257,0.3191294443056134,0.2944778174751847,0.3236389267544324,0.3510902506344399,0.2995458584457604,0.3591994076931115,0.3542089438945237,0.3187546652939007,0.2828309263112133,0.3233068470907531,0.3496067486821395,0.3703424358894441,0.3571077889035621,0.3002713140083626,0.3259025826569623,0.3358536650121631,0.3714304884089556,0.315071798857284,0.3220366299413325,0.3526674850325332,0.3297863294991268,0.3079974740557075,0.2925713844900488,0.3519413489844837,0.322876184702897,0.322866414379068,0.315563937474665,0.300295463128788,0.3193554308330082,0.2809015460293612,0.3641924242369359,0.3603284214125424,0.3363332655317527,0.3508448309848515,0.3434619121137954,0.335464667810183,0.3755189601972555,0.3169041845311039,0.3608996598608193,0.3651273691339053,0.2759045386647028,0.361750083771694,0.3504798636604656,0.3661566741137639,0.3478638710984205,0.3715452834822043,0.3376398352865126,0.3010745543027524,0.2717505747091729,0.323196884317722
0.3118975187015079,0.3512427286150874,0.3429442749905809,0.3179283413978848,0.3424556149985738,0.2947440663424002,0.2717426716305799,0.3875884725220536,0.4788589435490972,0.3608649963604907,0.3909762499026617,0.1449028918274862,0.3164274841370632,0.3312988618926247,0.2990157905991285,0.3480053666377118,0.3736072386492817,0.3084771847274822,0.2967802422640375,0.3728548027154985,0.3421067877049272,0.3502159234183905,0.3279398744628647,0.3462477666940128,0.3187002039035532,0.2970644672287889,0.3501089095993602,0.3264922867230694,0.329980003061686,0.3422115928656052,0.3384039766419066,0.2505613020308669,0.3046757977804979,0.3862874460210618,0.4004525836308717,0.3730876122492456,0.3359572565536024,0.3377865985797554,0.3448589890157564,0.3366245981605238,0.3135823705005484,0.3251926420763724,0.3532213202721492,0.3368791897725445,0.2987326569285751,0.3537247856184135,0.3550930505961123,0.3469195403324281,0.357873195970925,0.3198079638341369,0.3009503217426967,0.3250732875498485,0.3490016985333062,0.2972941571317601,0.358357475640373,0.3539019449398943,0.318192325886534,0.2842746791540325,0.3283472354322562,0.3503355159787767,0.3693476756795402,0.3567082590256483,0.2998524476859217,0.3254732559256322,0.3416549890650743,0.3718401069042902,0.3139572905647155,0.3274269681479915,0.3529494377520754,0.3275161709742367,0.3071337615558389,0.2961939280860098,0.353695713072137,0.3223686865656148,0.3220015708567423,0.3140307865830779,0.2992369384955984,0.3190294419635875,0.2815154560119344,0.365867102127602,0.3596412845346016,0.3351192106322877,0.3539727969672395,0.3473867380549729,0.33982317868849,0.3746712061092085,0.3123280148298719,0.3607979233935933,0.3650912641804787,0.2742961394764199,0.3613835935963318,0.349982629471553,0.3659741253637646,0.348223519173624,0.3696111008110999,0.3363370536627213,0.3008753648712173,0.2700466206238678,0.3239841807850032
0.3108882310053642,0.3523025633553766,0.3451241042592635,0.318035831431926,0.3423063367882541,0.3039885993844695,0.2770094831863316,0.3881840100237979,0.4835067662754393,0.3611001864777429,0.3907574238582123,0.1691817888541451,0.3099794877573644,0.3303397195991894,0.2971375521549386,0.3499683286322408,0.3737375418552609,0.3058147496688354,0.297116644330674,0.3709313400339012,0.342211874041227,0.3489230671259719,0.3270433226707472,0.3464282088591708,0.3178353751463966,0.2961417291693664,0.3514111106757989,0.3253089983227735,0.3291885552905747,0.3416235585451747,0.337286744141958,0.2499380104251685,0.3044378596643243,0.3861829528965174,0.4001066054747877,0.3790481538985535,0.3353044618610936,0.3366070195435337,0.3461487264935374,0.3358138893805064,0.3176508498591054,0.3250372338666202,0.3532098044096163,0.3361045198591711,0.2976389875852347,0.3545501002833798,0.3551883716822413,0.3468015004154174,0.3577424512612094,0.3205269995843683,0.308578853533493,0.3264564597257016,0.3469031015693428,0.2951140289430006,0.3573444452762809,0.3536872097813839,0.3174512683466323,0.2865488356121652,0.3330321728182825,0.3509498341830989,0.3683128129027398,0.3563540991956181,0.2994172439928077,0.3250049556404377,0.3474051329486952,0.372221021906737,0.312893434740298,0.3321975426860633,0.3532732388624426,0.3254018575443111,0.3061935799983974,0.3002379779266838,0.3554114416250038,0.3217909311467073,0.321182401289805,0.3125321440151077,0.2981096515064008,0.3186403303604048,0.2829607346015799,0.3673669534760456,0.3588866866621379,0.3339199221683406,0.3566018696007433,0.3510599846640134,0.3437001660661531,0.3737608078145363,0.3076218505846919,0.3607375611851134,0.3646182242189046,0.2732572820271474,0.3608803971401709,0.3492833068410181,0.3656043595275899,0.3481391902501912,0.3675440310530422,0.3350958504638528,0.3007521702537001,0.2686149309638207,0.3250913360466083
0.3097831349041011,0.3533995625191566,0.3469351294362613,0.3182254330688825,0.3421394920841136,0.3131091672269268,0.2832019642740889,0.3881936664181883,0.4876494848858993,0.3608349112910353,0.3904720154899006,0.1935317574682043,0.3046379117435044,0.3293374908565657,0.2953658744679083,0.3527545885747916,0.3737394793870751,0.3028879926686578,0.2970554981142996,0.3681082655303465,0.3424530026922124,0.3475860630950644,0.3260104706140966,0.3464755819243678,0.3168941524785401,0.2952032346395814,0.3526977633692777,0.3241096871440223,0.3282340706867285,0.3410951127630773,0.3362616367427454,0.2491197733359095,0.304738246400469,0.3856112739133108,0.3994446673594908,0.3845069394812404,0.3346684736815055,0.3354538330705626,0.3472790108259213,0.3350505321936652,0.3216201311716576,0.3249167916428949,0.3530019337244557,0.3353300772230275,0.2968340265745498,0.3551572748086421,0.3551346281552638,0.3465694352542777,0.3576399360433029,0.3211318838834582,0.3171009544398151,0.3277607461729889,0.3448548123077476,0.2931331720978123,0.3562235260941564,0.3535622677447633,0.316549247868945,0.2896043685032111,0.3372783842980613,0.3513990571208313,0.3672043709318215,0.3560635314891835,0.2989606721933736,0.3244556523485897,0.3529877263055016,0.3725169931130045,0.3118823121898916,0.3363599984789011,0.3536234000015267,0.3233699952276481,0.3050705720888513,0.3045828553443362,0.3571327650710396,0.3211271033860793,0.320362521538506,0.3110881891915873,0.2968617744631842,0.3181318053222403,0.2852899845873377,0.3686426170351886,0.3580605945719398,0.3327479401271465,0.3587771900941823,0.3544620190421789,0.3471100115467849,0.3728534632667522,0.3029246200850994,0.3607019806155501,0.3638034977281892,0.2729379709504665,0.3602998867364558,0.3483254214095361,0.3650599619550231,0.3475672675049723,0.3653083661684631,0.3338767471353615,0.3007008389316721,0.2676121560658237,0.3265601158976366
0.3085458819948316,0.3544872188439729,0.3484380373722178,0.3184719478983234,0.3419248800627931,0.3218226694912096,0.2901100956007699,0.387500946376255,0.4909536664627778,0.3600367254416362,0.3901698977416534,0.2178668796378923,0.3005200636827116,0.3282773302115753,0.2938365878413169,0.3563263332352044,0.373646294670863,0.2998826749916724,0.2965910690346429,0.364571401990463,0.342860175560027,0.3462180847631507,0.324845682076913,0.3464116125715449,0.3158872783942632,0.2943370052123824,0.3538753848515394,0.3228786971581682,0.3270228450289166,0.340614108674184,0.3353254077150019,0.2480541169353483,0.3056140639188948,0.384528649171325,0.398430760115875,0.3894387766046093,0.3340702868863671,0.3343375891418754,0.3482847708665115,0.3343210932553529,0.3253988922589449,0.3248016683471521,0.3526183640690637,0.3345519996917708,0.2964023560828792,0.355534173394964,0.3549470537316044,0.3462399826774848,0.3575324726308065,0.3215018217377239,0.3261693813995606,0.3289606065523145,0.3429040261748258,0.291482727478952,0.3550542748962081,0.3535228034145776,0.3154967779907101,0.2933452176860082,0.3410492469426188,0.3516311634993179,0.3659882848186204,0.3558439909680613,0.2984890661165525,0.323782174627858,0.3583208533931553,0.372673958350611,0.3109219585535037,0.3399649598996068,0.3539763014990892,0.3213404103178476,0.3036696172192805,0.309104155059262,0.3588931914688871,0.3203701754503067,0.3194968466313775,0.3097026745918017,0.2954436772390078,0.3174615124005583,0.2885040512110654,0.3696460991995602,0.3571566148990931,0.3316183580222021,0.3605470350540485,0.3575713385081298,0.3500900968643715,0.3720223146978235,0.298393076377197,0.3606719881412759,0.3627678616955599,0.2734718809843677,0.3597021996085986,0.3470672634805781,0.3643598757991544,0.3465024119685372,0.3628815501336446,0.332631258683412,0.3007055128176529,0.2671952854536625,0.3283706743741572
0.3071509255103047,0.3555228193840211,0.3496937361441302,0.3187564707959711,0.3416314876908781,0.3299019445230525,0.2974848449438885,0.386023822029719,0.4930547924376959,0.3587291474701062,0.3899080668224317,0.2418939895122679,0.2975956533620307,0.327152513998923,0.2927000099657664,0.3605899373496697,0.3734931802738159,0.2971021990247999,0.2957709942895862,0.3605837485112829,0.3434511795139038,0.3448352475299661,0.3235650495092366,0.3462635680503039,0.314837324910084,0.293650804435825,0.3549029767495165,0.3216052747639486,0.3254663012532554,0.3401538008702745,0.3344704400889908,0.2467119453762654,0.3070714560813111,0.3829212203036295,0.397051241332691,0.3938438366960476,0.3335274779113331,0.3332661776363335,0.3491914567424597,0.3336025004263954,0.3289236314649863,0.3246580013543938,0.3520897512017883,0.3337752727849288,0.2964298712917044,0.3556851416027651,0.3546431337292481,0.3458395762620114,0.3573756331153327,0.3215615872856921,0.3353801337781022,0.3300247281948055,0.3410740136742357,0.2902890215810336,0.3538882843585695,0.3535568004778489,0.3142975723985484,0.2976403785877213,0.344347578904441,0.3516059906713347,0.3646300284526106,0.3556989112790308,0.2980106711742249,0.3229378422387744,0.3633483031031029,0.3726441053046609,0.3099996228378423,0.3430826481849047,0.354301366086327,0.3192425154137862,0.3019238949393499,0.3136900230291331,0.3607103132323503,0.3195286975869779,0.3185420966774101,0.3083687213546112,0.2938065234854998,0.316604606805141,0.2925450507910008,0.3703426671859579,0.3561704231761059,0.3305337122045101,0.361956306770165,0.3603709346486843,0.3526951671973762,0.3713426612240647,0.294181157544635,0.3606290054205973,0.3616475380593913,0.2749553465389399,0.3591463997911929,0.3454931441351416,0.363535981080913,0.344979454446758,0.3602562743742444,0.331308632882922,0.3007406755901767,0.2675119716483743,0.330454549046692
0.3055869086491687,0.3564652331209449,0.35076234085607,0.3190688249420617,0.3412345736584803,0.337181861888062,0.3050660956432154,0.3837263086497552,0.4936017919600317,0.3569792678790812,0.389745106361765,0.2653137305343109,0.2956856461896497,0.3259673058489366,0.2920974488159393,0.3654040236354383,0.3733085199927017,0.294823435180356,0.2946962158092814,0.3564701949647168,0.3442342657620952,0.3434522230570386,0.3221973363236317,0.3460587456117323,0.3137773104660936,0.2932658089402708,0.3557669391238822,0.3202924051174595,0.3234815868723726,0.3396839643495986,0.3336804912245292,0.2450896460347057,0.3090763820714812,0.3808053555826632,0.3953234748594298,0.3977417741563734,0.3330566586743009,0.3322409550552757,0.3500110460852915,0.3328734593993706,0.3321550193676889,0.3244556899601971,0.3514582456649724,0.3330069709379218,0.2969824963782173,0.3556309418809923,0.3542471068589128,0.3453927254708293,0.3571306393555863,0.3212707640763982,0.3443057626569261,0.3309310471714826,0.3393654765665841,0.2896781366889065,0.3527725370926159,0.3536501328774467,0.3129536432765092,0.3023323240811502,0.3472020975571391,0.3513076665218501,0.3631055422988349,0.3556314694983659,0.2975347833203157,0.3218788823723572,0.3680355010669951,0.3723884535764279,0.3090852170020415,0.3457842396862299,0.3545678082284128,0.3170238664709214,0.2998047199357552,0.3182510147079118,0.3625879034862768,0.3186250613046848,0.3174611509745441,0.3070729586184465,0.2919146135994107,0.3155570672656663,0.2973023210866638,0.3707204969941652,0.3551040260865779,0.3294822414588531,0.3630451499094019,0.3628508323381048,0.3549902848645372,0.3708787229468892,0.2904199850863006,0.3605509155808969,0.3605771175867699,0.2774345608523922,0.3586904117919567,0.3436108454336816,0.3626310214254025,0.3430641103532098,0.3574414139764244,0.329866340607211,0.3007696670930419,0.2686897322662326,0.3327099060015161
0.3038653425961958,0.357276815654395,0.3516945571124054,0.3194092070062334,0.3407200574729094,0.3435617459146569,0.3126039195797386,0.3806271897670433,0.49230388397103,0.3548795881948911,0.38973668233184,0.2881705194433626,0.2944767895976516,0.3247371227225851,0.2921476192585749,0.3705980061498151,0.3731050121398595,0.2932379196092961,0.2935176800301446,0.3525839896876779,0.3452053516776594,0.3420847498211132,0.3207820097974481,0.3458251613787078,0.3127470911590917,0.2933045358071379,0.3564333806249235,0.3189594883230613,0.3209978191227544,0.3391802362722734,0.3329322052941857,0.2432124498189067,0.3115589683219101,0.378230752045079,0.3932919687453536,0.4011679482282931,0.3326743515990445,0.3312527939835036,0.350749053058936,0.3321174565141311,0.33507869349746,0.3241718390000729,0.3507751067034518,0.3322457599423933,0.298095941328455,0.3554018194257455,0.3537927514555825,0.3449174320365143,0.356777284339261,0.3206060904187785,0.3525220162562406,0.3316798793004519,0.3377609940202599,0.2897646959580901,0.3517444477223855,0.3537976094044148,0.3114654744366557,0.3072482894470137,0.3496600203626872,0.350740114302596,0.3614110223680018,0.3556385993433335,0.2970782235936057,0.3205737061650927,0.3723719672303962,0.3718764967207738,0.3081326992889701,0.3481329602153431,0.3547499653840935,0.3146560508200072,0.2973209847631947,0.3227168164046827,0.3645185881582781,0.3176866294281605,0.3162308465273655,0.30579365074688,0.2897594349544428,0.3143361097844769,0.3026236867030474,0.3707915756384451,0.3539649233560188,0.3284524929746029,0.3638485342875073,0.364999054261212,0.3570383779043589,0.3706717379877791,0.287207033253003,0.3604096680067225,0.3596673936365214,0.2809030936319668,0.3583842963416637,0.3414468165902616,0.3616901194219771,0.3408425435515624,0.3544608188983409,0.3282770464403206,0.300746825113452,0.2708204280925756,0.3350098843437113
0.3020244931161558,0.3579309562208794,0.352521695577847,0.3197818545449614,0.3400810890730352,0.3490096814281572,0.3198690246354429,0.3767989569071913,0.488970409715102,0.3525211908760249,0.3899323312548436,0.310594027408874,0.2935560595148024,0.3234836122700074,0.292948660683722,0.3759890790612203,0.3728786437937809,0.2924850620862541,0.292431026570942,0.3492621066724443,0.346344549950617,0.3407528386801854,0.3193585776070267,0.345589904977001,0.3117831996034308,0.2938843277530348,0.3568807665243962,0.3176321104959591,0.3179704418798988,0.3386213305678922,0.3322008953091989,0.2411422594323876,0.3144246324488013,0.3752792208181115,0.3910169148806645,0.4041657245792639,0.3323906486343584,0.3302844572035161,0.35141456073031,0.3313179206252054,0.337703285470957,0.3237865313822249,0.3500920723123228,0.3314865480402892,0.2997811674173763,0.3550330770882954,0.3533161406154204,0.3444297827528017,0.3563067353388063,0.319557672291014,0.3596341953549829,0.3322810438839839,0.336222433528432,0.2906234856585081,0.3508217646788201,0.3540013949509109,0.3098306240095171,0.3122168074259887,0.35178403398557,0.3499167395411821,0.3595615671890372,0.3557080764484766,0.2966643895409068,0.3190066912305039,0.3763682652250464,0.3710835576339956,0.3070887231360552,0.3501806064491033,0.3548273823328243,0.312145861065306,0.2945188521875836,0.3270316530661517,0.3664797646653145,0.31674039098026,0.3148461317973721,0.3044994038478907,0.2873605321965558,0.3129757624850897,0.3083265572848005,0.370588088695923,0.3527620938054609,0.3274368177405812,0.3643931995111657,0.3667956674318295,0.3588908374033348,0.370737313040143,0.2846024339680603,0.36018007332381,0.3589944166063146,0.2853011234583555,0.358259749495683,0.3390481338747285,0.3607556667269431,0.3384150683975858,0.3513495566657734,0.3265297096469296,0.3006234886421023,0.2739455967935938,0.3372132948380232
0.3001243716048982,0.3584166863653478,0.3532576503589614,0.3201854982616415,0.3393171901696618,0.3535571285581662,0.3266654388791146,0.3723610340640774,0.4835434979580132,0.3499723867201089,0.3903714619110413,0.3323493266776752,0.292465386897878,0.3222277020225322,0.294571285821331,0.3813935348588637,0.372615375689415,0.2926611394550747,0.2916645861467196,0.346791895410409,0.3476214590403516,0.3394767391754219,0.3179585974069971,0.3453737459475591,0.3109084718575697,0.2951122278274722,0.357150828689058,0.3163357563248595,0.3143949036820253,0.3379869675602682,0.3314608959034421,0.2389822965042651,0.3175611231304177,0.3720563361986369,0.3885689491695382,0.4067786136616449,0.3322023364222009,0.3293169957956975,0.3520165609230253,0.3304582583903884,0.3400522648622335,0.3232821721752035,0.3494542931631876,0.3307309466692629,0.3020270371390123,0.3545674867061321,0.3528449807134334,0.3439460596024968,0.3557115555988067,0.3181313372487982,0.3653111975039428,0.3327434037858141,0.334690793118558,0.2922768026046968,0.3500067254550842,0.3542587055585764,0.3080516144295603,0.3170836734994136,0.3536411352351806,0.3488629028064288,0.3575866854498068,0.3558271837646167,0.2963149881623909,0.3171802390796068,0.3800448032387961,0.3699911494525192,0.3059017862654122,0.3519629479527348,0.3547829395570301,0.3095424090560306,0.2914886005477917,0.3311592280816949,0.3684304788247112,0.3158114519634117,0.3133184337382847,0.3031532980656349,0.2847628314831159,0.3115212955819589,0.3142120520389362,0.3701608339360223,0.3515051476081822,0.3264184840970252,0.3646958034854495,0.3682220708874917,0.360586749294331,0.3710668238573524,0.2826268111640317,0.3598502726958492,0.358603432276705,0.2905154162768689,0.3583287308712195,0.3364806095031242,0.3598664632940468,0.3358893216085609,0.3481507688271318,0.3246298263268167,0.3003516148071942,0.2780488180606064,0.3391868410743645
0.2982429945653991,0.3587336604510779,0.3539098715807036,0.3206092037122839,0.3384407792797383,0.3572795411280214,0.3328479393477348,0.367471426380427,0.476118866634136,0.3472766475613661,0.3910763866428581,0.3530722189756153,0.290768201172637,0.3209866114649078,0.297034925120144,0.386642435200289,0.3722963822072467,0.2937895041215621,0.2914606051841333,0.3453934697611058,0.3490037563574794,0.3382719116877852,0.3166077428719679,0.3451902224537244,0.3101307991369731,0.2970701337723225,0.3573096200129485,0.3151019500113507,0.3103120541753393,0.3372664686556007,0.3306825814832346,0.2368730077487985,0.320841783550625,0.3686831236730716,0.3860305552924886,0.4090496287497792,0.3320950590105648,0.3283325685869501,0.3525531705399344,0.3295281498698244,0.3421558361552353,0.3226517493751885,0.3488997022280674,0.3299832656160761,0.3047921679223157,0.3540561134590921,0.3523979227746649,0.3434776975139822,0.3549944981535846,0.3163392633073046,0.3693174270563382,0.3330885431671321,0.3330986994148192,0.2947059665813564,0.3493023980699492,0.3545577333360049,0.306147784813705,0.3217247737209024,0.355285151520165,0.3476235868939561,0.3555294308650574,0.355989959700226,0.2960464555959993,0.3151203913648097,0.3834217919336342,0.3685921173860599,0.3045267201587194,0.3534970710667477,0.3546033793109784,0.3069284890645653,0.2883671153557354,0.3350873592568887,0.3703190682140753,0.3149183179024029,0.3116729676139761,0.3017184663561217,0.282044436361716,0.3100254093222482,0.3200825470568202,0.3695758046731801,0.3502079048662713,0.3253689774840437,0.3647670622121989,0.3692722819803556,0.3621525737368664,0.3716241160080187,0.281258842647054,0.3594186971544416,0.3585108639897355,0.2963865870316949,0.3585921382922196,0.3338150130785557,0.3590542823471875,0.3333698784732649,0.3449133954927961,0.3226015174662687,0.29988599750795,0.2830543237438698,0.3408268835262028
0.2964800137665481,0.3588844982085664,0.3544834076470448,0.3210301432046542,0.337478769097721,0.3602771565543183,0.3383293785206444,0.3623131979966263,0.4669428688424681,0.34446146819029,0.392042239138032,0.3728843788783818,0.2881158565706764,0.3197747043551525,0.3002950929092655,0.3916042447896786,0.3718972812087139,0.295838329714194,0.2920556393955753,0.3452018543978994,0.3504567530214723,0.337152502399174,0.3153272448340598,0.345049680629507,0.3094479468477265,0.2997981297568254,0.3573823704787264,0.3139699442222444,0.3058068028695825,0.3364656214538654,0.329837190381951,0.2349846219422227,0.3241331507260589,0.365288289947922,0.3834916911219826,0.4110259615748059,0.3320520292955548,0.327313128386884,0.3530150450523724,0.328526331125788,0.3440458659311137,0.3219043383421726,0.3484582257136968,0.3292387145347412,0.3080000153471491,0.3535497817251436,0.3519919923059594,0.3430273431524595,0.3541817881159307,0.3141839111784822,0.3715281154097989,0.3333557934171365,0.3313847874429672,0.2978568924007281,0.3487175970645534,0.3548858084111906,0.3041552492011377,0.3260569748834055,0.3567490657495639,0.3462563570211338,0.3534423977115895,0.3561910267463701,0.2958713839485481,0.3128811022910934,0.3865142633593583,0.3668937108763628,0.3029260344210009,0.3547861580262809,0.3542825353440479,0.3044055142156018,0.2853247281201728,0.3388189016092468,0.3720954247458752,0.3140673771838068,0.3099483765354812,0.3001610587386558,0.2793255308056593,0.3085427873228754,0.325758201211496,0.3689025896727484,0.3488898661335401,0.3242628676154447,0.3646190818611546,0.3699498944913893,0.3635966846051567,0.3723408107724557,0.2804352703734368,0.3588834694420102,0.3586966067587916,0.3027242441870725,0.3590436982424965,0.3311130805318583,0.3583379184995929,0.3309472816797614,0.341688003602186,0.3204867621439002,0.2991900114834724,0.288830368503344,0.3420644062375763
0.2949574463744918,0.3588757742520521,0.3549748206054963,0.3214076133207967,0.3364632778781508,0.3626652702951883,0.3430734872867646,0.357077159927653,0.4563861276711937,0.3415425912846734,0.3932293711490779,0.3924346831920252,0.2842986262387224,0.318601253040716,0.3042575626078873,0.3961988341479717,0.3713896109240214,0.298788278949706,0.2936613148287204,0.3462465458063118,0.3519380722733364,0.3361368151645927,0.314127163585371,0.3449592285693877,0.3088478736354317,0.3032922296475799,0.3573828100446223,0.3129746551678679,0.301006454877793,0.3356015694759109,0.328907731268798,0.2335109886185707,0.3273090295275747,0.3619938764710506,0.3810355900925588,0.4127605083099437,0.3320584200524504,0.3262414406940712,0.3534002668374097,0.3274576845405963,0.3457501123122379,0.3210588311580575,0.3481464746345035,0.3284847768137739,0.3115475426661304,0.3530881805275525,0.3516435054406809,0.3425915897741874,0.3533149215623976,0.311652199961738,0.3719293464010798,0.3335784611032242,0.3294970125537918,0.3016290243874427,0.348257678458225,0.3552340055135041,0.3021165535816123,0.3300419955027897,0.3580508458731509,0.344814154762173,0.3513776368936929,0.3564165733656151,0.2957965866104358,0.3105419968276179,0.3893278951680926,0.3649134097964508,0.301074578821085,0.3558282085952001,0.3538244992559743,0.3020879120258281,0.2825466707485786,0.3423574082001062,0.373716888550581,0.3132534823148013,0.3081962542048664,0.2984525866847021,0.2767633466377914,0.3071210831219422,0.331091484912988,0.3682012867905796,0.3475707782328181,0.3230859987740977,0.3642697259505359,0.370260002017015,0.3649078981551524,0.3731206714778435,0.2800574117749393,0.3582425982195902,0.3591023176378652,0.30932431503425,0.3596635193006262,0.3284231091092924,0.3577219651223559,0.3286897235481069,0.3385240342585982,0.3183380961900147,0.2982418360604757,0.2951991713142542,0.3428607611727156
0.2938078970706181,0.3587247410816146,0.3553696304962523,0.3216799020413703,0.3354248085627453,0.3645645366512074,0.3470869139626195,0.3519496400515039,0.4449097571577201,0.3385267639022252,0.3945644594417082,0.4124117480926765,0.279267272074574,0.3174632692282273,0.3087942178588598,0.4003929336453114,0.3707516542600562,0.3026553627271042,0.2964424908962254,0.3484486345142547,0.3534028994052012,0.3352430932815513,0.3130024001466647,0.3449177699620298,0.3083044738604843,0.3075115808020636,0.3573852293613442,0.3121373890484869,0.2960806728785027,0.3346962025565035,0.3278918081676245,0.2326583412049979,0.3302641745161245,0.3588987689569116,0.3787252450081224,0.4143083943635053,0.3320983645453082,0.325106397815424,0.3537166979653253,0.3263314698015912,0.3472866897151676,0.3201352727855447,0.3479651578509775,0.3277122250293644,0.3153191375521676,0.3526981653253345,0.3513601992362457,0.3421655590277572,0.3524302489030912,0.3087204340060224,0.3706129068449951,0.3337688579542775,0.3273928516498721,0.3058761406557432,0.3479246920782676,0.3555903926042234,0.3000769971398521,0.3336771322694828,0.3591985705946476,0.343339611787934,0.3493792186427307,0.3566470573146095,0.2958198935439079,0.3082042477477019,0.3918562342869266,0.3626728395923582,0.2989706152903081,0.3566211968640467,0.3532434205763775,0.3001018629097077,0.2802240244647688,0.3457049378564228,0.3751504777164367,0.3124622415281767,0.3064761600337913,0.2965735006432169,0.2745389948291108,0.3057940076591124,0.3359786951402729,0.3675193463928201,0.346263354604888,0.3218285261921593,0.3637430015139164,0.3702131809289464,0.3660647382775153,0.3738529706377829,0.2800040979019644,0.3575037684158441,0.3596458969320237,0.3159854663848915,0.3604154786496559,0.3257770499953683,0.3572014465460351,0.3266394747389988,0.3354743555211836,0.316209043552797,0.2970368450408328,0.3019520534759088,0.3432124118819549
0.2931581238392265,0.3584585460679468,0.3556503721312129,0.3217706893999787,0.3343954168212243,0.3660840448371303,0.3504153966026543,0.3471043364794305,0.4330302061171231,0.3354249515015145,0.395946521301295,0.4333001783112123,0.2731267498614361,0.3163420901122344,0.3137421264009843,0.4041907739688716,0.3699792884641429,0.3074421620509586,0.3004968478227234,0.3516436196519326,0.3548179835859008,0.3344814388697729,0.311939736007482,0.3449156235906365,0.3077781336295505,0.3123785674707903,0.3575098669698488,0.3114694749373757,0.2912372466929032,0.3337769844084666,0.3267936597893883,0.2326233341428714,0.3329214570969688,0.3560729860394315,0.3765993740264932,0.4157244703158909,0.3321522983035058,0.3239068408535712,0.3539687773487247,0.3251623828228385,0.3486649188518861,0.3191551027808437,0.3479039686221372,0.3269155990591413,0.3191952868136048,0.3523986029282779,0.3511387878260819,0.3417438457511579,0.3515544155050891,0.3053595962436329,0.3677674521266414,0.3339337891852383,0.3250483010569301,0.310431519849387,0.3477315438576456,0.35593310969814,0.2980901182411317,0.3369806213686902,0.3601878979820279,0.3418719000180514,0.3474804789679484,0.3568657571856682,0.295932887858742,0.3059891381245161,0.394085062499054,0.3601970279527248,0.2966472232144717,0.3571650017345124,0.3525586289537369,0.2985735618915847,0.2785474350647018,0.3488684656249869,0.3763798168817291,0.3116668877725046,0.3048459459463003,0.2945161307092064,0.2728475043034672,0.3045804935420818,0.3403618936475929,0.3668939751614546,0.3449719694299674,0.3204833496891117,0.3630683666106888,0.3698346373407001,0.3670455870509876,0.3744238195079312,0.2801449925796175,0.3566851554386684,0.3602366858323549,0.3225241251187018,0.361257707615867,0.3231845538551741,0.3567658089677165,0.3248153698665148,0.3326018806500284,0.3141476305524539,0.295591583943137,0.3088647201921174,0.3431591305681985
0.2931199619143667,0.3581048564302254,0.3558056463707764,0.3215980825399592,0.3334087526559878,0.3673081560788661,0.353132628149342,0.3426882546131902,0.4212714663092047,0.3322707667309765,0.3972490934501063,0.455462954544647,0.2661154411935001,0.3152097498413027,0.3189076522370498,0.4076342934602804,0.3690837683625891,0.3130918432460073,0.3058433316911075,0.3556092723245891,0.3561647664922842,0.3338551898797572,0.3109247220699065,0.3449402600250294,0.3072225862126911,0.3177751428595499,0.3578420936909501,0.3109743295671082,0.2867079823423503,0.3328766037410863,0.3256190967688621,0.2335688008262232,0.335233725304583,0.3535602632763635,0.3746745464265013,0.4170641484056601,0.3321998047705173,0.3226498890214067,0.3541517198108838,0.3239698104566384,0.3498912587716438,0.3181445835801306,0.3479462835390666,0.3260845113148678,0.3230577875126416,0.352200347082243,0.3509735988662573,0.3413189733009477,0.3507129969438258,0.3015403963688466,0.3636608135499566,0.3340823247480836,0.3224683354046062,0.3151300772410783,0.3477052513857375,0.3562330006097892,0.2962171037602409,0.3399858701706738,0.3610025614749098,0.3404464933391612,0.3456967718107963,0.3570593247739371,0.2961251698639686,0.3040341513961367,0.3960018879453938,0.3575172584797576,0.2941753351627669,0.3574659025616656,0.3517887248111438,0.2976125991365657,0.2776894478459884,0.3518571145224989,0.3774140718092525,0.3108269908839567,0.303353295870843,0.29228731625011,0.2718854224191439,0.3034845447595571,0.3442206799769052,0.3663470062804686,0.3436957311994276,0.3190562302115666,0.3622799853214982,0.3691609609976064,0.3678297938204487,0.3747206606308924,0.2803496540177546,0.3558047155364739,0.3607761942750757,0.3287859254468313,0.3621538710792504,0.3206362539245202,0.3563999796217927,0.3232176398348681,0.3299776080394198,0.3121915733323744,0.2939535841617346,0.3157124840004798,0.342775099414404
0.2937851651927701,0.3576875546985068,0.3558316287692552,0.3210799668196369,0.3324891029466388,0.3682979592148288,0.3553209312214298,0.3388059333195863,0.4101062957135079,0.3291278167703686,0.3983210106188525,0.4790835534231896,0.2585715174325458,0.314037160958547,0.3240930660118795,0.4108026894873401,0.3680821997932985,0.3194840335828372,0.3124176716106575,0.3600814221962815,0.3574277525903183,0.3333666423930545,0.3099382049764527,0.344978041986098,0.3065906278746464,0.3235514322124608,0.3583942219216556,0.3106399319230595,0.28272885819772,0.3320256706317873,0.3243801645248831,0.2356091679791448,0.3371840718955106,0.3513752244195712,0.3729467150968772,0.4183826015700346,0.3322236402171949,0.3213473859087498,0.3542609637948155,0.3227746601784001,0.3509715680659747,0.3171305982625982,0.3480683825978696,0.325204928462006,0.3267970213210417,0.3521019153746975,0.3508633814811418,0.3408812986781163,0.3499277453750149,0.2972429408855833,0.3586139258145845,0.3342053773299906,0.3196861991086954,0.3198112686357785,0.3478706719881884,0.3564606488868052,0.2945150083915048,0.342741943196337,0.3616250337360722,0.3390835503705968,0.3440147956052325,0.3572123223337679,0.2963822726606472,0.302481257283323,0.3976010848222118,0.3546711122407066,0.2916583635673535,0.3575428147319126,0.3509509448227316,0.2973084111210105,0.2777831230419068,0.3546701814831582,0.3782904073704528,0.3098982914043811,0.3020346323893018,0.2899140938254745,0.2718292645031018,0.3024910792129096,0.3475650862831982,0.3658763295465229,0.3424281568601426,0.3175677428366261,0.3614152174558236,0.3682292177659886,0.3683963281354168,0.3746366520470657,0.2804950271819524,0.3548751577728039,0.3611544647925607,0.3346523261501636,0.3630726190965925,0.3181210372059549,0.3560865905026852,0.3218288148668889,0.3276734063219063,0.3103621749918104,0.2922080083770743,0.3222886231325634,0.3421469730560386
0.2952139833190028,0.3572320885798887,0.3557307394239759,0.3201421989691786,0.3316433851463484,0.3690994575268017,0.3570599608116686,0.335518175957796,0.3999135266217998,0.3260835829074119,0.3989960829598618,0.5040192696477547,0.2508767565734737,0.3127940166874838,0.3291220692775487,0.4137956245126739,0.3669971446525094,0.3264324591957798,0.3200701942861732,0.3647693177303698,0.3585899798755805,0.3330121157366652,0.3089519451627594,0.3450084397739809,0.3058373568885345,0.329544238653214,0.3591149566578461,0.3104365112998266,0.2795241916060134,0.3312474617900405,0.3230983024704072,0.2388031973978251,0.3387839648978046,0.3494980752232821,0.3713917123020267,0.41972901324182,0.3322105649216745,0.3200149391639399,0.3542980737880164,0.3215970404188875,0.3519080810194145,0.3161327988303846,0.3482410953455662,0.3242705249178343,0.3303203597543963,0.3520920604279577,0.350807414058936,0.3404222051629035,0.3492040768466889,0.2924677012698856,0.3529728566102891,0.3342668797301666,0.3167553159336215,0.3243238401325866,0.3482388506381619,0.3565902101595508,0.2930263643956376,0.3453039344204744,0.3620474082599883,0.3377824488914208,0.3423933008862989,0.3573068743695826,0.296682307327243,0.3014622252874189,0.3988826224034367,0.3516982921976759,0.2892257843439771,0.3574277511687323,0.3500657591408713,0.2977372452485733,0.2789146700119918,0.357294095763656,0.3790693855136752,0.3088437060537269,0.3009188737109449,0.2874507370165178,0.272815697452157,0.3015634474921144,0.3504335654015768,0.3654610318339191,0.3411536869809619,0.3160419078508912,0.3605125062846493,0.3670759603465349,0.3687294428793631,0.3740793795977841,0.2804741340209127,0.3539093037209637,0.361257069402758,0.3400440704170915,0.3639831556767262,0.3156413315562645,0.3558101601964104,0.3206129897964964,0.3257615575565979,0.3086599187088796,0.2904736837517812,0.3284221744628001,0.3413642645657881
0.2974211535500338,0.3567673650995584,0.355513382385256,0.3187323997746031,0.3308660296814456,0.3697455265893715,0.3584278970298717,0.3328535273413006,0.390968657913237,0.3232404526114225,0.3991107456355146,0.5299022788332113,0.2433865694669907,0.3114450854489862,0.3338425362746217,0.4167098703506802,0.3658642249809687,0.3336686929532236,0.3285721904933938,0.3693852342731311,0.3596470880212341,0.3327704174839984,0.3079339420380731,0.3449997662663472,0.3049256432136966,0.3355898614736648,0.3598922719673788,0.3103262744694618,0.2772957974488095,0.3305586079165318,0.3217962527567143,0.2431441563635948,0.3400663546907528,0.3478823064088602,0.3699680342293736,0.4211393656570632,0.3321519237554232,0.3186716891031808,0.3542638933850838,0.3204546373499232,0.3526990389950112,0.3151632055194333,0.3484392225570038,0.3232855275599492,0.3335582995114043,0.3521595174579318,0.3508005616276314,0.3399385174670614,0.3485321774232208,0.2872419848485261,0.3470838046332248,0.3342272354258458,0.313743973358876,0.3285451610915611,0.3488124735775005,0.356601230731487,0.2917774548309242,0.3477125753004954,0.3622718396210263,0.3365302601373913,0.3407778280656943,0.3573275804862167,0.2969995767252386,0.3010882408357279,0.3998529544826263,0.3486359462781527,0.287028461825856,0.3571590041014794,0.3491580008997937,0.2989596639934004,0.2811259167287144,0.3597131575555773,0.3798282049340972,0.3076312666145409,0.3000261855223376,0.2849804737837277,0.2749325403962505,0.3006490319914415,0.3528839051238278,0.3650788859439839,0.3398496610123042,0.314501397656325,0.3596088231146828,0.3657437079703819,0.3688266825005672,0.3729791654793727,0.2802018972542582,0.3529205936281473,0.3609763110840199,0.3449213726370118,0.3648592668392093,0.3132166550827727,0.3555595900292853,0.3195224304990202,0.3243181034812301,0.307065854116048,0.2888979127722343,0.3339878195601174,0.3405248326714368
0.3003720800677494,0.3563169379270692,0.3551991516047675,0.3168280446985925,0.3301444920872537,0.3702533363446155,0.3594994838036456,0.3308125678040141,0.3834507438737091,0.3207076791351111,0.3985186458922982,0.5563152865609798,0.2363760181091457,0.3099545414119136,0.3381265361107844,0.4196306028995977,0.3647300956274554,0.340854899781118,0.337638176481552,0.3736755482265809,0.3606186400707978,0.3326018631615483,0.3068557296971871,0.344912023167911,0.30383146241435,0.3415310458616414,0.3605693091881192,0.3102696800773698,0.2762082396083791,0.3299669736575796,0.3204869682311788,0.2485502996561293,0.3410750262923215,0.3464723986773638,0.3686231355767113,0.4226320013466105,0.3320463641432243,0.3173365928564968,0.3541539282440871,0.3193601841061472,0.3533442529086005,0.3142317763817535,0.3486487919921994,0.3222568817906333,0.3364677174526937,0.3522973504063637,0.3508370364733748,0.3394326692017169,0.3479003578033827,0.2816228197572057,0.3412722907496905,0.3340593842109283,0.3107319573954861,0.3323945131676102,0.3495881236992204,0.3564811894898567,0.2907781983934205,0.3499832821710372,0.3623051906730698,0.3353109846636626,0.3391130829937734,0.3572639218603991,0.2973097845345099,0.3014428884459897,0.4005326516071491,0.3455172134747477,0.2852307130194649,0.356775167412891,0.3482495912204448,0.301005551489681,0.2844088840962741,0.3619177952576201,0.3806534317378928,0.3062283224100739,0.2993587902988637,0.2826114424712795,0.2782103413375171,0.299688489460888,0.3549737038554056,0.3647147949030878,0.3384951244450267,0.3129746601246833,0.3587362877425496,0.3642786163495383,0.3687002955138564,0.3712931643926728,0.2796160414313175,0.3519141685921512,0.360213914315225,0.3492780558925468,0.365686227670128,0.3108870916239496,0.3553291597606822,0.3185102611149717,0.3234160003806382,0.3055461736502865,0.2876590136175995,0.3389091614080202,0.3397317357223409
0.3039897437618489,0.3558921979863154,0.3548132448092425,0.3144345442433107,0.3294556195855582,0.3706265276018095,0.3603347639329454,0.3293618890939229,0.3774452507741932,0.3185894107910345,0.3971001471072876,0.5827681544714535,0.2300163461446503,0.3082969126860531,0.3418883174376509,0.4226336377393566,0.3636371932841563,0.3476380944790029,0.3469548780946318,0.3774314957971077,0.3615367016202017,0.3324569702068999,0.3056917313078935,0.3447021089672034,0.3025439583767567,0.3472282117026395,0.3609993610940663,0.3102218198999428,0.2763680471680478,0.329465973781493,0.319172241651723,0.2548691097981831,0.3418554740349419,0.3452132904619466,0.3673019102350064,0.4242060634465055,0.331899566568472,0.3160225081944427,0.3539647140600047,0.3183199648597382,0.3538497521030057,0.3133473705761777,0.3488633626195622,0.3211923725958671,0.3390319067287765,0.3524985845054781,0.3509159965170774,0.3389065437095181,0.3472967575301501,0.2756975710341007,0.3358262077857108,0.3337361891630007,0.3078046507740642,0.3358275946169763,0.3505434848490469,0.3562262015921569,0.2900193441044248,0.3521140364054397,0.3621584031990141,0.3341064883923972,0.3373448449688283,0.3571095418703092,0.2975880869209911,0.302573842957615,0.4009627793086036,0.3423741946050821,0.2839960197363182,0.3563152762562401,0.3473520414468481,0.3038641440267175,0.2886951312038259,0.3639007632822339,0.3816324344506164,0.3046108571392092,0.2988946964224095,0.2804738239568558,0.2826078281735203,0.2986211270042957,0.3567481219592769,0.3643545893250897,0.337076309393055,0.3114955202566367,0.357919032192984,0.3627210430694524,0.3683737734243411,0.3690075610506793,0.2786803069637339,0.3508840280473884,0.3588810168368336,0.353130609431773,0.3664584274148236,0.3087231551444321,0.3551207640644771,0.3175368947670804,0.3231098111697554,0.3040550723484816,0.2869651603227136,0.3431608385668117,0.3390763396748109
0.3081609673311659,0.3554980965792723,0.3543819934573267,0.3115860571328199,0.3287641917890074,0.3708623904379082,0.3609735410190084,0.3284369662705517,0.3729510386354187,0.3169681737268568,0.394773355790099,0.6087097955157564,0.224369300364162,0.3064625480106362,0.3450984673270614,0.4257758906160374,0.3626127854102444,0.3536998314824096,0.3562032603855191,0.3804832534796206,0.3624288557549335,0.332278225804032,0.3044175479965099,0.3443285921955089,0.301066464639514,0.3525705141835282,0.3610833971065313,0.3101344357529817,0.2778089418493823,0.3290359406594842,0.317848539707683,0.2618971722403178,0.342449780066666,0.3440514675541267,0.3659548234220283,0.4258419500286662,0.3317179767564897,0.3147334674178601,0.353699320533354,0.3173344831230201,0.3542261053610713,0.3125125651451532,0.3490779800660002,0.3201071585471371,0.3412562638931488,0.3527545801307472,0.3510392935006806,0.3383567556968179,0.346699367924252,0.2695799666518471,0.3309821039708391,0.3332249670297841,0.3050470835522049,0.338829573068891,0.3516296573020545,0.355838828216862,0.2894723285471451,0.3540956464278471,0.3618512608179671,0.3328970216901273,0.3354235453443489,0.3568628252447111,0.2978050177427567,0.3044840542964543,0.4012002346925917,0.3392426564211763,0.2834705266546025,0.3558195695640179,0.3464683513939043,0.3074850189724013,0.2938592222258077,0.3656525539374932,0.3828431075399412,0.3027814165441711,0.2985941227900683,0.278719048534321,0.2880063326771354,0.2973879878984998,0.3582437737348035,0.363984192050679,0.3355835903705376,0.3100890832864382,0.3571721566427704,0.3611047484913705,0.3678793285471881,0.3661381500448804,0.2773936080381882,0.3498218175736772,0.3569076217283592,0.3565076892441991,0.3671711567822002,0.3068278941621699,0.3549442981017343,0.3165675806613053,0.3234273089877315,0.3025372321799232,0.2870354280635361,0.3467656002012514,0.3386315885154243
0.3127395896052075,0.3551402342289567,0.3539320457074246,0.30835291122836,0.328032685395651,0.3709576843984154,0.3614437968817599,0.3279598403614137,0.3699055122514042,0.3158886452407237,0.3915047232488283,0.6337364163497702,0.2193914125065153,0.3044549905418408,0.3477694442287486,0.4290714409141918,0.3616726048121723,0.3587770717951452,0.365077442833975,0.382697949557082,0.3633228938301254,0.3319941331022154,0.3030162429002055,0.3437591728974089,0.2994262498207687,0.3574762596303556,0.3607585943854097,0.3099691521233092,0.280492877429066,0.3286521125669979,0.3165084600993956,0.2694022930810019,0.342892782070295,0.3429436800445674,0.3645427474247062,0.4275041688416195,0.3315048742988177,0.313466518736147,0.3533648668008173,0.3163980585742073,0.35448417258643,0.3117204016367899,0.3492916343010665,0.3190228411013056,0.3431612736830869,0.3530607925359825,0.3512056436609575,0.3377794579391718,0.3460785015555421,0.2634035575208567,0.3269154924062245,0.3325066252244244,0.3025394222650548,0.3414162234160949,0.3527824296979855,0.3553277102825998,0.2890938578330274,0.3559105320386382,0.3614149156495719,0.331667751677108,0.3333175210952604,0.3565278957287962,0.2979295305978883,0.3071272274676991,0.4013041991582004,0.3361633052910664,0.2837691769422857,0.3553247733166247,0.3455993933311197,0.3117760743361109,0.2997384406396316,0.3671670466426419,0.3843412138639095,0.3007727698766757,0.2984113609928578,0.2775125279569098,0.2942244315690576,0.29593809582582,0.3594915476743756,0.3636032775620848,0.3340089655313454,0.3087624272033769,0.3565025119401425,0.3594639386429691,0.3672557316386228,0.3627261742315849,0.2757948967425394,0.3487214449707035,0.3542567415363943,0.3594428899572927,0.3678187117265814,0.3053231293320697,0.3548117195777723,0.315572641403299,0.3243686455762888,0.3009342964099761,0.2880722742746022,0.3497802008481407,0.3384637269336364
0.3175568380402417,0.3548193491859016,0.3534902559788652,0.3048391316056794,0.3272310711757962,0.3709114045684538,0.3617705785909236,0.3278534108937201,0.3682148095941477,0.3153455907337114,0.3873112953394269,0.6576491973494973,0.2149589297487447,0.3022899439697014,0.349932555555091,0.4324750856774421,0.3608282597775842,0.3626813067712778,0.3733107367398461,0.3839855556020529,0.3642628315265407,0.3315217812847837,0.3014860829921282,0.3429789355167694,0.2976829866589987,0.3618897185096895,0.360000917864961,0.3097053449970777,0.2843198339568213,0.3282874924657313,0.3151366927462196,0.277140279423465,0.343207374856326,0.3418712721640386,0.3630380738253905,0.429145483531174,0.3312661816300924,0.3122137857304434,0.3529714177916241,0.3154966008573314,0.3546341982470705,0.3109564873009556,0.3495116262853015,0.3179563476974831,0.3447765810495396,0.3534192819125019,0.3514096370996097,0.3371778796382706,0.3454128892874301,0.2573178026977678,0.3237371575950795,0.3315852963840067,0.3003497713313434,0.3436275216862672,0.3539347532697812,0.354710492162598,0.2888304222336741,0.3575309080203496,0.3608874656291054,0.330415002351665,0.3310250253714263,0.3561130138651693,0.2979356100465683,0.3104102258910462,0.401325292640992,0.3331789669609725,0.2849648581725761,0.354858161312149,0.3447429192866873,0.3165936101358793,0.306151526988468,0.3684505069535683,0.3861480319986008,0.2986375002438165,0.2982975242019003,0.2770166558276968,0.3010389989587474,0.2942363248252038,0.3605074989148917,0.3632332231990104,0.3323519419189774,0.3075088912721887,0.3559100717180831,0.3578329632674884,0.3665447523471022,0.3588325366100399,0.2739560718190286,0.3475722032059585,0.3509314009127071,0.3619689950936036,0.3683986113051854,0.3043332932717674,0.354730076091375,0.3145339214844047,0.3258998651878617,0.2991937345437209,0.2902439445990785,0.352277796162959,0.3386393782509189
0.3224421081013993,0.3545207712730659,0.3530800045794529,0.3011640709639695,0.326337600543355,0.3707263643215965,0.3619744417132441,0.3280422995731583,0.3677658835314449,0.3152796156618044,0.3822567032453193,0.6802702103643485,0.2109142452342657,0.3000006015542194,0.3516361086977727,0.4358830148319071,0.3600879346093092,0.3653286709151274,0.3807014431513533,0.3842988679499162,0.3653037275055704,0.3307807261661064,0.2998416524015912,0.3419931117118917,0.2959217687167314,0.3657857326777184,0.3588617773745924,0.3093354643420251,0.2891341035153975,0.3279115216928647,0.3137096675768613,0.284873277340225,0.3434015432050498,0.3408418243989393,0.3614256629385626,0.4307101701179148,0.3310170821638172,0.3109615839560011,0.3525362289802946,0.3146081588367669,0.3546882105190973,0.3102024089483489,0.3497479531266853,0.3169149333944707,0.346137122729128,0.3538322242868071,0.3516430048352172,0.3365594030500018,0.3446935907029799,0.251483467909321,0.3214944510887894,0.3304750021886107,0.2985255599018258,0.3455098178538421,0.3550161074990577,0.3540130745800694,0.2886215130096632,0.3589291233374505,0.3603052710845706,0.3291467215563954,0.3285748406188343,0.3556285157220157,0.2978042589034533,0.3142019585518931,0.4013036785722458,0.3303337145437268,0.2870802719757761,0.3544378988202911,0.3438867353553966,0.3217401393672025,0.3129092871315264,0.3695221985980117,0.3882462873967093,0.296445663022424,0.2981942708552197,0.2773728311282163,0.3081989516204644,0.2922680806176567,0.3612890813598254,0.3629040363289305,0.3306262972268793,0.306312856810123,0.3553904754959753,0.3562383306836626,0.3657880818007305,0.3545375945289231,0.2719733433731665,0.3463558867732633,0.3469767878289658,0.3641129164384803,0.3689117134532,0.3039754743311982,0.354702254060402,0.3134458604381717,0.3279428727404257,0.2972741034636106,0.2936745262819698,0.3543387195258467,0.3392167001411063
0.3272421581151706,0.3542149674617064,0.3527164207998681,0.2974480694229407,0.325340096054828,0.3704091838815916,0.3620683001962864,0.3284521299490072,0.3684221145200833,0.3155831495488382,0.3764473459450155,0.7014405892725002,0.2071134917057187,0.2976431711638325,0.3529518228754651,0.4391350616718768,0.3594550498584735,0.3667546440214164,0.3871237475248689,0.3836237430527487,0.3664865824349534,0.3297030629316664,0.2981150994516163,0.3408269813724776,0.2942397473489815,0.369172967097003,0.357463849269844,0.3088616407725832,0.2947289929231877,0.3274956729523041,0.3122011177246772,0.2923932006463319,0.343470451266143,0.3398788886674074,0.3597059426844605,0.4321373629124254,0.3307764405068806,0.3096887736981649,0.3520842121439343,0.3137069529150236,0.3546615218558167,0.309437703714831,0.350002840404837,0.3159021562262836,0.3472793914434349,0.3542959739567528,0.3518920642348064,0.3359258755144853,0.3439105923595352,0.2460603214072352,0.320173876976919,0.3291956800513928,0.2970909830643499,0.3471064443621846,0.3559536579386617,0.3532610528840402,0.2884041512893069,0.3600894667797515,0.3596968437588491,0.3278809909612216,0.3260211805011977,0.3550870579913073,0.2975238283971823,0.3183465503041035,0.401269688796157,0.3276766417144069,0.2900847863831338,0.3540777640888158,0.3430091462881111,0.3269799968078841,0.3198253697159594,0.3704079584783487,0.3905871528215301,0.2942948438771581,0.2980326650526093,0.2786893456173301,0.3154408827391301,0.2900418339483968,0.3618288987485204,0.3626369928871576,0.3288570469559511,0.3051479747928092,0.3549390416580882,0.3546973473952226,0.3650240350842432,0.3499434229242967,0.2699681465346733,0.3450573542000502,0.3424855679798372,0.3658931284486461,0.36935633386931,0.3043443997184858,0.354731913371568,0.31230753236241,0.330378228233938,0.2951454457712726,0.2984267122759559,0.3560449356317572,0.3402411933857471
0.3318292134439036,0.3538674589500684,0.3524058953201326,0.2938137404077542,0.3242435167136188,0.3699689315433153,0.3620625619476501,0.3290151769570534,0.3700199607208497,0.3161111147904836,0.3700248166371949,0.7211908875327574,0.2034615057170597,0.2952976288649448,0.3539615334315035,0.4420090964150527,0.3589302804390755,0.3671012476763555,0.3925266059136252,0.3819713964210859,0.3678281020765214,0.3282345681662155,0.2963640198724472,0.3395306586509202,0.2927452559380658,0.372082858614782,0.3559484411237601,0.3082989398376053,0.3008619944496745,0.3270219573102822,0.3105857313791962,0.2995398816042903,0.3434025352225562,0.3390183121357718,0.3578965026242773,0.433366762247361,0.3305552689643192,0.3083673885679389,0.3516430751479168,0.3127649727002707,0.3545709840724207,0.3086405770737357,0.3502693642735032,0.31491985851554,0.3482374023208877,0.3548021751826457,0.3521348849356648,0.3352734424785686,0.3430473754372716,0.2411927951530759,0.3197057778082485,0.3277861210580166,0.2960495432770165,0.348461229647548,0.3566872550724415,0.3524714009329874,0.2881170727650272,0.361006284979101,0.3590840138990647,0.3266452556408468,0.3234398635447619,0.3545039674721967,0.2970959249835431,0.3226769648801917,0.4012379719143036,0.3252635020197429,0.29389749795498,0.3537888592718253,0.3420889085045947,0.332062340747965,0.3267293388667626,0.3711361098048467,0.3930994797806063,0.2923122041372271,0.2977436045763242,0.2810308904012654,0.3225156926571052,0.2875935687627359,0.3621276991424346,0.3624439589386385,0.3270717336329701,0.3039776608422304,0.354553990593,0.3532251013789477,0.364281634160477,0.3451679589250496,0.2680883410982483,0.3436741300284463,0.3376015053141386,0.367320377693893,0.369724453565346,0.3054883848530159,0.3548216862123534,0.311118495629518,0.3330597910178483,0.2927893938226972,0.3044804771693239,0.3574666299212013,0.3417570823138169
0.3361036381688753,0.3534440895609665,0.3521502753508483,0.2903848079455303,0.3230716143630651,0.3694178880462889,0.3619721677076896,0.3296748486572745,0.3723687826745666,0.3166886490548274,0.3631503489851403,0.7396090445105007,0.1999377117284954,0.2930657234629693,0.3547340683105376,0.4442221804132998,0.3585130719340411,0.3665959053834179,0.3969319408641188,0.3793789177355823,0.3693347053880095,0.3263383657923958,0.2946759991479415,0.3381840080911494,0.2915626325817983,0.3745551907499159,0.3544627448091994,0.3076732294054751,0.3072820183437985,0.3264812836353026,0.3088383068060575,0.3062057725643889,0.3431858768354704,0.3383109303068696,0.3560280413636198,0.4343441323291265,0.3303565072260654,0.3069647222732665,0.351242521007735,0.3117502385609676,0.3544320397459211,0.3077867960707282,0.3505376863278038,0.3139600443478386,0.3490399121244358,0.3553383799825006,0.3523443799580596,0.3346016640001767,0.3420928994579928,0.2370056076881042,0.3199762320151389,0.3263005145824276,0.29538304189439,0.3496150298463655,0.3571821827245807,0.3516536017153654,0.2877025239225839,0.3616770221301104,0.3584871828540162,0.3254727613004496,0.3209216973803594,0.3538955464670825,0.2965440714719607,0.3270263643074803,0.4011979132956162,0.3231511702600135,0.2983941814103947,0.3535782794722469,0.3411114631996909,0.3367413748985161,0.3334755139476109,0.3717382160113399,0.3956951322635822,0.290639249817167,0.2972702648860163,0.2844060952113408,0.3292132928780329,0.2849925530775529,0.3621908193635179,0.3623347586642256,0.325297303575234,0.3027608873065353,0.3542379291005491,0.3518371733689218,0.3635772251706999,0.3403332051450307,0.266495394272183,0.3422127413078055,0.3325122137863713,0.3684009533543126,0.3700041455399772,0.3073945747307113,0.3549655875828081,0.3098834577261034,0.3358230013171643,0.2902018348612661,0.3117264638822816,0.3586475396040621,0.3438121805945581
0.3399991700030395,0.352909394145695,0.3519512533476315,0.2872691486569783,0.3218567229017066,0.3687748563832038,0.3618158461315682,0.3303858403570564,0.3752444375771038,0.3171211052267452,0.355990649604291,0.7566534042126943,0.1966100009548932,0.2910679211331373,0.3553201192489306,0.4454513743611369,0.3582014610579493,0.36552751931939,0.4004284888597006,0.375911580748926,0.3710090361075133,0.3240052848032708,0.2931605121565228,0.3368892010083326,0.290820575259374,0.3766363445635999,0.3531832856285559,0.3070120364056883,0.3137551579552776,0.3258671363575319,0.306935528369536,0.3123338668609979,0.3428129374330027,0.3378137129610048,0.3541377383425335,0.4350221033700158,0.3301844437306729,0.3054448998931495,0.3509163712171703,0.3106291984894856,0.354258547559817,0.3068484092155565,0.3507952002872829,0.3130003844745342,0.349709300687427,0.3558835988793208,0.3524937348740361,0.3339139840982327,0.3410484645149493,0.2336062058440945,0.3208446343643708,0.324786025504212,0.2950479489737069,0.3505925746988493,0.3574255952407337,0.350815437792237,0.2871097139104039,0.362107038108242,0.3579261518376718,0.3243958621593331,0.3185594195102491,0.3532771333012501,0.2959175136697511,0.3312388266581482,0.4011121871606664,0.3213911005317208,0.3034159376795983,0.3534503912036111,0.3400649288414396,0.3407987596266192,0.3399484592038646,0.3722493506687027,0.3982779389875843,0.2894145589431191,0.2965730620798288,0.2887596916670798,0.3353724906603059,0.2823444972293261,0.3620230802201442,0.3623119330354912,0.3235615962286742,0.3014562460890684,0.3539999082498503,0.3505450332652742,0.362920070462451,0.335562091311478,0.2653430614414322,0.3406821195623959,0.3274347140993504,0.3691417485748486,0.3701840555882221,0.3099949091631062,0.3551470040448106,0.3086127223291462,0.3384856065043632,0.2873961260967794,0.3199781839770547,0.3596050651225199,0.3464419746644229
0.3434867122123645,0.3522277927948393,0.3518115145296056,0.2845441523861513,0.3206315935150343,0.3680658955054345,0.3616105659247651,0.331116109362731,0.37838169236411,0.3172174890805337,0.3487116755019074,0.7725825399328768,0.1936232672830803,0.2894380316926039,0.3557605351652417,0.4453641287533997,0.3579948608109183,0.3642044941841987,0.4031528075392247,0.3716632504919094,0.3728321376968741,0.3212613708820649,0.2919380651492486,0.3357533905038268,0.2906284875527401,0.3783808273153745,0.3522821364845633,0.306341619524786,0.3200780339709264,0.3251793228853074,0.3048623727335124,0.3179165426906972,0.3422838110181606,0.3375712832541648,0.3522660119792324,0.4353587695962139,0.330044731632543,0.3037712867350359,0.3506966352460151,0.3093751861935336,0.3540658521403766,0.305797843373786,0.3510194525753284,0.3120111588893538,0.3502612769993042,0.3564074853826212,0.3525571595727107,0.333206823372539,0.3399168626395639,0.231080709327427,0.3221578504306731,0.3232781820594427,0.2949786898651505,0.3514013615047635,0.3574200521355143,0.3499619035257397,0.2863010273659929,0.3623195996859165,0.3574145610557414,0.3234413795773133,0.3164339033031904,0.3526617765292189,0.2952897451368408,0.335181866174636,0.4009269296488342,0.3200280074438992,0.3087806504513908,0.3534098431915038,0.3389371760285179,0.3440715806709264,0.3460693657962995,0.3727046729953506,0.4007615607871229,0.2887659913892643,0.2956304254565826,0.2939754736303192,0.3408842613860594,0.2797898575784786,0.3616370621822803,0.3623560983834444,0.3218894943555399,0.3000248168798829,0.3538572597742699,0.3493533815215912,0.3623197567354996,0.3309856624730901,0.264762028554674,0.3390958590507497,0.3226018523536695,0.369554974663967,0.3702555624233965,0.3131784785283939,0.355344108385432,0.3073131618916631,0.340859126681162,0.2844046693845172,0.3289885229954728,0.3603415818803481,0.3496546019281039
0.3465689479329922,0.3513707248653639,0.3517338963407118,0.2822614655042152,0.3194309350173326,0.3673201253698502,0.3613699343159053,0.3318482317242171,0.3814817787395298,0.3168211892317215,0.3414692732943625,0.7884656983644924,0.1911657176047798,0.2883159303829531,0.3560847601461341,0.4436450482776854,0.3578956247653151,0.3629009370597815,0.405265943924338,0.3667584522903093,0.374749089557813,0.3181691149191181,0.2911376913066126,0.3348761981434665,0.2910667344451936,0.3798407651704286,0.3518720821775453,0.3056900394430897,0.3260832396539232,0.3244309601544567,0.3026148607492732,0.3229902784370785,0.3416081714957558,0.3376089491715542,0.3504556287363623,0.4353203416430251,0.329932644862203,0.3019121609829736,0.3506030934027984,0.3079741575775481,0.3538721716826299,0.3046176153987738,0.3511773889908762,0.3109625992360538,0.350705526312465,0.3568775936778912,0.3525082583435457,0.3324667982899578,0.3386927357180623,0.2294844842502813,0.3237590001201926,0.3218164578221928,0.295097358374619,0.3520450147943387,0.3571872738944617,0.3490883629937889,0.2852531856539158,0.3623517767759155,0.356956724814774,0.3226290317020768,0.3146047338618816,0.3520581216814912,0.2947549901458037,0.3387580024166301,0.4005830231554086,0.3190981286248808,0.314298810645009,0.3534600841030834,0.3377236125503426,0.3464745024599843,0.3517962509090976,0.3731352034057796,0.403085398558148,0.2888046345125145,0.2944431479697351,0.2998859663040884,0.3456970906763857,0.2774968731106216,0.3610608424310583,0.3624227405359098,0.320294118303314,0.298437476249468,0.3538314043344615,0.3482614492747637,0.3617840906514906,0.3267439687382306,0.2648494187078709,0.3374759475029201,0.3182465969683778,0.3696599639280752,0.3702125688297901,0.3167971752044139,0.355533447264342,0.3059842778998953,0.3427729429229958,0.2812798753100207,0.33846389203138,0.3608493824184901,0.3534354221750704
0.3492687089656852,0.3503236647611069,0.3517224373313151,0.2804557199329894,0.3182895656118941,0.3665652054555625,0.3611079125478059,0.3325723097930982,0.384237723590226,0.3158286251953461,0.3343910947169073,0.8056171098116869,0.1894335414093089,0.2878390019461448,0.3563027680992338,0.4400245019617917,0.3578986463067082,0.3618191741154587,0.406937972098014,0.3613548170637355,0.3766817693085044,0.3148287917688506,0.290893131187657,0.3343432802754432,0.2921917512381742,0.3810546287205983,0.3520488508307499,0.3050823594347946,0.3316467919525191,0.3236418165386271,0.3001967773094108,0.3276200895403997,0.3408060308202445,0.337938388680381,0.3487475851181999,0.4348854524496579,0.3298298828799744,0.2998477641887767,0.3506432136325609,0.3064233575130896,0.3536948282878581,0.3033065821993455,0.3512350409871366,0.3098245267906534,0.3510477699004209,0.357264485369086,0.3523230057479913,0.3316824110591901,0.3373691848911244,0.228840623681774,0.3254997226751753,0.3204436666479611,0.2953199267931246,0.3525277477288642,0.3567698157467941,0.3481804449673101,0.2839519191219714,0.3622391024095269,0.3565530909009832,0.3219684508840224,0.3131033429833342,0.3514691440171195,0.2944219048292331,0.3419096263442933,0.4000204954551738,0.3186204033185594,0.3197913356720273,0.3535986527583996,0.3364365323740289,0.3480059282058864,0.3571111743257793,0.3735664677777544,0.405218354141147,0.2896127519337816,0.2930422772933194,0.3062836843284729,0.3498150389580634,0.2756504278948602,0.360331289606167,0.3624556390256876,0.3187738205654391,0.2966815357118738,0.3539374465513338,0.3472611535415515,0.3613136127128934,0.3229730922790417,0.265654421633851,0.3358479234810987,0.3145795138810647,0.3694833811212256,0.3700510094265295,0.3206743999315044,0.3556895938246293,0.3046261356545215,0.3440902269213785,0.2780962049402509,0.3480854614453073,0.3611088800000662,0.3577532403486895
0.3516202377182971,0.3490898169612069,0.3517858157745283,0.2791381820806344,0.317230192433197,0.3658263144855734,0.3608422476415109,0.3332778139846782,0.3863652900945799,0.31419303071836,0.3275671326475555,0.8245131102808984,0.1886012899984304,0.2881296392448883,0.3564098053958824,0.434317133687992,0.357974055039846,0.3610755483000024,0.4083339736956551,0.3556390841750688,0.3785479917726887,0.3113787200300293,0.2913245501325445,0.3342142577976447,0.2940311973992872,0.3820521253934987,0.3529542248745115,0.3045308638081914,0.3366962257132558,0.3228259206681499,0.2976208228411316,0.331880673908633,0.3399075332070148,0.3385558922023279,0.3471747230164499,0.4340423997636958,0.3297169485261102,0.2975739995675673,0.3508193919372964,0.3047307061426457,0.3535458547433597,0.3018780292117879,0.3511648422967975,0.3085663527487493,0.3512919630442291,0.3575387063900044,0.3519863427676652,0.3308497866765639,0.3359467683260239,0.2291463384160353,0.3272580344910226,0.3191877740511958,0.2955582427969992,0.3528462996104015,0.3562183403032098,0.3472233758075994,0.2823927797185706,0.3620098564880118,0.3562072146963195,0.3214544692279616,0.311927947086216,0.3508946418002015,0.2944040077496931,0.3446158432535373,0.3991824448618543,0.3185871367977573,0.3251036181597136,0.3538172888140989,0.3351025621448686,0.3487431163295842,0.3620062857691895,0.3740193068536739,0.4071574799078054,0.2912310159804049,0.2914947223166197,0.3129369449304545,0.3532820511860881,0.2744401188937235,0.3594861063717974,0.3624014910918522,0.317317089046121,0.2947603044008587,0.3541776598567329,0.3463313370951242,0.3609065410877367,0.319792189431858,0.2671656359793035,0.3342332819522875,0.311767314276195,0.3690608845798321,0.3697702325202375,0.324627164970956,0.3557878806163337,0.3032435010279748,0.344708093595717,0.2749524847836309,0.3575413996344428,0.3610951815245204,0.3625484202009252
0.3536648524352404,0.3476912285902555,0.3519379370390755,0.2782875334050055,0.3162552855050197,0.365126512829065,0.36059267739414,0.3339575155433572,0.3876328968275229,0.3119297427282065,0.3210587786281431,0.8448634391244066,0.1887897968910067,0.2892790094072091,0.3563988046796942,0.4264583515457378,0.3580616421856276,0.3606951303734833,0.4095923679168274,0.3498170110836012,0.3802604858897617,0.3079865131418087,0.2925156179996068,0.3345070390808612,0.2965670933348833,0.382862870992168,0.3546823380375316,0.304037053370553,0.3412088358730858,0.3219936440565243,0.2949189883845747,0.3358444338338468,0.338950897377854,0.3394315207516797,0.3457597128063596,0.4327810132681825,0.3295811508255113,0.295102642692167,0.3511259318256894,0.3029203140222488,0.3534331044173522,0.3003583759181809,0.3509431032113659,0.3071639718196844,0.3514405775264503,0.3576698922615481,0.3514953844618385,0.3299617062548629,0.3344293631877522,0.2303739869069974,0.3289497568805553,0.3180606609430639,0.2957263995545263,0.3529918872825506,0.3555769800318601,0.3462085795411709,0.280592916969871,0.3616923017569184,0.3559248723988353,0.3210657439270489,0.3110428934183987,0.3503345943026722,0.2948105814211033,0.3468852632487422,0.3980258777625476,0.3189642097196054,0.3301120461650464,0.3541069524613921,0.3337519457350689,0.3488328727060283,0.3664826633232584,0.3745095197552155,0.4089297177025966,0.2936513415814294,0.2899035316522844,0.3196123140856611,0.3561651234211301,0.274048723845377,0.3585668247693137,0.3622144196547833,0.3159057842206036,0.2926941720960064,0.3545447195003686,0.3454334936586354,0.3605682229753994,0.3173011153819944,0.269312139888675,0.3326477392590168,0.3099218737936903,0.3684380092343228,0.3693765146306548,0.3284910163170734,0.3558095418514357,0.3018372893972572,0.3445584594059139,0.271972242386167,0.3665577951995484,0.3607930054192746,0.3677197401300058
0.3554453498332471,0.3461657198112355,0.3521921954214868,0.2778579037485171,0.3153519418722124,0.364485866552814,0.3603746180987074,0.3346159001088412,0.3878926017686708,0.3091273477312606,0.3149058361820821,0.866540729856713,0.1900374309750793,0.2913347244077539,0.356261356705391,0.4165205481478952,0.3580789164433848,0.3606173108689695,0.4108073815246237,0.3441037385278814,0.3817193860384771,0.3048354758388647,0.2945046127325832,0.3351943032178377,0.2997335033964562,0.38350962543244,0.3571206876649649,0.3036024855307905,0.3451978900571755,0.3211615409028666,0.2921505424910788,0.3395748525094372,0.3379774442231505,0.340509359014488,0.344517476587311,0.4310917683470678,0.3294089595221931,0.292463861975092,0.3515377500923323,0.3010376124596277,0.3533640342462076,0.2987940357847771,0.350548046555603,0.3056068304563908,0.3514932246914253,0.3576348952314746,0.3508575392791964,0.3290000868276008,0.3328153867110525,0.2324653414314139,0.3305262984701352,0.3170728644589066,0.2957523872380739,0.3529645769641835,0.354881240454629,0.3451308923712748,0.2785982045592097,0.3613173033118073,0.3557089101087332,0.3207682969564031,0.3103812728367165,0.3497884690680713,0.2957392229540816,0.3487484943719968,0.3965325593963114,0.3196978070178326,0.3347253798541307,0.3544584913844775,0.3324137042244333,0.3484727662489776,0.370552860183813,0.3750458118579349,0.4105898252364052,0.2968153807013691,0.2884037087894976,0.3260963429884571,0.3585456088696186,0.2746362115240319,0.357619935001399,0.361855356169949,0.3145136789421491,0.2905307651458055,0.3550253305212465,0.3445091079127076,0.3603082910046686,0.3155790093693454,0.2719758757514532,0.3311016535412364,0.3090953180448816,0.3676659813834522,0.3688853753233977,0.3321340326081998,0.3557407627818639,0.3003996282803639,0.3436178038537338,0.2693011629509326,0.3749167281666958,0.3602041140311037,0.3731340270418515
0.356997752157111,0.3445600178125099,0.3525551100627972,0.2777956302587582,0.314496803455162,0.3639203333037517,0.3601953371084552,0.3352650169767915,0.3871083280992526,0.3059486225902549,0.309116359591058,0.8894639761451072,0.1922934643265428,0.2942971062086179,0.3559820732640715,0.404710047536267,0.3579245714671301,0.3607252515610327,0.4120295655380545,0.3387140026959386,0.3828237692151678,0.3021183660744836,0.2972866180391944,0.3362126403179125,0.3034341771776502,0.3839989191463443,0.3599837940578875,0.3032297383012671,0.3486980514875764,0.3203478420506504,0.2893991426135703,0.3431190124910175,0.337025665750895,0.3417218097615828,0.3434547068246947,0.428974607607501,0.3291809406298724,0.2897138029650671,0.352012102527765,0.2991482491503105,0.3533449169150656,0.2972583178927823,0.3499674924954454,0.3038998615265623,0.3514466928669207,0.3574243411315911,0.3500880532811882,0.3279479469615662,0.3310980111807021,0.235331756458476,0.3319686225686117,0.3162313660413099,0.2955879750691596,0.3527762806698981,0.3541601003912994,0.3439858734749398,0.2764760471723929,0.3609104208891367,0.3555595435840448,0.3205206704597889,0.3098482910031583,0.3492528337924871,0.2972660462763056,0.3502512084278041,0.3947097956415851,0.3207181541073099,0.3388863260032417,0.3548566472146645,0.3311184101198623,0.3478784650269573,0.3742310835497081,0.3756292562446163,0.4122086322579517,0.3006194874818934,0.2871545829696617,0.332209605994192,0.3605090718871377,0.2763167623547201,0.3566873539469566,0.3612953098750758,0.3131090807879752,0.2883516374446454,0.3555943424327332,0.3434774216161907,0.3601301820875872,0.3146739012070996,0.2750057295130498,0.3295976915154525,0.3092742420096441,0.3667957291159553,0.3683197913872195,0.3354631493237984,0.3555672101598222,0.2989239672691196,0.3419122134598233,0.2671020567983654,0.3824640623860205,0.3593449488850132,0.3786468296783097
0.3583455079216031,0.3429258299675127,0.3530262365741484,0.2780444579393823,0.3136524737910373,0.3634416836491795,0.3600585804575005,0.3359132104016809,0.385370078420492,0.3026139564027855,0.3036605782978047,0.9126054006522414,0.195432935755524,0.2981180274608856,0.3555448227571295,0.3913571172498171,0.3574726977500432,0.3608872731633956,0.4132736130504552,0.3338467340356732,0.3834919212928427,0.3000356597410234,0.3008104344257617,0.3374687334794698,0.3075536057983991,0.3843308684616363,0.3629874569096502,0.3029151440475521,0.3517582341471973,0.3195590235307805,0.2867686782057204,0.3465015166864139,0.3361283725445271,0.342998328198167,0.3425651942157083,0.4264432685908608,0.3288834266186495,0.2869405847581935,0.3525056583685388,0.2973352371588035,0.3533769069308512,0.2958472419560171,0.3492071857978609,0.3020653900372672,0.3512987238076026,0.3570390461326924,0.3492095643726128,0.326803410672847,0.3292698574600358,0.2388632854527197,0.3332868532339827,0.3155241171191088,0.2952151295815013,0.3524395013183174,0.3534300352790905,0.3427752415253591,0.2743094325903779,0.3604877523566913,0.3554790948431043,0.3202793880418676,0.3093292328082358,0.3487225242692107,0.2994335328326607,0.3514470297637543,0.3925859361057031,0.3219406387220924,0.3425737307122875,0.3552772144128506,0.3298970203477561,0.3472472087440901,0.3775186729056089,0.3762559594772574,0.4138609614699916,0.3049266492340839,0.2863294871723796,0.3378160334626718,0.362128244178609,0.2791376645128405,0.3558018400747988,0.3605232743597011,0.3116644421024627,0.2862639973756299,0.3562068919112697,0.3422394783385487,0.3600319548308571,0.3145906670253002,0.278235000674308,0.3281302757625878,0.310379836119274,0.3658766700901273,0.3677072451636969,0.3384303399566276,0.3552747393578198,0.2974137102343311,0.3395096749138884,0.2655465419030121,0.3891135892829516,0.3582478858836653,0.3841081560711122
0.3594995092019922,0.3413209134840257,0.3535995924507724,0.2785427387017287,0.312767587153575,0.3630583539268416,0.3599723869702372,0.3365647738636246,0.3828882112273576,0.2993806841767965,0.2984887304081838,0.934284888977593,0.1992737382461107,0.3026976108148057,0.3549458619238687,0.3768974753010488,0.3565761522623408,0.3609843817231873,0.4145172560437372,0.329668130030609,0.3836639818199087,0.298783527284624,0.3049716825905981,0.338842067433555,0.3119532120418576,0.3845150822012933,0.3658709662253679,0.3026517135482159,0.3544354020996136,0.3187914180419755,0.2843863132815505,0.3497251653643917,0.3353135449026992,0.3442637797247648,0.3418288578735649,0.4235173097682749,0.3285199455560131,0.2842607015294744,0.3529843143455514,0.2956982590827078,0.3534567641619766,0.2946682947886644,0.3482880163043335,0.3001473316656911,0.3510532987648955,0.3564859607786893,0.3482519408268002,0.325574597422075,0.3273215571595398,0.2429360836672786,0.3345186800494952,0.3149228185374197,0.2946510233205612,0.3519659995122319,0.352687889807985,0.3415127815524546,0.2722048994937654,0.3600620066960887,0.3554720617092391,0.3200055255626605,0.3087048002857846,0.3481931054958068,0.3022431567148761,0.3523889919377884,0.3902113044826004,0.323270885816671,0.3457997111782886,0.3556932113993891,0.3287712514600082,0.3467307091088856,0.3804039706967111,0.3769201825501873,0.4156195012374446,0.3095791265532376,0.2861040857266991,0.3428314154406255,0.3634524260768195,0.2830705779995583,0.3549947483126199,0.3595524925715141,0.3101627452919754,0.2843906369520964,0.356803036181599,0.3406913282776888,0.3600150429775705,0.3152864530700176,0.2815075769167613,0.3266892504801979,0.3122831383491953,0.3649575868944384,0.3670798681354105,0.3410344378593971,0.3548558101992899,0.2958741472781181,0.3365103962915954,0.2648016564350384,0.3948460008061948,0.3569677835760542,0.3893584499302741
0.3604619264787681,0.339805279060757,0.3542575829335284,0.2792293689475112,0.3117880609158688,0.3627778060169102,0.3599488035544714,0.3372269353243293,0.3799697731517689,0.2965269575592247,0.2935523101708097,0.9536311375862028,0.2035921226787118,0.3078859308241148,0.354194320395491,0.3618337527966188,0.3550866031640459,0.3609234274924419,0.4156993319931263,0.3263031240258948,0.3832919722018504,0.2985319339530229,0.3096191143693169,0.3401998782048495,0.3164781200542749,0.3845664904109386,0.3682891006399026,0.3024398897656983,0.3567815336100473,0.3180449651204053,0.2824016509325323,0.3527762631035631,0.3346049993095036,0.3454429443199688,0.3412172309355203,0.4202146621822168,0.3281042767002362,0.281808630998494,0.3534170154717685,0.2943498262171568,0.3535820057175904,0.2938329865745184,0.3472377477552134,0.2982112692102024,0.3507223356330045,0.355782600724693,0.3472503231469485,0.3242664611927806,0.3252367921051271,0.2474146525982359,0.335717384452638,0.3143974683054416,0.2939485571590366,0.3513788210697154,0.3519139641702568,0.340221338109986,0.2702981397441148,0.3596467396761494,0.3555396468423177,0.3196701173992874,0.3078652285879055,0.3476596399324752,0.3056567227302607,0.3531199286524146,0.3876602830628525,0.3246126418169748,0.3485991474618701,0.3560821436085887,0.3277454929439573,0.3464181951243838,0.3828734893299186,0.3776152837953456,0.4175461636817315,0.3144077090351581,0.286643222411849,0.3472259204437807,0.3645114568164688,0.2880123584886731,0.3542972049626426,0.3584190173144322,0.3085949533388626,0.2828722751604366,0.3573228110838967,0.3387373319001966,0.3600802840344793,0.3166693219351479,0.2847055471860521,0.3252614144265475,0.3148286030413076,0.3640822630498205,0.3664748550703769,0.3433126104725721,0.3543101535991696,0.2943018144016082,0.3330417840799588,0.2650126048375816,0.3996976465031042,0.3555809652470083,0.3942389477969874
0.361230834834584,0.3384266334940066,0.3549630593340586,0.2800561488529897,0.3106666984507039,0.3626097768542998,0.3599963507178764,0.3379073083346944,0.3769789855491134,0.2943311128154338,0.2888041893445268,0.9705811320534502,0.2081496904699289,0.3134963427700097,0.353302641363387,0.3466807161286162,0.3528731267977545,0.3606509790354061,0.4167320452067448,0.323834138850946,0.3823410514026952,0.2994100583798944,0.3145761200102437,0.3414217445553064,0.3209835457508845,0.3844913523233014,0.3698779348447599,0.3022860788479976,0.3588310114029349,0.3173242928927121,0.2809706840774883,0.355630049070232,0.334020405298418,0.3464742568732535,0.3406974056969713,0.4165570189791999,0.3276480407341758,0.2797295591482726,0.3537718463171395,0.2934045168645138,0.3537522821983884,0.2934522074236599,0.3460895284175981,0.2963387399225606,0.3503227342273441,0.3549601411145972,0.3462406734476899,0.3228820128339827,0.3229927445832706,0.2521575081106394,0.3369354105154125,0.3139124854793251,0.2931910143995987,0.3507133538239588,0.3510809985952419,0.3389256971569624,0.2687398413348879,0.3592522218534799,0.3556766906354093,0.3192555382787251,0.3067151672082967,0.3471146260660186,0.3096020917212732,0.3536662193766194,0.3850218159130358,0.3258727832353545,0.3510179184063036,0.3564253943976423,0.3268086672890811,0.3463244282184748,0.3849158565179532,0.378333799687638,0.4196796729474936,0.3192446929349088,0.2880843237083688,0.3510153360597884,0.3653222291925251,0.2937869055816472,0.3537273214296788,0.3571726750782859,0.306957164624495,0.2818689028290522,0.3577156239531163,0.3362974125777376,0.360213746829733,0.3185962583696261,0.2877673798686589,0.3238287825896515,0.3178520521528951,0.3632831064584025,0.3659296274896175,0.3453256607116405,0.3536389572223419,0.2926885768422049,0.3292497903124327,0.2662867586081951,0.4037402985311555,0.354174814867833,0.3986145951148634
0.3618043791566429,0.3372071065419118,0.3556642605140614,0.2809912728549844,0.3093627399155956,0.3625664107968843,0.36011856345606,0.3386058748820129,0.3742848973827978,0.2930421702703398,0.2841940277163464,0.9843296785510728,0.2127291506226132,0.3193237583866987,0.3522858832002581,0.3319138979750941,0.3498279944066326,0.3601618755533624,0.4175185549491891,0.3222982198219454,0.3807995108925051,0.3015051778074003,0.319660868963708,0.3424113655331979,0.325353118408599,0.3842924099960375,0.3704579668820794,0.3021898848012539,0.3606005576266469,0.316626386851545,0.2802356493327024,0.3582569731959756,0.3335690902127818,0.3473160947367585,0.3402304845996418,0.4125786570116347,0.3271623651287438,0.278176071756112,0.3540248347321208,0.2929675784815096,0.3539655445724693,0.2936260038799441,0.3448844584012451,0.2946226623036471,0.3498740909725196,0.3540551672169313,0.3452535141587206,0.321433598684641,0.3205664694981289,0.2570290137929901,0.3382145488897333,0.3134141253696135,0.2924879301302369,0.3500028378577497,0.3501598827585627,0.3376502587346793,0.267675988135978,0.3588833467645079,0.3558732071824788,0.3187551375486676,0.3051774887752084,0.3465499401615046,0.3139793288230142,0.3540393422121427,0.382381533513881,0.3269648757905442,0.3531069963391225,0.3567029503089337,0.3259405213763696,0.3463859639246656,0.3865175101991252,0.3790682434953387,0.422034252966508,0.3239439860467568,0.290518658676867,0.3542465957965744,0.36588899424777,0.3001514926073837,0.3532861844708242,0.3558671005155395,0.3052535807385254,0.2815425490580372,0.3579384087903537,0.333316663371253,0.3603861518115562,0.3208787638856018,0.2906970336606381,0.3223720643631171,0.3211921047231382,0.3625816035789287,0.3654747264587994,0.3471433461268943,0.3528436602180797,0.2910294779667159,0.3252837443707512,0.2686821846530833,0.4070588999787163,0.3528401893306419,0.402384704664217
0.3621837351147315,0.3361450505561457,0.3563103264052271,0.2820137872743994,0.3078424279994258,0.3626576457464461,0.3603220575585291,0.3393177619584574,0.3722067982466561,0.2928537370372738,0.2796841645426576,0.9934283043169924,0.2171585494613316,0.3251594339052937,0.3511700208101836,0.3179322738793127,0.345873501612012,0.3594873991008805,0.4179587142265611,0.3216842491350382,0.3786758734962905,0.3048622329975146,0.3246975288351832,0.3430932984324475,0.3294939512957477,0.383986735135628,0.3700072366340121,0.3021403429759439,0.3620982742315124,0.3159380281368473,0.2803161232711015,0.3606297990284525,0.3332528413077097,0.3479418200374436,0.3397726965366223,0.4083234946681337,0.3266650671008531,0.2772982726181707,0.3541666528367586,0.2931289467109118,0.3542163832072558,0.2944289453905634,0.3436670328991467,0.293165181096924,0.3494006677764593,0.3531005737854191,0.3443090415008686,0.3199439312132106,0.3179418009657589,0.2619094997632319,0.3395821276415298,0.3128394266585553,0.2919743973353657,0.3492721666163822,0.34912325323254,0.3364191429019506,0.267243257621343,0.3585456640428531,0.3561146557742224,0.3181744670179408,0.3032066203785053,0.3459590346203492,0.3186690828979688,0.3542420714095785,0.3798125071959271,0.3278154650831539,0.3549203113944086,0.3568922877542251,0.3251132220331377,0.3464727267210614,0.387665195078764,0.3798111764808183,0.4246113581838835,0.3283950936649384,0.2939775665163839,0.3569862625362709,0.366206490744751,0.3068170717559531,0.352972644850081,0.3545541655632991,0.3034968985095894,0.2820330324479062,0.3579542777349381,0.3297826432577928,0.3605670201544314,0.3233005846807595,0.2935670970875064,0.3208799961416737,0.3247033770217596,0.361992518411108,0.3651322678596409,0.3488301586886494,0.3519304307883453,0.289317505976656,0.3212846853044854,0.2721986499723628,0.4097332178261264,0.3516696952040595,0.4054759708128355
0.3623743869182312,0.335225503259932,0.3568578167762868,0.2831113227904251,0.3060870285304453,0.3628870202932366,0.3606207425733015,0.3400409833688322,0.3709708362270912,0.2938894844491496,0.2752720213570078,0.9980032913020488,0.2213180427888632,0.3308054863753082,0.3499929504018619,0.3050300334600256,0.340979047629813,0.3586752444382642,0.4179489053890808,0.3219399380367532,0.3759844850418058,0.3094762454698326,0.3295280858809207,0.3434175924105331,0.3333318612444027,0.383605284958405,0.368429711489233,0.3021222183584123,0.3633281386360663,0.3152463676409499,0.2813038010622725,0.3627268507424415,0.3330694486888274,0.3483382180878113,0.3392841810207479,0.4038348651290112,0.3261749318808155,0.2772236683462656,0.3541964120737168,0.2939591483059799,0.3544988919085821,0.2958996165011749,0.3424756385994317,0.2920712287931587,0.3489327229294834,0.3521287627747423,0.3434170977545964,0.3184359331958696,0.3151142498843728,0.2666998207753278,0.341047388993971,0.3121353210837722,0.2918032506767217,0.3485467719125114,0.3479502041056691,0.3352522932034605,0.2675686398726014,0.3582496794685371,0.3563796843396068,0.3175312701874441,0.3008028577537759,0.3453346925552688,0.3235442398419753,0.3542713635893651,0.3773781368076221,0.3283690673748413,0.3565097639492289,0.3569728942249308,0.3242902775676091,0.3464118635492246,0.3883574887846865,0.3805538552833426,0.4274041081510547,0.3325211373282816,0.2984291095643028,0.3593114830876197,0.3662709501413204,0.3134780942502504,0.3527922753868998,0.3532800255404167,0.3016996515866073,0.2834472398344508,0.3577403881737013,0.3257378314713144,0.3607291346232759,0.3256369932843078,0.2965111953017194,0.319352903454877,0.328270936126777,0.3615222427654506,0.3649185397400176,0.3504329525478692,0.3509100534534149,0.2875357782022998,0.3173801909754177,0.2767700683126622,0.41182515763611,0.3507531230195895,0.407838072116052
0.3623863236747975,0.3344230416185092,0.3572633360066129,0.2842823932453142,0.304096757631748,0.3632517823658795,0.3610285605754241,0.3407718379846218,0.3706828566289064,0.296192769824298,0.2709932441868989,1.0,0.2251417392447915,0.336093095074409,0.3487970629428785,0.2933766334456146,0.3351730683963427,0.3577849733006318,0.4173924029514163,0.3229866265119692,0.3727404228417952,0.3152867857908167,0.3340287224841566,0.3433753472919292,0.3368233295192698,0.3831748697940908,0.3655739854955755,0.3021139449203959,0.3642881910567048,0.3145422305478303,0.2832463559192155,0.3645315659790933,0.3330165853708723,0.3485095925094154,0.3387364638941066,0.3991531541441303,0.3256991635421858,0.2780395608236284,0.3541144983705357,0.2955019368380359,0.3548080757457828,0.2980360472879755,0.3413397358166383,0.291438044122355,0.3485016735604977,0.3511782579638128,0.3425804361877754,0.3169273010782426,0.3120941525231794,0.2713247795684304,0.3426010582254064,0.3112576439799891,0.2921255005146929,0.3478562055305113,0.3466288004019994,0.3341602410505188,0.2687523348359089,0.3580067722922281,0.356641236046178,0.3168495955151996,0.2980124520811663,0.3446674612948729,0.3284806060859355,0.3541175330085381,0.3751320767495051,0.3285857170165633,0.357917404739736,0.3569304518279681,0.3234314533457433,0.3460131980939319,0.3886126670695802,0.381285799268956,0.4303884464457934,0.3362737634007591,0.3037813081384483,0.3612984163224756,0.3660881035117467,0.3198377311316704,0.3527464421548553,0.3520783996447897,0.2998661287979586,0.2858561585280866,0.3572969595019963,0.3212759070756196,0.3608385166389432,0.3276673708823779,0.2997036103504365,0.3177971533721857,0.331817048226134,0.3611652112041484,0.3648415837413429,0.3519749379150355,0.3497934814846496,0.2856658743522451,0.3136763682633145,0.2822640341115341,0.4133710429291135,0.3501693332342036,0.4094505168193529
0.3622338993137793,0.3336971253223563,0.3574816781388337,0.2855337709874445,0.3018856579744033,0.3637428633218788,0.3615515352786442,0.3414954612430025,0.3713150666871186,0.2997164969478193,0.2669153417889121,0.9997570496042796,0.2286181761398957,0.3408965667075653,0.3476272375942598,0.2830158236047772,0.328538483002626,0.3568927156874725,0.4162167266768409,0.3247299764679422,0.3689648486808419,0.3221831544810299,0.3381198966167921,0.3429980749085008,0.3399639078825056,0.3827126891744075,0.3615226050026668,0.3020763425969431,0.3649724566548619,0.3138112580087906,0.2861296539268022,0.3660352032003355,0.3330939147151087,0.3484736901601007,0.3381113653087649,0.394321137041032,0.3252318400599671,0.2797889902124235,0.3539248495899407,0.2977657892870653,0.3551374992243826,0.3007936277910756,0.3402827268480595,0.2913483384832202,0.3481336546949959,0.3502876713995013,0.3417959644803376,0.315433706597557,0.308909331835565,0.2757370911056709,0.3442239588605598,0.3101609261373775,0.2930719480586248,0.347225662358285,0.3451556452259,0.333143217873859,0.2708448441539557,0.3578252229267905,0.356871870503709,0.3161510038859015,0.2949181857703557,0.3439498032681787,0.3333628752500051,0.3537680198167744,0.3731080147171009,0.3284356062445412,0.3591708303491021,0.3567560543298719,0.3225035530623708,0.3450920466229227,0.388468105254765,0.3819960175507337,0.4335226232863713,0.3396383015981399,0.3098852847116772,0.3630098040128912,0.3656729974252246,0.3256269905285531,0.3528242769507466,0.3509648757591463,0.2979942599040155,0.2892830003871943,0.356645555223482,0.3165306996754945,0.3608528963100117,0.3291884934919706,0.303333423305335,0.3162219775622426,0.3352977218861397,0.3609096114177187,0.3648932003522637,0.3534553447875589,0.3485941216588072,0.2837040660101156,0.3102458266632861,0.2884935229246411,0.414378725088982,0.3499820219266107,0.4103242336554796
0.3619355891962692,0.3329948585626231,0.3574802545510621,0.2868713887257276,0.2994808143138003,0.3643407622394186,0.3621890145318812,0.3421917938749281,0.3727074527940615,0.3043234050860521,0.2631429322524547,0.9935159752164554,0.231780511904071,0.3451360780764746,0.3465353485940125,0.2738882936855421,0.3212057162179107,0.3560814085830534,0.4143834875695805,0.327065192328302,0.3646831939885269,0.3300152138978571,0.3417639366217146,0.3423330604729778,0.3427755968759529,0.3822387431451964,0.3565761535221,0.3019504905181289,0.365378357552812,0.3130299581449441,0.2898786276219279,0.3672420763818492,0.3333021270413942,0.3482498767214503,0.3373998754025515,0.3893844761104106,0.3247613922262923,0.2824721314718983,0.3536373104501831,0.300719052223199,0.3554775753853899,0.3040870187982568,0.3393190452457588,0.2918661398583663,0.347849383199922,0.3494825444106735,0.3410531631477589,0.3139705007921914,0.3056099579177962,0.279918317369529,0.3459002858605234,0.3088067893139808,0.2947454795888791,0.3466715696930454,0.3435376604264868,0.3321925404129853,0.2738437549522542,0.3577129440522097,0.3570460965267526,0.3154507910724697,0.2916365852201886,0.3431793136144264,0.3380879047535836,0.353217990410293,0.3713122075728472,0.3279000734369292,0.3602843729978028,0.3564420138197708,0.3214872636071235,0.3434929561536641,0.3879776121354521,0.38267362115157,0.4367617880058564,0.3426369860875903,0.3165412004998409,0.3644878344141588,0.3650511649349035,0.3306272926952815,0.3530130422271284,0.3499385458636964,0.2960791946239067,0.293688480260973,0.355818421562121,0.3116695710326597,0.3607356918747834,0.3300349974193464,0.307576426525897,0.3146434487482903,0.33869528401844,0.3607474453529688,0.3650454823091512,0.3548500322487405,0.3473352316390712,0.2816651607152638,0.3071230464488034,0.2952360857383028,0.4148311267166888,0.3502379627423845,0.4104872061845655
0.3615142554383951,0.332265272892466,0.3572522152631966,0.2882927514906756,0.2969311858493739,0.3650123058534881,0.3629376641008022,0.3428496748521725,0.3745893787274966,0.309802456322136,0.2598224314456334,0.9758447160120308,0.23468780429003,0.3487757951619339,0.3455790650230096,0.2658675761453963,0.3133545411893224,0.3554193666408092,0.4118920524511281,0.3298853598362248,0.3599154671482051,0.3386019595150431,0.3449586765518985,0.341424729171626,0.3452898714825425,0.3817805897400149,0.3507750517135246,0.3016678534237056,0.3655109198322661,0.3121725858435658,0.2943730483524207,0.3681677369771938,0.3336398107063325,0.3478560187375022,0.3366094492938221,0.3843861851451457,0.324273774082232,0.2860404284228081,0.3532615732174464,0.3042901940668983,0.3558155212799651,0.3077986893698421,0.3384465768116376,0.2930275618255946,0.3476671068855391,0.3487734124420897,0.3403346753932948,0.3125495435327551,0.3022752255372144,0.2838760002199102,0.3476263863983168,0.3071801653478365,0.2972146109044322,0.3462053200186728,0.341795408690574,0.3312904792192082,0.277704813770152,0.3576796124326093,0.3571373431179458,0.3147606808895973,0.2883204769027205,0.3423551665231003,0.3425693788820481,0.3524778005313355,0.3697293431511095,0.3269771853591927,0.3612628166640483,0.3559802010726985,0.3203756336306617,0.3411133746410459,0.387209387963295,0.3833078705164909,0.4400609419107687,0.3453141889673227,0.3235154495836465,0.3657538780985983,0.3642629931446019,0.3346939421812451,0.353306361826942,0.3489876631807909,0.2941081601295919,0.2989699768801123,0.3548504334936751,0.3068848632857369,0.3604643530803265,0.3300980379960028,0.3125618897070917,0.3130848794237197,0.3420112335374203,0.3606739050223227,0.3652559156887427,0.3561146623450419,0.3460484423866896,0.2795781465063208,0.3043098147289582,0.3022523526695296,0.4146968939822619,0.3509614905410838,0.4099691327930479
0.3609979427541031,0.3314713148711666,0.3568113241925095,0.2897848959622802,0.2943115373521275,0.3657126532325223,0.3637896952604838,0.3434651417268896,0.3766209275539595,0.3158914802781006,0.2571249497438442,0.9438178828370052,0.2374096893175553,0.3518245152450009,0.3448140826519172,0.2587982736616385,0.3052101308657863,0.3549504734716386,0.4087872891785446,0.3330913413421298,0.3546751106005031,0.3477387517946601,0.3477334621456577,0.3403188343760096,0.3475436907916143,0.3813625264703025,0.3436467894625608,0.3011578099560651,0.3653819175602446,0.3112171560819259,0.2994574445623457,0.3688307056936079,0.3341017619675185,0.3473146349020349,0.3357701137149629,0.3793656383368184,0.3237525496190355,0.2903898983726096,0.3528021063471996,0.3083732823166852,0.3561338088026155,0.3117896839491778,0.3376475864952652,0.2948309233583349,0.3475991561682335,0.3481655410435327,0.3396209900713436,0.3111770087941747,0.2990149971541296,0.2876393706226508,0.3494147026581773,0.3052896252242228,0.3005002659035916,0.3458325986451048,0.3399610359650317,0.330411351487437,0.2823427424518224,0.3577319658772974,0.3571172566147968,0.3140909145677316,0.2851518679165505,0.3414760529122236,0.3467434305743778,0.3515702897911366,0.3683325091431261,0.3256818390855339,0.3621040231928303,0.3553669507409472,0.3191714013019066,0.3379179935160359,0.386243011566285,0.3838896329135384,0.4433527943644975,0.3477159223385417,0.3305660688937754,0.3668122900548749,0.3633596814695455,0.3377649604891806,0.3536952880565168,0.3480912819452951,0.2920552339679361,0.3049718747645525,0.3537780706478476,0.3023735819666488,0.3600241769285595,0.329331921998119,0.3183429752387515,0.3115682684755235,0.3452581943132135,0.36067877343422,0.365473029712857,0.3571953546684074,0.3447635912990359,0.277492550577109,0.3017795312342797,0.309303999538605,0.4139446912976145,0.3521500094582817,0.4088018550191205
0.3604188962837992,0.3305891129939303,0.3561797968459004,0.2913251692411046,0.291715352722146,0.3663875005463102,0.3647289870211895,0.3440281800157018,0.3784431632693489,0.3222979331014269,0.2552205408799369,0.8977270399620612,0.240017677470169,0.3543319352065993,0.3442910729604561,0.2525344014871602,0.2970216321342026,0.3546978316972365,0.4051685579167417,0.3365925399608307,0.3489775828974408,0.3572079043229972,0.3501411895447873,0.339064673683407,0.3495773271286909,0.3810001223813695,0.3346550150945401,0.3003502739755901,0.3650103981194366,0.310147375342134,0.3049441456448487,0.3692510944333675,0.3346802916529502,0.3466509273338898,0.334927327100214,0.374363118140768,0.3231839769529832,0.2953701099404877,0.3522627471766104,0.3128380291797575,0.3564092101163408,0.3159087170610676,0.3368987084612904,0.2972389402794495,0.3476442525473587,0.3476631866202317,0.3388945151716253,0.30985352201539,0.295961939157193,0.2912534930198862,0.3512983320986925,0.303163745629268,0.3045666313228246,0.3455497644177391,0.3380718997692697,0.3295260914607009,0.2876254400595083,0.3578688041231315,0.3569621411800188,0.3134464687637837,0.2823243658404102,0.3405467152609254,0.3505699108353535,0.3505256941040505,0.3670843649067001,0.3240390906796641,0.3627996346802152,0.354610148173228,0.3178892631769658,0.3339383475706962,0.3851670728073825,0.3844117726523275,0.4465277907711683,0.3498851577609314,0.3374618323185258,0.367656390204934,0.3623911801454242,0.3398512690408927,0.3541612095658986,0.3472187112249112,0.2898899477355493,0.3114951027925465,0.3526385603107778,0.2983132044385106,0.3594051423500909,0.3277516235156063,0.3248876144627876,0.3101071889391245,0.3484506025021637,0.3607467669274948,0.3656374975410514,0.3580429519813277,0.3435054660920685,0.2754931018485816,0.2994765507329182,0.316175441969091,0.4125558460034276,0.3537776451831977,0.4070278768694895
0.3598092723156975,0.3296020384574732,0.3553871617788255,0.2928821631978776,0.28925144398121,0.3669725098210287,0.3657309538839656,0.344523828612354,0.3797246074148623,0.3287227866939418,0.2542665814992509,0.8389889533718936,0.2425782822832337,0.3563735098368862,0.3440582656543016,0.2469739096824265,0.2890409312538656,0.3546621352981159,0.4011902630656319,0.3402993978280922,0.3428441307144049,0.3667925823088553,0.352242426135015,0.3376966868020983,0.3514230303248054,0.3807089587804396,0.3238122493231527,0.2991850844965193,0.364423944600077,0.3089583928611598,0.3106276897122871,0.3694577811860891,0.3353654942615244,0.3458809353028254,0.3341299931777629,0.369419316637643,0.3225624194066195,0.3008067870735727,0.3516521177704521,0.3175402981527594,0.3566171107868945,0.3200042767746506,0.3361758282032767,0.3001897554693163,0.3477874214476675,0.3472621519033788,0.3381399254400906,0.3085737364110816,0.2932602490006177,0.2947710523015868,0.3533347254440052,0.3008617008109106,0.3093267082000688,0.3453497287804501,0.3361679790866475,0.3286062625235684,0.2933870016099189,0.3580819862171205,0.3566595348212795,0.3128215354488625,0.2800281627174076,0.3395826061240978,0.3540260273164337,0.3493839719284169,0.3659327824277538,0.322080266383325,0.3633355658796258,0.3537290628528787,0.3165577330410762,0.3292645130894228,0.3840763129601667,0.3848655263951718,0.4494385420349343,0.351866556036,0.3439910729053527,0.3682752631969232,0.3614022536455289,0.3410214075066307,0.354684087956369,0.3463352782181787,0.2875932087097789,0.3183094531311129,0.3514637747568191,0.2948465817847101,0.3586094264833423,0.3254267646942118,0.332086658288232,0.3087079256199251,0.3515971188157852,0.3608671036455816,0.3656851084729092,0.3586222397533501,0.3422996143321715,0.2737032889916829,0.2973206358102782,0.3226949597675033,0.4105335381091212,0.3557999408736693,0.4046988783884291
0.3591970620591016,0.3285017585683756,0.3544744264003093,0.2944155559647913,0.2870498715566074,0.3673982551644475,0.3667641994285158,0.3449477650680905,0.3801979938738356,0.3348906209080992,0.2543992873566378,0.7695089215914545,0.2451508998024797,0.3580327242343407,0.3441589767365676,0.2420789129054601,0.2815193657340789,0.3548135788836882,0.3970545962419337,0.344118595631972,0.3362997564575676,0.3762896342657189,0.3540910246849439,0.3362191522276396,0.3530975885438795,0.3805111210334613,0.311731172263316,0.2976267359658811,0.3636544941020603,0.3076642079034465,0.3163124851626062,0.3694883295631785,0.3361412845480366,0.3450081635168151,0.3334287159655679,0.3645679596356462,0.3218895988550792,0.3065189355857097,0.350980368961695,0.3223298957013212,0.3567367923057992,0.3239417370273342,0.3354506019193263,0.3036005189877773,0.3480085211811262,0.3469433943291544,0.3373443173998899,0.307327062157526,0.2910578608223168,0.2982442889367303,0.3556008149686327,0.2984810328550349,0.3146541743463031,0.3452303590212045,0.3342925702872791,0.3276259876962646,0.2994577479084695,0.3583583513823926,0.3562068585582474,0.3122004542298155,0.2784391881571136,0.3386020519067456,0.3570973808233197,0.3481991904929367,0.3648115079863037,0.3198457024822792,0.3636957254930103,0.3527459477415477,0.3152134537383065,0.3240382603922394,0.3830616127558328,0.3852391016381025,0.4519108873314484,0.353700160817354,0.3499735635755921,0.368658903349794,0.3604383524803944,0.341388945164889,0.3552471543345941,0.3454129654999989,0.2851630976916015,0.3251762585573878,0.3502737550467206,0.2920730742024235,0.357653776291812,0.3224699973691265,0.3397596872633623,0.307370845747463,0.3546975465406189,0.3610353575110561,0.3655568252732443,0.358916286719569,0.3411717180996089,0.2722749638193073,0.2952203531827007,0.3287458010037344,0.4079096406977511,0.3581511057480195,0.401865499049982
0.3586066643740359,0.3272945715275147,0.3534875493607809,0.2958743863279405,0.2852595603387285,0.3676046298509843,0.3677923822940221,0.3453102611697706,0.3796860345174696,0.3405758905203701,0.2557083904156862,0.6928310123383217,0.2477954403399978,0.3593917566416794,0.3446227973255216,0.2378776354927658,0.2747073836791802,0.3550960008313702,0.3930013802885781,0.3479505538905404,0.3293775042938333,0.3855170593039571,0.3557298984718474,0.3346174374283511,0.354607601506525,0.3804312296289918,0.2992562056599405,0.2956711475808988,0.3627329891198382,0.3062980522716723,0.3218337127670975,0.3693771891558462,0.336982005126045,0.3440333086621295,0.3328781842210523,0.359832522194234,0.321174806807654,0.3123247703524407,0.3502547796932715,0.3270592754470068,0.3567498717015479,0.3276153493377053,0.3346913883470139,0.3073637696986294,0.348287439846313,0.3466777487222114,0.3365003793886337,0.3061011957164037,0.2894978692462321,0.3017191953765377,0.358177743228,0.2961455104875328,0.3203906199534997,0.3451893814310348,0.3324892480482129,0.3265662720789906,0.3056821109952372,0.3586773662399874,0.3556056502954329,0.3115661274000038,0.2777024977527447,0.3376166776634319,0.3597749011005917,0.3470334272484056,0.3636452426566686,0.3173849652656251,0.3638696215546573,0.3516804400905658,0.3138919904732449,0.3184462086528895,0.3821955361807927,0.3855255077953438,0.4537432821616137,0.3554086738174026,0.3552808165686501,0.3688012415899904,0.3595434057859476,0.3410964068688246,0.3558261173935743,0.344435163831426,0.2826110370819026,0.3318720143172309,0.3490768689373915,0.2900374887066342,0.3565607719569546,0.3190195822829393,0.3476596054990076,0.3060862958992942,0.3577445040186688,0.3612446749796972,0.3652095502053504,0.3589314546289587,0.3401369271021529,0.2713780565645524,0.2930847444991372,0.3342666482318026,0.40474809460857,0.3607424448044106,0.3985764218602856
0.3580617801337635,0.3260010812198195,0.3524643140587666,0.2971970945715527,0.2840286835991039,0.3675518529519733,0.368779333437109,0.3456230051454128,0.378113542535315,0.3456162480350659,0.2582100653987694,0.6138781581433314,0.2505829848513492,0.3605258938337983,0.3454611137024871,0.234455303236702,0.2688354995129494,0.3554463962840995,0.389293118639252,0.3516797536229552,0.3221279501967308,0.3943154757412286,0.3571916632419399,0.332876255198003,0.3559525861621533,0.3804947571032784,0.2872675540672922,0.2933447804665255,0.3616923924406201,0.3049107025317065,0.3270620419915243,0.3691500290325729,0.3378555315399553,0.342959876935763,0.3325268248706748,0.3552313327160749,0.32044063762985,0.3180510077126922,0.3494845369992062,0.3315965530797818,0.3566364617742427,0.3309481898028942,0.3338721592450471,0.3113544181371338,0.3486020899549456,0.3464357185511985,0.33560948772498,0.3048833140923018,0.2887028737237448,0.3052309174252058,0.3611324020504982,0.2939924771787758,0.3263533311472765,0.3452146680258821,0.3307974734476027,0.3254207797010531,0.3119177282055156,0.3590093744032401,0.3548605302520612,0.3109072222106152,0.2779117272789961,0.3366350667052644,0.3620574512755417,0.3459417677665646,0.3623512721090509,0.3147468915557581,0.3638576388407154,0.3505535204090257,0.312623859632709,0.3127055110736823,0.3815275794680251,0.3857304420482256,0.4547118883443198,0.3569986024763516,0.3598473461381428,0.3687034495417017,0.3587461299165307,0.3402922606536516,0.3563833612609615,0.3433933033951944,0.2799635951512845,0.3382013053447585,0.3478746812671889,0.2887218640962166,0.355354695459914,0.3152231160257494,0.3554976256955857,0.3048323191099505,0.3607280297932476,0.3614819170840359,0.3646201107569658,0.358700925598762,0.3391948833171335,0.2711927380099478,0.2908261955934919,0.3392479786960667,0.4011419984598366,0.3634717442449066,0.3948915031667957
0.357584586974273,0.324645930205791,0.3514314128304647,0.2983174981220713,0.2834860374590767,0.3672178588733502,0.3696951896787851,0.3458921708595602,0.3755031144795893,0.3499173017058909,0.2618441210971388,0.5368745582597281,0.2536008171564956,0.3614935381045812,0.3466703422836329,0.2319376757329419,0.2640875213946131,0.3558103772006417,0.3861942008343224,0.3551622688624363,0.3146223337059994,0.4025482501299448,0.3584960582780472,0.3309777123170447,0.3571182346295721,0.3807347109264731,0.2767049445046627,0.2907065117968378,0.360573904948985,0.3035761378828043,0.3319043949739949,0.3688331264589452,0.3387287857258276,0.3417885785002782,0.3323986612134256,0.3507814279992489,0.3197225216445351,0.323552229397732,0.3486886654779023,0.3358367657536916,0.356380112397703,0.3338898808236706,0.3329767588412733,0.3154495049169727,0.3489290092063397,0.3461920833448804,0.3346806529574926,0.3036565537703686,0.2887583018587616,0.3088002955432945,0.3645027827588851,0.292175020401911,0.3323519286507547,0.3452891012575705,0.329254214114848,0.3241953756770646,0.3180403210434558,0.3593194933459722,0.3539836353687801,0.3102164345399476,0.2790974016196471,0.3356716135733094,0.363951320377176,0.344963731389569,0.3608381707602708,0.311966444651369,0.3636684199573022,0.3493920234163835,0.3114346808756834,0.307044500193216,0.3810907323073914,0.3858655023534088,0.4545996361664197,0.3584718804425686,0.3636595581718161,0.36837775849172,0.3580549039674139,0.3391092070496725,0.3568800003015336,0.3422849121734733,0.2772714870562572,0.3440052576448033,0.3466648180605052,0.2880493582309781,0.3540673497997463,0.3112245549274067,0.3629862741345706,0.3035790815703927,0.3636403191536187,0.3617332559715577,0.3637860558959045,0.3582809412652136,0.3383367435397111,0.271892977491911,0.2883614810485879,0.3437244833995911,0.3972052565480083,0.3662335495324978,0.3908913891627028
0.3571914923588449,0.323248464676974,0.350411875797752,0.2991727542037548,0.2837373082772749,0.3665935473162109,0.37051654962414,0.3461275675569135,0.3719570739957673,0.3534556299780789,0.2664863700655262,0.4643062154810128,0.2569549190691564,0.3623283139345413,0.3482343504241544,0.230462225253984,0.2605907304583815,0.356142887078979,0.3839490288544761,0.358225149732778,0.3069517871742865,0.4101052783959541,0.3596476197079826,0.3288917411985101,0.3580771190333701,0.3811948217583507,0.2684387291989776,0.2878482908357599,0.3594229604701629,0.3023961367925851,0.336308478642319,0.3684604727565447,0.3395674413938537,0.3405148419822285,0.3324886492075047,0.3464944172591364,0.3190561837101786,0.3287261179404692,0.3478944878895324,0.3397041984530592,0.3559779688972047,0.3364213925093922,0.33199435529317,0.3195407394620577,0.3492500553123676,0.3459245291731264,0.3337265046578123,0.3023996182339959,0.2897049734645501,0.3124330454685745,0.3682873476181315,0.2908575079251649,0.3382085578148899,0.3454011160757243,0.3278968474145277,0.322902334737945,0.3239629187420501,0.3595729187689296,0.3529967907379017,0.3094837133466096,0.2812244852061873,0.3347430259267587,0.3654650397078629,0.3441273442754814,0.3590091697585847,0.3090603898402391,0.3633141599013413,0.3482233290251572,0.3103415900547558,0.3016903057022275,0.3809027123656692,0.3859341024903049,0.4532327185450898,0.3598269066442724,0.3667382457156835,0.3678486660253864,0.3574691368534411,0.3376506180646866,0.3572852455169593,0.341117473320763,0.27461163984623,0.3491735161182761,0.3454417363561863,0.287896163505959,0.352738274590282,0.3071495423603945,0.3698693313634007,0.302292969701863,0.3664786758183291,0.3619858106462513,0.3627303759794287,0.3577428934243345,0.3375505370841471,0.2736219757838267,0.2856182329454139,0.3477590106511405,0.393062479161639,0.3689186467627817,0.3866704310291859
0.3568913862227855,0.3218232435464302,0.3494273216072397,0.2997041741528781,0.2848620963179788,0.365689471051388,0.3712229533792547,0.3463490602757511,0.3676328118628047,0.3562759178066328,0.2719519907163053,0.397743677485549,0.2607730127814264,0.3630433493463694,0.3501218206794227,0.2301404164139609,0.2584188060210921,0.3564044755198311,0.382758881485963,0.360675706697294,0.299232541069392,0.4169077691786343,0.3606407836340803,0.3265857054538716,0.3588048370561132,0.3819221653838235,0.2629948378516972,0.2848824669358109,0.35827834417542,0.3014900198239848,0.3402616361399522,0.3680657277428666,0.3403324723676494,0.3391367255307812,0.3327728231649952,0.3423707019040692,0.3184680307744388,0.333513451382641,0.3471274683702449,0.3431500452792929,0.3554412172801729,0.3385573041741339,0.3309182583292759,0.3235320550898452,0.3495550732544359,0.3456125052375181,0.3327597885786597,0.3010943029365905,0.2915386408217953,0.3161204086897329,0.3724358772685861,0.2901912674713858,0.3437720469688829,0.345539891585231,0.3267577355497201,0.3215593455050941,0.3296453435141421,0.3597365953962632,0.3519274602571902,0.3086944862455414,0.2841880958928258,0.3338567087650871,0.3666091692951616,0.3434536039929071,0.3567713740396439,0.3060310536554629,0.3628132844516062,0.3470658174884069,0.309346304457918,0.2968662661138315,0.3809571691913941,0.3859322088515388,0.4505035073509181,0.3610501494424759,0.3691354707134814,0.3671506112173788,0.3569886903664462,0.3359833690259431,0.3575689463657835,0.3399103757796597,0.2720787704580777,0.3536507768715224,0.3442003383146113,0.2881023364521553,0.351404149037408,0.3030920152341195,0.375929472872883,0.3009357207121171,0.3692466613076282,0.3622209358240131,0.3615069790131906,0.3571681610098184,0.3368174784795298,0.2764730919541667,0.2825434732454153,0.3514222923364472,0.3888378305243722,0.3714130440872662,0.3823240370434692
0.3566877228779203,0.3203842308341453,0.3484906106947937,0.2998512240461575,0.2868972953520412,0.3645439970070135,0.3717988061561504,0.346577690843485,0.3627162030517125,0.3584745630255264,0.2779960159252105,0.3383651004003962,0.2651995263226682,0.3636418958113691,0.3522847960381911,0.2310291908735881,0.2575846431954056,0.3565607328913741,0.3827535982481339,0.3623046321086049,0.2916096941377985,0.4229069975007228,0.3614688335136145,0.3240455190654908,0.3592912418427095,0.3829569032047191,0.2604889711391968,0.2819213770481263,0.3571703176176577,0.3009766831206349,0.3437781660218639,0.3676737954161743,0.3409836169982455,0.337659943434107,0.3332129649557536,0.3383995534234248,0.3179775535956763,0.337891687534704,0.3464040340603129,0.3461529153950087,0.354785078326032,0.3403341064166509,0.3297519629827998,0.3273392860897503,0.3498361959370641,0.3452402368373293,0.3317913051459155,0.2997322717927007,0.2942076198868341,0.3198403804371262,0.3768433658730986,0.2902949506407544,0.3489254416364542,0.3456841050411518,0.3258559794727868,0.3201932197103822,0.3350796975691644,0.3597799928445739,0.3508032676931412,0.3078340162773373,0.2878090578393485,0.333009480009536,0.3674031739082391,0.3429503236791699,0.3540455195371674,0.3028675901957903,0.3621963424992895,0.3459271824617188,0.3084331240625353,0.2927868709737665,0.3812230362322203,0.3858629338440879,0.4463871695055647,0.3621193405185307,0.3709364031111736,0.366324861572232,0.3566100886359913,0.3341361172075062,0.3576963068915628,0.3386894265748366,0.2697789472965207,0.357429268835835,0.3429413897067676,0.2884829579262687,0.3500925770634708,0.2991135121680416,0.3809989777591798,0.2994648247879111,0.3719536712675861,0.3624119227511437,0.3601970925923223,0.3566433991447202,0.3361105590330745,0.2804800548712953,0.279108992911586,0.3547787932970286,0.3846419093626196,0.3736090025447465,0.3779472261120005
0.3565802660553728,0.3189424184831955,0.3476012355282731,0.2995501682640113,0.2898198820947425,0.3632160822770994,0.3722385346929235,0.3468248630047504,0.3573946584782698,0.3601726410262307,0.2843323041962224,0.2863773710342207,0.2703775103686781,0.3641212840625151,0.3546629983715711,0.2331222671017022,0.2580238346631652,0.3565768484756335,0.3839665974411482,0.362883460753401,0.2842458971250275,0.4280779518259387,0.3621274757130219,0.3212811526166543,0.3595344907298531,0.384324499909175,0.2608051724055783,0.2790655704477458,0.3561278704530991,0.300965390288859,0.3468852498671031,0.3673069466765317,0.3414890604827496,0.3360912899205598,0.333750687615544,0.3345629633308908,0.3175971061379787,0.3418721561133656,0.3457324422287581,0.3487182836007574,0.354024266284961,0.3417943707572812,0.3285096433019068,0.3309011561334521,0.3500838099488209,0.3448018476741599,0.330829004381552,0.2983136408925632,0.2976106853467762,0.3235633823286551,0.381352624273806,0.2912535353713362,0.3535901275196761,0.3458073240985505,0.3251983679809345,0.3188365615705413,0.340271494151526,0.3596785518305813,0.3496505452385684,0.3068890878648945,0.2918438845387843,0.3321967877648758,0.367876525173487,0.3426037840639313,0.3507763019338534,0.2995440859295821,0.3615028406865838,0.3448098427548579,0.3075733379230239,0.2896427103512343,0.3816596170603801,0.3857395066781807,0.4409604972577864,0.3630189084436674,0.3722444387449502,0.3654167780782598,0.3563235535544145,0.3321056379213412,0.3576389253689775,0.3374798922791842,0.2678301715276374,0.3605366483596223,0.3416726711506245,0.2888437886069251,0.3488260861706898,0.2952553327109785,0.3849816809814933,0.297839100462602,0.3746127414065805,0.3625315794550371,0.3588950544411087,0.3562503501163431,0.3354026656601626,0.2856079973728246,0.2753154705456924,0.3578796107894924,0.3805608789678437,0.3754167188420472,0.3736398288952502
0.3565655193221145,0.317500153562389,0.3467514021682004,0.2987434060352765,0.2935477009607536,0.3617694819844664,0.3725440929161247,0.3470936925961509,0.3518343394347918,0.3614894323047518,0.2906651332840767,0.2409832809252835,0.2764277833486967,0.3644708706760747,0.357190546222922,0.2363506922458879,0.2595908912561164,0.3564033809922929,0.3863279068371175,0.3621744323919028,0.277303626805281,0.4324164069931299,0.3626132272078475,0.3183157948865234,0.3595361758088532,0.386026668548799,0.2637063754563545,0.2763997716116463,0.3551797621076472,0.3015522909916575,0.3496163344307183,0.3669936150713362,0.3418295203352883,0.3344320937473968,0.334309251063684,0.3308379191304498,0.3173203096473664,0.3454947652102267,0.3451161520642352,0.3508695671869117,0.3531796323496522,0.3429824372798956,0.3272070937217106,0.3341856198611894,0.3502897635146547,0.3443034172378548,0.3298785481290556,0.2968450333274158,0.3016047417372859,0.3272626387275025,0.3857688103595107,0.2931128326011585,0.3577268625251351,0.3458922548726518,0.3247844952473907,0.317516638957816,0.3452354235186028,0.3594169906459515,0.3484956013904679,0.3058438647575024,0.2960112314828437,0.3314152287346302,0.3680591470170695,0.3423833089486889,0.3469485864453452,0.2960270412186418,0.3607710966713976,0.3437137259011238,0.3067288776890917,0.2875854056285258,0.3822282161952058,0.3855701729189076,0.4344059176918929,0.3637453617974607,0.3731567142785882,0.3644720855743226,0.3561210071488698,0.3298684444700949,0.357384512619934,0.3363048821040038,0.2663600914747513,0.3630287364993817,0.3404062177761648,0.2889954958602101,0.3476232738168602,0.2915501868865028,0.3878583570461082,0.296023934363887,0.3772378757559515,0.3625586267412096,0.357692734169089,0.3560537879747675,0.3346745737054633,0.2917453624839177,0.271199167496101,0.3607553922721029,0.3766544171438367,0.3767622400109631,0.3695009548969581
0.356638265300812,0.3160528604320762,0.3459354209034208,0.2973918890659848,0.29795247989498,0.3602671782070295,0.3727167878969386,0.3473859921189767,0.3461682722762234,0.3625231635480998,0.2967109764578683,0.2014106578514307,0.2834330185044705,0.3646747194785232,0.3598014907655075,0.2405820351584057,0.2620721385675973,0.3559679304891172,0.3896717053017235,0.3599551994367596,0.2709391964806346,0.435940893702422,0.3629248277998517,0.3151797742937406,0.3593107057904924,0.388030500571475,0.2687881079216646,0.2739828043650952,0.3543469848889772,0.3028086993643292,0.3520064571617792,0.3667639963781757,0.3419938702625386,0.3326826568014941,0.3348099047779491,0.3271966756717593,0.3171165105132993,0.3488132492425147,0.3445537375103569,0.3526361862163045,0.3522822302456504,0.3439459708449569,0.3258571638738407,0.3371805685864097,0.3504491854970493,0.3437597374594011,0.3289441203949032,0.2953460327050101,0.3060209789234522,0.3309193838357878,0.3898824860667511,0.2958599180782016,0.3613342218276146,0.3459293177785292,0.3246023378855745,0.3162497380795371,0.3499950077910743,0.3589892380686982,0.3473638873908562,0.3046785035115944,0.300020164518652,0.3306546953673511,0.3679769073719657,0.3422561596289468,0.3426068345351346,0.2922966885961434,0.3600352674730502,0.3426349828119545,0.3058531354486203,0.2867217595369217,0.3828888649961589,0.3853501396438266,0.4269874068563825,0.3642970606195367,0.3737551843780571,0.363532895173025,0.3560022275492478,0.3273910904543545,0.3569310012575034,0.3351862261995028,0.2654964158592656,0.364980092599104,0.33915775767862,0.2887600424112157,0.3464925297135464,0.2880282192017481,0.3896638647177975,0.2939935233090076,0.3798424298802971,0.3624760973225837,0.3566698090325615,0.356095546203374,0.3339152125126962,0.2987080259396696,0.2668403669768253,0.3634100155825183,0.3729609499732442,0.3775833634949924,0.3656115946896792
0.356792640200908,0.3145960476006871,0.3451521819386868,0.2954820714167393,0.3028690288025675,0.3587739554134117,0.3727564003257776,0.3477021432301683,0.3404953287277148,0.3633373545815109,0.3022093304985996,0.1673913091848701,0.2914202987279727,0.3647208083220249,0.3624345416130879,0.2456274580666567,0.2651971674080284,0.3551864353375848,0.3937436659196155,0.3560388124783505,0.265302325610415,0.4386912669196902,0.3630691394384521,0.3119143637513256,0.3588918801441347,0.390260667163793,0.2754922049502313,0.2718333527635477,0.3536400376800869,0.3047648411774566,0.3540829350665433,0.3666408288005715,0.3419773602028861,0.3308494444273016,0.3351851820515455,0.3236072539108954,0.3169428142947129,0.3518796166958194,0.3440356636455889,0.3540486119619736,0.3513656797126926,0.3447285284354426,0.3244755132210036,0.3398834972782013,0.3505557355182942,0.3431897237517307,0.328027257868802,0.2938573625511438,0.3106786102043988,0.3345179906828944,0.3934948377309713,0.2994166542767348,0.3644439371734566,0.3459050742836008,0.3246188548140775,0.3150440979975946,0.3545699340344609,0.3583973099126825,0.3462761267632462,0.3033765850396133,0.3035923657124175,0.3298952948652497,0.367661487104057,0.3421957386208881,0.3378652543832891,0.288368025916316,0.3593298186282664,0.341566785840412,0.3048946921734614,0.2871079684647902,0.3835989266788095,0.3850735337100001,0.4190143164656293,0.3646686942304614,0.3741122917810751,0.3626357620456931,0.3559692501678411,0.3246399225426239,0.3562801503757257,0.3341419570857378,0.265358961753642,0.3664674539132843,0.3379478794891147,0.2879750116630231,0.3454300989234184,0.2847254098111272,0.3904653565264611,0.2917354112477102,0.3824364250185162,0.3622687782959722,0.3558869937225029,0.3563940685021158,0.3331203993983047,0.3062585092155221,0.2623704738521758,0.3658228508609042,0.3695014247467201,0.3778399988173112,0.3620221194266751
0.3570199517762658,0.3131252469962164,0.3444004611045557,0.2930301885483697,0.3081023482855125,0.3573505382181295,0.3726671673907201,0.3480344640824599,0.3348828804277302,0.3639506478609501,0.3069363027797779,0.1385006594441264,0.3003409339021656,0.3646077327170953,0.3650363027400827,0.2512682132875005,0.2686438203701656,0.3539831723430475,0.3982130029635629,0.3502801659732313,0.2605219637929237,0.4407211428101595,0.3630631665129826,0.3085726992283731,0.358322667626725,0.3925958282040779,0.2832437976102159,0.2699284300887661,0.3530638514705172,0.3074045742025091,0.3558572625892201,0.3666402425693026,0.3417873217476986,0.3289426632868815,0.3353797754894069,0.3200353279483827,0.3167558201700777,0.3547380797090774,0.3435423009837928,0.3551375897732313,0.3504568566699456,0.3453584742282887,0.3230832928072615,0.3423032727008265,0.3505983971047657,0.3426151859692696,0.3271250046370341,0.2924397254469679,0.3153936176629143,0.3380433933295673,0.396441262513617,0.3036574585629072,0.3671086810847617,0.3458047881839393,0.324781906064671,0.313900017040763,0.3589589033156368,0.3576519171167372,0.3452452299328624,0.301935104120947,0.3064851643140668,0.3291159097551435,0.367157570738306,0.3421785674455631,0.3329023714744678,0.2842997056800134,0.3586869821532163,0.3405028149263491,0.3038046314813398,0.2887335762354373,0.3843245752682133,0.3847436039991368,0.4108093377410351,0.3648607329139166,0.3742881958894296,0.3618106477540222,0.3560211627296515,0.3215948985941426,0.3554433133008314,0.3331816694418109,0.266057651862129,0.367557174469326,0.3367984958492982,0.2865033758130074,0.3444253414930575,0.2816951581128144,0.390360886667837,0.2892583483355869,0.3850203704815419,0.3619251295925188,0.35537633727268,0.356944483452619,0.3322949014390169,0.3141294179824726,0.2579762029314715,0.3679591306838958,0.366279230374253,0.37752730211443,0.3587528359211948
0.3573075700575119,0.311629130423584,0.3436743771912069,0.2900919493342271,0.3134445098876707,0.3560405613036314,0.3724566040216999,0.348363968894307,0.3293702544627879,0.3643326067502821,0.3107186884270272,0.113815337311473,0.3100623249414955,0.3643432677505008,0.367560904086974,0.2572907656423062,0.2720527334588136,0.3522977448859894,0.4027070734844063,0.3425829228077106,0.2566837670827789,0.4420922337180523,0.3629273757366201,0.305214095986403,0.3576441006591854,0.3948690825196702,0.2915261858578447,0.2682186287642128,0.3526192222005916,0.3106709590229184,0.3573272678255014,0.3667772137302766,0.3414457394438457,0.326968054798062,0.3353535375943766,0.3164481974893807,0.3165091166562865,0.3574230077052366,0.343046849292401,0.3559295083888789,0.3495755410063129,0.3458508447191528,0.3217000786517599,0.3444623465327149,0.3505645548944653,0.3420609278663006,0.3262311744654233,0.2911663872261571,0.3199900128015072,0.3414904969448416,0.3986113473644819,0.3084253185952431,0.3693840536602152,0.3456253572454414,0.3250318778343606,0.3128052608372442,0.3631347942735878,0.356773174594785,0.3442768729610168,0.3003697165983443,0.3085190448489725,0.3283022838155726,0.3665124911854853,0.3421844958803707,0.327948225365002,0.280198760590052,0.3581267991814585,0.3394392771410191,0.302540625778859,0.2915070810088792,0.3850474603405294,0.3843641550043103,0.4026733743217051,0.3648884973808177,0.3743193106671845,0.3610784973482687,0.3561597372872789,0.3182625987026645,0.3544459537154698,0.3323051436842652,0.2676888097130244,0.3683037645634652,0.3357257757596992,0.2842443101003508,0.3434619297032211,0.2790123064012615,0.3894762924742091,0.2865968152770819,0.3875805365265202,0.3614401656477803,0.3551296210119987,0.3577202533990894,0.3314525430594885,0.3220432305383555,0.253899503136005,0.3697800917438322,0.363284042842341,0.3766719665053649,0.3557975890077841
0.3576439506369858,0.3100894807555457,0.3429643138164538,0.2867780991821688,0.3186990185537184,0.354866989565599,0.3721258234823421,0.348665174560431,0.323977329669588,0.3644082100399493,0.3134357823454762,0.0926139572472775,0.3203795536571745,0.3639386656216701,0.3699683239534083,0.2635096898042254,0.2750572081460307,0.3500823047833442,0.4068619220527307,0.3329153125919858,0.2538220070470158,0.4428743271976594,0.362677405173115,0.3018995635338678,0.3568987615588242,0.3968773769065387,0.2998339240541237,0.2666461026636028,0.3522996142974066,0.3144700825223293,0.3584872046145775,0.3670632672515997,0.3409814436945048,0.3249256229820025,0.335094098959339,0.3128200808168497,0.3161530665296908,0.3599516591848921,0.3425227739678169,0.3564421080558974,0.3487378297118717,0.3462187790292564,0.3203391731258431,0.3463863306329155,0.3504420011423843,0.3415509433693637,0.3253400041549361,0.2901194285749535,0.3243148562838498,0.3448720934203543,0.3999617119101913,0.3135351403287916,0.3713180714348937,0.3453750135517953,0.3253065490945124,0.3117366067332699,0.3670507922157583,0.3557893769738487,0.3433718091752254,0.298717708787535,0.3096014241872743,0.3274445676201766,0.3657638384934407,0.3422076691310164,0.3232722818651432,0.2762308588922118,0.3576568753795882,0.33837595686581,0.3010673132414239,0.2952620926366151,0.3857543316450105,0.3839294207233145,0.3948441040676979,0.3647781150606018,0.3742209888201117,0.3604499714814657,0.3563941694504253,0.3146792151561076,0.3533203503017696,0.3315045816113824,0.2703267729781859,0.368749805173063,0.3347376786352588,0.2811381246985219,0.3425137420751609,0.2767670297839212,0.3879424082265651,0.2838108183279123,0.3900932231284346,0.3608168712323376,0.3550912017397354,0.3586788952102891,0.3306115559839826,0.3297314807449663,0.2504303587979956,0.3712511326261754,0.3605038531625221,0.3753204624527999,0.3531222344441074
0.3580235109862192,0.3084896417182092,0.3422611648481372,0.2832668212286012,0.3236993796665104,0.3538388817068966,0.3716661722965775,0.3489138255823781,0.3187176098101258,0.3640689783216815,0.3150110049862057,0.0749452450217758,0.3310338122650184,0.363405518825261,0.3722262464539033,0.2697759122194934,0.2773126691317733,0.3473167386937096,0.4103614353977479,0.3213229121081192,0.2519264555102404,0.4431432970486214,0.36232361317802,0.2986900759906403,0.356135840331278,0.3984008674054691,0.3076679577216911,0.2651560622054686,0.352093887968834,0.3186731317178238,0.3593353553601026,0.3675003471070877,0.3404215423874477,0.3228168312589241,0.3346218261381904,0.3091353778245466,0.3156503341400247,0.3623168448323329,0.3419512803458957,0.3566882125386509,0.3479547218076768,0.3464763307668028,0.3190113547812833,0.3480916945618623,0.3502171347868041,0.3411020414813511,0.3244472657049923,0.2893885152795121,0.3282481582031664,0.3482100681905631,0.4005188328585003,0.3187864337790672,0.3729535304282882,0.3450615506228461,0.3255381201982707,0.3106666561713526,0.370645474894048,0.3547348395830416,0.3425260727506745,0.2970422714784895,0.3097385642867893,0.3265309899389771,0.3649440493128471,0.3422637956874742,0.3191656223724265,0.2726249528738012,0.3572843868114888,0.3373181427661446,0.2993614743864883,0.2997792109372659,0.3864278842260749,0.3834308186766337,0.3874673996848085,0.364558083562939,0.3740045890276679,0.3599288535857999,0.35673217151638,0.3109067336663473,0.3520989413234069,0.3307658746072969,0.2740186916922028,0.3689218072679542,0.3338359565313943,0.2771693454782312,0.3415468911992365,0.2750570924151693,0.3858735289253421,0.2809875806398447,0.3925345117482533,0.3600666761727883,0.3551581294310636,0.3597678570543277,0.329790041496359,0.3369566674580226,0.2478897870214102,0.3723518269217171,0.3579368961955599,0.3735396817735875,0.3506641818228783
0.3584423790927416,0.3068164371444538,0.341557523978865,0.2798036993720417,0.3283178880311645,0.3529532177171853,0.3710669955171287,0.3490895186782396,0.3136059063287555,0.3631870528549064,0.315406015180014,0.061245035671082,0.3417277425163248,0.3627575688183793,0.3743138629934717,0.2759831345309658,0.2785157096345516,0.3440467842303785,0.4129595593452954,0.3079293714473648,0.2509451057550448,0.4429725040494748,0.3618769386942663,0.2956433549975017,0.3554024611786168,0.3992227356862463,0.3146461273339401,0.2637075300815078,0.3519936480243759,0.323128052963307,0.3598749923913216,0.3680799470001246,0.3397922960577567,0.3206492306234388,0.3339765325322728,0.3053889331957999,0.3149887960567699,0.364490035341898,0.3413248082611625,0.3566811153868354,0.3472288005708109,0.3466320453635926,0.3177256565763958,0.3495869632240413,0.3498779682431485,0.3407211689360355,0.3235484612327187,0.2890640595966631,0.3317033575834048,0.3515220013260863,0.4003734869746686,0.3239901329954721,0.3743287205553509,0.3446907642360838,0.325657195504669,0.3095634115391678,0.3738462500816289,0.3536476352222634,0.3417288381834752,0.2954333809168861,0.3090342203804303,0.32554842563249,0.364089898861376,0.3423805929697188,0.3159074333065617,0.2696561355982175,0.3570208433649919,0.3362754347761335,0.2974234153107281,0.3048035551592105,0.3870529498058109,0.3828677214400654,0.380592977430044,0.3642580288506706,0.3736830553239184,0.3595165805429281,0.357166961437396,0.3070330690171819,0.3508167596557353,0.3300673087932079,0.2787843477120799,0.3688319606346087,0.333014547345069,0.2723746620846593,0.3405282294164259,0.2739785167851239,0.3833675375620788,0.2782461467013616,0.394883853758782,0.3592059187141651,0.3551849433371541,0.3609274333477143,0.3290029365295125,0.3435331780810772,0.246603574146296,0.3730842895274754,0.3555936370746584,0.3714244128614556,0.3483401270581451
0.3588910842524219,0.3050518913577604,0.3408443749429635,0.2766884013766993,0.3324708361296863,0.3521896667960241,0.3703220396920239,0.3491723746344133,0.3086555244287617,0.3616321905401867,0.314620462118043,0.0517632807240951,0.3521468879508266,0.3620131714845613,0.3762205391092896,0.2820749577517898,0.2784227716608872,0.3404043397997716,0.4145038620835676,0.2929328854676895,0.2507821687066268,0.4424248158243813,0.3613509699197715,0.2928108043119567,0.3547318597081785,0.3991445018529285,0.3205932639198441,0.2622891461651874,0.3519926208492132,0.3276804052389993,0.3601149084173753,0.3687838334994442,0.3391231787316658,0.3184318486600979,0.3332042866104375,0.3015876926505777,0.3141754385929159,0.3664324754288944,0.3406468614047578,0.3564328114848186,0.3465553469864529,0.3466897393841632,0.3164827851692811,0.3508807274098767,0.3494228557866529,0.3404068724112261,0.3226393207069153,0.2892256609441277,0.3346248615801665,0.3548231985208626,0.3996698943624149,0.3289852710667117,0.3754673891346014,0.3442745318979273,0.3256053636491698,0.3083857892510632,0.3765785115088076,0.3525662704901979,0.3409619127376921,0.2940010359715082,0.3076750902201092,0.3244892313112432,0.3632369849338288,0.3425828305913543,0.3137224080390766,0.2676135232505374,0.3568728325261963,0.3352550520480714,0.295283687972772,0.3100566573333354,0.3876205653458768,0.3822443260389964,0.3741813725733806,0.3639115526650537,0.373260960416735,0.3592119649379832,0.3576764124650142,0.3031742021339104,0.349511242625447,0.3293798202831413,0.2846114443962677,0.3684888115766176,0.3322550556967362,0.2668519937051399,0.3394287313365181,0.2736064511086477,0.3805127989638573,0.2757369443646654,0.3971209783517637,0.3582478455099988,0.3549918790834862,0.3620956272174878,0.3282572475501337,0.3493412119718425,0.2468714687844175,0.3734729546670344,0.3534911009382501,0.3690923440593997,0.3460581548306028
0.3593571792900996,0.3031715818831389,0.3401096797816594,0.274254718868902,0.3361220005550789,0.3515122422788727,0.3694275794391752,0.3491419349694509,0.3038718828397352,0.3592920900372046,0.3126922785401507,0.0465080227051051,0.3619940714040067,0.361192427545451,0.3779388527497062,0.2880422712553574,0.2768764555781895,0.3365757151457861,0.4149601390656102,0.2766041094152089,0.2513092432974623,0.4415516233617303,0.3607566759323637,0.290238008963874,0.3541438334235535,0.3980054019812195,0.3255067396669945,0.260934406680752,0.3520793765424241,0.3321899341581096,0.3600749010142788,0.3695815353771076,0.3384433708169168,0.3161685807606612,0.3323605430475023,0.2977555429972157,0.313227848923949,0.3681040736214047,0.3399304668341792,0.3559533059442969,0.3459257224863138,0.3466585235432457,0.3152736141298887,0.3519814019105144,0.3488623357590564,0.3401495348277214,0.3217194335804077,0.2899336489682266,0.3369879761608825,0.3581361436385845,0.398589272460139,0.3336413106780457,0.3763736942293368,0.3438291852822676,0.3253419369084916,0.3070907300075008,0.3787788359912035,0.3515257858626257,0.3402035280555326,0.2928660086724614,0.3059051464957946,0.3233557082031537,0.3624095003810152,0.3428897673361394,0.3127479420076801,0.2667721901466807,0.356837516421215,0.3342567305692878,0.2929995319160569,0.3152590456486229,0.3881158826881147,0.3815618453242628,0.3681160491239784,0.3635552424485647,0.372734898773868,0.3590088240538219,0.3582319555108321,0.2994664124521554,0.3482137841289194,0.3286722482239011,0.2914445375002842,0.3679040791800158,0.3315286909905338,0.2607631788431097,0.338221522301637,0.2739717690503712,0.3773846746844708,0.2736324197622805,0.3992286912751443,0.357199681458692,0.3543793223550514,0.3632181460913992,0.3275483723128012,0.3543300640219307,0.2489371879279224,0.373559266526938,0.3516491977702571,0.3666697003242392,0.3437279471914686
0.3598341197304818,0.3011573991236144,0.339342837331502,0.2728485364993328,0.3392798633278577,0.3508808161878698,0.3683802491156189,0.3489837080402943,0.2992484383233654,0.3560910367209564,0.3096966106322671,0.0453285665509966,0.3710234487090889,0.3603109741480947,0.3794608435393726,0.2939078536014741,0.2738299129170796,0.3327481631378457,0.414414502152537,0.2592780717639691,0.2523889175865579,0.4403939774131373,0.3600986013783249,0.2879659293605365,0.3536514093535897,0.3957083212709621,0.3294626162505759,0.2597263098161217,0.3522374103841268,0.3365369174212476,0.359790823232728,0.3704314132610729,0.3377742702543989,0.3138598431623964,0.3315144955066953,0.293934839068491,0.3121796676924547,0.3694683778864087,0.3391957780219655,0.3552611539022377,0.3453283831594869,0.3465562739733565,0.3140860073500335,0.3528912603008375,0.3482110704319063,0.3399299004953589,0.3207929147973648,0.2912245694099403,0.3387976400799741,0.3614860778859554,0.397327290499177,0.337867184701613,0.3770445220526717,0.3433644677848448,0.324841527263991,0.305647434167373,0.3804038958450223,0.3505553849298377,0.3394334524224897,0.2921530781997196,0.3039965215365053,0.3221579415523499,0.3616255005315716,0.3433193861245667,0.3130187693322588,0.2673699009868199,0.3569122997550257,0.3332748219191425,0.2906502114552736,0.3201636153824189,0.3885094737403892,0.3808215501431891,0.3622339533423389,0.3632238564517817,0.3721105133693586,0.3588989953419391,0.3588025894550068,0.2960498027357205,0.3469457325844418,0.3279186135084264,0.29918059902838,0.3670914194320156,0.3308043480367009,0.2543309137865198,0.336885212767214,0.2750501747723674,0.3740435489340731,0.2721134905870795,0.4012048571958682,0.3560700972478548,0.3531485181122797,0.3642566951696744,0.3268628456080198,0.3585105332227219,0.252960461583316,0.3733991489960284,0.3500912927228063,0.3642842152307318,0.3412694196643011
0.360320779177218,0.2990088703468446,0.3385389327575572,0.2728004464928705,0.3419874614639502,0.3502593477864348,0.3671799540784306,0.3486964747165285,0.2947614758201204,0.3520011475981724,0.3057436882742503,0.0477839108852214,0.3790592958862972,0.3593800360449893,0.3807820486487898,0.2997072319513134,0.2693591583025478,0.3290944418820642,0.4130488020372731,0.2413369848985294,0.2538900715804996,0.4389797262170376,0.3593803145759132,0.2860304128755717,0.3532616192376281,0.3922360875380461,0.332555789504582,0.2587880508756435,0.3524521488489676,0.3406254747432023,0.3593104158630735,0.3712885847181396,0.3371289490337599,0.3115102613072982,0.3307349246070306,0.2901799508480607,0.3110835869952033,0.3704985755582116,0.3384669252775767,0.3543933259553013,0.3447494800319148,0.3464023363582116,0.3129056287139724,0.353607043695992,0.3474841701947784,0.3397209013803174,0.3198640008013649,0.2931053429732665,0.340081884045164,0.3648879473473098,0.396069663132761,0.3416243007991417,0.3774820736746585,0.3428806865466706,0.3240946347631101,0.3040384408160004,0.3814341548412205,0.3496772955995041,0.3386343329241014,0.2919817009849499,0.3022219535094438,0.3209094926675171,0.3609077786883099,0.3438812606763625,0.3144604634274598,0.2695771191296959,0.3571010389715142,0.3323009809810733,0.2883389713226599,0.3245794239512371,0.3887694186055494,0.3800309469368842,0.3563732043676904,0.3629457922047117,0.3714091585734214,0.3588790286882144,0.3593502055177293,0.2930582087880814,0.3457231208148705,0.3271017956232762,0.3076777484558183,0.3660691715504286,0.3300524797703179,0.2478329219481369,0.3354116820562577,0.276764556571032,0.3705458549476995,0.2713553860991229,0.403069446143657,0.3548750687942856,0.3511211787769279,0.365189584654423,0.3261829419826602,0.3619411387998386,0.2589908121929302,0.3730598587262637,0.3488418382532245,0.3620633305908968,0.3386211245004045
0.360811651886568,0.29674245003825,0.3376969899119416,0.2743894017461544,0.3443092483379087,0.3496151582031815,0.3658329413855494,0.3482916286389866,0.2903631751202902,0.3470483366030387,0.300976161801184,0.0531168943850876,0.3860017694010769,0.3584143766972418,0.3819052985368655,0.3054718411309009,0.263667134986397,0.3257973482015833,0.4111119635582806,0.2231936513438636,0.2556913972120604,0.4373202534134722,0.3586128242121519,0.2844630532944777,0.3529736187286382,0.3876466055107272,0.3348810133786626,0.2582650280510979,0.3527102390738921,0.344389490022975,0.3586830574874691,0.37210934235513,0.3365180551037486,0.3091305705647004,0.3300687118200672,0.2865494530237609,0.3099956179665051,0.3711839458095244,0.3377695785796454,0.3533982384956947,0.3441762411799885,0.3462134154018825,0.3117078240209553,0.3541268388407848,0.3467031306704577,0.3394928498406216,0.3189338893286152,0.2955468731104008,0.3408832617005269,0.3683466508872092,0.3949713713339163,0.3449192480786865,0.3776896718093918,0.3423749561222941,0.323113453975744,0.3022502736601216,0.3818771089335557,0.3489042407189283,0.3377894002839485,0.2924491200886329,0.3008245498391285,0.319627812081358,0.3602788306616931,0.3445608376497619,0.3168877239738453,0.2734665155376975,0.3574051824965078,0.3313205856434528,0.2861945151010298,0.3283781356307096,0.388874836908113,0.3791999497631628,0.3504114566412097,0.3627408950728534,0.3706536854799352,0.3589509270513129,0.3598262388302513,0.2906194210579524,0.3445566879138701,0.3262134368880766,0.3167653751492491,0.3648690684230856,0.3292441056476667,0.2415889376046337,0.3338076719525744,0.278985655527541,0.3669531103058728,0.2715119841575658,0.4048579019465084,0.3536309711297822,0.3481513005872548,0.3660094270657815,0.3254856672072367,0.3647145713154009,0.2669492186912315,0.3726091277214473,0.3479168767938564,0.3601243970244825,0.3357458317242046
0.3612938381286881,0.2943920166953327,0.3368178674167306,0.2778037747335656,0.3463183750920128,0.3489177348686603,0.3643526012582272,0.3477885025207001,0.2859818167609046,0.3413175808989358,0.2955701126444207,0.0604874019736991,0.391827305853369,0.3574361768677819,0.3828360829622143,0.3112135635492988,0.2570843491105423,0.3230557831091031,0.4088947199444193,0.2052799231461383,0.257691047041199,0.4354135281324295,0.3578144114515589,0.2832930341416336,0.3527810754700365,0.3820590882555733,0.3365280260409504,0.2583056295177712,0.3529903057773425,0.3477974996419667,0.3579556599605843,0.3728477531284127,0.3359522122481733,0.3067302428752683,0.3295357537227536,0.2831043328387613,0.3089585241618708,0.3715324541007437,0.3371287962635585,0.3523229437055303,0.343600375373788,0.3460081718419941,0.3104576610295761,0.3544539796961432,0.3458962987497943,0.33921665641604,0.3180023236881604,0.2984839930787978,0.341253169338383,0.3718677660552201,0.3941412169710729,0.3477819955445412,0.3776659973535086,0.3418426783780884,0.3219300639384846,0.3002765374942476,0.3817690019647919,0.3482353872672595,0.3368822918926592,0.2936129165918881,0.2999840943915147,0.3183396888238209,0.3597488198402936,0.3453160823227316,0.3200177803671815,0.2790013650839116,0.35781507656003,0.3303093859214161,0.2843628614858026,0.3314974711276376,0.388809608623741,0.3783348554808038,0.3442824750757239,0.3626216042163637,0.3698591010906809,0.3591152612410832,0.3601773458275034,0.288851959420082,0.3434440348494494,0.3252550347454599,0.3262461034515734,0.3635367576842775,0.3283546846099587,0.2359360272208904,0.3320908339147997,0.2815304115250621,0.3633274843638328,0.2726997894529754,0.4066124504887087,0.3523456309267176,0.3441323285039839,0.3667234640715544,0.3247411280020064,0.3669444615895472,0.2766277624545038,0.3721033305544886,0.3473135928839517,0.3585607696601832,0.3326324518969837
0.3617542320454833,0.2920202109676575,0.3359084692483143,0.2831121409766787,0.3480847646236868,0.3481415898901952,0.3627611499115,0.3472143270460149,0.281532338854298,0.3349532571148197,0.2897405756030358,0.0691339336942062,0.396581854356871,0.3564687535027032,0.3835753237512065,0.3169132291226726,0.2500595610387869,0.32104380942576,0.4066910493902551,0.1880314518420332,0.2598249783803069,0.4332526574430343,0.3570034014671082,0.2825451329857116,0.3526749964934695,0.3756451087746633,0.3375826160197366,0.2590429682861224,0.3532596974656998,0.3508510663843452,0.35717562683568,0.3734563044370247,0.3354383482571425,0.304310960551311,0.3291382458407083,0.2799069923871314,0.3080039317325881,0.3715704242213986,0.3365637934583032,0.3512156101315361,0.3430177366124081,0.3458088631540668,0.3091226542820454,0.3545967159228374,0.3450866590806503,0.3388649517072898,0.3170684001261675,0.3018236651818322,0.3412481722957713,0.3754565669709576,0.3936325749706164,0.3502581321791622,0.3774159988010002,0.3412746222858754,0.3205839463387616,0.2981327411058812,0.3811703720313891,0.3476543048217966,0.3359019631554302,0.2954833206887113,0.2997929999667736,0.317084643520058,0.3593194993225609,0.3460907393280093,0.32350518717751,0.2860437635307557,0.3583132747129097,0.3292389076796539,0.2829935681564081,0.3339479337181411,0.3885527801820002,0.377441954588615,0.3379862352310066,0.3625964665761019,0.3690423035447139,0.3593659390786078,0.3603559757769176,0.2878512065466599,0.3423689861344666,0.3242412107976181,0.3358992507832224,0.3621225916975274,0.3273721136145829,0.2311983546915341,0.3302890715148134,0.2841741580084623,0.3597293124924942,0.2749845360132857,0.4083839803821031,0.3510231379806868,0.3390066934058571,0.3673528085078212,0.3239191819570516,0.3687479216671271,0.2877075496250877,0.371586052349827,0.3470071763674447,0.3574359618207783,0.3292974720374422
0.3621827129713362,0.2897255144486407,0.3349857550138798,0.2902496072705292,0.3496647211505764,0.3472687129119189,0.3610902615876933,0.3466059650452165,0.2769269498232782,0.3281480230462298,0.2837402218167513,0.0783701380729347,0.4003633657167816,0.3555323152185224,0.3841207359737265,0.322518447924388,0.2431343367105498,0.3198626970255768,0.4047462753625074,0.1718648203782866,0.2620734901912916,0.4308336014849689,0.3561961347028331,0.2822363045813321,0.3526437689367349,0.3686161392620583,0.338128305954959,0.2605750291532458,0.3534799888011524,0.3535764686077778,0.3563876190488955,0.3738956362368519,0.3349772872159163,0.3018686078940395,0.3288640380769609,0.2770124427926138,0.3071582298147844,0.3713423684718847,0.3360799747411662,0.3501352721067726,0.3424257527382905,0.3456345962855764,0.3076795058691752,0.3545682242418987,0.344283229882426,0.3384162259862024,0.3161270865582103,0.3054558524269422,0.3409249977565703,0.3791055445066242,0.3934426385970407,0.3524119608974759,0.376962590046994,0.3406608946625984,0.3191123956587758,0.2958586445096491,0.3801576871172102,0.3471316920156677,0.3348475171502232,0.2980248149943156,0.3002529649048948,0.3159116371134556,0.3589974115447233,0.3468257475838546,0.3269861319587447,0.2943666817531274,0.3588769504069322,0.3280853093152873,0.2822289155483332,0.3358084061751862,0.3880886320790971,0.3765325081642693,0.3315976837474776,0.3626713788056456,0.3682284323082964,0.3596915534297814,0.3603263161665464,0.2876769923723286,0.3413122819769172,0.3231993697656267,0.3454972989674563,0.3606786194954202,0.326297219700339,0.2276603139119054,0.3284410724248824,0.2866786460485045,0.356227413607563,0.2783705082352687,0.410238034899466,0.3496755914079035,0.3327757173188347,0.3679265932773297,0.3229989428948991,0.370226666127,0.2997842028496668,0.3710921690682792,0.3469540334158535,0.3567813486809699,0.3257859638587256
0.3625670324421017,0.2876321440543753,0.3340715553593057,0.2990178347549462,0.351094491117364,0.346289914925886,0.3593763825315482,0.346005664081919,0.2720798630169173,0.3211266942356902,0.2778419265250449,0.0876573193863406,0.4032979458023941,0.3546507732325988,0.3844741405291508,0.3279483242787348,0.2369065678748185,0.3195253675363896,0.4032185632340556,0.157156687855611,0.2644480336347101,0.4281582332978914,0.3554126338853564,0.2823777208886423,0.3526758452856228,0.3611964776607856,0.3382460174215172,0.2629449826663939,0.3536097319502939,0.3560140779221353,0.3556213614310843,0.3741402581243428,0.3345668708995469,0.2993986273174587,0.3286804696146023,0.2744563135922128,0.3064337103917319,0.3709086373150826,0.3356653809238398,0.3491443931742691,0.3418219151960241,0.3454969966099779,0.3061080944959957,0.3543864177097443,0.3434873918117266,0.337860942004052,0.3151672900078875,0.3092620266153175,0.3403353298046376,0.382791992145143,0.3935182897615613,0.3543144517752796,0.3763372974898395,0.3399992889399001,0.3175502769684937,0.2935073922192719,0.3788169473807947,0.3466313753092679,0.3337264478742182,0.3011599868562444,0.3012849536823322,0.3148737562842229,0.3587936252255615,0.3474598141326624,0.3301178351472184,0.3036683728520362,0.3594704200621862,0.3268317808135352,0.2821949010730366,0.3372037000149671,0.3874222698004478,0.3756176716975777,0.3252560522900413,0.3628465514598888,0.3674386476199853,0.3600767803456296,0.3600625840600214,0.2883538439547041,0.3402581282645281,0.3221628571553207,0.3548273406158544,0.3592632450134209,0.3251368958451427,0.2255417733737403,0.3265902352225717,0.2888181383007821,0.3529053645165416,0.2827938647826184,0.4122520465265414,0.3483232308813975,0.3255008996443372,0.3684755619018976,0.3219697274013111,0.3714565543774419,0.3123965015371825,0.3706452210958547,0.3470937481046285,0.3565878724536815,0.3221674125048582
0.3628922086896324,0.2858763019817613,0.3331846137954014,0.3090977525965839,0.3523896832356706,0.345207670002334,0.3576560683871256,0.345454248909191,0.2669158926590484,0.3141373629428856,0.2723153209294412,0.0967145665582074,0.4055162537612942,0.3538564186691151,0.3846409505535046,0.3330988914425266,0.2319886398256433,0.3199597889387389,0.4021658318329196,0.1442314894848664,0.2669762981800727,0.4252342508634557,0.3546786294706889,0.2829778631133132,0.3527654053777628,0.3535929284373088,0.3380209939574117,0.2661300264673667,0.3536034298860201,0.3582099044131674,0.3548874752132386,0.3741738837261137,0.3342061356124518,0.2968984727715663,0.3285329421900875,0.2722509723892305,0.3058192622965318,0.3703376337760133,0.3352961106891475,0.3482891253953404,0.3412038630893896,0.3454049275256396,0.3043914501025095,0.3540718472639109,0.3427001029162494,0.33720269604579,0.314175325686811,0.3131212883469985,0.3395244293716818,0.3864879464999756,0.3937621784580679,0.3560216954117403,0.3755637811392464,0.3392969762847668,0.3159289403967071,0.2911463049876847,0.3772375864855037,0.346115355738564,0.332548359221251,0.3047743869728981,0.3027412651325252,0.3140266929555359,0.3587146266835674,0.3479322540694625,0.3326134181128563,0.313602464648003,0.3600430050632683,0.3254667680707635,0.2829889538100146,0.3382804726904588,0.3865755037763555,0.3747020370993596,0.3191310753174629,0.3631147351140306,0.3666798898004348,0.3604984143844985,0.3595467064372518,0.2898767934815751,0.3391900732693039,0.3211638926068538,0.3637019860276663,0.3579359934054246,0.3239024447829519,0.2249702922702168,0.3247761717433391,0.2903961779273527,0.3498508865904714,0.2881257892116715,0.4145056257180685,0.3469833021412925,0.3172955101301603,0.3690291827262769,0.3208261736678841,0.3724870042053025,0.3250651620451812,0.3702523353057232,0.3473484813958293,0.3568005193937346,0.3185247933735543
0.3631480937688417,0.2846032160630291,0.3323414019761692,0.3200754514793769,0.3535494944385485,0.3440357728054974,0.3559686441912549,0.3449893193284931,0.2613895209796702,0.3074468967262435,0.2674110785015717,0.1054364551893029,0.4071333655232272,0.3531793096783909,0.3846193192420582,0.3378521387839653,0.2289571674962077,0.3210103092835287,0.4015407294355468,0.1333519022299983,0.2696987759820613,0.4220765568800275,0.3540187293794418,0.2840370442277485,0.3529123839341055,0.3459782401732729,0.3375546604364023,0.2700429847406143,0.3534173121993986,0.3602096404456545,0.354189418977867,0.3739872939656372,0.3338950968273356,0.2943697492962672,0.3283531597920625,0.2703889070304153,0.305288752558733,0.3696962203012417,0.3349445732951648,0.3475955884226342,0.3405703436311051,0.3453694581180633,0.3025295483764837,0.3536475118434757,0.3419170921861471,0.3364544537810852,0.3131371449083421,0.3169166046495846,0.3385335838583425,0.3901624110721254,0.3940384024399787,0.3575706560816017,0.3746587713790759,0.3385674668408,0.3142682404003207,0.2888701628728146,0.3755013547732843,0.3455456932934556,0.3313223148274085,0.3087260970937185,0.3044242736548327,0.3134281971155025,0.3587647176504349,0.348196158526,0.3342754374594731,0.3238204645718637,0.3605416470570918,0.3239862888419951,0.2846677557896124,0.3391953244318419,0.3855724284681677,0.3737879661050451,0.3133889181450032,0.3634652274745745,0.3659532849027174,0.3609213072863831,0.3587725692206142,0.2922110164866958,0.338088965499583,0.3202323233004592,0.3719613648400122,0.3567414309187371,0.3226136816996446,0.2259567863981961,0.3230323950479097,0.2912634659023139,0.3471436504584975,0.2941860744745064,0.4170743217126187,0.3456645038892716,0.3083158395021967,0.3696122315676979,0.3195677292931207,0.3733413481735474,0.3373404834575094,0.369909688125785,0.347627759777424,0.3573275001788359,0.3149413907599611
0.363331903363514,0.2839630107001542,0.3315604369188957,0.3314775716705677,0.3545616642067583,0.3427914169886595,0.3543592835052869,0.3446445775168451,0.255502108181158,0.3013277547232114,0.2633471772229544,0.1137273762199553,0.4082352439874273,0.3526345428001433,0.3843931153238379,0.3420941792078006,0.2282944216979207,0.3224524971733737,0.4011848045820676,0.1247076071277179,0.2726673977950822,0.4187125678992131,0.3534506030779911,0.285539447300471,0.353116426007868,0.3384845334789925,0.3369650720758571,0.2745416460895216,0.353020388833837,0.3620521402693418,0.3535331084760507,0.3735851795314735,0.3336307830275252,0.291821949671655,0.328067830491729,0.2688431362317202,0.3048130854925641,0.3690442612159574,0.334582085521354,0.3470837604569304,0.3399220496610434,0.3454013204863331,0.3005472488230428,0.3531419356440659,0.3411241402547807,0.3356372971197902,0.3120345665760225,0.3205433667686001,0.3374018483168803,0.3937712222001073,0.3941841717780857,0.3589874893264968,0.3736413550299819,0.3378309564518771,0.312570888850018,0.2867994956447978,0.3736705181506214,0.3448861866728369,0.3300599017306027,0.3128601322796113,0.3061195529229422,0.3131334184750543,0.3589543636946894,0.3482292663553763,0.3350165404074581,0.3340047385227379,0.360920729655975,0.3223987798469604,0.287241701849981,0.3401057823148702,0.3844391195209161,0.3728830194686973,0.3081692537420169,0.363888732532609,0.3652636590616304,0.3613008716507391,0.3577528370587653,0.2952882728929027,0.3369399960378063,0.3193957374754797,0.3794800779579811,0.355703626597765,0.3212962107295135,0.2283891473896114,0.321386469232759,0.2913374494925485,0.3448553266410171,0.3007579226634692,0.4200269219143587,0.3443723405705203,0.2987569876318534,0.370238469094186,0.3182006209519854,0.3740162316695918,0.348840904773719,0.3696142138453915,0.3478423227087516,0.3580547005960348,0.3114896835680008
0.3634421333110168,0.2840904045084684,0.330856720225443,0.3428110018433324,0.3554052444950619,0.3414887423720211,0.3528711758617778,0.3444438712878958,0.2493031492063046,0.2960375364784036,0.2602866899030562,0.1214711499622105,0.408874019462095,0.3522261626547571,0.3839374642410467,0.3457346797833594,0.2303345425088611,0.3240346903807605,0.4008387527246013,0.1184073174941706,0.2759361077530307,0.415186339841195,0.3529870901697495,0.2874561376805538,0.3533746683495719,0.3311956003171725,0.3363789554807432,0.2794424390112248,0.3523981656833835,0.3637627863332903,0.3529200101150426,0.3729886464171134,0.3334048121866055,0.2892731360729286,0.3276031149699392,0.2675641926864901,0.3043580269446347,0.3684330042964589,0.3341777785916952,0.3467707915849885,0.3392600453950285,0.3455060386475421,0.2984862572225606,0.3525887315921138,0.3403058923986849,0.3347825887034338,0.3108433915949817,0.323919795373621,0.3361648514323124,0.3972520381545014,0.3940266770437501,0.3602843502615324,0.3725287020434566,0.3371145882924959,0.3108263203577097,0.2850605160371602,0.3717856767044463,0.3441083472958681,0.3287769903260012,0.3170240237312655,0.307632796457007,0.3131891823017081,0.3592950277701828,0.3480322726206297,0.3348539112437706,0.343883731898437,0.3611368984790171,0.3207247553403386,0.290673992263208,0.3411520897664797,0.3832117892936825,0.3719975397930006,0.303561867036534,0.3643765915500165,0.3646136047178058,0.3615893638467186,0.3565187055494771,0.2990109616339187,0.3357391965803404,0.3186732643313774,0.3861798815788394,0.3548357082982153,0.3199719053002993,0.2320470632378536,0.3198554694370058,0.2906086300352444,0.3430500750941849,0.307600052428818,0.4234170617767088,0.3431140350085878,0.2888471225020325,0.3709077711499415,0.3167342665991551,0.3744888504710417,0.3592711169252897,0.3693662467172515,0.3479172636755547,0.3588513190232529,0.3082232788535637
0.3634780698048278,0.2850801029792781,0.330230818251728,0.3536057102654582,0.3560538468196743,0.3401434197871055,0.3515329258525771,0.34439633827187,0.2428803103753092,0.2918049494570637,0.2583172943389071,0.128527517691375,0.4090692999639999,0.3519585176271493,0.3832266210032885,0.3487142593843915,0.2352271755734781,0.3255208894215295,0.4001783154687405,0.1144777343728686,0.2795498010680914,0.4115531856297844,0.3526381791848804,0.2897527312062981,0.3536842652243322,0.3241443673223143,0.3359280022071147,0.2845420847161427,0.3515498439741006,0.3653522428863761,0.3523409697032666,0.3722265639061493,0.3332066172390368,0.2867488792680177,0.3268885980665913,0.266483734023731,0.3038811143200825,0.3679032463617721,0.333702293665984,0.3466568477949722,0.3385818125048123,0.3456838110235977,0.2964003090421265,0.3520196275889565,0.3394569524542127,0.333929994093424,0.3095405454786084,0.3269941045740806,0.3348540087260683,0.400531502303584,0.3933949179363106,0.361450796187565,0.3713262839207421,0.3364466652070422,0.309017374298946,0.2837747360195721,0.3698721949683221,0.3431998382451579,0.3274896056720716,0.3210817526922798,0.3088132745457598,0.3136319925804677,0.3597876530150137,0.3476239785386186,0.3338855964887155,0.353242255810781,0.3611466951803853,0.3189912505230353,0.2948792505693545,0.3424376664161067,0.3819317591979005,0.3711373092292615,0.2995837568899617,0.3649168534957022,0.363997355069899,0.3617395866531454,0.3551131043315779,0.303263563718995,0.3344926582837362,0.3180660357709496,0.3920332429260444,0.3541431406482943,0.3186564730422307,0.2366261895355519,0.3184412551445703,0.2891316724136379,0.341774201880675,0.3144655449329662,0.4272664837086681,0.3418957598909241,0.2788365285916464,0.371610437973416,0.3151756598344259,0.3747321511034784,0.3684300784670357,0.3691650022327854,0.3477942324668845,0.35957418464631,0.3051717181482628
0.3634487714187029,0.2869768630172794,0.329669266024148,0.3634578194974957,0.3564836214645651,0.3387791837423438,0.3503569969633859,0.3444998108998029,0.2363510929243402,0.2888214596532846,0.2574479863066477,0.1346767056270118,0.4088128829501752,0.3518337897757727,0.3822328509302153,0.3510034441479311,0.2429175193813837,0.3267137044840895,0.3988592156838158,0.112866147074736,0.2835410448288005,0.407866649151459,0.3524057905843721,0.2923846964235169,0.3540403932933582,0.3173265594742475,0.3357347179949696,0.2896457335328571,0.3504912977492664,0.3668214891421214,0.3517895806606441,0.371329223349384,0.3330301792094444,0.2842890825966008,0.3258618222551908,0.2655266125691896,0.3033439521647935,0.3674827922425231,0.3331367165390548,0.3467200820639316,0.33788027311656,0.345933049795983,0.2943649261698121,0.351459473251999,0.3385800642826567,0.3331195322843853,0.3081123512000885,0.3297429908124505,0.333499140639913,0.4035330833694319,0.3921250732937367,0.3624614966892491,0.3700321321377378,0.3358507387414702,0.3071228023392957,0.2830636199712749,0.3679433700996867,0.34216749812421,0.3262094464736762,0.3249239829596513,0.3095643139717896,0.3144857816668131,0.3604248656146607,0.3470426416205797,0.3322681969561911,0.3619327662342039,0.360921716137204,0.3172274538641746,0.2997255104632423,0.3440223248687874,0.3806320780053769,0.3703031586315868,0.2961775062545339,0.3654931107409054,0.3634104802534454,0.3617070762955353,0.3535871507577431,0.3079209167396708,0.3332136518367106,0.3175549263961832,0.3970512104302945,0.3536140070400226,0.3173645124522221,0.2417633040079221,0.3171316614869243,0.2870178422808719,0.3410461636475849,0.3211307928895369,0.4315475954663671,0.3407180342757833,0.2689883017185399,0.3723317417982113,0.3135300781619949,0.374724381921434,0.3762185436118636,0.3690120461314428,0.3474287450187777,0.3600835859262572,0.302336564944017
0.3633752590181826,0.2897752177985357,0.3291552508939672,0.3720623743544941,0.3566828436303139,0.3374224527222854,0.3493480030569311,0.3447443856801943,0.2298567222065512,0.2872242801708005,0.2576165702458789,0.1397585451210903,0.408079491652663,0.351840435740902,0.3809228690132378,0.3526080056662478,0.2531390598689224,0.3274757365382202,0.396554932929605,0.1134451408022483,0.2879337261225846,0.4041707793378764,0.3522788401389656,0.2952867349576733,0.3544305930639632,0.310722332430741,0.3358767467164533,0.2945902394414908,0.3492618706582455,0.3681656995138228,0.3512785772347817,0.3703315874571876,0.3328770028201042,0.2819603821213116,0.3244722955661417,0.2646206489780977,0.3027246612453467,0.3671857176622313,0.3324779679064751,0.3469321821280126,0.3371490005147063,0.3462537146408005,0.2924819888972048,0.3509296193363999,0.3376796576704066,0.3323852060055983,0.3065541909776689,0.3321638539899729,0.3321314371376648,0.4061810504136283,0.3900712674656849,0.3632919367850584,0.3686466714418434,0.3353450213142162,0.3051195220659188,0.283040772386209,0.3659979324019715,0.3410323672839165,0.3249455123090756,0.3284728593053005,0.3098515958305256,0.3157550199841358,0.361198951894348,0.3463445997272816,0.3301974176851468,0.3698768660135927,0.3604629138761845,0.3154636047807391,0.3050465996960851,0.3459256502647282,0.3793363835187524,0.369495627154321,0.2932331282980623,0.3660854159288509,0.3628616561248681,0.3614561453644316,0.3520012904564337,0.3128496968032358,0.3319212389652333,0.3171079936484651,0.4012678014032633,0.3532170840901431,0.3161076260796834,0.2470684936225393,0.31590311506477,0.2844328686519095,0.3408570895996695,0.3274186455939476,0.4361724663584653,0.3395763597829391,0.2595747292779443,0.3730511294744825,0.3118051188369927,0.3744483614564369,0.3826355203453429,0.3689210571890194,0.3467960382875368,0.3602621921282729,0.2996863046731645
0.3632795224825916,0.2934149040739806,0.328671370915381,0.3792276621939433,0.3566545124780218,0.3360916860272228,0.3485045477150059,0.3451086079191619,0.2235507015072657,0.2870719128182664,0.2586952683298422,0.1439956879511942,0.4068434422695194,0.3519540065285994,0.3792643037078054,0.353578766949884,0.2654260667356663,0.3277619139255563,0.3929902309833579,0.116022015786079,0.2927491527835911,0.4005030248045181,0.3522361525316673,0.2983784299887801,0.3548357399743019,0.3043109683630811,0.3363684560634784,0.2992570726948281,0.3479206466080009,0.3693737648150622,0.3508336418972295,0.3692733508100095,0.332752245445072,0.2798566621323698,0.3226886575505562,0.2636982222175468,0.302012770996114,0.3670143273361499,0.3317363169707317,0.3472707198307984,0.3363873559266714,0.3466486859229723,0.2908646558712148,0.3504523457711635,0.3367650149213124,0.3317537954232281,0.3048683683551205,0.3342694936909255,0.3307822002025186,0.4084081047274147,0.3871244577604558,0.3639209891993183,0.3671708467450694,0.3349398609567386,0.3029890609915449,0.2837864075784529,0.3640235886005213,0.3398241828327502,0.3237081749803338,0.3316825428057043,0.3097066778842782,0.3174205652861923,0.3620951415500285,0.3455907175265963,0.3278774422263144,0.3770510135850627,0.3597938409933051,0.3137299309631629,0.3106606854946863,0.3481278310150676,0.3780664977573333,0.3687158508613534,0.2906108067971119,0.3666695382834398,0.3623699742058147,0.3609684494303316,0.3504215382317251,0.3179116177177125,0.3306379332885329,0.316688405284983,0.4047325885233677,0.3529161803471351,0.3148855240018169,0.2521697804687346,0.314721443596296,0.2815848425348547,0.341172556533283,0.3332027058217608,0.440987526924444,0.3384662176694768,0.2508704175905387,0.373741777396971,0.3100117548493867,0.3738937473631286,0.3877538563724962,0.3689162449102524,0.3459029232124082,0.3600228651236039,0.2971530919350346
0.3631771111640382,0.2977779848403478,0.3281912916189646,0.3848756415435174,0.3564110007615629,0.3347978290585034,0.3478108906098661,0.345559131343119,0.2175818515342759,0.2883299469093718,0.2605033839446845,0.1479964536866842,0.4050930408187368,0.3521495043715164,0.3772391331910776,0.3540074780533105,0.2791535951955997,0.3276336172859923,0.3879743332012393,0.1203518634970864,0.2980121080181294,0.3968962501455478,0.3522505480396366,0.3015824459967743,0.3552353694464545,0.2980814083345063,0.3371920034711319,0.3035814420706041,0.3465324406282042,0.3704310467388334,0.3504757225402479,0.3681895945071746,0.3326608387899699,0.2780842070661949,0.3205099141485041,0.2626971734863956,0.3012012482767437,0.3669629698108356,0.3309309058516125,0.347712797479534,0.3355985565580285,0.3471213771884581,0.2896207317350626,0.350047413987302,0.3358559047005603,0.3312435786301549,0.3030717555150642,0.336088276812805,0.3294792571434442,0.4101657112352075,0.3832249525872799,0.3643275602997325,0.3656030731518002,0.3346292366125009,0.3007235993134816,0.2853340885697121,0.3620109382671462,0.3385807624823925,0.3225079846091497,0.334538029170262,0.3092150302713979,0.3194463387381968,0.3630797136525105,0.3448310236586929,0.3254814212415953,0.3834644337595673,0.3589466243130804,0.3120530693539705,0.3163836164634034,0.35056568579519,0.3768397810793892,0.3679626361349609,0.2881575542171076,0.3672159369416932,0.3619577881709421,0.36024670908236,0.3489086497745537,0.322974428809868,0.3293867380356143,0.3162558596654846,0.4075063962137504,0.3526811137745243,0.3136862935514337,0.2567588976945575,0.3135469522234736,0.2786994520710691,0.3419290995037612,0.3384034334460709,0.4457696103415957,0.3373867005219152,0.2431348282797387,0.3743764731084055,0.3081670870806672,0.3730687961420023,0.3916884376664452,0.3690178553453188,0.3447887319555638,0.3593110752322729,0.2946400176356551
0.363082729248821,0.3027008181060346,0.3276785742825696,0.3890355754198613,0.3559700696118108,0.3335531351051492,0.3472326653744664,0.3460629371776025,0.2120786428422916,0.2908700626271428,0.2628397723394592,0.1523055664453265,0.4028373407442735,0.3524052888781519,0.3748512105146154,0.3540059356426031,0.2935982547399793,0.3272340661180805,0.381425487092807,0.1261505613133694,0.303752410739467,0.393370273702456,0.3522867997726243,0.3048287905815757,0.3556052593329838,0.2920474669107261,0.3383307226550571,0.3075588343035665,0.3451582945364522,0.3713289387705009,0.3502208123289871,0.3671057462611219,0.3326105631413734,0.2767514144853997,0.3179717444795753,0.261567707785709,0.3002932496787536,0.3670226469692904,0.3300886251577606,0.3482282920166734,0.3347849853865494,0.3476702923442056,0.2888514277271126,0.3497251660239598,0.3349770389689582,0.3308604475520522,0.3012069613688484,0.3376629213952343,0.3282466989071588,0.4114279097677885,0.3783624502629417,0.3644973452284201,0.3639508743839146,0.334387105070756,0.2983267673316592,0.2876792828926439,0.35996452214789,0.3373465367046325,0.3213507364034594,0.3370512536495107,0.3084926083417385,0.321788926130221,0.3641056963934123,0.3441020984136219,0.3231271111782188,0.3891376601394691,0.3579627811955169,0.3104502787986625,0.3220359690510972,0.3531323530425305,0.3756598426893622,0.3672302027333757,0.2857332474019244,0.3676918444633857,0.3616528538677473,0.3593116627126973,0.3475109245837186,0.3279231480058285,0.328189003926019,0.3157659050906124,0.4096508328167825,0.3524850807807952,0.3124968866250803,0.260621570473936,0.3123433111539302,0.2760017491623888,0.3430362881339846,0.3429906262114277,0.4502245746444517,0.3363388017475709,0.2365929049505181,0.3749347388884116,0.3063037346170622,0.3720069764022382,0.3945743474545783,0.3692338841611114,0.3435113233866418,0.3581121374318918,0.2920400695819765
0.3630134760693469,0.3079946427256075,0.3271006949466916,0.391827898336293,0.3553572916281555,0.3323723127596439,0.3467245982493199,0.3465974835585442,0.2071396735939512,0.2944675316819697,0.2655209566129213,0.1571145696518114,0.400109545153854,0.3526964144555116,0.3721260634182222,0.3536890836673664,0.3080058199354341,0.3267531288609643,0.373379961787893,0.1331094140135281,0.3099990094411829,0.3899217767013639,0.352300315756147,0.3080436211264303,0.3559107080242227,0.2862591289258599,0.3397426693529771,0.3112386218956384,0.3438533662887705,0.3720709902403474,0.3500924263956715,0.3660430010076054,0.332616995678709,0.2759717614695371,0.3151428723610391,0.2602793468635656,0.2993086941848917,0.3671845331291926,0.32924262996142,0.3487880425167974,0.3339491310289021,0.348287039831565,0.2886510919225938,0.3494864256852075,0.3341477577417319,0.3305960236174495,0.2993418509194165,0.3390424814026659,0.3271074015510758,0.4121903992358273,0.3725786289349501,0.3644301263223349,0.3622422178596188,0.3341752799035751,0.2958127281099738,0.2907824659707567,0.3579012882898256,0.3361643779798555,0.3202370366581159,0.3392523134622514,0.3076657077287757,0.3243976131453031,0.3651270200944561,0.3434316649212186,0.3208800473256841,0.3940859302788157,0.3568999627381999,0.3089250362401302,0.3274534394611309,0.3556843595858317,0.3745195566744722,0.3665069245669711,0.2832436516384395,0.3680650457340372,0.3614909818180385,0.3581985848223708,0.3462654684267385,0.3326604601193716,0.3270597895120431,0.3151745854646518,0.4112162312702564,0.3523044137447204,0.3113062817988017,0.2636517393832731,0.311079114548318,0.2737119521214969,0.3443897197653372,0.3469848907291243,0.453998212660263,0.3353208667737671,0.2314242780647818,0.3754038996094734,0.3044775777342651,0.370757162945763,0.3965509707960189,0.3695660282846699,0.3421345066701488,0.3564540699687298,0.2892548485430165
0.3629786876720087,0.3134608815481378,0.3264417767335923,0.3934348444097286,0.3546077875285979,0.3312651342744185,0.3462406452833468,0.3471442058151064,0.2028324446536368,0.2987972871395309,0.2684019498755527,0.1624706318619949,0.3969697347565856,0.3529941309799642,0.3691115881935674,0.3531737456335331,0.3216593465351393,0.3264068811751907,0.3639873267353238,0.1409147704384069,0.3167723605464795,0.3865253988401843,0.3522439858104451,0.3111504413586978,0.3561112980336157,0.2807965903258331,0.3413023499983952,0.3147034240338451,0.3426613563811526,0.3726681395407747,0.35011783951302,0.3650196123952222,0.332700606743517,0.2758601074197185,0.3121217378452722,0.2588190948526337,0.2982733980725405,0.3674408509881491,0.3284253189272295,0.349371938956572,0.3330976485285727,0.3489612048348891,0.2890921009117601,0.3493292286290252,0.3333800587458143,0.3304291989658946,0.297559891586154,0.3402720975254486,0.3260818862621095,0.4124734785356445,0.3659807621042919,0.3641359936800737,0.3605169599453146,0.3339522314987865,0.2932080092444786,0.2945571674689101,0.355846240569324,0.335066498069592,0.3191669205855015,0.3411789640666487,0.306856617439218,0.3272101282669604,0.3660966444201298,0.3428351848574807,0.31876768067206,0.3983126477375025,0.3558227533895082,0.307469263356736,0.3325028045478372,0.3580503292167919,0.373413236191208,0.3657756912288301,0.2806549825794764,0.3683058721621307,0.3615078788777002,0.3569570766747372,0.3451985623469046,0.3370989687249405,0.3260009693770586,0.3144470774323709,0.4122385103553825,0.3521281771414083,0.3100978610424746,0.2658603683930069,0.3097225685775802,0.2720379977804046,0.3458823756827346,0.3504441707973874,0.4567068377461872,0.3343284840175363,0.2277543066669294,0.37577629279296,0.3027662067709629,0.3693700053189457,0.3977428734606207,0.3700147893840946,0.3407267711450779,0.3543953703043255,0.2862041768996634
0.3629706504110111,0.3189039258614912,0.3257003436302507,0.3940671562841312,0.3537607600830769,0.3302335482386828,0.3457369028645,0.3476795729140775,0.1992004778590944,0.3034476102362924,0.2713831891767945,0.1684737440765323,0.3935021447664713,0.3532737192224713,0.3658805637942327,0.3525780127485174,0.3339449503747623,0.3264120052529392,0.3534930165491307,0.1492679077146672,0.3240813574235433,0.3831425117137474,0.352075726612589,0.3140902794035471,0.3561755919213671,0.2757543011302653,0.3427876560511135,0.3180490052312644,0.3416047366637024,0.3731326478497996,0.3503082451409425,0.364041622104387,0.3328781735400959,0.2765104387286147,0.3090413843619162,0.2571834979275319,0.2972073756408993,0.3677844243024009,0.3276594202010597,0.3499625564580873,0.3322399799567158,0.3496843020823086,0.2902092076686681,0.3492531724403756,0.3326796312177343,0.3303264322552224,0.2959570581291394,0.3413877510075551,0.3251826462074417,0.4123250028600477,0.3587493238649943,0.3636334199237725,0.3588132610203664,0.3336743649381468,0.2905534477238867,0.2988697432327793,0.3538361338532519,0.3340720550452258,0.3181412471072624,0.3428697714909277,0.3061667857949619,0.3301590653158205,0.3669568845095639,0.3423066720915564,0.3167864622494575,0.4018116833674423,0.3547828237240288,0.306070758740076,0.3370923609148494,0.3600362983440915,0.3723378894705145,0.3650180898867287,0.2779851128238892,0.3683877531114511,0.3617291067014597,0.3556487806183335,0.3443192754976533,0.3411593096788035,0.325000591468569,0.3135624094426996,0.4127425419079314,0.3519608619667889,0.3088474074079115,0.2673773600158298,0.3082441977128201,0.2711560824115776,0.3474074312069527,0.353442428054368,0.4579789492089861,0.3333599741089791,0.2256357712396086,0.3760483594204062,0.3012653388226849,0.3678960423630371,0.3982471837165345,0.3705723319606883,0.3393591189303723,0.3520099959018947,0.2828335696301593
0.3629695346464209,0.3241498712440103,0.3248817953375334,0.3939388882342817,0.3528522218740101,0.329275084688133,0.3451715312333106,0.3481828340006623,0.1962734801376517,0.3079553754872848,0.2744203787638574,0.1750842577311738,0.389806520069747,0.3535157722813573,0.3625267406382878,0.3520076490398931,0.3444054672220108,0.3269415611936476,0.3422085586736964,0.1578979386923253,0.3319197564081134,0.3797264704412948,0.3517582696156515,0.3168329664555651,0.3560871197580741,0.2712307337755911,0.3439242104860597,0.3213716217002118,0.3406818057780718,0.3734812649785723,0.3506515712101837,0.3630989225546026,0.333159053983196,0.2779760884937143,0.3060708456054877,0.2553752346334917,0.2961313496905389,0.3682089476923927,0.3269552536033959,0.3505378497730967,0.3313830214174263,0.3504454538314884,0.2920010362824751,0.3492566120416884,0.3320395103921661,0.3302408657933798,0.2946453698611526,0.3424161989977394,0.3244114123490792,0.4118139662264318,0.3511239173713673,0.3629561933553158,0.3571712365809508,0.3332978013557598,0.2879026576126351,0.3035616133349166,0.3519232569143686,0.3331879760707382,0.3171572064831429,0.3443603709489435,0.3056597986896753,0.3331871797351305,0.3676479386373785,0.3418200033148156,0.3149080926378141,0.4045666528262325,0.3538112207231743,0.3047153503489781,0.3411693074936778,0.3614317648689505,0.3712840777093115,0.3642182034386822,0.2752952335732531,0.3682888477407468,0.3621686753019143,0.354337712613715,0.3436144450663202,0.3447785927370853,0.3240400648717466,0.312511688458046,0.412741808262339,0.3518113966372327,0.3075310055202472,0.2684330775199856,0.3066278543564499,0.2711964665728765,0.3488629386105626,0.356056789162706,0.4574901452754019,0.3324176952525511,0.2250297667447744,0.3762208873537994,0.3000895612778486,0.3663888942931299,0.3981390212507594,0.3712131088065293,0.3380913801506152,0.3493841651237157,0.2791280895445989
0.362951752031244,0.329064097443933,0.3239994532833236,0.3932498654564829,0.351913909610605,0.3283829197737935,0.3445099813078822,0.3486486017849297,0.1940745575452218,0.3118445071801013,0.277533579292691,0.1819787354031229,0.3859906597754518,0.3536992029174797,0.3591533021033326,0.3515411452462377,0.3527716103890759,0.3280945882775034,0.3304786319908276,0.1665696835546609,0.3402552011825676,0.3762248750116128,0.3512585622353788,0.3193666441017401,0.3558379909394735,0.2673205522913521,0.3444377863105772,0.3247524924241216,0.3398714153895263,0.3737406484258688,0.3511236508624296,0.362174984593843,0.3335470792863114,0.2802702402436641,0.303399835598105,0.2534075774927193,0.2950742833336509,0.3687087377080209,0.3263145825573255,0.3510767665694304,0.3305302995120884,0.351225312836698,0.2944374093315656,0.3493319064441388,0.3314352271168564,0.3301169463513342,0.2937467865707082,0.3433758146354838,0.3237630902683795,0.4110189106616972,0.3433784184936014,0.3621505813701822,0.355641464535005,0.3327874197748757,0.2853198893728799,0.3084687122418285,0.3501675912283146,0.3324070361782787,0.3162054045624285,0.3456790936057139,0.3053568979176827,0.3362546976925883,0.3681277597370149,0.3413431727759928,0.3130974863198164,0.4065446580264533,0.3529248530261478,0.3033799659287939,0.3447118283329972,0.3620256358051224,0.3702358119048054,0.3633597360473224,0.2726903097712483,0.3679950772774609,0.3628284817081576,0.3530775820609834,0.3430519886656338,0.3479164257065977,0.3230979638813381,0.3112962221265864,0.412236821983416,0.3516861917590698,0.3061282423683199,0.2693193238126921,0.3048718645641752,0.2722465673665004,0.3501631769679322,0.3583609782991675,0.4549876208386822,0.331499308995391,0.2258046062812303,0.3762975822936753,0.299367938936839,0.3648990611301013,0.3974832576123292,0.3718954485397219,0.3369590643475804,0.3466138791481986,0.2751254844983509
0.3628892819269567,0.3335570862719652,0.3230795431164737,0.3921709673624691,0.3509762641531815,0.3275428408849272,0.3437342191305471,0.3490813671738926,0.1926266217763608,0.314659451067949,0.2808001601474445,0.1888147286853873,0.3821652718400852,0.3538000419625509,0.3558622826786227,0.3512290665399336,0.3589694398197506,0.3298987364258186,0.3186552623295292,0.175092747060889,0.3490177255871654,0.3725861547810929,0.3505559956539947,0.3216888427199234,0.3554262198377226,0.2640968032386785,0.3440858118784535,0.3282373810533708,0.3391353864392973,0.3739434486288411,0.3516932402192093,0.3612545903029151,0.3340394314306684,0.2833700731171242,0.3012161708605201,0.2513087374051107,0.2940607048961596,0.3692758370752276,0.3257333903425918,0.3515652072226556,0.3296845328832645,0.3519979750755188,0.2974555681271225,0.3494663576397478,0.3308338926660278,0.3299008477782508,0.2933748250526154,0.3442767620795369,0.3232300213710544,0.4100203034369882,0.3358012508472436,0.3612584774274603,0.354276171067922,0.332125119377884,0.2828811733809456,0.3134263858862303,0.3486241254180086,0.3317074878522231,0.3152725060074596,0.3468433704124199,0.3052472929191452,0.3393336712946196,0.3683750364509058,0.3408490138906952,0.3113331923047901,0.4077009745685334,0.3521292720937461,0.3020294848562975,0.3477262645159323,0.3616341414964628,0.3691810502902188,0.3624218226189895,0.2703087521503146,0.3675029092232541,0.3636902722927113,0.3519043424547346,0.3425873504388955,0.3505485196889885,0.3221469241667685,0.3099305007362289,0.4112241288228393,0.3515935255092827,0.304617795532865,0.2703482749054177,0.302978565989091,0.2743563612792755,0.3512452747373934,0.3604135111833176,0.4503172128463594,0.3305896049665877,0.2277527373013197,0.3762843544254081,0.2992268812548549,0.3634622859149299,0.3963361920268735,0.3725710201514635,0.3359749477742083,0.3437874338089167,0.2709168955961571
0.3627488980523765,0.3375837375427575,0.3221580189257714,0.3908362957951732,0.3500686821809036,0.3267356451524447,0.3428481356313981,0.3494790670744187,0.1919621210411179,0.3160033343444804,0.2843339427602004,0.1954787793255354,0.3784355952114565,0.3537979563138844,0.3527481437308417,0.3511005838331375,0.3631054937600442,0.3323119151001601,0.3070768606043533,0.1833300245734442,0.3580996622394226,0.3687680327211343,0.3496519032671643,0.3238139342224249,0.3548622151325162,0.2615903162712529,0.3426718228835163,0.3318276765630251,0.3384188792459088,0.3741191744174052,0.3523133688665596,0.3603190243108438,0.3346225291715282,0.2872071757514681,0.2996929459493608,0.2491195590604367,0.293095498026076,0.3698961818193769,0.3251996904160248,0.3519888562118548,0.3288450314795671,0.3527369711580242,0.3009556334011656,0.3496489708724427,0.3302065008279624,0.3295474157366284,0.2936209415231726,0.345121368117747,0.3228012127510014,0.40889295535975,0.328675267652126,0.360312470171175,0.3531137627042621,0.3313102640527412,0.2806760345162341,0.3182801780240822,0.347338471264054,0.3310593943230105,0.3143427688050609,0.3478604277002929,0.3053021186708421,0.3424020805164794,0.3683776420890939,0.340313018514543,0.3096099980056402,0.4080012138437301,0.3514123459062104,0.3006266547605731,0.3502464945635296,0.3601307128565433,0.3681142217112028,0.3613838622438478,0.2682949973460288,0.3668203070888969,0.3647090188759419,0.3508350126899717,0.3421675856342773,0.3526579636332204,0.3211559461984748,0.3084449916898703,0.4097127572188361,0.3515416107448159,0.3029798682316296,0.2718201029453217,0.3009534163676893,0.2775316373128823,0.3520657676765685,0.3622464348331663,0.4434547272735416,0.3296645333221945,0.2306099232813116,0.3761915617436843,0.2997710214807368,0.3620968273514981,0.3947449039454553,0.3731911528011071,0.3351358773613077,0.3409652365785516,0.2666382721530329
0.3625014777395957,0.3411439408857999,0.3212706683026861,0.3893465002998723,0.3492174231213517,0.3259421180854251,0.3418765064069504,0.3498299812496577,0.1921300048324875,0.3155787739790107,0.288263985264118,0.2019317199769206,0.3748930699861126,0.3536777495596202,0.3498890890153932,0.3511623602341683,0.3654274528658313,0.3352060995080376,0.2960467835303252,0.1911991709755156,0.3673653132489815,0.3647402945693707,0.3485689437966938,0.3257772265941678,0.354170984748664,0.2597847650528656,0.3400480604480694,0.3354891493598477,0.3376590574416345,0.3742912011649404,0.3529206317608045,0.3593420159043194,0.3352741824898878,0.2916611192380848,0.2989808953095777,0.2468901588423321,0.292171581223115,0.3705479272556344,0.3246918892706913,0.352325744206393,0.3280016308702582,0.3534158202870406,0.3048127400668678,0.3498744918977216,0.3295266847762326,0.3290195237357311,0.2945527663848249,0.3459049081539628,0.3224613859009007,0.4076928262946448,0.3222470789183782,0.3593486796992627,0.3521781855700119,0.3303577268279409,0.2788048983343555,0.3229075804858844,0.3463468843929173,0.3304309982443015,0.3133938504049721,0.3487299295406502,0.3054855951919373,0.3454457653995185,0.368133144531013,0.3397099476952589,0.3079233775341273,0.4074392089739024,0.3507421316923222,0.2991417721872866,0.3523259671705581,0.3574675792733309,0.3670274828894216,0.3602350937715895,0.2667770176857312,0.365965296404882,0.3658173487136866,0.3498682793139334,0.3417362518336272,0.3542391961893665,0.3201022156743696,0.3068820192050836,0.4077301161394179,0.3515238878815397,0.3012068072680397,0.2739909021417627,0.2988184463902874,0.2817264284064134,0.3525974130255687,0.3638687127282367,0.4345203562590282,0.3287006763009718,0.234074784926146,0.3760350077988846,0.301073306159199,0.3608099769488073,0.3927591663727535,0.3737074228639945,0.3344187293154044,0.3381784451470323,0.2624629642847568
0.3621308846698071,0.3442772613499741,0.320446717171202,0.3877763716456696,0.3484461720121877,0.3251406819975028,0.3408624022458717,0.3501220968454965,0.1931914978651599,0.3132136228881871,0.2927144098766291,0.2080222195798083,0.3716159149118969,0.3534241797394608,0.3473344792154252,0.3513946183629619,0.3662667992731371,0.338378568210017,0.2858188138676615,0.1986667367142295,0.3766605364739538,0.3604844703283953,0.3473449068005725,0.3276206382745737,0.3533843848142773,0.25862607604763,0.3361194121908559,0.3391618885809335,0.336801001137853,0.3744795147684711,0.3534509593911701,0.358297373778173,0.335971574843295,0.2965755646969671,0.2991899181177613,0.2446848850160282,0.291285186432506,0.3712014202258065,0.3241836855400573,0.3525535630774949,0.3271360813832412,0.3540056506814778,0.3088966708063289,0.3501383677277622,0.328765015915836,0.3282878979862593,0.2962100443345556,0.3466175542681889,0.3221957758770619,0.40644780635917,0.3166954284477123,0.3584072745335636,0.3514846673174852,0.3292974184471243,0.2773735380333149,0.3272254772427784,0.3456698303402589,0.3297882645709941,0.3123939021127165,0.3494447105727942,0.3057668729339233,0.3484610389536088,0.3676617096460624,0.3390213807511071,0.3062542289393824,0.4060341555022804,0.3500766281068859,0.2975479632521669,0.3540234084957089,0.3536920166841403,0.3659092231376553,0.3589756639512059,0.2658615672848204,0.3649637598537347,0.3669353293838576,0.3489857441366425,0.3412410851277317,0.3553095908853018,0.3189777350924279,0.3052898206396944,0.405314091582208,0.3515122685584658,0.2993060817309865,0.2770378676674608,0.2966179997127516,0.2868500086350461,0.3528311120906978,0.3652787864740389,0.4237619209047845,0.3276772042774181,0.2378416106570697,0.3758323837738487,0.303168409941496,0.35960290747522,0.3904462921791521,0.374072048813078,0.3337735980024522,0.3354396475217418,0.2585934361184634
0.3616312324306007,0.3470457610328004,0.3197074053334087,0.3861800161931873,0.3477789704832864,0.3243018122619193,0.3398663799908465,0.3503437195559538,0.1952094840429825,0.3088688394078392,0.2977816621345148,0.2136395389216808,0.3686735249473282,0.3530217474114347,0.3450977162159563,0.3517585264965366,0.3659834683504197,0.3416132349326958,0.2765986204939931,0.2057388251837983,0.3858220940033132,0.3559983930202972,0.3460305188626446,0.3293777263586591,0.3525346035331534,0.2580291339779952,0.3308650563857855,0.3427629383642804,0.3358074433745824,0.3747016010471351,0.3538520208590568,0.3571674905327277,0.3366937616657236,0.3017808383126675,0.300364897525248,0.2425924560177808,0.2904296875366998,0.3718189708483351,0.3236524780474063,0.3526597526777613,0.326231402328011,0.35447833637211,0.3130794785448674,0.3504291625626672,0.3278982861200597,0.3273381526066162,0.2985907386103905,0.3472487295890441,0.3219964777621587,0.4051614918675004,0.3121130391565505,0.3575131025803167,0.3510339185761448,0.3281698573878952,0.2764893973178018,0.331177936971211,0.3453051021707736,0.3290949171791357,0.3113067301022827,0.349992391342662,0.3061328443049994,0.3514501188364516,0.3670068734936403,0.3382459465648649,0.3045616111516318,0.403824307314198,0.3493766637887187,0.2958150741235315,0.3553931083934223,0.3489645712682241,0.3647565233715635,0.3576103000959572,0.2656324332236878,0.3638487273801794,0.3679777722134496,0.3481553931291585,0.3406396831633932,0.3559106019899626,0.3177834543308611,0.3037258891181255,0.4025099452928197,0.3514689022413117,0.2972948355463593,0.2810379114423734,0.2944093089031935,0.2927814325323196,0.3527737933673098,0.3664691251006027,0.4115223309332574,0.3265734696817435,0.2416442052409788,0.3756005585487735,0.3060428231621034,0.358471779100881,0.3878894556433374,0.3742418091155862,0.3331335185984095,0.3327434932542208,0.2552427899633184
0.3610029656743811,0.3495170520936886,0.3190631708564154,0.384598461003565,0.3472409366237433,0.323391929778224,0.3389627259327606,0.3504726507351369,0.1982405880078341,0.3026418751795892,0.3035164364405442,0.2188671835943585,0.3661221032171483,0.3524611973390911,0.3431611315273231,0.3522107233501354,0.3649245316613885,0.3447328303092508,0.2685539238191058,0.2124493496913072,0.3946929344680476,0.3513032024742716,0.3446873031078779,0.3310744109476461,0.3516537785267515,0.2578803117881546,0.3243577864002293,0.3461963085530901,0.3346578225803917,0.3749713527939622,0.354081168193712,0.3559423778498007,0.3374176356811251,0.3071013115442783,0.302477788725858,0.2407274914118679,0.2895785939724124,0.3723555977578485,0.3230833541257351,0.352637331860676,0.3252772099882538,0.3548125878865472,0.3172355166228393,0.3507299973889501,0.3269259314791722,0.326179694172636,0.3016420950033521,0.3477915000941964,0.3218627545493238,0.4038193691454865,0.3084988348779576,0.3566697257992453,0.3508048732823324,0.3270169340009186,0.2762589454839391,0.3347328146151128,0.3452332655423284,0.3283208984170015,0.3100990219454907,0.3503614819507422,0.3065952555912685,0.3544119490591256,0.3662213715574308,0.3373969322852452,0.3027733620301364,0.4008761947344637,0.3486115639352162,0.2939215239485908,0.356483879729094,0.3435713211554398,0.3635845342363163,0.3561471884690987,0.2661397994504786,0.3626594910921901,0.3688612450733086,0.3473356683040392,0.3399015337080638,0.3560967026900374,0.3165242354833171,0.3022670287183425,0.3993801940495161,0.3513571774102362,0.2952037222193768,0.2859701369437142,0.2922591108345254,0.2993775083295124,0.3524387989903331,0.3674239820415842,0.3982107951610306,0.3253726701143538,0.2452892627177979,0.3753594398478777,0.3096297135335376,0.357411601735956,0.3851742702760226,0.3741835294441076,0.3324355418116954,0.3300595113939993,0.2526101042850733
0.3602594145063974,0.3517583574809442,0.318509011962247,0.3830725595550191,0.3468559825800816,0.3223841217510234,0.3382273607592597,0.3504716024600734,0.2023254427414682,0.2947633386749603,0.30991634948022,0.2237840584186437,0.3639966186035415,0.3517431245605456,0.3414863015995236,0.3527088427996681,0.3633886028098704,0.3475959119314654,0.2618201385551437,0.2188475076531663,0.4031401892637873,0.346443398224302,0.3433783934501373,0.3327313756768919,0.3507704274456484,0.2580502083472242,0.3167474587343103,0.3493763789976834,0.3333457905350983,0.3752996186571544,0.3541041914789533,0.3546171781989589,0.3381196883421957,0.3123602782510875,0.3054394036306448,0.2392194886253962,0.2886883897707379,0.3727623297926757,0.3224668549673365,0.3524762580493716,0.324266856992071,0.3549947931913322,0.3212510931609412,0.3510266698724431,0.3258692065880612,0.3248480333081689,0.3052686595526883,0.3482423186491409,0.3217969969169468,0.4023857759245676,0.3057539634610632,0.3558776716654628,0.3507627771144732,0.3258759675607244,0.2767800974680109,0.3378945932632612,0.3454288479544672,0.3274504935588253,0.308741066905193,0.3505474307091147,0.3071893994200785,0.3573350665559635,0.3653593272799373,0.3364906236684624,0.3007719112520146,0.3972948715162752,0.3477584904502389,0.2918729185425195,0.3573391648035409,0.3379126614885067,0.3624216738402398,0.3546024356447856,0.2673904967348047,0.3614365210571125,0.3695129807506962,0.3464787642451951,0.339010613416765,0.3559291718903829,0.3152125286173751,0.3010101025011025,0.3960094596986883,0.3511385231583179,0.2930913163559424,0.2917286956359614,0.2902543053066169,0.3064777340289273,0.3518381972788293,0.3681257582701669,0.3842719390293684,0.3240681662398864,0.2486696272364102,0.375136880101394,0.3138150333503778,0.3564225773950649,0.3823823789547506,0.3738770342755642,0.3316298293329342,0.3273379515049082,0.250863778426545
0.3594322134798541,0.3538319039395552,0.3180240433280644,0.3816507630975218,0.3466446765032904,0.3212611204173498,0.3377225783413264,0.3502958558076084,0.2074697810493244,0.2855711805799854,0.3169220599989399,0.2282521789788582,0.3623142238969198,0.3508776725718899,0.3400204710516514,0.353208261036227,0.3615919159929508,0.350086431783877,0.2565011496276741,0.2249890801760994,0.4110666245974106,0.3414795626777969,0.3421586248574563,0.3343538555115865,0.349900498451598,0.2584166446721398,0.3082305323820258,0.352244773846229,0.3318810731871079,0.3756941965649886,0.3539050711484606,0.3531955574623843,0.3387860791377529,0.3174011549635491,0.309111370318176,0.2382022491050395,0.2877161918379879,0.3729907133185142,0.3217966760733123,0.3521687552851403,0.3231964348034186,0.3550170033340599,0.3250404001090877,0.3513080102229053,0.3247548501403848,0.3234006394217957,0.3093466272686,0.3485973289380829,0.3218037178607165,0.4008017421534239,0.3036906812796077,0.3551435938740613,0.3508707055596528,0.324778828811641,0.2781287874931798,0.3407028984384957,0.3458612306119854,0.32647917071025,0.307205394213955,0.3505528562652847,0.307968559452288,0.3601957689202592,0.3644795278926753,0.3355424888706815,0.2983916785530373,0.3932155833277548,0.3468033876996834,0.2897027847012482,0.357993023796021,0.3324681124613984,0.3613025593804352,0.3529992454223376,0.2693492058463257,0.3602143802877764,0.3698782989204063,0.3455374150920133,0.337968245299518,0.3554816598836999,0.3138690458008556,0.3000590609432481,0.3924917153738333,0.3507706194168186,0.2910486782859653,0.2981329867305229,0.2885047981237573,0.3139167327419811,0.3509811637732747,0.3685690913795614,0.3701407391895343,0.3226635273715982,0.2517691338772291,0.374964474513456,0.3184470637453385,0.3555125437739874,0.3795912006234941,0.3733146241958304,0.3306745665104719,0.324529255856422,0.2501350006928179
0.3585607968683109,0.3557819393490552,0.3175760772193156,0.3803845811164934,0.3466232456791533,0.3200097646777773,0.3374889426141488,0.3499018431597162,0.2136263845274409,0.2754684386539496,0.3244131344345524,0.2320969895613402,0.3610835428216822,0.3498866133317356,0.3387003909260981,0.3536652572808452,0.3596547868722981,0.3521420354514172,0.252670283068784,0.2309309418360788,0.4184144962130243,0.3364820704075915,0.3410716002063003,0.335923089765649,0.3490444211873685,0.2588801189977157,0.2990510087816345,0.3547684410674213,0.3302917349056412,0.3761574553376847,0.3534933054166085,0.3516915647194159,0.3394172291970124,0.3221089774496387,0.3133096842346261,0.2378130655849061,0.2866223184488773,0.3729975542883301,0.3210722067120072,0.3517213895344671,0.3220713029826642,0.3548797015895471,0.3285498220169525,0.3515565312136595,0.3236087085313247,0.3219118125311584,0.3137316292030126,0.3488525280450609,0.3218918641496183,0.3989974314494234,0.3020622996886258,0.3544673552259598,0.3510867242826099,0.3237489221669928,0.2803469387064346,0.3432060943332044,0.3464898677795109,0.3254069459719496,0.3054733747400072,0.3503852403373667,0.3089964262076599,0.3629613611158185,0.3636436713231361,0.3345738993106551,0.295440183243394,0.3887898140515794,0.3457470673123304,0.2874616059796826,0.3584672750692708,0.3277547046247338,0.3602704924432268,0.3513616827014355,0.2719459348173073,0.3590201860394317,0.369926874604483,0.3444771311274253,0.3367912339026847,0.3548429133101662,0.3125143221097727,0.299514383429936,0.3889163842900295,0.3502200714384218,0.2891882532205462,0.3049451589371875,0.2871284749795948,0.321539932661406,0.3498715909230595,0.3687659787579203,0.356196345409783,0.3211706641563615,0.2546637718088765,0.3748652538756005,0.3233453322275672,0.3546956031435636,0.376865837224427,0.3725008359674209,0.3295379957007566,0.3215963025371707,0.2505100315342741
0.3576765401083639,0.3576249211233193,0.3171253553153241,0.3793212430188621,0.3468018755125562,0.3186203764352018,0.3375429242721203,0.349250528168429,0.22069167804306,0.2648883264384065,0.3322142469566335,0.235416463845552,0.3603009685571329,0.3488042133607086,0.3374608751871645,0.3540489211828725,0.3576217810284163,0.3537688724737008,0.2503675759194989,0.2367220197778616,0.4251655265373941,0.3315287136578936,0.3401471484583753,0.3374050698463974,0.3481935445313971,0.259365698834943,0.2895113275015031,0.3569356252778019,0.3286227614019182,0.3766865776211949,0.3528975430276191,0.3501249883383716,0.3400208076038632,0.3264094713740508,0.3178146286868203,0.2381913786628499,0.2853581568940426,0.3727509813439414,0.320302691519766,0.3511536228448753,0.3209113498417694,0.354596403593669,0.331749882957037,0.3517456266270412,0.3224641231069008,0.3204687413532942,0.3182658634815082,0.3490094438165207,0.3220739593809396,0.3969106394499291,0.3006021830944976,0.3538379118824262,0.3513583272203931,0.3227956656301904,0.2834373221289415,0.3454425756199789,0.3472712891646404,0.3242411374360734,0.3035473428473434,0.3500577828164208,0.3103356994880649,0.3655951803278703,0.3629061861065397,0.3336136949003726,0.2917318815805489,0.3841856314213293,0.3446100064918292,0.2852201017876836,0.3587750926236092,0.3242850857184995,0.3593816969158779,0.3497124734696751,0.2750838085959948,0.3578772380386659,0.3696601033316389,0.3432849099205033,0.3355069955312398,0.3541054895200247,0.3111633161522356,0.2994754946988121,0.3853699262521792,0.3494754501182021,0.2876346696206546,0.3119059038433744,0.2862389780452721,0.3292113877672464,0.34850339656811,0.3687390575037078,0.3427375686518982,0.3196128195114481,0.2575062744732281,0.3748445488725546,0.3283179350549411,0.3539919216381836,0.3742465340892026,0.3714549643378704,0.3282130439422233,0.3185130642456055,0.2520186209408285
0.3568005619096701,0.3593552869094705,0.3166256884662352,0.3785022715696149,0.3471819017619379,0.3170936770660627,0.3378688607217731,0.3483097586761902,0.2285101016231639,0.2542686901582842,0.3401152437713138,0.2385670623429961,0.3599382166332374,0.3476699289376118,0.3362478657165595,0.3543473321675165,0.3554954704046094,0.3549895185538137,0.2495897352051248,0.2423917115179582,0.4313334424284055,0.3267010962544242,0.3393928954876682,0.3387639408648875,0.3473344340301664,0.2598250709015576,0.2799488772976137,0.3587623829144508,0.3269307855028039,0.3772779024303396,0.3521551558301448,0.3485180617684931,0.3406052165802133,0.330259619943266,0.3223962156711369,0.2394641446879735,0.2838679033898945,0.372235914551013,0.3195062450988571,0.3504851133366915,0.3197467771055011,0.3541920356377869,0.3346307666928326,0.351850246227341,0.3213618832140415,0.3191674291575451,0.3227935169191059,0.349078070426232,0.3223604103519378,0.3944951838670847,0.2990571289771589,0.353249665460207,0.3516320209252499,0.3219141653624675,0.287361715703364,0.3474479940167844,0.3481739101646033,0.3230022638425766,0.3014564409525452,0.3495912773008394,0.3120341210891837,0.3680592399087951,0.3623084110937728,0.3326883865130154,0.2871179695583425,0.3795906945381712,0.3434268356427831,0.2830836622888679,0.3589265305111345,0.3225132288598572,0.3586999482935731,0.3480739614538848,0.2786478072229193,0.3568037302556217,0.3691128280556318,0.3419659906785104,0.3341516059873089,0.3533508563105061,0.3098279216867851,0.3000426505157069,0.3819397737789772,0.3485460802074701,0.2865239698500765,0.3187751002935154,0.285947157930899,0.3368151643513564,0.3468606293318189,0.3685173699168534,0.329978445753665,0.3180243144299871,0.2604906599493272,0.3748888256832277,0.333187107937397,0.3534274477468241,0.3717464127090148,0.3702119159941869,0.3267235904351559,0.315265420362666,0.2546307144732022
0.3559503507234283,0.3609565330825334,0.3160284428263589,0.3779609172763856,0.3477537224801575,0.3154430093751137,0.3384059773819284,0.347057349113963,0.2368740214525326,0.2440195330372183,0.347890756042593,0.2419115963814127,0.3599431734101082,0.346520207376927,0.3350276192159923,0.3545621602138322,0.3532579990989225,0.3557855349183322,0.2502801324981282,0.2479471582319253,0.4369440296587845,0.3220767368242066,0.3387898995385301,0.3399629516633293,0.3464462092552203,0.2602448542205043,0.2707156780626724,0.3602939548082801,0.3252752463276759,0.3779271298880178,0.3513089800763246,0.3468967434377605,0.3411815434710011,0.3336528275345385,0.3268410512486782,0.2417252759324591,0.2821086516288433,0.371454347145878,0.3187029387141528,0.3497312744914891,0.3186093243385674,0.3536975941514684,0.3372054825247799,0.3518550100918276,0.3203327189083564,0.3181072726723483,0.3271769846217526,0.3490717426650759,0.3227544458413454,0.3917215450492616,0.2972184502064998,0.352708715522987,0.3518666221884788,0.3210900134903993,0.2920373205844476,0.3492616989268946,0.3491792066506221,0.321719233786476,0.2992540376748154,0.3490130731578508,0.3141130840308329,0.3703160319794032,0.3618794282319564,0.3318157882433821,0.2815128431140848,0.3751986234723706,0.3422330243916167,0.281190162352168,0.3589293646073583,0.3227681463485499,0.3582857952445254,0.3464641911473187,0.2825132124992371,0.3558042104310439,0.3683430247104561,0.3405359382183535,0.3327680787881815,0.3526444839825848,0.3085147430236582,0.3013035473761263,0.3787028364521416,0.3474554214647699,0.2859963526478695,0.3253590065907273,0.2863568987097934,0.3442583910697622,0.3449227965506496,0.368139036513501,0.3180473636686004,0.3164398672389096,0.2638140043764906,0.3749649552390038,0.3378057766109742,0.3530283283041212,0.3693567311876303,0.3688167288497245,0.3251119854888158,0.3118609075516739,0.2582680840906544
0.3551371557642797,0.362403478255301,0.3152912582402533,0.3777126534527131,0.3484964243322255,0.3136874556779068,0.3390466641369564,0.3454843017793778,0.245529801053719,0.2344898625982523,0.3553116281236311,0.2456818318972992,0.3602529890051543,0.3453893052792779,0.3337873951124179,0.3547029266053514,0.3508874924870114,0.3561109744709833,0.2523235035250237,0.2533829330450097,0.4420090917603004,0.3177202473202571,0.3383008706037717,0.3409619095138719,0.3455017200331304,0.2606479732408143,0.2622077461222816,0.3615886407435056,0.3237089504254377,0.3786215890795225,0.3504066262885365,0.3452879725419997,0.3417643890491318,0.3366251054999253,0.3309664816856426,0.2450253694796953,0.2800631658777321,0.370422039427905,0.317908940848674,0.3489100052011181,0.3175272440617671,0.3531486375997109,0.3395080907072539,0.351748401566384,0.3193839392624275,0.3173832728147754,0.3313038975074778,0.3490009215506546,0.3232508629200604,0.3885808335418626,0.2949560237892441,0.3522175913238561,0.3520316994790293,0.3203017803287946,0.2973352633917673,0.3509131304543612,0.350268308673205,0.3204185728544489,0.2970159396856557,0.3483558147448106,0.3165617367085431,0.3723355486383984,0.3616348133867625,0.3310114849600753,0.2749252472974158,0.3711905350716968,0.3410573475370363,0.2796892502012868,0.3587874908689666,0.3252004658256108,0.3581897289008359,0.3448915953018099,0.2865516212223986,0.354865815135763,0.3674191629923846,0.3390202167362956,0.3313986063078271,0.3520365672902545,0.3072157778018254,0.303314453956431,0.3757113049823655,0.3462401288487544,0.2861774384513016,0.3315287845849368,0.2875447914260607,0.3514738445397714,0.3426681250250827,0.3676493863856217,0.3069909787577588,0.3148855393790926,0.267646854773352,0.3750141910805759,0.3420588886822091,0.3528117387725777,0.367046313137763,0.3673176961791125,0.3234258635876753,0.3083333833849563,0.2628205379815119
0.3543557971095936,0.3636626075323367,0.3143843765396584,0.3777483330512704,0.3493781889702517,0.3118462566494964,0.3396509594141959,0.3436005059868797,0.254205589731509,0.2259572761212502,0.3621591590122106,0.2499937144423114,0.3607965597199239,0.3443108004590319,0.3325320795358854,0.3547879201984297,0.3483873576448011,0.3559223432340146,0.2555381966516112,0.2586920472602386,0.4465059497012368,0.3136781437633159,0.3378799978534957,0.3417268672250082,0.3444784364866688,0.2610800683897084,0.2548629239331521,0.362701495625535,0.3222744582289495,0.3793343119933328,0.3494943964914394,0.343711265626437,0.3423641166029821,0.3392384551763345,0.3346284215452605,0.2493708573988697,0.2777367278951993,0.3691687629896913,0.3171374907887373,0.3480439509835731,0.3165235032820476,0.3525848503276132,0.3415815441358326,0.3515171069448602,0.3185056619478196,0.3170757187860164,0.3350904738969545,0.3488744162519174,0.323835477154248,0.385090009027919,0.2922431689285136,0.3517676509501341,0.3521007486594347,0.3195219675370098,0.3030888228119582,0.3524113850226763,0.3514160303456305,0.3191226078804924,0.2948426808244893,0.3476580240191675,0.3193362428979584,0.3741063223589352,0.3615741136315509,0.3302941125034165,0.2674855498446531,0.3677318614468718,0.3399248564752787,0.2787290127635902,0.3585031022813437,0.3297593076061634,0.3584470089542508,0.3433570155946723,0.2906389960933472,0.3539663108070287,0.3664165352438985,0.3374572875525616,0.330075757610343,0.3515572713812033,0.3059083406444947,0.3060934630586465,0.3729978585778453,0.3449480802844757,0.2871629018586522,0.337242060182496,0.2895434813450883,0.3584144507973775,0.340074806199671,0.3670912272173754,0.2967959838364094,0.3133815281910604,0.2721053915517926,0.3749478265132848,0.3458652139770597,0.3527800879736413,0.3647598591893723,0.3657657513174903,0.3217182942853038,0.3047338862485986,0.2681555945139288
0.353584229556252,0.3647021248516582,0.313289452760665,0.3780368780102744,0.3503566836254779,0.3099406036665947,0.3400607386101829,0.3414399788216878,0.262646683467629,0.2186360483531179,0.368246940546253,0.2548490732680223,0.3614848329045847,0.3433079108231615,0.3312817763219864,0.3548436768499783,0.345814152029394,0.3551342247539979,0.259666217822263,0.2638711136082712,0.4503649083248371,0.3099784990914644,0.3374735031667306,0.3422442133509639,0.3433681687547543,0.2615931683158948,0.2490313268037689,0.3636840030956181,0.3210064984590192,0.3800280880198478,0.3486082853829201,0.3421753180668075,0.3429796810836032,0.3415560367866289,0.3377326551980892,0.2547197378676782,0.2751591110677352,0.3677413399245035,0.3164029839474583,0.3471528992441737,0.3156123658930649,0.35204339229067,0.3434657987518592,0.3511542814269843,0.3176817443522277,0.3172406236016424,0.3384884849415774,0.3487049272622718,0.3244828800161919,0.3812909100904755,0.2891592348831226,0.351349897421041,0.3520567275400584,0.3187226972141562,0.3091097079723608,0.3537576286978787,0.3525984717910826,0.3178549321628303,0.2928582718730277,0.3469615500398197,0.32236415520515,0.3756406824900912,0.3616830474441379,0.3296763851738438,0.2594498270823908,0.3649740051390995,0.3388579601062438,0.2784542089440862,0.3580819127053037,0.3361903595984861,0.3590678929861237,0.3418580760659408,0.2946682409592125,0.3530834263042308,0.3654132839756114,0.3358925521237961,0.3288216185756359,0.3512093773461552,0.3045674124933383,0.3096221326070151,0.3705911058734986,0.3436290344075611,0.2890123134827709,0.3425579151854767,0.2923425843475254,0.3650416848285064,0.3371271127814758,0.3664989152161187,0.2874229074803562,0.3119433838728715,0.2772247370546875,0.3746539530189264,0.3491863909775786,0.3529201413606547,0.3624301313932628,0.3642160836939765,0.3200481656082141,0.3011195425548698,0.2741252029807376
0.3527948817873371,0.3655038138806535,0.3119973210888588,0.3785283242743943,0.3513805392310284,0.3079957034564411,0.3401043599159367,0.3390562820005441,0.2706332134054492,0.2126772303442471,0.3734365520025545,0.2601139162683732,0.3622119764575307,0.3423825430075488,0.3300685677108889,0.3548969449222947,0.3432758817334121,0.3535569918844358,0.2643788923364484,0.2689259915827272,0.4534611156179722,0.3066326795514771,0.3370210311294131,0.3425222849927856,0.3421757312749516,0.2622382925380299,0.2448252666808506,0.3645855068789467,0.3199315079720899,0.380662714449819,0.3477684027900647,0.340682151366187,0.3436006077629319,0.3436374004486111,0.3402421081699804,0.2609750903768113,0.2724012029222585,0.3661996690841924,0.3157196565069121,0.3462479341663495,0.314794465636819,0.3515497704679071,0.3451948308133695,0.350668907957173,0.3168882303617055,0.317905117518486,0.3414878679065945,0.3485102980055536,0.3251555587950179,0.3772463978427988,0.2858754804757463,0.350957633142152,0.3519015702499447,0.3178820244829757,0.3152027714814068,0.3549591742703541,0.353794992745552,0.3166397880650156,0.2912013932065713,0.3463041765125303,0.3255535800878029,0.3769711845432579,0.3619356144536109,0.3291542111544432,0.2511775619695556,0.3630414354451163,0.3378674099602431,0.2789931448141146,0.3575358808374882,0.344046522133584,0.3600281316106971,0.3403862638713036,0.2985578378905734,0.3521950017812394,0.3644734127353085,0.3343659192215226,0.3276503540248011,0.3509693137543873,0.3031713458936583,0.3138412000212649,0.3685156779906687,0.3423264552908371,0.2917410558285343,0.3476292711871045,0.2958930372596426,0.3713158890899593,0.3338250778724322,0.3659008183053381,0.2788315314314964,0.3105698098185417,0.2829488899857441,0.374012401814936,0.3520272016773408,0.3532028654980536,0.3599986326854457,0.3627220369770303,0.3184671876943177,0.29755166022057,0.2805776610370559
0.3519628182059451,0.3660640034387676,0.3105128537069199,0.379152090335294,0.3523937001246757,0.3060374716048349,0.3396068447988565,0.3365103712518753,0.2779865093495392,0.2081608586472103,0.3776399497891199,0.2655472223747088,0.3628721060877136,0.3415191675571611,0.3289291883950425,0.3549664421196631,0.3409091272630818,0.3509475735278559,0.2693073892261575,0.2738808172445041,0.4556132974076028,0.3036346965140353,0.3364688235046227,0.3425836990636562,0.3409128971430681,0.2630603404685891,0.242147514489685,0.3654407503160664,0.3190606662330258,0.3811951325203632,0.3469785047276126,0.3392281036785508,0.3442115429621974,0.3455437416601724,0.3421691879534903,0.2679901950430545,0.2695862557638864,0.3646043580501218,0.3150942539700599,0.3453338555689489,0.3140541986923063,0.3511153754622956,0.3467972918111675,0.3500797397333432,0.3160878880809762,0.3190669561472031,0.3441069121465768,0.3483101118268432,0.3258079792963251,0.3730386562426546,0.282634013363355,0.3505731204961529,0.3516529220550213,0.316981761002007,0.3211763906344228,0.3560230394618089,0.3549764981138372,0.3154954429291462,0.2900146319445427,0.3457150013773649,0.3288044697614608,0.3781468658218292,0.3622913139631601,0.3287106670448951,0.2430979624664613,0.3620144565970933,0.336944786767958,0.2804317561408413,0.3568826045592599,0.3527227236439275,0.3612685006942424,0.3389226921336939,0.302251147342824,0.351276243876286,0.36362902994348,0.3329072535491286,0.3265647485621625,0.3507965761001475,0.3016949381288544,0.3186446420178799,0.3667796743683785,0.3410753283022134,0.2953094880166914,0.3526805422449482,0.3001042484238908,0.3771896176771025,0.3301894649726506,0.3653199215807007,0.2709931796504633,0.3092337019584249,0.2891424084598319,0.3729074284887561,0.3544194294113408,0.3535826615736543,0.357426070292116,0.3613238823491834,0.3170053617618637,0.2940949236410117,0.2873710852288143
0.3510658065776925,0.3663894556774152,0.3088621383419916,0.3798217305671596,0.3533417600357265,0.304088418256754,0.3384162014425461,0.333866352977091,0.2845870393202758,0.2051039871058209,0.3808205192953082,0.270862951817208,0.3633699597155349,0.340695485300648,0.3278966366419544,0.3550612593345904,0.338867324139147,0.3471511222962516,0.274080864308644,0.2787810452334665,0.4565955585001818,0.3009579232053426,0.3357830418274484,0.3424623697386429,0.3395982453201497,0.2640864625505487,0.2408658435892788,0.3662583772739959,0.3183851410701623,0.3815739760818877,0.346229604894146,0.3377987319455063,0.3447922875355016,0.3473259069315964,0.3435606470759354,0.2755853170815268,0.2668808719547682,0.3630079110442062,0.3145217938488336,0.3444126489782636,0.3133612877966043,0.3507402418617696,0.3482930955611208,0.3494043999452116,0.3152367074088638,0.3206936988938778,0.3463798214791241,0.3481237888877049,0.3263940715529027,0.3687649886071468,0.27971644218661,0.3501640768919202,0.351334503869757,0.3160010132472286,0.3268555388690446,0.3569453136516212,0.3560978528806935,0.3144325805342697,0.2894348413282598,0.3452161244850165,0.3320195385952749,0.3792332466053142,0.3626966678567849,0.3283259069821701,0.2356729725723298,0.3619274048814661,0.336067953008169,0.2828018536349331,0.3561446755623499,0.3615212499711975,0.3627000274174926,0.3374431711160321,0.3057149610255639,0.3503039034367812,0.362880946073763,0.3315395198222789,0.3255520474649822,0.3506419548420407,0.3001088973632867,0.3238875041304178,0.3653743504516267,0.3398972409097024,0.299623690251565,0.3579903708934105,0.3048460798867915,0.3826013144216865,0.3262617287728706,0.3647680710740469,0.2639004161653009,0.3078935785113477,0.2956096814429163,0.3712366411473296,0.3564058455066458,0.3539992111291227,0.3546938537077876,0.3600444457810147,0.315670981734657,0.2908062754257532,0.2943783509771493
0.3500866666879877,0.366498971086284,0.3070910015641175,0.3804500930302495,0.3541762295498309,0.3021670261770016,0.3364287776143126,0.331196918593485,0.290395245661212,0.2034816899999909,0.3829996104409117,0.2757992049470448,0.3636176671295941,0.339881933631983,0.3269957821616238,0.3551811574341093,0.3373199972648295,0.3421737298694693,0.2783547181395823,0.2836864423330023,0.4561622988486675,0.2985555010330942,0.3349490700585814,0.3422042191386631,0.3382611958455513,0.2653153880834417,0.2408927802113812,0.3670291529630401,0.3178793937614343,0.381737478260701,0.3455052798796191,0.3363680195325115,0.3453186336899134,0.3490045948989539,0.3444894481734465,0.283560592684514,0.2644789656719284,0.3614550030541784,0.3139895445704452,0.3434826789127114,0.3126754154729262,0.3504131500097244,0.3496883817441722,0.3486617076689083,0.3142973848780574,0.3227211972695638,0.3483528399430804,0.3479714880012283,0.3268732832295971,0.3645284160518501,0.2774001842488937,0.3496961747051552,0.3509744714450916,0.3149172018230579,0.3320994266493665,0.3577189646350079,0.3571055441667137,0.3134574994013072,0.2895800454179004,0.3448231668019182,0.3351146441222631,0.3803076961601117,0.3630966943648724,0.3279742637869566,0.2293503798435126,0.3627742700008832,0.3352103238298348,0.2860888444863899,0.3553491331885534,0.3697284285789718,0.3642055226384421,0.335925886899415,0.3089420447473915,0.3492636233993119,0.3622084007973095,0.3302760147113466,0.3245891649854032,0.3504516147986177,0.2983930272097094,0.3294044497920239,0.3642883381935421,0.338791866328319,0.3045489300484287,0.3638784792307355,0.3099625841383978,0.3874731550981342,0.3221057925455211,0.3642442080296028,0.2575736706964898,0.3065090739496158,0.3021167291351215,0.3689242741298867,0.3580346406750432,0.3543838680577594,0.3518139139315924,0.3588921991577564,0.3144578537435511,0.2877201785438047,0.3014837453653582
0.3490211340138012,0.3664247378536461,0.3052566608916289,0.3809587921262305,0.3548549989810765,0.3002876664300861,0.3335963658803552,0.3285806589877347,0.2954461211464682,0.2032331671246318,0.3842574313795707,0.2801945234958368,0.3635347839931567,0.3390364235922531,0.3262414894241094,0.3553136618848109,0.3364342050655453,0.3361338363240204,0.2818362329733475,0.2886639550144099,0.4540809272373894,0.2963681006775578,0.3339659720425385,0.3418612530546044,0.336940756719801,0.266718582941424,0.2420907111813071,0.3677410363374498,0.3175053882138203,0.3816189436809417,0.3447846565415011,0.3349053071315047,0.3457684050288901,0.3505721212303588,0.3450505977075779,0.2917009568133152,0.2625938879517686,0.3599815683451383,0.3134818882879943,0.342537950944025,0.3119512212084588,0.350109747768192,0.3509759960387981,0.3478786807199669,0.3132441739613913,0.325055786166354,0.3500809156922052,0.3478740034028684,0.3272128233156459,0.3604303989252094,0.2759162039739075,0.3491377343059775,0.3506064303209181,0.3137131647092998,0.3368137068492167,0.3583483619292945,0.3579467749994141,0.3125705839780002,0.2905328757223871,0.3445414333851294,0.3380281801818419,0.3814460211475735,0.3634436482169866,0.3276139918005637,0.2245078586381582,0.3645046006384159,0.3343417225417204,0.2902326988544211,0.3545251623315531,0.3766831998238272,0.3656402706790357,0.3343496925207057,0.3119463699204589,0.3481524503831641,0.3615665610683156,0.3291117222663938,0.3236502415958036,0.3501725975667702,0.2965437010829118,0.3350219166012056,0.3635135990409615,0.3377386396516507,0.309920461503946,0.3706806042144611,0.3152855429985535,0.3917179226724796,0.3178116821919102,0.3637425086058392,0.2520531445092632,0.3050380091885379,0.3084270685644736,0.3659400215061368,0.3593522093026274,0.3546687820562868,0.3488454961187747,0.3578612981615277,0.3133446727070104,0.2848453979196518,0.3085811017009035
0.3478810136489236,0.366204410097594,0.3034254802363257,0.3812747200522466,0.3553436276130599,0.2984585495732606,0.3299267043382652,0.326086553909269,0.2998214792093221,0.2042514351203624,0.3847209900653755,0.2840043465159098,0.3630588962109234,0.338113516978207,0.3256350197782769,0.3554328898843434,0.3363401692846927,0.3292103378660573,0.2843185126692008,0.2937852811807032,0.4501667798913308,0.2943319661990576,0.3328499363958979,0.3414806022334753,0.3356764421305093,0.2682480451751049,0.2441924792135208,0.3683788065019939,0.3172115830404545,0.3811569261733188,0.344043088507073,0.3333806373567158,0.3461258324463588,0.3520101678423843,0.3453473959159751,0.2997868672005597,0.2614505049079211,0.3586065823126095,0.3129780896087189,0.34157095093362,0.3111412086941834,0.3497951589273825,0.3521415775669216,0.3470832522784927,0.3120589224294164,0.327582034528972,0.351614278876774,0.3478509610674496,0.3273882144335334,0.3565680493639493,0.2754209094113518,0.3484532555755686,0.3502621068443097,0.3123791592199755,0.3409501188519352,0.3588472746889811,0.3585689854198272,0.3117607346834294,0.2923299244008965,0.3443659812858114,0.340727179451519,0.3827098281673106,0.3636947639527056,0.3271896712574156,0.2214068066427621,0.367018084346523,0.3334281742326399,0.295115924487231,0.3537020845000659,0.3818398075039611,0.3668431062951077,0.3326894914707005,0.3147460511857428,0.3469784589960932,0.3608790652812575,0.3280239970575671,0.322704563562062,0.3497617238012583,0.294566115459097,0.3405628526934594,0.3630363489454186,0.3367105194922787,0.3155496495418173,0.3787114520755296,0.3206433266287071,0.3952496556525547,0.3134941541633368,0.3632606466063987,0.2473770703849956,0.3034273871555576,0.3143473665793278,0.3623118556270761,0.3603891644040853,0.354795524597535,0.3458989021128359,0.3569278372150581,0.3122912494841715,0.282173059459568,0.3155762061094449
0.3466886547048417,0.3658726021035295,0.3016793651557142,0.3813313750607503,0.3556217387734929,0.2966802304623468,0.3254938508356981,0.3237655756667236,0.3036323884117912,0.2063821888994688,0.3845477300870129,0.2872248812545759,0.362152346582918,0.3370827193030839,0.3251616803846922,0.3555052036258859,0.3371176089358426,0.321665787666003,0.2857101553963004,0.2991192728244525,0.4443133063524491,0.2923795755362804,0.3316382922748374,0.3410979375323584,0.3344984518250189,0.2698390445049824,0.2468784080907711,0.368915553193377,0.3169328154275502,0.380303568309243,0.3432559952711582,0.3317650325342284,0.3463801975185461,0.3532946289482378,0.3454711432572876,0.3076158008669371,0.2612635483115646,0.3573276107239072,0.3124480544070035,0.3405760577721017,0.3101979695665904,0.3494306599646303,0.3531688600424491,0.3462904111002302,0.3107305018928678,0.3301731237438549,0.3529852979629893,0.347919501704209,0.3273856204928679,0.353027214423281,0.2759783385653405,0.3476078562538211,0.349962449514871,0.310909351754092,0.3445006790830977,0.3592254006840183,0.358920874369909,0.3110047233625175,0.2949615688521375,0.3442878537381993,0.3432082361878774,0.384141853337947,0.3638122249908206,0.3266466334800698,0.2201711512247028,0.3701735542460158,0.3324414621173208,0.3005667105024316,0.3529104769708453,0.3848260491280057,0.3676559665274058,0.3309216042969686,0.3173504075931907,0.3457613020132336,0.3600491898505335,0.3269844912411777,0.321713037190556,0.3491930374526514,0.292470205522537,0.3458584645653457,0.3628311207335915,0.3356822052592336,0.321239881035192,0.3882313613165181,0.3258754179052368,0.3979895319456489,0.3092842932321759,0.362799817685817,0.2435609117594366,0.3016230657135143,0.3197556708243356,0.3581238547236338,0.3611554180051349,0.3547206963656752,0.3431224846763306,0.3560524855777218,0.3112453398738802,0.2796820375011348,0.3223858880092561
0.3454723776444016,0.3654630233609841,0.3001178978253039,0.3810850655839211,0.3556892932465515,0.2949456606431991,0.3204471334303523,0.321658546502649,0.3070157055701632,0.2094342599176907,0.3839120926668593,0.2898553399436115,0.3607982525441802,0.335933687831361,0.3247960140988078,0.3554967152259133,0.3388114834518345,0.3138704342410984,0.2860417156023155,0.3047148838921052,0.4365113109058298,0.2904384703598032,0.3303808342558922,0.34073529950172,0.3334241719102748,0.2714101893267824,0.2499035281278996,0.369318244419351,0.3165966958077957,0.3790253060562003,0.3424063820400631,0.3300330842036059,0.3465259729752595,0.3543890718372411,0.3454926216175699,0.3150195402681401,0.2622088707646937,0.3561287282686281,0.3118559799499925,0.3395509787519247,0.3090802728959795,0.3489795096285124,0.3540413076719496,0.345503613426304,0.3092602979498724,0.3327013980787431,0.3542108139025006,0.3480925161364374,0.3272063657044979,0.3498697731179017,0.2775479810840074,0.3465823495995575,0.3497174012165281,0.3093025894302547,0.347495110972826,0.3594849922755596,0.358964184881381,0.310271687855157,0.298374353500595,0.3442958253460905,0.3454924236183257,0.3857633711430117,0.3637740615475965,0.3259393146712513,0.2207854799597096,0.3738039023595921,0.33136898122078,0.3063874929834549,0.3521833177551377,0.3854783944464948,0.3679364500547132,0.3290332832150592,0.319762561004005,0.3445292769639737,0.3589848253942281,0.3259658494827472,0.3206376287774329,0.3484601508218468,0.2902824654422207,0.3507676650976041,0.362866088251065,0.3346265725502089,0.326811652946783,0.3994214139061348,0.3308502231150251,0.3998696291489125,0.3053183806043708,0.3623630363433691,0.2405836083235015,0.2995903291342503,0.3246017576502433,0.3535047306669246,0.3616497710781756,0.3544184535947198,0.3406902423282657,0.3551898243336767,0.3101567244984303,0.2773372980500442,0.3289314843531974
0.3442679197481806,0.3650128507591279,0.2988490630127114,0.3805258436544497,0.3555637823270038,0.2932390028825785,0.314999916387579,0.3198011839816735,0.3101161558069423,0.2131798619585256,0.3829919997391438,0.2919766426138697,0.3589972776794046,0.3346685782110166,0.3245113326556085,0.3553760644519272,0.341443097827958,0.3062518914226447,0.2854526570185914,0.3105875013564019,0.4268589610045268,0.2884385198103064,0.3291272063995033,0.3403981683050884,0.3324600764065865,0.2728716159816819,0.2531312145459107,0.3695645962895328,0.3161306870291174,0.3772985509000184,0.3414883270928583,0.3281695184814414,0.346567226603822,0.3552518096666456,0.345469359882413,0.3218666898661309,0.2644041661305268,0.3549900007017765,0.3111693130414625,0.3384973331540635,0.307762590564505,0.3484120089974392,0.3547437935256747,0.3447271947704576,0.3076649767428991,0.3350489009160695,0.3553021333094129,0.3483747257623589,0.3268700380730127,0.3471253017442952,0.2799870108041336,0.3453770916283021,0.349527831790997,0.3075694712433955,0.3499967026976263,0.3596303329430081,0.3586844298771016,0.3095261800997043,0.3024698505993823,0.344371134234177,0.347614240993049,0.3875694286732719,0.3635808007409578,0.3250308237089038,0.2231018868155533,0.3777223731317192,0.3302104999286925,0.3123803499344483,0.3515524939976643,0.3838405188390256,0.3675588253864668,0.3270230263060051,0.3219831184919136,0.3433109492162081,0.3576107369531304,0.324937159924931,0.319454496407078,0.3475742563827045,0.2880570467383448,0.3551884793550876,0.3631061508363882,0.3335160392501259,0.3321172081259386,0.4123574055020044,0.3354701411964652,0.4008433645213891,0.3017271739455049,0.3619592457167705,0.2383754322897997,0.2973203084038383,0.3288999961715618,0.3486171787192057,0.3618660946999943,0.3538828244262442,0.338794803848299,0.3542936387956765,0.3089846676128784,0.2750919306694278,0.3351364121371244
0.3431169811386967,0.3645565395036861,0.2979781474960785,0.3796667633797267,0.3552705033176868,0.2915336574740023,0.3094065681470134,0.318214660972736,0.313049825426817,0.217347642862231,0.3819547316651273,0.2937853313694813,0.3567710416636988,0.3333016469181048,0.3242837550771994,0.3551148226102971,0.3450006442932295,0.2992180341473242,0.2841738811281493,0.3167181677717252,0.4155670090732305,0.2863244266354826,0.3279242009109229,0.340074991135451,0.3316023652065338,0.2741394336894071,0.256498748964264,0.3696492928144164,0.3154646729041637,0.3751112918572415,0.3405039444838997,0.3261723075194199,0.3465172764158619,0.3558543759321404,0.3454508390685221,0.3280604707219208,0.2679008073829252,0.3538865751348264,0.3103617678936544,0.3374208600277205,0.3062403996889748,0.3477111556177389,0.3552669833065683,0.3439666211267669,0.3059729373878727,0.3371164149763667,0.3562649602788697,0.3487597739343576,0.326412448245723,0.3447890504888334,0.2830732411662143,0.3440061018032342,0.3493811455531083,0.305738671980608,0.3520878752489112,0.3596745629194647,0.3580889489192688,0.3087298108499566,0.3071067994886826,0.3444887317002152,0.3496088390457436,0.3895291950428057,0.363247206557886,0.323896990729967,0.2268592154942709,0.3817276528474762,0.3289707238595506,0.3183517686973847,0.3510433994453575,0.3801385758181217,0.3664170047774677,0.3248964495405409,0.3240011379077903,0.3421299263334267,0.3558659530531568,0.3238624382227411,0.3181522065294341,0.346559291309611,0.2858712430332022,0.359056486587514,0.3635076150238564,0.332336229388244,0.3370396178443277,0.4269801856419101,0.339666391862009,0.400900371507548,0.2986260318215541,0.3616073305897758,0.2368075088990819,0.2948242675074435,0.3327262396439548,0.3436475301985613,0.3617895094683621,0.3531312185882964,0.3376296492863709,0.3533174986575695,0.3076982446959692,0.2728982460825015,0.3409339880656715
0.3420566433161007,0.3641165212062006,0.2976035649609521,0.3785291410215277,0.3548377594366771,0.2897942041509909,0.3039469071902619,0.316899626343846,0.3158815320904305,0.2216356841131207,0.3809463542803579,0.2954799987876348,0.354164349037448,0.3318674470316199,0.3240904922345905,0.3546907947509584,0.3494369099580269,0.2931213527503535,0.2825048528335538,0.3230577263034894,0.4029524691382942,0.2840617999386382,0.3268154671466954,0.3397442573448632,0.3308334481201782,0.275143583664272,0.260002299264484,0.3695758800935964,0.3145349035297888,0.3724736377412871,0.3394614624322095,0.3240509744334302,0.3463911679009251,0.3561861543759368,0.3454705157686698,0.3335431237235232,0.272677014931249,0.3527852849543812,0.3094097749342547,0.3363307252855166,0.3045277243192961,0.3468750734032114,0.3556111639881129,0.3432168537355217,0.3042204350625201,0.3388286946683071,0.3570928081272109,0.3492317360038069,0.3258792000892129,0.3428168596378494,0.286538852165961,0.3424995724143422,0.349247972010217,0.3038599786098161,0.3538509004897527,0.3596360674253447,0.3572008817130502,0.3078448685355296,0.312113952640838,0.3446291625100369,0.3515052450032623,0.3915950625973882,0.3627949363552297,0.322535599343227,0.2317220310571996,0.3856179474663386,0.3276629361814516,0.3241179271332192,0.350673988660347,0.3747479468506577,0.3644363636549999,0.3226706055617162,0.3257854799746973,0.3410069900205038,0.3537085969534221,0.3227102866707376,0.3167224445899291,0.3454458988479245,0.2838166391646113,0.3623418008117315,0.3640170007262663,0.3310942072255355,0.341493493762265,0.4430727326439888,0.3434019864153634,0.4000734041257091,0.2961056483682382,0.3613316827932979,0.2356910781924783,0.2921363283955195,0.3362026863972224,0.3387881782110961,0.3614013154669673,0.3522049433044854,0.3373561500638519,0.3522209719036625,0.3062792375224124,0.2707178154265461,0.3462764736462442
0.3411088976319608,0.3637053459810631,0.297813809500389,0.3771449574158692,0.3543000172379561,0.2879826950841175,0.2989136272229885,0.3158469332359997,0.3186305996686424,0.225744647122558,0.3800830590564817,0.2971971922274844,0.3512427135998147,0.3304185936369109,0.3239118887618096,0.35409278616738,0.3546903580248391,0.2882424143448719,0.2807758372558093,0.3295283803028026,0.3894094660319467,0.2816363649366815,0.3258319318920295,0.3393829816590119,0.3301202130658991,0.2758266893844369,0.2636980213909202,0.3693518994438756,0.3132943550652369,0.3694237108782146,0.3383771004277284,0.3218264860338344,0.3462024099597824,0.3562450214841561,0.3455378557656474,0.3383006138033574,0.2786326554911757,0.3516518144301594,0.3082933878081201,0.335239039777316,0.3026542023198937,0.3459142699746459,0.3557862370921701,0.3424621007761178,0.3024514684759846,0.3401369639161404,0.3577707244068918,0.3497676902474619,0.3253194478164182,0.3411186402358523,0.2901034233638128,0.3409080869157171,0.3490884398838325,0.3020067992577249,0.3553573668625991,0.3595319039596085,0.3560599727275164,0.3068373884241132,0.3173083967315324,0.3447843050074791,0.3533261306682057,0.3937110820623257,0.3622584789894656,0.320968512052443,0.2373308646446268,0.3892036989357938,0.3263159943724414,0.3295264045545734,0.3504574656316065,0.3681447567084459,0.3615808384218536,0.3203825209659175,0.3272932163420349,0.339959891047504,0.3511313499183961,0.3214631712269495,0.3151640228432597,0.3442670043105554,0.2819994439532772,0.3650489852305718,0.3645800152650969,0.3298101515722515,0.3454341047702592,0.4602520203325344,0.3466794813533423,0.3984329409275847,0.294222104503817,0.361154038139779,0.2347896714556195,0.2893242309915982,0.3394640406129877,0.3342124853617609,0.360698845776149,0.35116219705363,0.3380756379148117,0.3509806193384481,0.3047275026037138,0.2685228286518052,0.3511351987737098
0.3402810632370102,0.3633344268627859,0.2986786445023298,0.3755642680512862,0.3536981651718792,0.2860640133555093,0.294587425936778,0.3150475664128277,0.3212804113049737,0.2294036609171766,0.3794425257758392,0.2991302300802307,0.348089437027423,0.3290106417519232,0.3237385056938324,0.3533224777144176,0.3607018872877685,0.2847507949345257,0.2793030959984884,0.3360294875326763,0.3753644904069962,0.2790555050072056,0.3249830350203506,0.3389679160163492,0.3294207362897727,0.2761452456951203,0.2676820083826697,0.3689944957884027,0.3117233307325847,0.3660184881667204,0.3372730649432765,0.319532811669564,0.3459678495611223,0.3560374003514322,0.3456455786930788,0.3423567710646418,0.2855959158813418,0.3504629001280703,0.3070047705685246,0.3341605385106609,0.3006677914657665,0.3448492223172818,0.3558102014672191,0.3416910124762513,0.3007188980320237,0.3410213493871071,0.358287852274979,0.3503370489135056,0.3247826696757325,0.339563815882808,0.2935061321205279,0.3392918793278583,0.3488615316155536,0.3002767993291829,0.3566670915699156,0.359377452033882,0.3547237234218298,0.3056782675324374,0.322510423088464,0.34494811763226,0.3550840489055095,0.3958153439997668,0.3616882860341781,0.319236900798832,0.2433460222989915,0.3923102152932452,0.3249675670708956,0.334474437849729,0.3504022513624277,0.3608388980368832,0.3578446977935671,0.318089135419059,0.3284857027504231,0.3389950857984745,0.3481664855499185,0.3201164970159899,0.313494412725557,0.3430552350566792,0.2805423736042324,0.3672110824680866,0.3651491688261231,0.3285076216656714,0.348859278486322,0.4779745665403115,0.3495321656911368,0.3960783623697251,0.2929871695890486,0.3610912198783449,0.2338404398539949,0.2864914588076579,0.3426266084695599,0.330051225076694,0.359706859466695,0.3500667922942015,0.339819818622928,0.3495929232063205,0.3030610414311517,0.2662972648184762,0.3554969911400168
0.3395725061201476,0.3630145822116992,0.3002397864633702,0.3738459631123308,0.3530704595298982,0.2840093175216984,0.2912070743659202,0.3144858220791851,0.3237750115403227,0.2323851333163899,0.3790636471362039,0.3015989126851439,0.3448016897403172,0.3276926623844594,0.3235728077491531,0.352393677565015,0.3674052214579039,0.2826737108087704,0.2783569867515914,0.3424521531335346,0.3612386345429545,0.2763521429810039,0.3242619987325896,0.3384740387364782,0.3286955249612255,0.2760783273997536,0.2720658955558815,0.3685338610630449,0.3098342371576385,0.3623210168562195,0.3361702373245031,0.3172137557229146,0.3457081956888251,0.3555892169552145,0.3457844197263175,0.3457604672742216,0.2933422452193365,0.3492091940097916,0.3055536700138154,0.3331093700316001,0.2986373765771864,0.3437109267518535,0.355708994751614,0.3409050650000985,0.2990845428783732,0.3414917713652353,0.3586422473074294,0.350901227441431,0.3243164184792807,0.3379976976144754,0.2965365371523105,0.3377076400096352,0.3485295794711933,0.2987868382583079,0.3578245117919006,0.3591923570983564,0.3532593555553254,0.3043484132698153,0.3275555520612083,0.345108834967313,0.3567699803918141,0.397845711802042,0.361137179002069,0.3174001904669011,0.2494778116266582,0.3947824473908636,0.3236490522064763,0.3389052920518544,0.350508543310789,0.3533112974457868,0.3532416289261355,0.3158611293660027,0.329334683487859,0.3381022747396751,0.3448744397780968,0.3186740267782399,0.3117461681228812,0.3418382871687306,0.2795765963899894,0.3688760297059028,0.3656830725403146,0.3272148629270169,0.3517952047854589,0.4955530029690843,0.3520024166661772,0.3931327235257597,0.2923657503310538,0.3611564990902332,0.232581130392456,0.2837703590230897,0.3457740966709676,0.3263783570492833,0.3584679683164793,0.3489800330839151,0.3425464801572864,0.3480682903218366,0.3013115902352301,0.2640463206898323,0.3593674793631173
0.3389759771391574,0.3627503139965059,0.3025073273752606,0.3720403897941924,0.3524432793904268,0.2818039727911564,0.2889526267747587,0.3141309390269354,0.3260205114923121,0.2345302858429237,0.3789590718231083,0.3048821461007917,0.3414836450448122,0.3265080948989355,0.3234218199923311,0.3513310760065729,0.3747130397377196,0.2819146795161616,0.2781478211623454,0.3486923909354856,0.3474238387827433,0.2735823204224281,0.3236543759456579,0.3378803810257787,0.3279128153092915,0.2756346834318087,0.2769678564281154,0.3680058370714111,0.3076744051552383,0.3583996134230344,0.335085333580771,0.3149152341013776,0.3454393139404215,0.3549460305356336,0.3459473955457853,0.3485767444425129,0.3016139141847873,0.3478896688198375,0.3039637374496526,0.3320933618495572,0.2966483212838481,0.3425379546980044,0.3555152781025439,0.3401106478356909,0.2976191269106572,0.3415835293809828,0.3588362596117256,0.3514189179953573,0.323961842855491,0.3362535363008063,0.2990553587293132,0.3362107042643787,0.3480618598162667,0.2976634504697932,0.3588496683961529,0.3590045771471533,0.3517321395782045,0.3028488003790153,0.3323074033901848,0.3452555943122908,0.3583473245434532,0.399754439511624,0.3606469797781486,0.315535178901943,0.2555067475758263,0.3964982800176834,0.3223809938777296,0.3427973775681034,0.3507669609244435,0.3459760006849228,0.3478064218337863,0.3137812803864412,0.3298220531460744,0.3372603821866229,0.3413335175646356,0.3171473882384463,0.3099522457246561,0.3406314377139022,0.2792280431814934,0.3700958728627624,0.3661462436664359,0.3259652411980218,0.3542794969147577,0.5121849017740152,0.354133602374212,0.3897374535648704,0.2922845191688884,0.3613548886823083,0.2307783553060652,0.2813173139892,0.3489469297328282,0.3232064030394011,0.3570331688351284,0.3479567733424859,0.3461283477051862,0.3464290565650149,0.2995219132545243,0.2618056821826006,0.3627779036644528
0.3384735631199135,0.3625410542899395,0.3054577303891189,0.3701867778709395,0.3518313116946645,0.2794619438725485,0.2879384495405545,0.3139446658940674,0.3279062006908525,0.2357826509817787,0.3791267349180925,0.3090464859334247,0.338242192204975,0.3254899304828047,0.3232906679011267,0.350167333798594,0.3825227764642792,0.2822965537664606,0.2788172127394256,0.3546554179492809,0.3342591956247969,0.2708171689072255,0.3231348642272931,0.337180233210362,0.3270462587119899,0.2748513533682668,0.2824940179693994,0.3674423055261889,0.3053300595560717,0.3543327111937911,0.3340343256268284,0.3126789770938848,0.3451684098566689,0.3541591783826203,0.3461228891858306,0.3508828408908872,0.3101360121657993,0.3465093824010449,0.3022681640722324,0.3311121184302671,0.2947955877144761,0.3413670745378968,0.3552636322933649,0.3393119431959434,0.2964015057303413,0.3413487379774862,0.3588759297060307,0.3518531685701965,0.3237480189516827,0.3341610496008751,0.3010018444830786,0.3348566691066173,0.3474409612603729,0.2970324405069643,0.3597358569614204,0.3588456387837727,0.3501989873761209,0.3012052586587201,0.3366670378604057,0.3453858969909717,0.3597629198832452,0.4015194408005375,0.3602534057091547,0.313723583213952,0.2612938992300256,0.3973739979783769,0.3211789120323193,0.3461634057152634,0.351160734404105,0.3391574518041617,0.3416008310388829,0.311944810788663,0.3299459431311618,0.3364452824800474,0.337638448308118,0.3155567479436202,0.3081443965613422,0.3394336512327625,0.279606330514261,0.3709226911028446,0.3665154231910001,0.3247865251720138,0.3563541650365356,0.526998217729191,0.3559767641762061,0.3860424766589029,0.2926430055511449,0.36167320925071,0.2282505041037471,0.279306532389052,0.3521292170491868,0.3204877051362938,0.3554680453770031,0.3470407508421178,0.3503490268490329,0.3447131097680974,0.2977424628409835,0.2596399348266103,0.3657835080812576
0.3380371996505227,0.3623885699846322,0.309030032837465,0.3683230930268739,0.3512423649676725,0.2770371880368029,0.2882015635463328,0.3138926885359007,0.3293301557260053,0.2362001570620489,0.3795488275766919,0.314013507279044,0.3351864439376023,0.3246473319493885,0.3231830183463288,0.3489373958255797,0.3907250696142718,0.2835867493440693,0.2804292205717881,0.3602597791930772,0.3220044488788456,0.2681383559063345,0.322662302264804,0.3363838216226846,0.3260745503566861,0.273790551339466,0.2886983007223994,0.3668692597710462,0.3029252705180785,0.3502029136863713,0.3330309487139556,0.3105384541619506,0.3449022941162975,0.3532773829273068,0.3462915871071167,0.3527617182804638,0.318636975367338,0.3450817823339506,0.3005127875708892,0.330161301669639,0.2931815324576757,0.3402255101311529,0.3549855565313246,0.3385154345330893,0.2955149085352704,0.3408487565385057,0.3587759918879916,0.3521732093628011,0.3236895949270463,0.3315677798949701,0.3023937336603197,0.3336849036021241,0.3466661555207538,0.2970078020224372,0.3604604711342367,0.3587417445499474,0.3487037800646588,0.2994645839939627,0.3405735727927459,0.3454992067082193,0.3609637659092127,0.4031410361947127,0.3599954606724244,0.312034767376095,0.2667772975909203,0.3973553809239737,0.3200540373129473,0.3490492696970547,0.3516671056519757,0.3330688669580142,0.3347076073406488,0.3104527284651306,0.3297288516797567,0.3356289266023695,0.3338953954930929,0.3139289858097784,0.3063625089796915,0.338232034044613,0.2807947340395912,0.3714041210944591,0.3667847969267785,0.3236919249617308,0.3580635051778142,0.5391169868221048,0.3575864166131339,0.3821951163124525,0.2933178922205511,0.3620763921765346,0.2248847364181956,0.2779132520046445,0.3552501984734728,0.3181188165786835,0.353856812087874,0.3462584405617744,0.3549243650786962,0.3429702441318597,0.2960222118502859,0.2576372320102508,0.3684528103208688
0.3376360360840859,0.3622980019865692,0.3131274161385119,0.3664874788613484,0.3506775106349883,0.2746233398134886,0.2896912722632707,0.3139427538715191,0.3302126322460815,0.2359410685713456,0.3801902665562057,0.319683208230168,0.3324205153355143,0.3239619011479772,0.3231015779181304,0.3476730390335295,0.3991913122063318,0.2855192350426697,0.2829703576871005,0.3654479688525623,0.3108302249339859,0.2656359310910831,0.322188421545085,0.3355120966307331,0.3249883138338745,0.2725427077427899,0.2955530172247721,0.3663086003507699,0.3006119365943175,0.3460828952610539,0.3320785625533298,0.3085146295426336,0.3446529505407549,0.3523493380443852,0.3464334172121083,0.3542909780451927,0.3268742823639486,0.3436268963738931,0.2987613891439818,0.3292358706105804,0.2919143105811694,0.3391299772675786,0.3547077504668186,0.337733413299603,0.2950409496315908,0.340148744665822,0.3585589258135155,0.3523532648872613,0.3237892477230952,0.3283697602813599,0.3033202150139872,0.3327055216456565,0.3457510742954455,0.2976797431157839,0.3609980213934491,0.3587122854080273,0.3472691661313538,0.2976932112237336,0.3440010717740906,0.3455873113298288,0.3619008217487466,0.4046328681555826,0.3599098904996395,0.3105203277517981,0.2719562367433427,0.3964142780213562,0.3190066324748831,0.3515191622947259,0.3522566589954381,0.3278042597540259,0.3272201603637251,0.3094011481006684,0.3292156852269736,0.3347776451039728,0.3302077487800861,0.3122948416237363,0.3046495234731273,0.3370095480312984,0.2828388793722591,0.3715770901201555,0.366963693030525,0.3226840284807445,0.3594486354506269,0.5477415343799561,0.3590023575948657,0.3783328449557269,0.2941682004633764,0.3625140822839395,0.2206538500161313,0.2772939475160013,0.3582034008367872,0.3159477286741762,0.3522875792523189,0.3456161038736026,0.3595404919589429,0.3412492831511231,0.2943993401190703,0.2559124490624357,0.3708574337300847
0.33724215455137,0.3622719735538004,0.3176283311717895,0.3647079708253494,0.3501282867382654,0.2723467395088405,0.2922767947429923,0.3140592936690926,0.3305040606759837,0.2352492786286445,0.3810102411146817,0.3258787354453874,0.3300281174468639,0.3233993826059081,0.3230439692402816,0.3464006717428491,0.4077556750274074,0.2878418183177667,0.2863649465791196,0.3701927449267471,0.3008341148157567,0.2633985854997555,0.3216706890158219,0.3345916033348459,0.3237965819808018,0.2712317756031711,0.3029527917661703,0.365774630263613,0.2985575450039182,0.3420294663803441,0.3311692064313026,0.3066136037316047,0.3444303210112489,0.3514233816294103,0.3465348854783291,0.3555330556815937,0.3346512499813903,0.3421647089178867,0.297094386272503,0.3283271099235287,0.2910996750705422,0.3380858667675835,0.3544510025870412,0.336976607177661,0.2950541735711101,0.339310937562275,0.3582478758868619,0.3523753579872777,0.3240405626544058,0.3245267268693454,0.303921319210562,0.331911135880435,0.344721820067898,0.2991038783043118,0.3613238062772684,0.3587760703513044,0.3458914346366695,0.2959827519730938,0.3469580267737155,0.3456365305250207,0.3625236709707337,0.4060205965939406,0.3600210070262422,0.3092162769123758,0.2768706147348467,0.3945588770167259,0.3180232581823197,0.3536375116601761,0.3528943199402568,0.3233606125430115,0.3192474718760098,0.3088746057178204,0.3284638177131633,0.3338600351665049,0.3266631817758553,0.3106841509963945,0.3030327533090612,0.3357485775907382,0.285738767978156,0.37146728199957,0.367071165916481,0.3217591043792629,0.3605407732061543,0.5522253622729514,0.3602434192190292,0.3745796363541629,0.2950533918068945,0.3629283389125837,0.2156299872333665,0.2775751742564416,0.3608612653876334,0.3137854418983888,0.3508342446581593,0.3451014973023634,0.3638847547784185,0.3395894656928633,0.2929003565276023,0.2546126624311354,0.3730654264404681
0.3368307363809918,0.3623095238601173,0.3223980178060412,0.3629962720571491,0.3495785192697378,0.2703627941150083,0.2957683276297702,0.3142103733166475,0.3301965594123838,0.234445578305433,0.3819746937569099,0.3322720224339321,0.3280653194124336,0.3229186402721136,0.3230002029992013,0.3451410805283934,0.4162199751497714,0.2903650095085145,0.2904981060399177,0.3744887084735982,0.2920634457993725,0.2614980043196755,0.3210724093340594,0.3336540437696945,0.3225238749390994,0.2700148555178488,0.3107401464945182,0.3652668214188092,0.2969361948446171,0.3380874699390299,0.330293507491381,0.3048271938395106,0.3442363238744707,0.3505407438810107,0.3465889533567255,0.3565320892863909,0.3418177501571067,0.3407112888599413,0.2956020534987542,0.3274197604472887,0.2908298999374262,0.3370825052939816,0.3542276992353736,0.3362466227524111,0.2956163815446104,0.3383864882188319,0.3578652642742235,0.3522344469909617,0.324427151016964,0.3200569138846083,0.304358089674394,0.3312905765493374,0.34361691260744,0.3012924063511831,0.3614134614283923,0.3589518670386367,0.3445454143361989,0.2944490979736144,0.3494839723818705,0.3456344238866466,0.3627846682588204,0.4073452250747729,0.3603445575912138,0.3081362653214154,0.2815790799987376,0.3918354369831085,0.3170808916555065,0.3554623361336507,0.3535428205410003,0.319676565998115,0.3109299867212668,0.3089409887738826,0.3275346389178753,0.3328569586172577,0.3233282440377908,0.3091177865903469,0.3015199150509665,0.3344315198288428,0.2894470195641477,0.3710951681639209,0.3671322071448275,0.3209005660023869,0.3613582284205264,0.5521351017167662,0.3613197110985658,0.3710442400888033,0.295855725821734,0.3632554785468385,0.2099814490363953,0.2788449396612646,0.3630795930972728,0.3114228352023527,0.3495537386084526,0.3446868325033511,0.3676653319880882,0.3380200940168749,0.2915431156670277,0.2539102096742391,0.3751334702752378
0.3363813556717068,0.362411798815157,0.3272935156257957,0.36135287815207,0.3490103632139854,0.2688530361335234,0.2999333012818013,0.3143773900187477,0.3293299175803496,0.2339036211694604,0.3830520633112085,0.3385018033304033,0.326566479580368,0.3224682980559256,0.3229555348013417,0.3439087328675363,0.4243755111595664,0.2929733948772356,0.2952347573548105,0.3783383328057473,0.2845283324214221,0.2599811353264492,0.3203581236273805,0.3327336322526808,0.3212004539930215,0.2690760240373259,0.3187382383716818,0.3647689123968725,0.2959179203700854,0.3342908120787484,0.3294457105747851,0.3031315582276908,0.3440724845887688,0.3497329860572873,0.3465917752799231,0.3573167313125129,0.3482669459539882,0.3392787479040176,0.2943786595575276,0.326496311550073,0.2911774092089407,0.3360924932952159,0.3540425420405699,0.3355382663727757,0.296768057673263,0.3374105588495139,0.357437045019727,0.3519387257773463,0.3249210751213756,0.3150337218178222,0.3047880077941008,0.3308210895344419,0.3424823530277698,0.3042076059364592,0.36124931854019,0.3592483162710916,0.3431927705724414,0.2932182342471834,0.3516357714583163,0.3455679036504219,0.3626532702576429,0.4086598380838818,0.360896520516776,0.3072612312866895,0.2861374030391273,0.3883108213540914,0.3161512970602378,0.357044410398293,0.3541645979773482,0.316661670269021,0.3024423741273295,0.3096430987572304,0.326486263715849,0.3317611353031133,0.3202457006028048,0.3076032251044106,0.3001131300613247,0.3330441230343682,0.2938706303133276,0.370480852968939,0.367173936045555,0.320075237193952,0.361907644618697,0.54729747241684,0.3622397517392715,0.3678211306933626,0.2964875105449401,0.3634278764219584,0.203949442394748,0.2811377157987865,0.3647148734009396,0.3086508442429755,0.3484894597425348,0.3443320087607359,0.3706351133800281,0.3365576684075257,0.2903337389729036,0.253985965307022,0.3770993513211192
0.3358838413303623,0.3625832076626084,0.3321702863360585,0.3597755545619211,0.3484082764528259,0.2680112686692395,0.3045078282446254,0.3145513908302413,0.3279836850427799,0.2340055705190482,0.3842001253518708,0.3443171939004777,0.3255445015292834,0.3219863130285836,0.3228930971785754,0.3427108510216365,0.432016120400631,0.2956089174291246,0.3004319833853222,0.3817469154179673,0.2782148626138636,0.2588739598489682,0.3195007381524932,0.3318597562951573,0.3198551583309017,0.2686180468301752,0.3267767124963674,0.3642572951796201,0.2956523018449296,0.3306580363256022,0.3286163989909892,0.301483806403089,0.3439482394132208,0.3490242475636835,0.3465429358879635,0.3579037868780803,0.3539380780225618,0.3378732706221283,0.2935186016146569,0.3255438400960002,0.2921907177638272,0.3350801598265923,0.3538981803406442,0.3348434638997403,0.2985191915959738,0.3364028085705595,0.3569906171759764,0.3515057718932406,0.3254872074981502,0.3095911941917331,0.3053482612056784,0.3304612337834641,0.3413615456171632,0.3077618764027311,0.3608307163452591,0.3596568988802487,0.3417848983318305,0.292412458199946,0.3534710183522497,0.3454189411866393,0.3621224106665091,0.4100210139922544,0.3616864677557613,0.3065447077366259,0.2905824232244378,0.3840596228777216,0.3152043181710429,0.3584219611922737,0.3547210380360916,0.3142141902809527,0.2939787647614059,0.310991590363892,0.3253637586170508,0.3305707164139391,0.3174329309734049,0.3061395407020295,0.2988116997348377,0.3315812220563179,0.2988757273474936,0.3696462569308449,0.3672207952747002,0.3192455649294839,0.362189276455347,0.5378366161439863,0.3630035325203547,0.3649929864482614,0.2968846381657605,0.3633831530725112,0.197819509966964,0.2844225050501847,0.3656587469469529,0.3052802999349444,0.3476659361538155,0.3439906387120223,0.3726233406516772,0.3351988246168892,0.2892599660113571,0.2550168847109428,0.3789801657025302
0.3353408632230373,0.3628238672428716,0.3368972389082439,0.3582636214769391,0.3477597639023845,0.2680184420587524,0.3092174738743548,0.3147251080113632,0.3262647115816002,0.2350994349492668,0.3853620311439999,0.3495319496634106,0.32497853034549,0.3214136904850181,0.3227942551722808,0.3415471690649892,0.4389406631835876,0.298258815083941,0.3059485377785116,0.3847240351654186,0.2731079475920641,0.2581851270648553,0.3184924166800648,0.3310522180878298,0.3185143012984978,0.2688512969160968,0.3346918538746055,0.3637095717054923,0.2962526946966872,0.3271918029823545,0.3277875404302046,0.2998258183765973,0.3438749684682279,0.3484293146273276,0.3464484167447386,0.3582988931238916,0.3588157144919673,0.3364913015488315,0.2931117010833202,0.3245552285491433,0.2938870197606346,0.3340104913847708,0.3537981012117457,0.3341475358858299,0.3008453958756044,0.3353700776295058,0.3565469375121678,0.3509607422415859,0.3260928759455332,0.3039161355289287,0.3061376888654091,0.3301671786821504,0.3402883797191401,0.3118271753264846,0.3601766797768371,0.3601580662090202,0.3402649581890807,0.2921465465083764,0.355042002645386,0.3451690840638552,0.3612012065826148,0.411484767008724,0.3627006061669319,0.3059290668743506,0.2949267821393262,0.3791709507313521,0.3142117309721479,0.3596156031330165,0.355173343259802,0.3122408073736221,0.2857417418592905,0.3129644490477462,0.3241920113704333,0.3292891674950298,0.314884462459376,0.304722336765767,0.2975961890593188,0.3300496783829147,0.3042973165271315,0.3686201126712502,0.3672906837270654,0.3183833190861186,0.3622052897253953,0.5241832574995984,0.3636005554654294,0.3626302984159858,0.297004895663171,0.3630766693305857,0.1918977755027548,0.2886054778612172,0.3658601989376858,0.3011590996495258,0.3470822233049725,0.3436181480948339,0.3735564251636994,0.3339208375387841,0.288290695940511,0.2571672669474593,0.3807730345433115
0.3347617660110871,0.3631235310382623,0.3413699407352407,0.3568170042019865,0.347056478587725,0.2690196960302534,0.3138060117997778,0.3148981032945052,0.3243000699635714,0.2374694624374887,0.386469697713197,0.3539410643062242,0.3248118128964557,0.3207091357127856,0.3226425593127209,0.340410414857247,0.4449632659981931,0.3009486237775283,0.3116522969812657,0.3872799509858129,0.2692078057073781,0.2579031201485286,0.3173413461680707,0.330322498307963,0.3172018687518473,0.2699789381982117,0.3423159174857338,0.3631055757552482,0.2977870451638409,0.3238838074961117,0.3269399187648008,0.2980970039170809,0.3438563428847437,0.3479502395696723,0.346321969155289,0.3584968922509521,0.3629155695862191,0.3351199527470067,0.2932369828508117,0.3235265924926877,0.2962456692417854,0.3328512803146913,0.3537427955010096,0.3334256037715914,0.3036900151612424,0.3343086899424498,0.3561202277624682,0.3503356964849895,0.3267137060635068,0.2982172410926678,0.3072008627802977,0.3299089615457615,0.3392854490221601,0.316248069274186,0.3593202453938322,0.3607302170060862,0.3385776776779606,0.292522147984205,0.3563976843131446,0.344806611021872,0.3599084814993756,0.4131076366474867,0.3638951835842085,0.3053506445524474,0.299162088927941,0.3737536952701205,0.3131474498831054,0.3606310068079413,0.3554871798403874,0.3106758506603357,0.277943604595773,0.3155088627114016,0.3229764442446118,0.3279297797117272,0.3125762992485792,0.3033378516358609,0.2964231222881133,0.3284670458318392,0.3099522348640802,0.3674441389960514,0.3673911723211074,0.317467091181193,0.361965691010012,0.5070364365732632,0.3640204917114059,0.3607877340713842,0.2968336351411576,0.3624879314210539,0.1864849285620784,0.2935405340551323,0.3653237252023946,0.2961852287256444,0.3467165805009212,0.3431775309257145,0.3734544669579739,0.3326906161620876,0.2873813163574873,0.2605721222329887,0.38245212286864
0.3341559904965461,0.3634645603190898,0.3455107976543747,0.3554318294545556,0.3462961215892309,0.2711106905119521,0.3180562635475785,0.3150868652806405,0.322229558659728,0.2413100075472251,0.3874431950791031,0.3573989415091639,0.3249711557510168,0.3198503335725049,0.3224306973889122,0.3392883914430697,0.4499345054683922,0.3037229183355532,0.3174226993161,0.3894175679784379,0.2665233114167631,0.2579949068355396,0.3160600920790857,0.3296741286175848,0.3159361129524287,0.2721822180316522,0.3495025838506987,0.3624257037397872,0.3002718496924955,0.320718012651448,0.326060862342855,0.2962430852407509,0.3438918380057833,0.3475812884847473,0.3461833643735077,0.3584882196920956,0.3662679461995811,0.333742072119694,0.293955671047669,0.3224576592311771,0.2992093828788515,0.3315748800674689,0.3537280100454555,0.3326498324450571,0.306967362771579,0.3332075449091171,0.3557260035234583,0.3496648982815832,0.3273306323445714,0.2926941613050521,0.3085301019052939,0.3296638211274091,0.3383616707726601,0.3208524359095422,0.3583045971339629,0.3613489951925926,0.3366830967527716,0.2936115024709709,0.3575795271767583,0.3443262765402105,0.358275229549041,0.4149450040337105,0.3652015505499222,0.3047356316563582,0.3032651076084794,0.3679235174183681,0.3119831178020987,0.3614652454104202,0.3556374514843456,0.3094860958601325,0.2708008005778734,0.3185427990781793,0.3217071748686518,0.3265138407153821,0.3104687246830938,0.301955634037628,0.2952427888795079,0.3268582686333944,0.3156532355493961,0.3661729812012122,0.3675144858567835,0.3164748451945392,0.3614884377542937,0.4872919317009346,0.3642598553123165,0.3595027438043999,0.2963813847300706,0.3616196677859339,0.1818430776852807,0.299038965007818,0.3641078168870073,0.2903139812078167,0.3465358738593021,0.3426414550505545,0.3724138767196348,0.3314688114746903,0.2864776993838936,0.2653151189152025,0.3839683623421934
0.3335352835932414,0.3638277135866501,0.3492634630715859,0.3540985583346,0.3454826192721716,0.2743264752055298,0.3217983700092474,0.3153193334387038,0.3201904034682623,0.2467020405039873,0.3881901484705478,0.3599110379544102,0.3253834988496588,0.3188288203036993,0.3221614374614941,0.3381682580744965,0.4537593690598144,0.30662039059894,0.3231485835386962,0.3911310664517006,0.2650535494588097,0.2584128650716416,0.3146639115059091,0.3290981961439959,0.3147236126023667,0.2756074540920036,0.3561828984816702,0.3616546957953782,0.3036669206804982,0.317672814783923,0.3251411784587947,0.294214329155042,0.3439862599909615,0.3473177215642996,0.3460545657759576,0.3582707905139421,0.3689135347197062,0.3323400566319146,0.2953038689318039,0.3213541201658764,0.3026894163498123,0.3301658515535782,0.3537510373139746,0.3318014119674001,0.3105662492309455,0.3320527146106535,0.3553834543742374,0.3489791781341604,0.3279249423342348,0.2875240368681381,0.3100847088806206,0.3294096190759578,0.3375097472683644,0.3254641267878831,0.3571836255927073,0.3619825803964071,0.3345638837887716,0.2954435731941612,0.3586105735647031,0.3437275999970922,0.3563463259027619,0.4170447852019515,0.366527215950918,0.3040088549741793,0.3072063954865937,0.3617896513039398,0.3106881362394093,0.3621112874402807,0.35560974304737,0.3086608461452784,0.2645095030191431,0.3219618114420863,0.3203628499445423,0.3250627575341669,0.3085118908487057,0.3005348350390499,0.2940125898206152,0.3252511988098675,0.3212261622013728,0.3648692887339191,0.3676355807545032,0.3153911299495049,0.3607986985910143,0.4659676882452865,0.3643183167084316,0.3587981869638767,0.2956707922613761,0.3604953643242803,0.1781663814450174,0.3048845263633173,0.3623316390897649,0.2835608093201241,0.3464988100495251,0.3419933161758125,0.3705915279613115,0.3302076303690693,0.2855197034328391,0.271414801129237,0.3852624607276536
0.3329186142209666,0.3641920940842865,0.35259428902049,0.3528088544838823,0.3446244605822616,0.2786301099297762,0.3249141738744197,0.3156174952311879,0.3183007564083344,0.2536053435530115,0.3886149026338238,0.3615530666199975,0.3259720920562357,0.3176503153378492,0.3218428545155361,0.3370401973031052,0.4564054440853123,0.3096608782762006,0.3287271319079848,0.3924142629878615,0.2647764770778925,0.2591055804973769,0.3131772719220116,0.328571518580829,0.3135560359921115,0.2803498376422655,0.3623765360276624,0.3607880355024389,0.3078778586902026,0.3147283154053013,0.3241702979426005,0.291965114941991,0.3441479640533939,0.3471564380370188,0.3459559609655793,0.3578574576789187,0.3709050997381557,0.3308964949113857,0.2972872469734141,0.3202264875864079,0.3065684320463509,0.328627805335713,0.3538155076652624,0.3308733642811235,0.3143587895457777,0.3308318991866982,0.3551091071791969,0.3483060855396558,0.3284802607201493,0.2828521688421923,0.3118071816488313,0.3291386673189055,0.3367096665799098,0.3299217442643003,0.356018069311889,0.3625946730212375,0.3322256081448518,0.2980045977232358,0.3594927597227502,0.3430195146966864,0.3541745532800257,0.419441780927829,0.3677501773222583,0.3031139933393507,0.310961627635103,0.3554589308923656,0.3092370839052905,0.3625622080865979,0.355399560361236,0.3081988693272218,0.2592198172912167,0.3256517239667841,0.3189189088895082,0.3235947626683573,0.3066561947813226,0.2990371051264495,0.292688389392559,0.3236713707135348,0.3265273864135793,0.3636013267306247,0.3677168892581005,0.314220284138332,0.3599316222473562,0.4441286098091944,0.3641986504078929,0.358682955508533,0.2947280194085233,0.3591574104811313,0.1755654137596973,0.3108581029652161,0.3601620305985489,0.2760047803880001,0.3465578896322554,0.3412278379139247,0.3681876475003688,0.328856967518892,0.284448331697706,0.278819288335417,0.3862844191564754
0.3323282458026483,0.3645311037885146,0.355497190440503,0.3515648420753003,0.343732892398989,0.2839111328663378,0.3273406143292803,0.3159898945189264,0.316651672571431,0.2618675343372239,0.3886329667806962,0.3623673100784896,0.3266536288766334,0.3163366119080669,0.3214885930303084,0.335897316959944,0.4579058908065423,0.3128409878949099,0.3340676496596523,0.3932700227213399,0.2656406921956982,0.2600260470230512,0.3116329057119872,0.3280633874424362,0.3124127381599482,0.2864342212163431,0.3681287428368913,0.3598326231467911,0.312769631947651,0.3118746212867201,0.3231397789706339,0.2894638150863591,0.3443794410807954,0.3470910717878477,0.3459053171369027,0.3572730375779148,0.3723012391789365,0.3293956418593025,0.2998800980072413,0.3190864823868705,0.3107057250344406,0.326981674221373,0.3539265135049874,0.3298640216699959,0.3182147089322939,0.329538337195174,0.3549138805694269,0.3476718990530418,0.3289894044880139,0.2787734936621317,0.3136288387308278,0.3288663437404119,0.3359364989520535,0.3340947998059263,0.3548641988632386,0.3631529312418466,0.3296973383627703,0.3012430611454738,0.3602175752179282,0.3422232756640695,0.3518144453425069,0.4221533704687734,0.3687201710675014,0.3020204035803205,0.3145204459138743,0.349043759667852,0.307613153853104,0.3628152144568759,0.3550115378002766,0.3080964559564245,0.2550268642271013,0.3294985931166467,0.317361892158413,0.3221285684131812,0.3048587966078767,0.2974290431189669,0.2912172551241879,0.3221387898098364,0.3314510647312235,0.3624410586367462,0.3677141036846998,0.3129832746746763,0.3589334292060315,0.4227938007927065,0.3639134491241614,0.359146822256559,0.2935837362232266,0.3576631436188712,0.1740615208391824,0.3167597637247313,0.3577741164584041,0.2677926522417509,0.3466676875680892,0.3403492952943993,0.3654169447949822,0.327380592666971,0.2832113517887531,0.2873994575805326,0.3870022070964027
0.331779944923958,0.3648121178058234,0.3579895507949082,0.3503767130537968,0.3428201843046518,0.2899988429233474,0.3290675377292441,0.3164374318138746,0.3153052084336452,0.2712385618776833,0.3881818868563562,0.362420400023046,0.3273551897102228,0.3149207544099881,0.321123000736413,0.3347341698406646,0.4583580528495495,0.3161270959429461,0.3390969058576555,0.3937138871102586,0.2675488320344828,0.2611360584786955,0.310062568148489,0.3275433331906817,0.3112665708677458,0.2938047608694429,0.3734429131259568,0.3588030851871557,0.3181811633304527,0.3091118570250713,0.3220481730073694,0.2867028072426619,0.3446770823378154,0.3471123220860099,0.3459191596894441,0.3565483341178202,0.3731577026707512,0.3278274662895935,0.3030263919801626,0.3179458257154158,0.3149514337014851,0.3252595257955616,0.3540850778183216,0.3287741010049719,0.3220132000022859,0.3281752401167698,0.3548070338231185,0.3470964493800008,0.3294565761784726,0.2753186074241582,0.3154800692289668,0.3286143834626449,0.3351645608074686,0.3378885042697273,0.3537654047672927,0.3636328878267461,0.3270338795321898,0.3050681128081152,0.3607761860852951,0.341366080380782,0.349322236632067,0.4251710905585673,0.3692736714513436,0.3007140793478037,0.3178888257224293,0.3426593657718116,0.3058033022938394,0.3628726884738253,0.3544585586161577,0.3083347302783496,0.2519697437722753,0.3333938215109146,0.3157012639679399,0.320684945602809,0.3030823213913448,0.2956781843738212,0.2895522846089111,0.3206670992129474,0.335924918960883,0.3614552217518371,0.367576895019445,0.311701911729834,0.3578559897657507,0.4028383891805934,0.3634846106452797,0.3601544961993496,0.2922734556008416,0.3560780271397534,0.1735877691245942,0.3224195764263645,0.3553223753494433,0.2591345919791352,0.3467933503169206,0.3393677895738698,0.3624742396345947,0.3257643775208825,0.2817617237083641,0.2969452742464907,0.3873988607888717
0.3312802692591706,0.3650016733220352,0.3600997303357895,0.3492505675892387,0.3418979171239704,0.2966797194649705,0.3301300519800066,0.3169545151765425,0.3142908888541969,0.2813899766537591,0.3872302039881063,0.3618873883010976,0.3280300129164372,0.31343990893038,0.3207782781289385,0.3335486510843446,0.4579153586856589,0.3194521512772681,0.3437613371954207,0.3937746672622871,0.2703421193476448,0.2624068785826279,0.3084909506697921,0.3269810007414075,0.310088065748499,0.3023311895691742,0.3782703405816773,0.3577212217664487,0.3239322633431443,0.3064453032070516,0.3208986019953449,0.2836981616045978,0.3450398868710049,0.3472118102351493,0.346011868502676,0.3557202166787098,0.3735303673494997,0.3261910470325244,0.3066398716740097,0.3168165274617175,0.3191634859578811,0.3235009813024208,0.3542909996902695,0.3276132032710163,0.3256485404699321,0.3267588789292222,0.3547969715818591,0.3465844373595845,0.3298915576047975,0.2724605972598838,0.3173124698024653,0.3283962266874483,0.3343678632601689,0.3412441157221036,0.3527543953342617,0.3640158879746003,0.3243136272528527,0.3093507613044622,0.3611589395171307,0.3404760001853094,0.3467567815167626,0.4284471934459624,0.3692544380296308,0.2991969714960691,0.3210891217613714,0.3364197365959935,0.3037989160943917,0.3627438091057022,0.3537605114613504,0.3088700826597667,0.250023259573046,0.3372416964292375,0.3139730224020828,0.3192814260756712,0.3012964099603671,0.2937585395213145,0.2876714563133793,0.3192607464764788,0.3399082507431365,0.3606938043191098,0.3672495593249199,0.3103938230533863,0.3567507672742678,0.3849288961977543,0.3629349481436615,0.3616440585335388,0.2908355722664027,0.3544676592322896,0.174002019854434,0.3277054114038796,0.3529399849413245,0.250286462698444,0.3469115484176306,0.3382959875830098,0.3595131792953919,0.3240095635520011,0.280057529653076,0.3071795528376388,0.3874735382057827
0.3308324471179926,0.365070994756953,0.3618577129112701,0.3481848270828485,0.3409763110385567,0.3037116818704351,0.3305982736212171,0.3175188741092909,0.3136015438827869,0.2919457927080907,0.3857863005375583,0.3609889376238833,0.328649507345087,0.3119331785324952,0.3204829164050277,0.3323460524071139,0.4567758102542977,0.3227269346508736,0.348026877856848,0.3934975131250924,0.2738025952302479,0.2638163670256627,0.3069347374649417,0.3263433919168161,0.3088471945267043,0.3118220116848849,0.3825327477193332,0.3566163739413136,0.3298309981070746,0.3038867936233015,0.3196948931392198,0.280486105012285,0.3454716730772549,0.3473812257435493,0.3461904452369705,0.3548337142545718,0.3734851580726127,0.3244946412234511,0.3106074017556617,0.3157086654452496,0.323217043920473,0.3217511288009064,0.3545451733883988,0.3264058514244234,0.3290363005015391,0.3253166349685731,0.35488683306174,0.3461257222143767,0.3303020571152409,0.2701335963646397,0.3191156735166702,0.3282256960796387,0.3335233322283944,0.3441430824265477,0.3518585019062092,0.3642866074278221,0.3216296441890827,0.3139383003279863,0.3613530739961855,0.3395874948472775,0.3441763920007689,0.4318833725168937,0.3685302461215354,0.2974995538045947,0.3241614675003004,0.3304408844392837,0.3016087322737454,0.3624503392161429,0.3529433892052183,0.3096320766662805,0.2490914359823296,0.3409684641844928,0.312239816141122,0.3179267985931535,0.299487860314504,0.2916620154251091,0.2855789305625837,0.3179098363000064,0.3433978865998527,0.3601873433612822,0.3666787610066814,0.3090809308838163,0.3556684147174074,0.3695044670428287,0.3622876722088775,0.3635278542394173,0.2893163463563434,0.3528887976592739,0.1751111869996137,0.3325323036191973,0.3507343819343888,0.2415289723932372,0.3470080326489397,0.3371464305366388,0.3566423155258483,0.3221273568110063,0.2780740413083684,0.317785005150194,0.3872506066145124
0.3304395314631848,0.3649981423193702,0.3632932826547039,0.3471798711054178,0.3400642246271935,0.3108436390293239,0.3305626886658123,0.3180845962750661,0.3131963703669891,0.302518756651484,0.3839008464301675,0.3598966993263784,0.3291888280828809,0.310439790227479,0.3202564760670247,0.3311396566269013,0.4551700128713334,0.3258587939428574,0.3518793987954502,0.392948965473144,0.2776685564545139,0.2653458357449998,0.3054016155339074,0.3255994624787866,0.3075156692834939,0.3220329904140449,0.3861394978003621,0.3555183445717321,0.3356922528520409,0.3014608649734617,0.3184433304975197,0.2771255788124291,0.3459733992631993,0.3476097143239227,0.3464508744679091,0.3539366984073975,0.3730989681391531,0.3227533260712814,0.3148007625033419,0.3146271682587238,0.3270087184373075,0.3200563306932382,0.3548424821583956,0.3251859341554103,0.3321239793141991,0.3238813739205047,0.3550741504758447,0.3457047469429777,0.3306906986742368,0.2682458678496597,0.3209134909114627,0.3281230463540466,0.3326170431366417,0.3466065119306968,0.3510976291621676,0.3644329930465801,0.31907858963972,0.3186724951575794,0.3613492233611061,0.3387450837076937,0.3416341809392149,0.4353278132688263,0.3670048151296189,0.2956831590200121,0.3271604969889088,0.324841507183265,0.2992686905566752,0.3620275614426703,0.3520380816614825,0.3105250304324324,0.2490209893997397,0.3445231491939176,0.3105907270805322,0.316622472024116,0.2976668906595822,0.2894001529775789,0.2833011628972522,0.3165905325123152,0.3464275510189648,0.359950770415466,0.3658233786437292,0.3077908276874538,0.35465890491009,0.3567791220204008,0.3615741059985367,0.3656933877515458,0.287778407821441,0.3513803704383157,0.1766937120091555,0.3368635256059951,0.348760543290202,0.2331563131859635,0.3470775038234609,0.3359284374853594,0.3539243701146357,0.3201450197498743,0.2758195927101481,0.3284263845614629,0.3867833354545693
0.3301003091265007,0.364768899601791,0.3644362726313455,0.3462429686317909,0.3391682122865181,0.31784394911168,0.3301163713645316,0.3185881574543329,0.3130131400260943,0.3127400498814585,0.381661834996368,0.3587537644627397,0.3296300683327074,0.3089911781664737,0.3201141594410454,0.3299472354064162,0.453344232059847,0.3287646669689152,0.3553245056492453,0.3922178182426947,0.2816499799833797,0.2669787416313674,0.3038907075211314,0.3247284002600409,0.3060706209571614,0.3326773675768014,0.3890061691882586,0.3544467747053003,0.3413591610598797,0.2992037178285227,0.3171544902429176,0.2737019899518367,0.3465380947457755,0.3478861316147063,0.3467815289703198,0.3530693800908741,0.3724516328361986,0.3209864474622354,0.3190908305373358,0.3135715564500238,0.3304635391043191,0.318458487499266,0.3551661727236064,0.3239835276427587,0.3348962376397471,0.3224881304534467,0.3553544245107836,0.3453062201726209,0.3310567358399085,0.2666888060400521,0.3227484102214397,0.3280991600571377,0.3316476663693087,0.3486809032133385,0.3504780079103239,0.3644481095644276,0.3167517814857957,0.3233997245351799,0.3611509297802412,0.3379919865772992,0.3391741874616644,0.4385793712909189,0.3646283464207732,0.2938252675619279,0.3301416896239271,0.319736317260257,0.2968385124523515,0.3615127079616532,0.3510768833041588,0.3114306647353885,0.2496291429443567,0.3478715170808958,0.3091352749738637,0.3153675098950299,0.2958601045784836,0.287000521084189,0.2808962881519251,0.315273971592505,0.3490510326627325,0.3599812745782168,0.3646569222055116,0.3065441698666517,0.3537652892874203,0.3467516646670732,0.3608323645185428,0.3680069866723235,0.2862985499860357,0.3499592808546889,0.1785150491854883,0.3407004621348725,0.3470065256470429,0.2254693788003804,0.3471231095772264,0.3346462620414498,0.3513714887929317,0.3181097992033476,0.2733393383897078,0.3387666730494833,0.3861452453831516
0.329806222618604,0.3643794752649336,0.3653147647540729,0.3453789872558122,0.3382916183908804,0.3245222936219502,0.3293437317045882,0.3189582707103063,0.3129818084022895,0.3222836860705946,0.3791888940965154,0.3577087095433175,0.3299703745231013,0.3076031629774698,0.320066686047993,0.3287883149321448,0.4515363461886101,0.3313778003784883,0.3583837311570205,0.39140754559653,0.2854486339624894,0.2686974822751708,0.3023962386029989,0.3237203586279445,0.304497512876727,0.3434502962781498,0.3910752174402476,0.3534101217044401,0.3467097805541703,0.2971536413287391,0.3158390163885029,0.2703255533485828,0.3471548436330438,0.3482010305960383,0.3471686470818096,0.3522594633788172,0.3716212615724035,0.3192161979365183,0.3233536617350416,0.3125369497447645,0.3335421864275181,0.3169883342865596,0.3554946255510259,0.3228182342382335,0.3373656529981024,0.3211746014826726,0.3557182230621226,0.3449121723557642,0.3313980926681156,0.2653526542966914,0.3246710044770808,0.328144050313093,0.3306248113334075,0.3504212624458553,0.3499927698612807,0.3643319076287355,0.3147278496694511,0.3279793213915282,0.3607757488889536,0.3373554576529775,0.3368271457892878,0.4413957991337652,0.3614078213148562,0.2920108307428159,0.3331450856764404,0.3152324554734453,0.2943989847203852,0.3609343963371092,0.3500881360998697,0.3122181802398625,0.2507239159299344,0.3509946375875486,0.3079888693588417,0.3141588972659785,0.2941008915463095,0.284513726238318,0.2784652097236766,0.3139329177420186,0.3513233605809914,0.3602514443474742,0.363164970580733,0.3053456475128793,0.3530154859162137,0.339239034585232,0.3600953463682977,0.3703216252556744,0.2849572231764441,0.3486232466575392,0.1803458100336462,0.344072550796507,0.3454165933486515,0.2187590623144485,0.3471531077596693,0.3333002567928579,0.3489483570767506,0.3160781393793895,0.2707102192687985,0.3484918060340236,0.3854183607165934
0.329544697006137,0.3638392485409142,0.3659519277564712,0.3445821320848029,0.3374360574873197,0.3307341854860111,0.3283199226796535,0.3191204241948484,0.3130322915570193,0.3308902933571328,0.3766242267815397,0.3568551058169847,0.3302126399321226,0.3062776076360586,0.3201115101235257,0.3276840252238323,0.4499523082539086,0.3336540643462963,0.361088034888691,0.390623660799962,0.2887925062379093,0.2704763084795535,0.300908367120452,0.3225710633899796,0.3027921471787274,0.3540611588672523,0.3923158992531852,0.3524138527913129,0.3516501791980644,0.2953443224790573,0.3145025919809049,0.2671283109121379,0.347814141836639,0.3485417424176458,0.3475955635295394,0.3515253316881457,0.3706838977641684,0.3174667747090863,0.3274716040060841,0.3115125037861815,0.3362401685177248,0.3156580694266347,0.3558084485030844,0.3217034151750072,0.3395579644947781,0.3199802024560454,0.3561437746890015,0.344499455631102,0.331709744816174,0.2641471039595795,0.3267344017175392,0.3282372582087466,0.329563899596985,0.3518855080931033,0.3496308694907117,0.3640891304065418,0.313065075873393,0.3322981752165473,0.3602492788042164,0.3368469533224608,0.3346075394361986,0.4435077049412409,0.3574127762384706,0.2903393319226124,0.3361885422658223,0.3114289729793947,0.2920604432344166,0.3603186531633124,0.3490924243903078,0.312764094032729,0.252113172887175,0.3538904976254133,0.3072563002392918,0.3129858731617814,0.2924285627585767,0.2820251882859535,0.2761458960079341,0.3125374930993004,0.3532954642163013,0.3607127835986194,0.3613472693476454,0.3041895031371278,0.3524206668003823,0.3339373375849714,0.3593859415696739,0.3724847574134579,0.2838364517506719,0.3473548109071818,0.1819854329473229,0.3470296196113476,0.343918157211123,0.2132808601867886,0.347177526959844,0.3318891071344284,0.3465926006282806,0.3141002713230885,0.2680432605323103,0.3573416532617715,0.3846858111241524
0.3293035389904735,0.3631692820469392,0.3663632891205521,0.3438409890353074,0.336603658171957,0.3363811513770406,0.3271115995369489,0.3190020309475347,0.3130995276349213,0.3383824857815481,0.374112092695052,0.3561877465156901,0.3303496168287144,0.3050097976698108,0.32023061930789,0.3266565094613563,0.44874901497747,0.335578528583808,0.3634704152171381,0.3899635398650307,0.291471782523239,0.2722765834230569,0.2994098826647893,0.3212816343463047,0.300963760337996,0.3642549899555591,0.3927162259360914,0.351463059520294,0.3561126885671768,0.2938061010257591,0.3131461333050232,0.26426221722058,0.3485074089651798,0.3488875499411445,0.3480377393798595,0.3508794286153304,0.3697098308894653,0.3157619503945186,0.3313418127884945,0.3104792849252361,0.3385793037994294,0.3144589078652453,0.3560842726820348,0.3206498667286367,0.341506825419502,0.3189409842530411,0.3565985638039005,0.3440440143116569,0.3319790146885724,0.2630157340046418,0.3289839457147165,0.328354733823785,0.3284795928432551,0.3531326811786381,0.3493849024070489,0.3637233552350721,0.3117941494665115,0.3362821004329436,0.3596015986701482,0.3364709516076049,0.3325142640329571,0.4446411790341261,0.3527695232391327,0.288926329951071,0.3392697247396181,0.3084064283414773,0.2899666566540365,0.3596989895206095,0.348102314625645,0.3129707928872388,0.2536189004120333,0.3565666380762757,0.3070191333285154,0.3118262960367445,0.2908893984402559,0.2796523518021843,0.2741001105070187,0.3110498575518383,0.3550153760676003,0.3613116244107234,0.3592239115603017,0.3030675009717692,0.3519800343613602,0.3304847972884524,0.3587239825995907,0.3743446321977953,0.2830252613150975,0.3461213469463871,0.183278046229698,0.3496268911222545,0.3424163928623822,0.2092375838008375,0.3472047444776273,0.3304111095289332,0.3442407107728747,0.3122147118471792,0.2654923978469128,0.365127441214058,0.384025005482975
0.329071655374859,0.3623970170406265,0.3665572453907685,0.3431454182119709,0.3357964488652518,0.3414183336906717,0.3257727461199317,0.3185449752128481,0.313133847800032,0.3446655937955701,0.3717762458726028,0.355662825504601,0.3303641925021209,0.3037909112380464,0.3204003987487163,0.3257265634467362,0.4480201813866708,0.3371699534809857,0.3655558129401757,0.3895115646357347,0.2933556717349535,0.2740486540767402,0.2978783817072818,0.3198637450371457,0.2990382227391335,0.3738190992416855,0.3923030851460182,0.3505557489097223,0.3600647635964256,0.2925671319014838,0.3117674355891767,0.261891338401972,0.3492232361968131,0.3492134559472739,0.3484626256188424,0.3503280466945806,0.3687586391585593,0.3141205560096588,0.3348907379265763,0.3094118289504616,0.3405981850314456,0.3133678738870996,0.3562878787171073,0.3196599155634201,0.3432551974611977,0.3180849267869609,0.3570487249034626,0.3435274585885089,0.3321838842788718,0.2619405996405907,0.3314417280924753,0.3284586823418242,0.327382164032239,0.3542126310525071,0.3492514095925275,0.3632348332963955,0.3109143200074381,0.3398928635876923,0.3588679475289582,0.336223797966478,0.3305312817732841,0.4445459084260006,0.3476431826733831,0.2878875632502871,0.3423670400132166,0.3062110093531354,0.2882795668902556,0.3591089307387994,0.347123751893958,0.3127743760746739,0.2551012785270378,0.3590275815698943,0.3073254284310255,0.3106501807162066,0.2895308445054823,0.2775306428582905,0.2725093321484658,0.3094317109334994,0.3565229588690574,0.3620001757221744,0.3568357186806631,0.3019671330120901,0.3516858762593923,0.3285069190172106,0.3581293971259095,0.3757599027111067,0.2826135931900805,0.3448761762779604,0.1841128450308818,0.3519071097214254,0.340780078230514,0.2067759080357492,0.3472353989550392,0.3288664892012169,0.3418420455303059,0.3104493056152838,0.2632525059284855,0.3717316785328607,0.3834989244424071
0.3288391207735561,0.3615526048707444,0.3665409367022884,0.342483168825657,0.335014291399169,0.3458558494739596,0.3243429445759679,0.3177181736161135,0.3131149011169645,0.3497227998340624,0.3697128368174282,0.3552451274275151,0.3302399830434728,0.3026047291731156,0.3205983649578626,0.3249111860438672,0.4477835573075951,0.3384801249878607,0.3673482002473034,0.3893354233848571,0.2943937216898431,0.2757340314742044,0.2962958157350843,0.318338703138337,0.2970583683341419,0.3825870980348525,0.3911723709981331,0.3496810500126424,0.3635112611384546,0.291647766333701,0.3103591930080054,0.2601774621729259,0.3499460289080027,0.3494963692165186,0.348835520211658,0.3498722950308242,0.367878718448681,0.3125532320342822,0.3380786820312024,0.3082818808393604,0.3423442575989003,0.3123557283526769,0.356383966511931,0.318720336565316,0.3448483072673481,0.3174313368552436,0.3574605569494945,0.3429409938182898,0.3322991709600783,0.2609417165161502,0.3340960983851506,0.3284978129127021,0.3262803909158769,0.3551554538473769,0.3492271015509471,0.3626259559003124,0.3103950525853747,0.3431185316872729,0.3580879145905031,0.3360839005048038,0.3286254173387064,0.4430214179360738,0.3422170422893266,0.2873247053692663,0.3454380228810325,0.3048523326745317,0.2871588239593127,0.3585666456034095,0.3461564373795999,0.3121471704523602,0.2564747093327565,0.3612729654488263,0.3081801604587956,0.3094249078237512,0.288394763683037,0.2758078020033115,0.271570099766292,0.3076581491818556,0.3578420775023459,0.3627336205065218,0.3542363319490905,0.3008665831508297,0.3515259645075438,0.3276503515482466,0.3576160820657474,0.3766133813615364,0.2826730108229973,0.3435676374909521,0.1844192946429149,0.3538970680812899,0.3388597233167175,0.2059834779919688,0.3472582452972363,0.3272621847162983,0.339361559422705,0.3088183813669944,0.2615425232925679,0.3771068163137724,0.3831501943990964
0.3285992760487901,0.36066902783696,0.3663270139430876,0.3418353075475047,0.3342556131896018,0.3497401626832066,0.3228533267891304,0.3165204463839512,0.313057319469295,0.3536102593128854,0.3679923169194405,0.3548696530688735,0.3299631262891975,0.3014262491592315,0.3207994813592817,0.3242210481066971,0.4479748292717981,0.3395830474084306,0.3688217949711715,0.3894795032478449,0.2946189574217703,0.2772631800110625,0.2946531133590239,0.3167293126449958,0.2950826567489879,0.390444329947164,0.3894817068723576,0.3488297668990344,0.3664797028708841,0.2910526551335134,0.3089056451861864,0.2592696400315979,0.350658468581234,0.349714661647766,0.3491239830895492,0.3495131315452529,0.3671055253475749,0.3110628088372758,0.3408900973383305,0.3070603238024338,0.3438675583367364,0.3113860188800342,0.3563508218439655,0.3178065167382061,0.3463183206931213,0.3169916350475987,0.3577940617282762,0.342286585545406,0.3323056077989681,0.2600748521962314,0.3369026705234049,0.3284283305543063,0.3251849309694208,0.3559736611025919,0.349306858637461,0.3619051536442961,0.3101818049518208,0.3459700854615649,0.3573010101402404,0.3360108084153894,0.326747435185416,0.4399384932717288,0.3366776443572014,0.2873270981367754,0.3484221964246302,0.3043119482580955,0.2867531857773943,0.3580780838362965,0.3451931884772394,0.3111027852878171,0.2577030508847579,0.3633040307179216,0.3095399259132127,0.3081159542352905,0.2875159770004096,0.2746449624266432,0.2714711648995156,0.30571992671809,0.358980344232998,0.3634666776989401,0.3514846002025529,0.2997370043336451,0.3514836023482222,0.3276104949198858,0.3571894520882801,0.3768221445807783,0.2832462644543145,0.3421513421848196,0.1841662982607611,0.3556159254637035,0.3365282676839242,0.2068784981025879,0.3472542194651305,0.3256151372176071,0.3367837488448898,0.3073178813836435,0.2605879594198319,0.3812766431268102,0.3829994176458016
0.3283500669079383,0.3597810243929887,0.3659336900897729,0.3411812713607135,0.3335195087158524,0.3531308671767941,0.3213325601080962,0.3149783185763868,0.3130045794905585,0.3564419553884818,0.366650337292795,0.3544300016394495,0.3295182224999039,0.3002250125102135,0.3209755199419758,0.3236569495236545,0.4484486260467896,0.340555620264816,0.3699227357317675,0.3899570468150042,0.2941494186922939,0.2785568284944002,0.2929464506435166,0.3150571057041241,0.2931857699070221,0.3973254756548293,0.3874172804152229,0.3480047406489871,0.3690037150351168,0.2907683943214402,0.307381825573005,0.2592991888946301,0.3513453673640102,0.3498455738059802,0.3492979504119004,0.3492563038248503,0.3664535139743881,0.3096448492038184,0.3433245639783441,0.3057183267110315,0.3452170068572645,0.3104118437046287,0.3561779241707605,0.3168934216096822,0.34767776169428,0.3167691189633628,0.3580062833372648,0.341574624697759,0.3321922363432933,0.2594265375131205,0.3397931794810036,0.3282239953584782,0.3241032855902029,0.3566695404849118,0.3494842844849749,0.3610819249792809,0.3102020792455608,0.3484813126470367,0.3565416780354729,0.3359568251898611,0.3248406966820763,0.4352573087320912,0.331202859373886,0.2879741790791093,0.351249680898627,0.3045411058440359,0.2871935248938102,0.3576538091730172,0.3442203039568755,0.3096995273737075,0.2587846495295198,0.3651210594892819,0.3113154571267829,0.3066881745393232,0.2869199115915745,0.2742051176723431,0.2723630854443947,0.3036146559588265,0.3599343234812385,0.3641617630724032,0.348643130215912,0.2985489016472901,0.3515367288565518,0.3281416452381939,0.3568526808969912,0.3763395121444708,0.2843556077680238,0.3405957105183374,0.1833602646585279,0.3570750288390997,0.3337049679884583,0.2094032299931157,0.3472029561179624,0.3239501259901279,0.3341188533729167,0.3059265357448571,0.2606083259504529,0.3843255363609942,0.3830435724804298
0.3280930767074593,0.3589188769383015,0.3653797530357758,0.3405044741729485,0.3328042994908692,0.3560929903157511,0.3198078429105232,0.3131481693982196,0.3130228155824133,0.3583619495924723,0.3656743480878396,0.3538396841116989,0.3288921505563433,0.2989692990890494,0.3211045303487919,0.3232076602314577,0.4489804779974859,0.3414632388840202,0.3705784008680027,0.3907458985900494,0.2931701904787011,0.2795373555901939,0.2911784905681182,0.3133490403067194,0.2914595245177382,0.4032019497741376,0.3851777933519612,0.3472190090642962,0.3711208251843748,0.2907673439730135,0.3057558757078569,0.2603677920551708,0.3519956932584568,0.349868359682695,0.3493302310345401,0.349113215222471,0.3659133404329966,0.3082848849925699,0.3453975417147536,0.3042308232374097,0.3464360290684039,0.3093830739842615,0.3558536751283817,0.3159590851511464,0.3489272305147897,0.3167607314966669,0.3580666916179715,0.3408182386218403,0.3319529527720914,0.2591042203042297,0.3426848730240465,0.3278638808389934,0.3230321570770301,0.3572359661527698,0.3497519496871092,0.3601621227637207,0.3103699763067551,0.3507013227985608,0.3558360090453766,0.3358772037584747,0.3228489308779227,0.4290392000102828,0.325948240648194,0.2893236390923542,0.3538499581884697,0.3054498126572109,0.288572289990398,0.3573104980209439,0.343220356641001,0.3080342333130982,0.2597421184550933,0.3667136529881733,0.3133814559351744,0.3051150458358193,0.2866158036722636,0.274629504977619,0.2743436751378845,0.301345968832257,0.3606936780908392,0.3647983011460243,0.3457780209938381,0.2972739861246119,0.3516597888068651,0.3290467905384628,0.3566099377659223,0.3751548182681992,0.2860129521567617,0.3388815420095105,0.1820383846159095,0.3582699566988342,0.330356434473012,0.2134325739079159,0.3470819301160553,0.3222946817220283,0.3314003639071544,0.304611859808259,0.2617983610046118,0.3863730830389958,0.3832542459553606
0.3278330132632044,0.3581016701802629,0.3646843758419404,0.3397875362239846,0.3321042216480683,0.3586952127580114,0.3183080917189235,0.3111179409838691,0.313202017896633,0.3595216954102461,0.365010808990264,0.3530474459499708,0.3280815755676082,0.2976288065521039,0.321177536532819,0.3228517137407824,0.4492729861851248,0.342358485163078,0.3707085140809832,0.3917911747120152,0.2918988324281749,0.2801408926762427,0.2893687267166512,0.311641905892612,0.2900092078371792,0.4080685274736479,0.3829728951165644,0.3464880033277694,0.3728756003135914,0.2910117774755358,0.3039941648056677,0.2625272413051701,0.3526017837249775,0.3497697154482942,0.3491992387506856,0.3490990940285134,0.3654636320269694,0.30695657867809,0.3471402880344543,0.3025811122200798,0.3475532490280449,0.3082585003678678,0.3553669812870926,0.3149799297109245,0.3500622658566555,0.3169619675980685,0.357964449725137,0.3400306604679131,0.3315879666294188,0.2592222434992849,0.3454885351489423,0.327330038898522,0.3219614221841091,0.3576586121013893,0.3500996021151778,0.3591528810069097,0.3105914600068446,0.3526803848218674,0.3552011250017051,0.3357316788503062,0.3207160853057821,0.4214440991275794,0.3210372374212107,0.2913972474754897,0.3561599220987234,0.3069104644770127,0.2909221349866965,0.3570562009632337,0.3421770090654076,0.3062282785178674,0.2606147989654444,0.3680635692757888,0.3155913478162311,0.3033899580641372,0.2865939701498605,0.2760217710846571,0.277456271103413,0.2989367133447632,0.3612455068483763,0.3653675422346332,0.3429524159978168,0.2958835946599151,0.3518301605455535,0.3301621836477758,0.3564612368378222,0.3732957545922987,0.2882186895577937,0.3370040897439274,0.1802649640113952,0.3591860952761423,0.3264992671097217,0.2187896915032951,0.3468624588523901,0.3206756670321416,0.3286719116289086,0.303333935168972,0.2643005580361655,0.3875526514628846,0.3835798291921459
0.3275783231332935,0.3573368338811873,0.3638732915185342,0.3390068703447271,0.3314105192450411,0.3609959696101477,0.3168718509922664,0.3089965317837179,0.3136545708127063,0.3600708491846642,0.3645893327318357,0.3519810130549004,0.3270923150750746,0.296176318281976,0.3211950847040639,0.3225603553364956,0.4489781378010528,0.3432818941670579,0.3702378798833779,0.3930148372561289,0.2905564572325333,0.2803194535611475,0.2875585351376948,0.3099777687257724,0.2889460660987991,0.4119329217426358,0.3810241117048299,0.3458274914034189,0.3743119430751356,0.2914543264066991,0.3020679262501477,0.2657677293284941,0.3531580995966654,0.349545195173327,0.3488903080138117,0.3492313084381934,0.3650832559823271,0.3056264168702874,0.3485899123063735,0.300764393879596,0.348575639390221,0.3070076110732852,0.3547210757865884,0.3139302569164743,0.3510697895232904,0.3173690221571351,0.3577000586007944,0.3392296295837529,0.3311117905064564,0.2598886622476259,0.3481194873673527,0.3266256167215171,0.320886540131876,0.3579282685215381,0.3505114733925689,0.358068094863198,0.3107721037865157,0.3544585722537609,0.3546481510337547,0.3354852012935485,0.3183870919383331,0.4127127286117111,0.316563170862803,0.2941803018222548,0.3581347049861198,0.3087763032134698,0.294214431495057,0.3568882653524527,0.3410799129143095,0.304413006099075,0.2614450122249577,0.3691597234907939,0.3177936164832733,0.3015285019804706,0.286830335340493,0.2784432943340136,0.2816803473890485,0.2964394624635265,0.3615799782916308,0.365858600690099,0.3402153332287686,0.2943505898057532,0.3520331620874104,0.3313453732293877,0.3563991487692365,0.370828270302122,0.290959809588235,0.3349779426937668,0.1781345335911179,0.3598169797753842,0.322210262740112,0.225255149173413,0.3465136322019484,0.3191171340731153,0.3259758842777663,0.3020465226570856,0.268184785831651,0.3880029970765689,0.3839516332723806
0.3273400806640307,0.3566244625209093,0.3629813476570683,0.3381400987066661,0.3307159323721191,0.3630280966225047,0.3155488009711071,0.3068943948946133,0.3145025682162491,0.3601461824897679,0.3643353557718899,0.3505473201732648,0.3259344563387429,0.2945882656532886,0.3211646233367036,0.3222978793682993,0.4477329992404438,0.3442532338408515,0.3691116418559834,0.3943278486310695,0.2893509727387793,0.2800401657650743,0.2858056004065418,0.3083998274948878,0.2883805964406759,0.41480332176848,0.3795863507620875,0.345256583212479,0.3754613401113549,0.2920376028967593,0.2999570829645299,0.2700222267540992,0.3536611661143746,0.3491989782925424,0.3483951741471177,0.3495278634503617,0.3647486626018457,0.3042606410519302,0.3497791790288663,0.2987922486118548,0.3494963377473166,0.305605546400177,0.3539369839187112,0.3127888455549295,0.3519258496597695,0.3179749013246787,0.3572794185085726,0.3384399240895295,0.3305550966387513,0.2611975979548431,0.35051325152543,0.3257796955150456,0.3198107571486691,0.3580495041015204,0.3509651429740852,0.3569234332810916,0.3108249764139311,0.3560619015134202,0.354185841202066,0.3351138810005563,0.315817591650699,0.4031426664518892,0.3125992121086162,0.2976287425120617,0.3597580235388078,0.310891874483875,0.2983701500530019,0.3568091539592425,0.3399273419747304,0.3027169541686692,0.2622617813101731,0.3700029561743449,0.3198457673121196,0.2995662117438167,0.2872882925643812,0.2819049345932466,0.286916572765464,0.2939329494423091,0.3616926532788815,0.3662540844757174,0.337594950795954,0.2926554335572018,0.3522592802893099,0.3324618153745375,0.3564137797686713,0.367849116420238,0.2942196322264976,0.3328369367127872,0.1757724880854067,0.3601705009238868,0.31762524196532,0.2325720099384305,0.3460114722120438,0.3176369731078663,0.3233514036758247,0.3007003498081601,0.273443684754666,0.3878600612761516,0.3842910263647426
0.3271293048109926,0.3559593088460586,0.3620466961939607,0.3371778621245736,0.3300152089926971,0.3648025341332624,0.3143901125023641,0.3049109873145039,0.3158640026861516,0.3598514975547354,0.3641680401768614,0.3487000257175164,0.324622829991591,0.2928453243803503,0.3211039417461225,0.3220218340027999,0.4451893414209942,0.3452625099861446,0.3673088918634526,0.3956385890351584,0.2884587467530307,0.2792938174883846,0.2841817203723079,0.3069564124189308,0.2884157207234111,0.4166774646705865,0.3789577111057173,0.3447974734049234,0.3763444751684217,0.2926984861461638,0.2976505454843466,0.2751731286369506,0.354108590731309,0.3487451372827604,0.3477137482141916,0.3500041810833439,0.3644276759608615,0.3028256706639187,0.3507368470640333,0.2966992204476808,0.3503102512232529,0.3040375422571889,0.3530429236651122,0.3115423821890084,0.3526056597698176,0.3187666391365202,0.3567204247561072,0.3376848286667118,0.3299546457884375,0.2632239044628269,0.3526384649501426,0.3248274710863139,0.3187346602834868,0.3580335703286806,0.3514328581349771,0.3557296794738588,0.3106760095997944,0.3575040089623452,0.353819237066366,0.3346108469632495,0.3129815706924779,0.3930634554452655,0.3092067241650158,0.3016715149106715,0.3610444650994956,0.3130927846793913,0.3032622837365401,0.3568314575568274,0.3387256654553067,0.3012533898429376,0.2630725783488801,0.3705966519035896,0.3216248165835408,0.2975649030300216,0.2879146566696333,0.2863549298440035,0.2929889297575924,0.291515894678177,0.3615843910005383,0.3665372150712304,0.3351013714857092,0.2907919170650006,0.3524982139719979,0.333373911465411,0.356498191315579,0.364474944483008,0.2979916885797098,0.3306277839179505,0.1733281114219871,0.360259404531196,0.3129189254289678,0.2404582944214664,0.3453420583488124,0.3162436601792056,0.3208344326159626,0.2992494430082348,0.2799920716701142,0.3872414223164007,0.3845181225656692
0.3269559286859813,0.355329180327968,0.3611043532127338,0.3361230055842046,0.3293014666278209,0.3663221124096772,0.3134412544967492,0.3031309556542187,0.3178481237878753,0.3592468272976276,0.3640070431877372,0.3464382341647173,0.3231789797486468,0.2909368903457829,0.3210396024086439,0.3216873909137179,0.4410312407970592,0.346275571427206,0.3648516663522833,0.3968568896058122,0.2880019260903237,0.2781072873718037,0.2827786151880804,0.3057065111683215,0.2891354358949716,0.4175450579392108,0.3793967897679625,0.3444695701827069,0.3769814509799277,0.2933764586177422,0.2951500151036545,0.2810532709568585,0.3544965873468682,0.3482072525133905,0.3468578996622484,0.3506670702353039,0.364087685256947,0.3012840065323078,0.3514915878474366,0.2945466486748229,0.3510164025028306,0.3023104338617349,0.3520677028498694,0.310182068655243,0.3530962114214583,0.3197300888188365,0.3560566565796305,0.3369750811802721,0.3293439921116325,0.2660130247208147,0.3544987758868884,0.3237990785602453,0.3176519040072739,0.3578913708094239,0.3518833672767081,0.3544962613305666,0.3102684086121386,0.3587895815535756,0.3535453033101735,0.33398628564825,0.3098656248888851,0.3828061360384567,0.3064407170762089,0.3062110532145299,0.3620353163395415,0.3152129074597675,0.3087142869677445,0.3569616491908569,0.3374873598690438,0.3001082094587327,0.2638630137873367,0.3709448050859925,0.3230362402270245,0.2956230354300421,0.2886406642439782,0.2916785984035508,0.2996678472333154,0.2893104307793679,0.3612659645753277,0.3666945287238611,0.332732408703126,0.2887716220024681,0.3527382379677145,0.333945934468413,0.3566466049937446,0.3608326182865204,0.3022835705702212,0.3284042431280976,0.1709692755440298,0.3600994836280298,0.3082826213972714,0.2486262037467188,0.3444992617352527,0.3149356041624159,0.3184530659908849,0.2976569148673394,0.2876624110958427,0.3862361518680854,0.3845613901681975
0.3268286174908787,0.3547154875276103,0.3601852559792743,0.3349804133315351,0.3285664228903441,0.3675832597287646,0.3127475781043878,0.3016148922033234,0.3205504880046662,0.3583570109630716,0.3637906899827179,0.3437372793751681,0.3216267173433066,0.2888698879847079,0.3209978399009212,0.3212537125220358,0.4349977545592139,0.3472497874348378,0.3618117062387923,0.3979005563330887,0.2880370581627268,0.2765455519950687,0.2817064108958441,0.3047190525058031,0.2905917343451084,0.4174016045342823,0.3809913506156795,0.3442823807212218,0.377391364358501,0.2940195052356829,0.2924803137308694,0.2874544349555368,0.3548204969088102,0.3476158591994707,0.3458517560663713,0.3515077764530483,0.3637097275580411,0.2995961914577953,0.3520686572347341,0.2924199212764905,0.3516067580073946,0.3004536041193464,0.3510440518525928,0.3087020683255794,0.3533976448628507,0.3208556139188191,0.3553273104161752,0.3363100801606916,0.3287553101813933,0.2695688333421354,0.3561266151776903,0.3227289108837227,0.3165578991015739,0.3576421998502861,0.3522824649111876,0.3532359478882999,0.3095684580077925,0.3599158316930049,0.3533553856857653,0.3332640410676568,0.3064617911364942,0.3726679505959816,0.3043565473016304,0.3111295424670473,0.3627965639173331,0.317098446615876,0.314515873257666,0.357189336948097,0.3362301491505752,0.2993297531086494,0.2645970480603278,0.3710641975143918,0.3240208229031061,0.2938713605419371,0.2893918511221229,0.2977112909577703,0.3066940780126353,0.2874658565279005,0.3607644316549128,0.3667082571954981,0.3304734906155479,0.2866300266640261,0.3529685757620583,0.3340624638350177,0.3568486486490312,0.3570491155738639,0.3071095246558245,0.3262241253947377,0.1688854947113016,0.3597200437297297,0.3039157291110901,0.2567971447504935,0.3434859380002444,0.3137020883698035,0.3162244221017528,0.2958978258647594,0.2962096353810873,0.384910174601421,0.3843622821152988
0.3267516923585232,0.3540986307859567,0.3593166338326291,0.3337546424893112,0.327806065603986,0.3685712348093283,0.3123614570005912,0.3003821561288537,0.3240374716693049,0.3571820829594471,0.3634825896882616,0.3405565676659442,0.3199845914331067,0.2866761164719554,0.3210021273005713,0.3206875978318337,0.4269180893047004,0.3481445086586147,0.3583132179925721,0.3987072588856124,0.2885612031619003,0.2747047565074714,0.2810794725966455,0.304068496074055,0.2927976609050446,0.4162570654559925,0.3836430948792317,0.3442312513617137,0.3775829105160269,0.2945856504460836,0.2896968050154171,0.2941514978129265,0.3550792206950371,0.3470081463891447,0.3447276620082084,0.3524989311824834,0.3632891861823973,0.2977305522049805,0.3524845637476756,0.2904234450810148,0.3520652565872856,0.2985101885728662,0.3500088957389234,0.3071036533346709,0.3535177090846167,0.3221348855041995,0.3545673204604918,0.3356874650938934,0.3282222283689961,0.2738511359688801,0.3575778237939156,0.3216546922884709,0.3154541081460025,0.357321901749606,0.3525939369589974,0.3519582553572605,0.3085707607102104,0.3608720650421064,0.3532455373334041,0.3324786537239428,0.3027743487309282,0.3628863275868453,0.3030153825406603,0.3162976693119445,0.3634186342169024,0.3186122487698102,0.3204547231005163,0.3574981111551177,0.3349773508929932,0.2989227573428723,0.2652190011628327,0.3709898908128691,0.3245559438959505,0.2924530920222514,0.2900954462813562,0.3042507671626362,0.3137942540758279,0.2861475595376657,0.3601198917697606,0.3665525592235092,0.3282948093992384,0.2844341528842959,0.3531768922762799,0.3336431646701108,0.3570862496722307,0.353240475251151,0.3124797487642841,0.3241445845127005,0.1672898695441151,0.359164019234167,0.3000255212467398,0.2647110289479471,0.3423171696307092,0.312524401230032,0.314161229411478,0.2939594023402194,0.3053371154249151,0.3833173763802182,0.383874078805872
0.3267208759424694,0.353463902381919,0.3585195080145761,0.3324573943517888,0.3270230761022067,0.369269008447377,0.3123362271509446,0.2994031827732448,0.3283323494804981,0.3556977587087319,0.3630632754799305,0.3369195669878829,0.3182617592008765,0.2844144310306535,0.3210802415484141,0.3199655130128589,0.4167381685799435,0.3489240833793526,0.354522870931923,0.3992432890813616,0.2895224440638483,0.2727094804367931,0.2810051387904868,0.3038303381086455,0.295727011760146,0.4141351151106441,0.3871712680132564,0.3442972308753132,0.3775559879686177,0.2950455787777679,0.2868821319169177,0.3009276342809581,0.3552758561024314,0.3464272859592026,0.3435230580987297,0.3535982055672358,0.3628273539061424,0.2956708237432272,0.3527505082164814,0.2886782978705488,0.3523836757487364,0.2965367799090978,0.3489952139522742,0.3053983867774685,0.3534713482196386,0.3235531546276569,0.3538092951197778,0.3351044920717327,0.3277710363896039,0.2787847990197265,0.3589271960133661,0.3205976788679066,0.3143380563633924,0.3569709082675031,0.3527833382103327,0.3506620358518041,0.3072998601659442,0.3616428134757444,0.3532209273242523,0.3316711043335454,0.2988296528022645,0.353631424661065,0.3024815683603951,0.3215810022062614,0.364008562996333,0.3196330221064695,0.3263398491890334,0.357876596744453,0.3337563289847437,0.2988494408674034,0.2656643316378829,0.3707636637300519,0.3246513359769669,0.2915087737638455,0.2906803511067332,0.311067610088838,0.3207014657772344,0.2855155831435153,0.359374854851424,0.3662034505044896,0.3261568793288385,0.2822869627809571,0.3533440366361983,0.332650062708804,0.3573348740179195,0.349504698563764,0.3183908337746785,0.3222149456184132,0.166408469954718,0.3584729209922832,0.2968185307059417,0.272139895078349,0.3410179794026118,0.3113791318796116,0.3122824501710873,0.2918402537886548,0.3147310737262382,0.3815035577052862,0.3830642130049383
0.3267236680502224,0.352803870271564,0.3578062961643704,0.3311104690872683,0.3262216843667612,0.3696735991731788,0.3127124351634607,0.2986102859750106,0.3334172717233699,0.3538611782039319,0.3625276311632409,0.3329177035864735,0.3164564156651301,0.2821713211006966,0.3212638954455251,0.3190770836102916,0.4045201395913892,0.34956243697856,0.3506265627914416,0.3995019634266758,0.2908263992688557,0.2707143281748596,0.28158098783361,0.3040744323236377,0.2993143032554901,0.4110775108573796,0.3913332073736894,0.3444500629947589,0.3773152662181181,0.2953877725042811,0.2841394126477752,0.3075872485581783,0.3554113099902268,0.3459139247880041,0.3422797250864162,0.3547546264292667,0.3623308217625196,0.2934166234503476,0.3528804172410101,0.287318790532707,0.3525705633882462,0.2946122363429159,0.3480254213068517,0.3036079694615053,0.3532839025731349,0.3250890747795071,0.3530849255603378,0.334549916748683,0.3274083969572313,0.2842688530310816,0.3602576835319471,0.319556023957017,0.3131945535316905,0.3566173896411888,0.3528227086223324,0.3493423468538357,0.3058096315449882,0.3622161088722975,0.3532864378302189,0.3308806099624857,0.2946700358363193,0.3450080026749794,0.3028111706998425,0.3268483037711017,0.3646744019365225,0.3200663061586507,0.3320073388890731,0.3583107292707086,0.332592880412135,0.2990374613250696,0.2658750491565469,0.3704230164062956,0.3243427773744087,0.2911724749173657,0.2910800890462542,0.3179245050214839,0.327185992135381,0.2857093749430144,0.3585709157008349,0.3656506177301952,0.3240240951539967,0.2803244239463317,0.3534441989424524,0.3310969832291295,0.3575670559792786,0.345920343204223,0.3248170783427117,0.3204718686378222,0.1664608650592818,0.3576798646569551,0.2944817375503556,0.2789077581736501,0.3396182345703245,0.3102446372495686,0.3106167325015774,0.2895514939723637,0.3240843183598361,0.3795050942827486,0.3819236053719984
0.3267441547474104,0.352118148424003,0.3571808762674638,0.329739009945909,0.3254024275216431,0.3697984675097552,0.3135129454658221,0.2979123383164308,0.3392398607088099,0.3516315197063078,0.361891094435474,0.3286426285824512,0.3145554542157077,0.280062282840077,0.3215759892731377,0.3180271089793938,0.3904277068467769,0.3500518302577209,0.3468068236435596,0.3994982291895932,0.2923462873641883,0.2688967449958807,0.2828859832238263,0.3048573400036655,0.3034543672831922,0.4071589540080958,0.3957259972897763,0.3446520417075449,0.3768750732385514,0.2956191304041911,0.2815908361115745,0.3139653123545909,0.3554811469187982,0.3454951678918692,0.3410408806673157,0.3559114377537472,0.3618165891577976,0.2909832993759019,0.3528917735048399,0.2864815931866489,0.3526407136688722,0.292836832976529,0.3471120090579067,0.3017665626659723,0.3529886106988286,0.3267211861292853,0.35241453271372,0.3340016044117884,0.327121288034121,0.2901801584246095,0.3616440762636259,0.3185200079648488,0.312001428455513,0.3562791432931115,0.3526923243451516,0.3480013566896993,0.3041829135460295,0.3625887404951592,0.3534364800993478,0.3301361204143973,0.2903411244548782,0.3370563258873674,0.3040371069068306,0.3319841376285478,0.3655135026415989,0.3198574456196373,0.3373238530259376,0.3587722410260846,0.3315044350544806,0.2993893793877189,0.2658072958101626,0.3700038012576282,0.3236842093739596,0.2915624956718943,0.291244194656367,0.3246015653022956,0.3330786818722566,0.2868411906645498,0.357753448445998,0.3648972138328191,0.3218722997816496,0.2787062278349874,0.3534496992790961,0.329058384547683,0.3577551619536948,0.3425465042376233,0.3317020879029635,0.3189376779476866,0.1676439683568131,0.3568179740986131,0.29317199787149,0.2849033524362793,0.3381520417789623,0.3091068491426003,0.3091995325832729,0.287121797112077,0.3331116020666083,0.3773510842516562,0.3804717752984112
0.3267659162368334,0.3514121279057212,0.3566387705757357,0.3283661097643104,0.3245636779633094,0.3696655271475294,0.3147496366093049,0.2972009086520759,0.3457068363436714,0.3489882677503145,0.3611867347091281,0.3241870130578417,0.3125377005766227,0.2782289913719987,0.3220242078855945,0.3168321236392572,0.3747178188502195,0.3504093670185476,0.3432297796687237,0.3992680779026984,0.2939407617790947,0.2674384762460708,0.2849628214217051,0.3062198249043535,0.3080078581691715,0.4024963863283512,0.3998021377094709,0.3448620281535356,0.3762512705902658,0.2957586526454235,0.2793764425893667,0.3199435722477411,0.3554826952380066,0.3451846749007438,0.3398453721076591,0.3570067013502747,0.3613097425320192,0.2884059771114586,0.3528006232047156,0.2862897747414551,0.3526058111276556,0.2913191796334611,0.3462603560868929,0.2999253735605803,0.3526195981197713,0.3284286232103744,0.3517978926356067,0.3334351614155359,0.3268858464765079,0.2963803922614554,0.3631404512485257,0.3174780383423957,0.3107386809094097,0.3559738156313567,0.3523803205195912,0.3466452093636031,0.3025288520806147,0.3627637435310352,0.3536583608540821,0.3294540396461768,0.2858961114264201,0.329758670517345,0.3061558359909707,0.3368974510062464,0.3666089594190254,0.3189852917447081,0.3421976947189789,0.3592227591315874,0.3304974633416175,0.299791208632129,0.2654306238857615,0.369544391084476,0.3227376989040896,0.2927596205170887,0.2911493857063493,0.3309131265510241,0.3382745908098318,0.2889857575026932,0.3569694913689729,0.3639547552560004,0.3196857130373144,0.2776043979177438,0.3533341669682304,0.3266648451031133,0.3578713943458697,0.3394235326949582,0.3389510612027493,0.3176177814022576,0.1701231542094763,0.35592300896098,0.2930225556875944,0.2900768136205554,0.3366582487690742,0.3079611952048369,0.3080729526611234,0.2846037699240534,0.3415702192385096,0.3750708148501684,0.3787498131437388
0.3267709623768737,0.3506943077157629,0.3561675708541886,0.3270155349857201,0.3237057294328636,0.3693058558988115,0.3164286860229499,0.2963579314002061,0.3526736151024011,0.3459346724218337,0.3604537799204451,0.3197014763976002,0.3103788450390874,0.2768285663962008,0.3226100905892047,0.3155153174881152,0.3577323645324301,0.3506746123196494,0.3400332283295059,0.398867276743751,0.2954702670545825,0.2665086625683779,0.2878102465463624,0.308187568389817,0.3128144320385334,0.397241217256106,0.4030538317525616,0.3450410922473151,0.375459334081508,0.2958325242603994,0.2776443795170285,0.3254636407253152,0.355421317241077,0.3449906850621707,0.3387243172373278,0.3579782059720592,0.3608364833976942,0.2857430883534442,0.352621492047615,0.286839818238893,0.3524814346647862,0.2901686372775865,0.3454698905587459,0.298151955814716,0.3522085172736846,0.3301840375961288,0.3512208675717724,0.3328318485481157,0.3266696195998725,0.3027302948787528,0.364774276523059,0.3164053979275446,0.3093872315005909,0.3557145417947829,0.3518844656422973,0.345274658441621,0.3009744019092703,0.3627486755481895,0.3539411086904931,0.3288416406788719,0.2814124939793978,0.3230597406354558,0.3091186454790306,0.3415204553983275,0.3680246037905256,0.3174478166192456,0.3465864803867708,0.3596258634731094,0.3295696728783418,0.3001254316602901,0.2647312635496295,0.3690795277330606,0.3215656339972355,0.294790641458274,0.2908044248722506,0.3367147570905636,0.342728703464782,0.2921625551450805,0.3562567467715216,0.3628475650959293,0.3174564133447223,0.2771918388305308,0.3530752360974796,0.3240879088696765,0.3578872293903097,0.3365785729983318,0.3464263520191927,0.3164972984784313,0.1740243003538236,0.35502227787927,0.2941430409627661,0.2944302228127724,0.3351755405133734,0.3068127981202431,0.3072874248849738,0.2820761946505182,0.3492826976427339,0.3727015144296727,0.3768101489852263
0.3267391544474572,0.3499735423740294,0.3557508858082003,0.3257141761603389,0.3228300752688875,0.3687654184693301,0.318545466560216,0.2952758005799192,0.3599499087289344,0.3425000249031244,0.3597365051783533,0.3153742107731981,0.30805346038832,0.2760197519724445,0.3233364047741559,0.314105714484486,0.3398709177494243,0.3508968737231792,0.3373080150394227,0.3983603813324748,0.2968058113766798,0.2662559399694187,0.2913901174799795,0.3107658272950088,0.3177083955582852,0.3915649342521919,0.4050791056986576,0.3451591813133094,0.3745238520175981,0.2958744317369131,0.2765364636836536,0.3305226320659127,0.3553046093037882,0.3449147172069965,0.337701547839165,0.358773086912997,0.3604225426605321,0.2830754468430461,0.3523720600844366,0.2881943433156859,0.3522931855830707,0.2894961893608427,0.344734157296588,0.2965250793746962,0.3517847352119832,0.3319510590738744,0.3506670802015382,0.3321783993251609,0.3264267240164126,0.3091009383953633,0.3665422630385018,0.3152653258277424,0.3079250457519997,0.3554991304933607,0.351215743203714,0.3438888525504727,0.2996530428836861,0.3625607919803991,0.3542729454860066,0.3282981638389911,0.2769950069808103,0.3168908096258806,0.3128283038104871,0.3458048923539357,0.3697940831082496,0.315265790620269,0.3504906816995974,0.3599517456311913,0.3287113423360499,0.3002908171576894,0.2637216999475168,0.3686325795297563,0.3202284620679107,0.2976290890031224,0.2902522857867243,0.3419104210616633,0.3464566608334012,0.2963237171520285,0.355638879467937,0.3616214734403673,0.3151931033704048,0.2776284049335474,0.3526600284432795,0.3215266864106587,0.357776583702689,0.3340334423162933,0.3539506497048411,0.3155416968763035,0.1794212734749187,0.3541292789484037,0.2965901326689168,0.298014817152044,0.3337369274472601,0.3056769685707935,0.3068950493092797,0.2796407684882175,0.3561453642319703,0.3702903386766139,0.3747124713940025
0.326650588976916,0.3492590952367018,0.3553736895433968,0.3244862287918973,0.3219347363265615,0.3680986211480895,0.3210755348262325,0.2938787258636953,0.3673173415112871,0.3387503050656386,0.3590915854526991,0.3113561977891286,0.3055372546090785,0.2759505942381947,0.3242003961654878,0.3126390500151688,0.3215492455597381,0.3511191860858702,0.3350823418822434,0.3978065728443414,0.2978365172348863,0.2668013243616875,0.295629677394008,0.3139297663474246,0.3225333227960881,0.3856498724135973,0.4054405920790244,0.3451994755779906,0.373480113245616,0.2959220294474995,0.276177123474379,0.3351564733678843,0.3551342882026258,0.3449409976918265,0.3367921270309197,0.3593549080018792,0.3600920428245067,0.2805046532678804,0.3520724100513449,0.2903770338731881,0.3520669722944563,0.2894066498482878,0.3440395185545788,0.2951339225270718,0.3513736610766371,0.3336915574297133,0.3501175760352925,0.3314653360416804,0.3260996314427353,0.315376472635644,0.3684085702750808,0.3140285912096393,0.3063349224606572,0.3553149927561417,0.3503984617617424,0.342497323321035,0.2986961982808818,0.3622292827392284,0.3546306510729092,0.3278105458838972,0.2727614003652862,0.3111824595412706,0.3171383954001907,0.349722745772744,0.3719149118698483,0.3124955097481128,0.3539391170132098,0.3601772709621059,0.3279024271137651,0.3002194089661822,0.2624428288490193,0.3682167921336723,0.3187823780957843,0.3012015045660963,0.2895708427522971,0.346458203370431,0.3495315031067429,0.3013578992818639,0.3551316118627978,0.3603394666379363,0.3129248978700592,0.2790422624804002,0.3520880605696779,0.3191922283859535,0.3575217813602929,0.3318070447642629,0.3613184125501689,0.3147018511293676,0.1863227226574848,0.3532529007721846,0.3003331674719642,0.3009294302292232,0.3323701456657629,0.3045768629814407,0.3069342134167171,0.2774176345682487,0.3621203031001508,0.3678879923679158,0.3725208040058769
0.326488560868754,0.348562037781516,0.3550230957019668,0.3233449655372754,0.3210124087127804,0.3673553454575418,0.3239739879378521,0.2921299157516061,0.3745415777617418,0.3347925125759152,0.3585836314073992,0.3077618493571945,0.3028151507257721,0.2767440475840652,0.3251857904875335,0.3111541641256554,0.3031669147563082,0.3513704940338567,0.3333217348540256,0.3972552447209168,0.2984804284306772,0.2682243388119278,0.3004137064820252,0.3176238967100249,0.3271554714823267,0.3796799422270021,0.4036709261503861,0.3451600078991818,0.372361569538822,0.2960049022236825,0.2766643459492814,0.3394258902121113,0.3549098080073687,0.345036071553494,0.335996949611958,0.3597046986366641,0.3598594283692489,0.2781528345713895,0.3517382006920738,0.2933676136256627,0.3518198830025358,0.2899801184712974,0.3433648083885615,0.294079515280288,0.3509948234244853,0.3353720924208028,0.3495444582997257,0.3306890637536398,0.3256303879746985,0.321457691413365,0.3703112125524507,0.3126819119169172,0.3046197004866389,0.3551534347030668,0.3494653871732734,0.3411202165473864,0.2982253292843252,0.3617867836206397,0.3549781696129579,0.3273523413304312,0.26883431819159,0.3058684903368426,0.3218552281694853,0.3532669270278793,0.374355453835213,0.3092218457229483,0.3569769344263661,0.3602891113846211,0.3271106812620063,0.2998810372178657,0.2609522394983128,0.367839994931329,0.3172728348950408,0.3053899969706134,0.2888698158000345,0.3503652135703471,0.3520632414748226,0.3071037301427291,0.3547465720033856,0.3590650685550626,0.310689621130419,0.2815103030683948,0.3513672365416346,0.3172786338979034,0.3571163572401417,0.3299138405477492,0.3683108347806327,0.3139188450262806,0.194668355410078,0.352404683090513,0.3052572600381671,0.3033059853082827,0.3310982171098077,0.3035364413480304,0.3074183187179365,0.2755429767464224,0.3672239872722738,0.3655395932370492,0.37029630527352
0.3262417382806682,0.3478930696738909,0.3546859920894513,0.3222916080129772,0.3200547269216338,0.3665792455368623,0.3271847823225737,0.2900294144492167,0.381381098669858,0.33076338421451,0.3582703370547289,0.3047149049905962,0.2998898641472078,0.2784792223024469,0.3262659906757962,0.3096864977390514,0.2850903723899671,0.3516656211155073,0.3319413763154817,0.3967482883628852,0.2986926572321824,0.2705490344792023,0.3055884708778079,0.3217731224198895,0.3314735085737148,0.3738249784127662,0.3995639310133506,0.345055297996546,0.3711936040339857,0.2961355129567939,0.2780592693624735,0.3434071411404465,0.3546359457893745,0.345162721743855,0.3353002032979499,0.3598202487382589,0.3597240677791701,0.2761576598420505,0.3513786188327772,0.2970987378387142,0.3515674656350089,0.2912618689016024,0.3426873527839943,0.2934664621318687,0.3506639386103418,0.3369620046549995,0.3489150889472763,0.3298534393101819,0.3249691459735359,0.327271043019159,0.3721740383022496,0.3112185363771123,0.3028094190544289,0.355011661297106,0.3484527496649966,0.339777157604142,0.2983387664851833,0.3612616160800167,0.3552761322363139,0.3268931625895511,0.2653471183326676,0.3008913116520182,0.3267502085657011,0.356446322829231,0.3770654088393185,0.3055368141846711,0.3596567657933237,0.36028500664518,0.3262973375177969,0.2992797459436305,0.2593119278896629,0.3675045345612591,0.3157324592488482,0.3100408224907836,0.2882877204753221,0.3536751471149951,0.3541700557825283,0.3133618947049183,0.3544878530278661,0.3578518007450064,0.3085207373724095,0.2850448934419641,0.3505112792320126,0.3159315068093307,0.3565627597248362,0.3283670938287708,0.374711527461761,0.3131274221299079,0.2043390012226347,0.3515955147912812,0.3111943307050816,0.3052841440368398,0.3299340003377619,0.3025741193786554,0.3083348714424511,0.2741657950996312,0.3715179651165323,0.3632828445889538,0.3680918154620787
0.3259064106951859,0.3472576141022772,0.3543508378343252,0.3213194096728253,0.3190592529307674,0.3658118711853166,0.3306483521858739,0.2876150181355787,0.3876062266275093,0.3268176900395405,0.3581978215501097,0.3023176176921037,0.2967823662734752,0.2811764785070446,0.3274097434476916,0.3082646959233634,0.2676368948120203,0.3519992587619283,0.3308195791588457,0.3963162379408133,0.2984667676522193,0.2737412160056799,0.3109857583164967,0.326292174155263,0.3354218453880799,0.368227040278234,0.3932802601650954,0.3449167863724725,0.3700024141470194,0.2963121972793522,0.2803789019188078,0.3471790457394526,0.3543188483548542,0.3452888634308287,0.3346744593403344,0.359716235115888,0.3596758232096486,0.2746589191776243,0.3510023239832348,0.3014579938884999,0.3513321613403241,0.2932654604924641,0.3419917774381255,0.2933858885317668,0.3503949929594969,0.3384308993816287,0.3482049389204357,0.328967929651461,0.3240745570283017,0.3327713454700259,0.3739152308528976,0.3096375406286414,0.3009574849750634,0.3548860887098229,0.3473985875485471,0.3384818516999008,0.2990963774467138,0.3606816518046028,0.3554873090749335,0.3264107302804881,0.2624437109388901,0.2962051806856413,0.3315868234023617,0.3592795935753767,0.379978936456786,0.3015318565224686,0.3620297362013805,0.3601693382971749,0.3254271653783416,0.2984514688502554,0.257587421797436,0.3672062296134595,0.3141902687951971,0.314983832167894,0.2879906206559629,0.3564587319408303,0.3559605149447347,0.3199070471542256,0.3543515071531811,0.3567439311146171,0.3064481893935696,0.2895897448648364,0.3495454683887382,0.315234338362751,0.355869584514512,0.3271843923429537,0.3803245702852703,0.3122617106595188,0.2151715208344942,0.3508343258918391,0.3179348309855693,0.3069913931450982,0.3288763782796292,0.3017021594628852,0.3096457940654818,0.2734385745514584,0.3750935936339174,0.3611534595057152,0.3659512449130678
0.3254872384963643,0.3466553808701392,0.3540133612444764,0.3204139388147417,0.3180328734664255,0.3650863781174915,0.3342987856062814,0.2849631109038352,0.3930234645021219,0.3231260208120571,0.358405772392515,0.3005873001447833,0.2935285559450899,0.2847945607342845,0.3285798527231618,0.3069098740762379,0.2510551966742926,0.3523347332812564,0.3298095919896894,0.3959697732887172,0.2978344353985843,0.2777177213016744,0.3164439949528316,0.3310878788763949,0.3389704919679452,0.362996851435423,0.38496471869093,0.3447875722957386,0.3688189239841675,0.2965247708713165,0.2835949572881789,0.3508054318647049,0.3539566954347278,0.345383307105271,0.3340880815974922,0.3594217330258921,0.359698899627872,0.2737835075663856,0.350621325754609,0.3062975539312142,0.3511363152421896,0.2959715612073354,0.3412697668538462,0.2939049014771798,0.350197130540112,0.3397530958088928,0.3474039197545962,0.3280461999513554,0.3229145044930031,0.3379308314813089,0.3754527754434673,0.3079561917583247,0.2991369941650372,0.3547753228457275,0.3463420115118978,0.3372451804599362,0.3005126281132361,0.3600788222683377,0.3555741324324729,0.3258925922707799,0.2602603063701034,0.2917684267750781,0.3361492209980983,0.361793350640635,0.383016258281043,0.2973024068822136,0.3641381923277214,0.3599518911378383,0.324473596324079,0.2974608544145485,0.2558503589741808,0.3669386808301254,0.312680780036317,0.3200491773122632,0.2881614317627175,0.358804551972703,0.3575281873217571,0.3265076491944133,0.3543309704908293,0.3557740122382647,0.3045024694615563,0.2950222184891679,0.348510310066396,0.315209811002524,0.3550518586265631,0.3263834933556774,0.3849928470612741,0.311263548401072,0.2269672003645151,0.3501341209508445,0.3252205688441186,0.3085332568029703,0.3279154368955972,0.3009275413995618,0.3112819304185546,0.2735014436363751,0.3780496545831457,0.3591856910009244,0.3639059905558189
0.3249939676853957,0.3460857939575109,0.3536780997226622,0.3195480491687767,0.3169884625285603,0.3644186067526455,0.3380585450106526,0.2821792205221125,0.3974904721230241,0.3198678063839719,0.3589224764006139,0.2994838153352745,0.2901815126176069,0.2892353556954693,0.3297324805421444,0.3056331985781445,0.2355185929537552,0.35261065359193,0.3287521450092633,0.3956999792583663,0.2968669257611201,0.2823589691079272,0.3218123219832178,0.336064454637223,0.3421248473486653,0.3582137996889156,0.3744165898415833,0.3447129569173165,0.367667019025681,0.2967520294649634,0.2876336404688287,0.3543219525054649,0.3535417942172208,0.345414675895027,0.3335081297899473,0.3589742571286909,0.3597641628997235,0.273636481679025,0.3502470417738784,0.311450514708682,0.350993128207022,0.2993183019224313,0.3405118749986694,0.2950664525820668,0.3500718251420721,0.3409129480660664,0.3465132520767612,0.3271066555959861,0.3214725822721503,0.342726681941635,0.3767147675554953,0.306210687782698,0.2974436069745212,0.3546887051270812,0.3453201135222951,0.3360750463431627,0.3025598446452343,0.3594818162663963,0.3555010032061469,0.3253301824567267,0.25890355065749,0.2875311685645997,0.3402565531126493,0.3640209990075335,0.3860940956045029,0.292941097574899,0.3660128787492465,0.3596532516727047,0.3234174204920502,0.2963892224501004,0.2541717880982572,0.3667000553596901,0.3112401268360581,0.325074630697052,0.288973362615536,0.3608032999735249,0.3589446465556844,0.3329516789338869,0.3544188153273025,0.3549514000261097,0.3027052702581846,0.3011610654147056,0.3474517023185394,0.3158184432656296,0.3541324495469263,0.3259694550039276,0.388609024382112,0.3100887033481385,0.2394963661030512,0.3495139032828769,0.3327640222327819,0.3099827082133363,0.3270381387220069,0.3002476960165745,0.3131397500336946,0.2744656032159552,0.3804749605446622,0.3574036828107986,0.36196799653589
0.324436690356249,0.3455511485066517,0.35335369324136,0.3186788493351755,0.3159391895159656,0.3638125274130344,0.3418437834745449,0.2793808540863229,0.4009250006310402,0.3172108906992765,0.3597491734276622,0.2989789372225194,0.2868161682882786,0.2943482283842644,0.3308237297286104,0.3044332413807671,0.2211384783736706,0.3527698493149649,0.3274874212066436,0.3954884921773175,0.2956738616799622,0.2875185285099653,0.3269546884528099,0.3411355376467915,0.3449216290816627,0.3539225654345859,0.3614154626871678,0.344733209379182,0.3665560556140508,0.2969582672778146,0.2923757632681403,0.3577331408335327,0.3530702683661673,0.3453617587452645,0.3329007221934741,0.3584156301486615,0.3598254127152259,0.2742958275164229,0.349886363391508,0.3167469111078765,0.3509115229984453,0.3032017603102762,0.3397073508317902,0.2968863406781133,0.3500177498554492,0.3419039027969699,0.3455426721978117,0.3261712536839222,0.3197543210838179,0.3471392897465117,0.3776520798314712,0.3044440068416783,0.2959972781583043,0.3546432927412893,0.3443628686128308,0.3349709332164169,0.3051718363687171,0.358908076186862,0.3552453088103078,0.3247190492276378,0.2584406397257203,0.2834313833394949,0.3437681844059566,0.3659971343330784,0.3891395045167179,0.2885218130750339,0.3676725728005902,0.3593042184431979,0.3222470567781511,0.2953161794374565,0.2526101544349833,0.366495905244833,0.3098982231938397,0.329916178180613,0.2905645760730537,0.3625325307143215,0.3602482292903713,0.3390655230987536,0.3546033048981893,0.3542559924299551,0.3010559132077534,0.3077820511607294,0.3464066750462297,0.3169567726437426,0.3531408849198548,0.3259272629791212,0.391117061570807,0.3087086193709579,0.2525107706433792,0.348993566046997,0.3402873785756487,0.3113668534742552,0.3262255303888273,0.2996444552820936,0.3150895784246059,0.2764018158549687,0.3824421198558324,0.3558159978153465,0.3601319969444774
0.3238248728316031,0.3450532957026285,0.3530482770806771,0.3177510170848828,0.3148982620705059,0.363270878270669,0.3455763612733006,0.276682054822283,0.403318352130971,0.3152941420539137,0.3608532585461325,0.2990445297425043,0.283527484034241,0.2999373736565031,0.3318153136155136,0.3032973758851101,0.2079821451242725,0.3527782617952296,0.3258656899770383,0.3953147841530404,0.2943953846540112,0.2930321914945929,0.331766062785458,0.3462310572393808,0.3474163027727387,0.3501332711509359,0.3463224876045345,0.3448787297234221,0.365490912353949,0.2970993566124716,0.2976655436261924,0.3610166623906512,0.3525426728754674,0.3452195722618128,0.3322348461585506,0.3577914982130974,0.3598322798243646,0.2758049972882817,0.3495446160590666,0.3220227392094907,0.3509028110607387,0.3074924196410171,0.3388542552873033,0.2993427836219445,0.3500377327581237,0.3427264002756389,0.3445116552519826,0.3252615744977328,0.3177883773403407,0.3511547266009865,0.3782420161112702,0.3027055459659296,0.2949322603752249,0.3546533580376002,0.3434882713652452,0.3339214799889686,0.3082438488436781,0.3583694679333721,0.3548039463472004,0.3240660812631054,0.2588974682358504,0.2793976528651925,0.3465953859819244,0.3677519051798419,0.3920942759124113,0.2840952792204719,0.3691246039837202,0.3589329847583331,0.320963918877169,0.2943055880828633,0.2512066388470045,0.3663368856980649,0.3086819424045914,0.334465785373484,0.2930308765224066,0.3640520359902603,0.3614412516934144,0.3447198989123363,0.3548690051858709,0.3536459052764264,0.2995334063910137,0.3146403849899387,0.3454004984534691,0.3184706155678201,0.3521078764890633,0.3262226937976799,0.3925106066534486,0.3071109498337281,0.2657628819563439,0.3485926309946614,0.3475196112736555,0.3126650894525539,0.325449438969787,0.2990853074831694,0.3169908568362038,0.2793339508931703,0.3840042912364846,0.3544211765942036,0.3583876400885005
0.3231695175525945,0.3445909006491129,0.3527679878212886,0.3167029415094279,0.3138838873888793,0.3627926614227199,0.3491868592288236,0.2741811966285589,0.4047445442742681,0.3142254983299067,0.3621747028569673,0.2996071709268817,0.280423896254901,0.3057806473008754,0.3326736353310893,0.3022048736442459,0.1960798979883349,0.3526188087361957,0.3237596202024596,0.3951558093595186,0.2931900836157347,0.298731602020006,0.3361841064582631,0.3512934081600989,0.3496667673362915,0.3468319368625648,0.3301297113786074,0.3451627425666068,0.3644810458440289,0.2971322413925353,0.303327927312955,0.364129243049864,0.3519574939361518,0.3449915421895351,0.3314891492416548,0.357148379483287,0.3597427788743511,0.2781649353778542,0.3492299578413808,0.3271257177353426,0.3509747298499091,0.312049239273369,0.3379612768196981,0.3023721120083276,0.3501372030670297,0.3433906075527214,0.3434494350081265,0.3243950524555469,0.3156265628788493,0.3547609777984422,0.3784827283003069,0.3010621233156582,0.2943771398506129,0.3547285838990819,0.3426999190442326,0.3329063200482207,0.3116386037737261,0.3578809218288247,0.354188361239621,0.3233896495433487,0.2602550422860217,0.2753502421921638,0.3487150614602601,0.3693120453905288,0.3949114264638836,0.2796926863893809,0.3703691314357354,0.3585544743757078,0.3195856132280752,0.2933990349586499,0.2499888086554544,0.3662346201454799,0.3076216982419523,0.3386586517260646,0.2964238520386811,0.3654042920933967,0.3625006739887658,0.3498306310252374,0.3552012707009199,0.3530673519334761,0.298109418435671,0.321493447254554,0.3444519596753257,0.3201798069263113,0.3510578158100957,0.3267998825209708,0.3928304922974874,0.3053023298959815,0.2790184072626195,0.3483335629253963,0.3541552874128867,0.3138234894900146,0.3246783564111627,0.2985317263174211,0.3187048960791282,0.2832338798971659,0.3851903336241186,0.3532136322196438,0.3567240115108944
0.3224828185704797,0.3441623756425377,0.3525151928022872,0.3154717995695346,0.3129193452654817,0.3623669598810539,0.352607939588537,0.2719505742349876,0.4053506530118175,0.3140821245898819,0.3636319008882859,0.3005821502185586,0.2776224296766625,0.3116562732151547,0.3333707673180526,0.3011263791616302,0.1854299463428385,0.3522951322531747,0.321076931768655,0.3949860539369338,0.2922214226151027,0.304460543723101,0.3401829387624251,0.3562736230970447,0.3517222341552316,0.343993856139066,0.3139658251780333,0.3455738359741839,0.3635336338354341,0.2970168934529005,0.3091816356718814,0.367013101232679,0.3513125375651442,0.3446824403006425,0.3306559018428649,0.3565249641793514,0.3595192699426964,0.2813318141858955,0.3489526470846408,0.3319266899359347,0.3511252842903319,0.3167232303934403,0.3370351003310011,0.3058778541916315,0.3503167108268238,0.3439177964198665,0.3423914763926261,0.3235820564693415,0.3133454498956017,0.3579428123983161,0.378390411547442,0.2995955950964509,0.2944380054027404,0.3548775725308067,0.3419889088851163,0.3318978912025187,0.3152049552653816,0.3574560277248844,0.3534186665988029,0.322708627508891,0.2624446553598034,0.2712044898914822,0.3501653663431672,0.370704909830046,0.3975555385961457,0.2753209227225807,0.3714074141196776,0.358173396534568,0.318141185919118,0.2926110987547697,0.2489736602963909,0.3661992890077251,0.3067450713942211,0.3424619036144463,0.3007358981003185,0.3666110896362043,0.3633909197579114,0.3543619037957911,0.35558474183215,0.352456675947254,0.2967516447455967,0.3281196945084525,0.343572575067453,0.3218975166936475,0.3500056190227044,0.3275751899749261,0.3921556673172416,0.3033118423560131,0.2920585187694859,0.3482387082075259,0.3598608345138214,0.3147694453381962,0.323885380192751,0.2979446283732621,0.3201046859611402,0.2880174400716295,0.3860071626415696,0.3521808243893026,0.3551221081527696
0.3217740515950414,0.3437678436059058,0.3522856676421148,0.313998289039015,0.3120232377996725,0.3619820522425322,0.3557740612372959,0.2700311753263708,0.4053360035435351,0.3149000735050597,0.365123216684957,0.3019338567992486,0.2752436579612863,0.3173642066612243,0.333892210676905,0.3000216961706931,0.1760148130452063,0.3518637428568951,0.3177673893289901,0.3947819630059137,0.2916428446257741,0.3100853849477984,0.3437626487562639,0.3611325355266376,0.353618809880015,0.3415910972492222,0.298786588887735,0.3460755447903149,0.3626476683691666,0.296715031493859,0.315045093009152,0.369605349351296,0.3506119389732218,0.344303068599946,0.3297401981212193,0.3559446298755385,0.3591240177971579,0.2852213081677758,0.3487232005844491,0.3363339717520653,0.3513497794713552,0.3213657202113976,0.3360735084370506,0.3097420747560433,0.3505699234189209,0.3443336067494771,0.3413745403893782,0.3228233768062761,0.3110451054486193,0.3606849043309507,0.3780026034934547,0.2983882395560355,0.2951920683387583,0.3551029306533802,0.3413388503570976,0.330864815448841,0.3187990796246093,0.3570995684898587,0.3525248460757945,0.3220341219391252,0.2653477350985805,0.266883723753116,0.3510219043083767,0.3719566661448773,0.4000071865504728,0.2709590193887142,0.3722470889972639,0.3577903775487158,0.3166639382429266,0.2919246954173784,0.2481674806738627,0.366240049106535,0.3060642884961364,0.3458628532252545,0.3058847487284631,0.3676724790398731,0.3640701583903757,0.3583265379235635,0.3559971215630326,0.3517433054384056,0.2954171788907041,0.334335002491301,0.3427598083411934,0.3234442888532199,0.3489610621573051,0.3284414971787305,0.3905878994215735,0.3011902491349136,0.3046832276155947,0.3483217455201657,0.364344268331535,0.3154165372303041,0.3230482374629461,0.29728314282378,0.3210853150743869,0.2935464077376925,0.3864538133267957,0.3513013244168165,0.3535543330172934
0.3210466071692277,0.3434046160446171,0.352068156967576,0.3122319937048557,0.3111999224961063,0.361639480952523,0.3586312751828179,0.2684323883742809,0.4049353911993096,0.3166649813628531,0.3665328299561504,0.3036555172440954,0.2734039951975804,0.322737098457002,0.334241821410089,0.2988420711291962,0.1678205213789274,0.3514447016479429,0.3138256229728742,0.3945257365270639,0.2915835278385704,0.3154958579040141,0.3469473531763767,0.3658357486085014,0.3553775154246075,0.3395971047413992,0.285471249564925,0.3466111428241467,0.3618244549028653,0.2961956891230441,0.3207482646840755,0.3718504681630062,0.3498646130824964,0.3438740072746661,0.328758187121662,0.3554164962249677,0.3585321503415122,0.2897157058088974,0.3485545297867978,0.3402969890328898,0.3516472292585482,0.3258470088092211,0.3350755208127212,0.3138311936532189,0.3508884146955514,0.3446602875128481,0.3404308900935228,0.3221107163594103,0.308842091529718,0.36297989560903,0.3773772059153368,0.2975204430529028,0.2966838511554922,0.3553930559635661,0.3407288369365701,0.3297787328012905,0.3222958020260423,0.3568140411277414,0.3515475193214011,0.3213722138860546,0.2688038969126947,0.2623341827223395,0.3513757740216996,0.373085654586307,0.4022606151211239,0.2665730121382324,0.3728998586342095,0.3573983597597971,0.31518905463455,0.2912923493140847,0.2475676899751841,0.3663647758739078,0.3055759243264946,0.3488695923384889,0.3117211510390881,0.3685755095852108,0.3644955007934878,0.3617742019390989,0.3564094186573965,0.3508627341067102,0.2940538890195893,0.3400056265971927,0.3419962284817814,0.3246679753091825,0.3479328781468345,0.3292839577889928,0.3882406455973473,0.2990029211204374,0.3167196228865983,0.3485852050799409,0.3673827572402753,0.3156727218499884,0.3221471208824354,0.2965047003686366,0.3215719850135909,0.2996401926179014,0.3865351087256718,0.3505528787460676,0.3519982201738225
0.3202991122982318,0.3430634414454779,0.3518464373762768,0.3101360628435783,0.3104408626827905,0.3613518285084715,0.3611411788709099,0.2671302557272992,0.4044004490523022,0.3193178825731469,0.3677414213101073,0.3057217178412799,0.2722105467124509,0.3276475813037751,0.3344372393837526,0.2975365812024904,0.1608384360084329,0.3511707138156208,0.3092976290167022,0.3942062004429796,0.2921380688572059,0.3206031230419384,0.3497817358898861,0.3703382629400341,0.3570032899242247,0.3379918913337323,0.2748338220460736,0.3471059249568446,0.3610778764748071,0.2954443151371466,0.3261525638857993,0.3737108674181755,0.3490775019035776,0.3434169813977195,0.3277368415834156,0.354941554348304,0.357744971484597,0.2946729779125893,0.3484625696332096,0.3437960254333965,0.3520123426113695,0.330068085719686,0.3340498312901089,0.3180046202570522,0.351264090312688,0.3449173126285235,0.3395824561465646,0.3214307119921555,0.3068612130552979,0.364832390793086,0.3765823593921893,0.2970796511280811,0.2989155366447081,0.3557246592675976,0.3401321388073587,0.3286191589286227,0.3255932388792507,0.3566100432688173,0.3505314412601731,0.3207278463136375,0.2726284421727546,0.2575312292989794,0.3513238022199651,0.3741009345766061,0.4043138355325268,0.2621339097354324,0.3733776390260283,0.3569766687947868,0.3137528987773383,0.2906473319913271,0.2471683878641115,0.3665752856866755,0.3052686597402528,0.3515105691821825,0.3180516047171178,0.3693039201940366,0.364632585491687,0.3647711689703667,0.3567920618552141,0.3497708657844019,0.2926130879297854,0.3450524296246766,0.3412568305789937,0.325464207627414,0.3469241197628412,0.3299902762585119,0.3852361004634606,0.2968214983055103,0.3280240397056642,0.3490233413519628,0.3687583532572048,0.3154626238536046,0.3211690023525537,0.2955718431974939,0.3215211928332919,0.3060944403501562,0.3862640874747033,0.349920190810872,0.3504439074736888
0.3195280670571316,0.3427322791126101,0.3516008387202371,0.3076918460119506,0.3097315686325878,0.3611324136616282,0.3632728762991458,0.2660660834585129,0.4039676885229877,0.3227686227286045,0.3686358058500666,0.3081094785730358,0.2717594495987096,0.332016488684135,0.3345033461593049,0.2960569662049114,0.1550509431818109,0.3511281492961525,0.3042890149563779,0.3938192492471595,0.2933599251150243,0.3253423798509824,0.3523173374544215,0.374574113717226,0.3584859812256918,0.3367618865370244,0.2673485830768883,0.3474689688900132,0.3604264887222843,0.2944656718633461,0.3311611419771081,0.3751714430468488,0.3482575978560325,0.3429451294890837,0.3267126751699346,0.3545151811117195,0.3567818238792445,0.299939067826871,0.3484594750696562,0.346832131420905,0.3524279688035589,0.333956936297714,0.3330063660012179,0.3221308027363632,0.3516858348327535,0.3451249271081512,0.3388387518868169,0.3207668045901362,0.3052297992115188,0.3662594312727752,0.3756863048687423,0.2971566438023062,0.3018391089066025,0.3560711124427676,0.3395163672089222,0.3273737654638511,0.3286203700687093,0.35650099828989,0.3495178714819956,0.3201013005529666,0.2766354328969223,0.2524819328081327,0.3509591093330159,0.3750089755100634,0.4061629151809467,0.2576158076705981,0.3736939917918163,0.3564954886626004,0.3123870322792895,0.2899210257451708,0.2469661062173801,0.3668617871773025,0.3051218287788818,0.3538219632481648,0.3246518219247512,0.3698393390931714,0.3644632648730193,0.3673844521227104,0.3571157595879352,0.3484482662844906,0.2910586916986418,0.3494454250721908,0.340515835779441,0.3257835414849285,0.3459263414743593,0.3304511804303717,0.3817013611447352,0.2947215322750932,0.3384755464163862,0.3496206069233628,0.3682224598813126,0.314749852889015,0.3201126540040571,0.2944584060055302,0.3209179068460746,0.3127003176587037,0.3856607676350144,0.3493914750331988,0.3488844666054199
0.3187296584928863,0.3424000430647099,0.351309714949733,0.3049060930494691,0.3090520843713097,0.3609973010437388,0.3649986289193664,0.2651551414624959,0.4038249995617959,0.3269023512363611,0.3691190853807856,0.310831200845977,0.2721285585263337,0.3358173256529712,0.3344705693058455,0.2943602233346752,0.1504226199628073,0.3513613555421168,0.2989639994995198,0.3933672259357611,0.2952572570216858,0.3296755758812896,0.3545997494744274,0.3784612125290419,0.3598030338546376,0.3358921049207481,0.2630027718483467,0.3476021689174522,0.3598815685987181,0.2932816743612957,0.335712261398051,0.3762407872900746,0.3474172368990933,0.342465018505485,0.3257262593852782,0.354124520159617,0.3556655156221222,0.3053613461610458,0.3485469736849836,0.3494264789697303,0.3528733875078604,0.3374647482172566,0.3319467071683837,0.3260994842283915,0.3521361606666147,0.3452999795856391,0.3381988713152713,0.3200964108188696,0.3040710056122429,0.3672928348802237,0.3747548899894108,0.2978285240732331,0.3053625140889363,0.3564028223570447,0.3388506333717243,0.3260401053686315,0.3313448541590161,0.3564909105668166,0.3485415388256008,0.3194843711439697,0.2806560744582661,0.2472320420084003,0.3503550344133333,0.3758193936225363,0.4078045309236621,0.2529893883329083,0.3738659105276688,0.3559261977807093,0.3111096826259867,0.2890599172901439,0.2469641598235849,0.3672036474901301,0.3050993200548145,0.3558358277327037,0.3312752214681568,0.3701619481375176,0.3639848095747969,0.3696749943360511,0.357347123385746,0.3468984315796693,0.2893680095363026,0.3531951559742937,0.3397492138993856,0.3256289545050512,0.3449264709791028,0.3305677354905418,0.3777589347131152,0.2927845649159943,0.3479742072448216,0.3503483945188524,0.3656051862107962,0.3135427916323063,0.3189865143808824,0.2931472269780251,0.3197731204701681,0.3192608388757804,0.3847584643922351,0.348953162117872,0.3473091279247777
0.3179022033086502,0.3420525010781529,0.350953024381177,0.3018184299386829,0.308372230745328,0.3609720949328972,0.3663017507302186,0.264301972518337,0.4040945490505605,0.3315799275407243,0.3691230560252202,0.3138960999498801,0.2733635940052516,0.3390710891787483,0.3343736516189029,0.2924136864030806,0.1469046821060496,0.3519096546166096,0.2935340787663416,0.3928559960607297,0.2977930240540065,0.3335851545634589,0.3566655828107751,0.3819091127570679,0.3609247042040922,0.335360161674485,0.2614900916227571,0.3474131413331456,0.3594501381119049,0.2919316956308035,0.3397729327505904,0.3769523397220286,0.3465670620349495,0.34198270162887,0.3248140845399018,0.3537466785057565,0.3544260800050884,0.3107995931033647,0.3487202264419211,0.3516194640438232,0.3533339981755853,0.3405710473824396,0.3308708165403518,0.3298231543858316,0.3525914051116149,0.3454476710942624,0.337652041961202,0.319390416126629,0.3034921738240181,0.3679814388951064,0.3738520941933174,0.2991495623618748,0.3093648976613725,0.3566836892261212,0.338114858294215,0.3246299155315915,0.333771573827305,0.3565768106090169,0.3476275261865573,0.318863494164969,0.2845474228532853,0.2418683796871532,0.3495535313833741,0.3765428386437346,0.4092371339255194,0.2482375390371907,0.3739078619039693,0.3552456387994057,0.3099234335598718,0.2880387085637326,0.2471766552436513,0.3675741534632805,0.3051566003897501,0.3575810228144171,0.3376776229958114,0.3702590612652186,0.363205986237274,0.3716930122678479,0.3574496839781722,0.3451489283508286,0.2875346327940942,0.3563443388023622,0.3389364766703722,0.3250551591569718,0.3439203188118354,0.3302707185629743,0.3735210502077413,0.2910941257758918,0.3564485874240605,0.3511690416794407,0.360985217639528,0.3118915814724305,0.3178053094877248,0.2916256437398024,0.3181201666764384,0.3256041484866939,0.3836117623562091,0.3485946242544818,0.3457130509648425
0.317050144518922,0.3416689591496433,0.3505158640649216,0.2985026687336289,0.3076523978188941,0.3610846347875653,0.3671822650253287,0.2634063613447686,0.4048253499807004,0.3366421615695541,0.3686153505539836,0.317263915460032,0.2754716031361587,0.3418321601020261,0.334246310459016,0.2902039066989245,0.1444359593175207,0.352796190926351,0.288245673600269,0.3922940442506904,0.3008904231401484,0.3370614253174922,0.3585409259123931,0.3848177037240871,0.361823458728275,0.3351373105436634,0.2624066275799827,0.3468223756495878,0.3591420375949936,0.2904754691771003,0.3433436245862121,0.3773612108090218,0.3457043787309784,0.3415020112698321,0.3240026056439153,0.3533516192255214,0.3531115371607157,0.3161344319513195,0.3489761248437503,0.3534593159865474,0.353795742016999,0.343284544088652,0.329787842803592,0.3332377180839814,0.3530233779775937,0.3455610239807786,0.3371751907888078,0.318619779642828,0.3035720586300026,0.3683875972741315,0.3730366695037871,0.3011522715016554,0.3137065031664662,0.3568763157502483,0.3373022227992424,0.3231678408533402,0.3359338985874242,0.3567597979908734,0.3467856791023858,0.3182238303099356,0.2881992744193996,0.2365054760877759,0.348566627037708,0.3771864367139919,0.4104556917178093,0.2433790597993156,0.3738235290764915,0.3544359439025488,0.3088194537989789,0.2868698383881449,0.2476315736156686,0.3679408701526157,0.3052557150508002,0.3590863511343264,0.3436503685161478,0.370132342544921,0.3621476649952313,0.3734708926009842,0.3573913920992189,0.343252565541544,0.2855761729457539,0.3589553587827246,0.3380633136606509,0.3241646045136644,0.3429128960780164,0.3295324653882898,0.3690949191549974,0.2897223166279831,0.3638582171535846,0.3520422504566212,0.3547426473022012,0.3098909634752994,0.3165922036347368,0.2898903060025053,0.3160079013427732,0.3315943118641011,0.3822932873847532,0.3483140887982172,0.3441045118894385
0.3161866924959416,0.3412299114036193,0.3499895973792957,0.2950620425506425,0.3068509413770569,0.3613520118814773,0.3676505229349733,0.2623599446183902,0.405981006375253,0.3419206513909956,0.3675980624927683,0.3208677929644937,0.2784265762851217,0.344171119071804,0.3341145078603652,0.2877451770195336,0.1429303407719377,0.3539779703397582,0.2833667810075564,0.391695751413529,0.3044405624532084,0.3400959695628187,0.3602367809300351,0.3870769416566055,0.3624834528759563,0.3351877954731875,0.2652292694782169,0.3457672351964422,0.3589630951278451,0.2889942389693941,0.3464592489360376,0.3775326180926533,0.3448171666220218,0.3410199557285299,0.3233069410250423,0.3529076006562589,0.3517799067977472,0.3212743942570761,0.3493117281773802,0.3549883037490507,0.3542371483985944,0.3456315566921974,0.3287123075985178,0.3363093370449213,0.3534014816110885,0.3456279709962758,0.3367337982970604,0.3177621303448109,0.3043538291120163,0.3685787591750666,0.372356561916228,0.3038438620898389,0.318234229129114,0.3569521901431474,0.336415417508478,0.3216834534549279,0.3378874566917051,0.3570420147331755,0.3460099442484626,0.3175485093332224,0.2915452184918594,0.2312659403582991,0.347385090792254,0.3777545178607492,0.4114482909591112,0.2384698441556752,0.3736077333570949,0.3534891172328401,0.3077800898535278,0.2856098526536567,0.2483712099036212,0.368263377964432,0.3053684250109109,0.3603751507734279,0.3490348770438135,0.3697943947590834,0.3608444681380592,0.3750183982731803,0.3571499918848823,0.3412819156809686,0.2835372277297846,0.3610928964653024,0.3371239414178982,0.3230905835143079,0.3419064658508896,0.3283591322203213,0.3645904465691667,0.2887189188144438,0.3701853878294704,0.3529249225772667,0.3474620705160183,0.3076832164081414,0.3153793291483919,0.2879590614215487,0.313494416021756,0.3371388127697847,0.3808817422044697,0.3481123880983178,0.3424936359557008
0.315332318989382,0.3407264769799742,0.3493738028879006,0.2916259090693099,0.3059295858210844,0.3617805176645585,0.367722174828552,0.2610516910008671,0.407432405430651,0.3472504498163389,0.3661064864479688,0.3246433098291459,0.2821730883025784,0.3461606778092271,0.3339911060540678,0.2850844168843177,0.1422672086996248,0.355337334538903,0.2791632169062766,0.3910821839012053,0.308311521564141,0.3426852582922813,0.3617509542750305,0.3885814465711925,0.3629029400299391,0.3354615615448623,0.2693225119931277,0.3442113979627099,0.3589040140421917,0.2875899842318032,0.3491747092359369,0.3775298608910242,0.343897544651104,0.3405288270081518,0.3227318192153798,0.352385653551348,0.3504799551910478,0.3261593577503797,0.3497147743730615,0.3562394600533642,0.354635732765735,0.3476448751228561,0.3276532118385212,0.3390368594444761,0.353695838618508,0.345635979947496,0.3362887645609517,0.3168011027829521,0.3058436120707054,0.3686195366432727,0.3718470149782513,0.3071984057025725,0.3227950332625436,0.3568945139207922,0.3354652675843901,0.3202059385338017,0.3397054130435415,0.3574129742192518,0.3452853617586653,0.3168190393650765,0.2945688347903065,0.2262701769849015,0.3459884077673013,0.3782523897195313,0.4122007486496307,0.2335909202833656,0.3732562629195697,0.3524149779924964,0.3067773583174746,0.2843599686866989,0.2494497201103926,0.3684979328820705,0.3054709062610993,0.3614609458128134,0.353720226133502,0.3692638437235558,0.3593400095685581,0.3763252038074361,0.3567145534912304,0.339320125072055,0.281485701502419,0.3628111790889188,0.3361229958678161,0.3219763482234891,0.3408985188172729,0.3267786525121418,0.3601197662615703,0.288112671630263,0.375432344180135,0.3537711224081331,0.3397996662355136,0.3054486193407567,0.3141998508132711,0.2858765252894794,0.3106442752754106,0.3421906499386767,0.3794536655701517,0.347982059419418,0.3408811262110321
0.3145109866748239,0.3401576196963696,0.3486807808717776,0.2883491531421152,0.3048556424919613,0.3623701920768427,0.367424615885258,0.259385726617166,0.4089729450127131,0.3524790591429825,0.3642107497577578,0.3285018244034437,0.2866209900672188,0.3478675804197135,0.3338725326820865,0.2823031067580308,0.1423015091905594,0.3567245828080773,0.2758667389172924,0.3904760599185007,0.3123622054787893,0.3448352799067077,0.3630779480583603,0.3892524516601284,0.3630915562439549,0.3358903442517872,0.2741285463189772,0.3421544406026303,0.3589426599455777,0.2863830226766726,0.3515488502261448,0.3774118455031504,0.3429409481863402,0.3400218585151865,0.3222710701078728,0.3517620879419684,0.349246100460599,0.330758318229373,0.3501620638734585,0.3572405675199618,0.354977294687278,0.3493622651303186,0.326613622117028,0.341441308274207,0.3538791522645865,0.3455721227243573,0.3358029596589553,0.3157231192628407,0.3080083395883957,0.3685666665754796,0.3715334900811322,0.3111556741981642,0.3272546670378377,0.3566950039392484,0.3344736672932812,0.318763215393629,0.3414660045411551,0.3578487413232489,0.3445935039980519,0.3160211054063971,0.2972956179185664,0.2216310999602706,0.3443569297725589,0.3786867271205236,0.4127030409778542,0.2288536976382492,0.3727684572803689,0.3512435889745181,0.3057739542164492,0.2832579008483514,0.2509281042594648,0.3686073471099904,0.305549465738251,0.3623535669833138,0.3576477974979428,0.3685683368386587,0.3576788805883509,0.3773683878850049,0.3560874348139768,0.3374541454003417,0.2795117046948658,0.3641525076633629,0.3350751089185459,0.320962353184442,0.3398934813151653,0.3248392395853351,0.3557914956010617,0.2879158731137038,0.3796319261829607,0.3545411842661654,0.3323870435641013,0.3033898015223866,0.3130800922744285,0.2837097319335505,0.307527799798635,0.3467435510982692,0.3780798012718358,0.3479070494367088,0.339266199798027
0.3137482622459382,0.3395220424254538,0.347935988791043,0.2854054315694894,0.3036078575987966,0.3631072493273001,0.3668015908480185,0.2572938827361368,0.4103480943694023,0.3574687924375674,0.3620112098303354,0.3323166453869127,0.291645312656186,0.3493481058326957,0.3337406451652365,0.2795177686829831,0.1428821980143323,0.3579833404754901,0.273648999037449,0.3898990991836571,0.3164579209096142,0.346559766049571,0.3642140647564988,0.3890499329662987,0.3630711001862159,0.3363944115768906,0.2792936016426686,0.3396307295608965,0.3590517803801656,0.2855051550573191,0.3536407441891918,0.3772343500125436,0.3419341513514684,0.3394952313239876,0.3219055191486368,0.3510193331306054,0.3481046067194238,0.3350648465531882,0.3506283897062621,0.3580141418538878,0.3552518720268443,0.3508249180681839,0.3255972758501043,0.3435527294767914,0.3539260812325179,0.3454250239699034,0.3352433932232631,0.3145184944685635,0.3107725252721441,0.3684660870244785,0.3714349124399365,0.3156239731966578,0.3315069900999724,0.3563531956456954,0.3334732972480132,0.317377427725633,0.3432349458428367,0.3583243137730582,0.3439116221258519,0.3151474127741007,0.2997779496238308,0.2174412222809368,0.3424833000279308,0.3790638066608709,0.4129510753353949,0.2244158205750187,0.3721401841887238,0.3500207473277778,0.3047295732959487,0.2824637513374631,0.2528672558202307,0.3685647017148966,0.3056131273740231,0.3630657403024763,0.3608210726680936,0.3677468683852735,0.3559050111990728,0.378119851544045,0.3552847897333845,0.3357691535359506,0.2777300500388397,0.3651502503266844,0.3339992809350359,0.3201744382463272,0.3389054844798447,0.3226093741831883,0.35170823683843,0.2881201751168156,0.3828534090051306,0.3552104411476756,0.3257496797177789,0.3017226305773611,0.312040460332687,0.2815448317271944,0.3042230883589868,0.3508221649521592,0.3768174151495478,0.3478692636836508,0.3376580676366835
0.3130718100737529,0.3388204653883355,0.347170072915502,0.2829713457213023,0.3021848177298348,0.3639551049067113,0.3659051687323136,0.2547387833466735,0.411279577675522,0.3620960001180007,0.3596269973606602,0.3359699034126152,0.297100921453889,0.3506432626806101,0.3335701349389437,0.2768782170364783,0.1438589462646673,0.3589418567435529,0.2726040372088207,0.3893757245229355,0.3204769072025611,0.347876427863159,0.3651551714799751,0.387973750430391,0.3628783157723106,0.3368919026580697,0.2845737172750462,0.3367037371145076,0.3591956370842374,0.285089269167437,0.3555085217657644,0.377042899998396,0.340857980692284,0.3389481693268351,0.3216025994705759,0.3501452924798304,0.3470699373626774,0.3390936029830664,0.3510912368232635,0.3585745140715851,0.3554462747159246,0.3520690455012631,0.3246077497178634,0.3454058452325994,0.3538147269930899,0.3451891247639073,0.3345836234249129,0.3131840320654045,0.3140228163858037,0.3683515082546117,0.3715629382612043,0.3204808775689516,0.3354734523951633,0.3558766714756968,0.3325001712458553,0.3160578798615792,0.3450565584895469,0.3588163642896645,0.3432139444322442,0.3141916821919301,0.3020846722483994,0.213757757362916,0.3403776469664629,0.3793907496362859,0.4129471229140478,0.2204774140323221,0.3713625920064682,0.3488018003148772,0.3036058340144982,0.2821459346019833,0.2553213682915967,0.3683509465882267,0.3056914242140301,0.3636097613614177,0.3632958322695191,0.3668428609799539,0.3540668446710064,0.3785521278248006,0.3543325423316388,0.3343411168045539,0.2762757686355989,0.3658278466064291,0.3329114366555896,0.3197047068506876,0.3379445675992727,0.3201672122178766,0.3479675244786682,0.2886900687607644,0.3851896926659462,0.3557659652331483,0.3202337426649929,0.3006679792005123,0.3110975320377759,0.2794914132792552,0.3008233935269163,0.3544713593779979,0.3757004652018082,0.3478477404001726,0.3360694033706326
0.3125104481038184,0.3380635378914203,0.3464111674979551,0.2812119301546574,0.3006069879991008,0.364861250306397,0.3647888237479606,0.2517249266662895,0.4114864570261924,0.3662556210952012,0.3571889164727145,0.3393820182427782,0.3028392975484978,0.3517751245487668,0.333333374630321,0.2745605916253238,0.1450816807580865,0.3594266553416547,0.2727301790675094,0.3889326423834507,0.3243071995874428,0.3488082362527887,0.3658995886200876,0.3860650320725466,0.3625592682034971,0.3373038485965998,0.2897442969081913,0.333468584556184,0.3593236620544714,0.2852606972603775,0.3571992827190428,0.3768628485393563,0.3397051957609604,0.338384451983044,0.3213198860781435,0.3491324033741006,0.3461344496571832,0.3428743409219279,0.3515255994985377,0.358931137013616,0.3555482069572374,0.3531201586099941,0.3236416921414219,0.3470385192777417,0.3535331762367191,0.3448656408255225,0.3338091459768622,0.3117227522745171,0.3176246406839998,0.3682444533631799,0.3719185988425475,0.3255800496099617,0.3391050088162763,0.3552777303902406,0.3315854733753068,0.3148011434697182,0.3469560822784915,0.3592922249797603,0.3424797852701471,0.3131430322299441,0.3042922479899365,0.2106003409121418,0.3380704080217645,0.3796778897826671,0.4127031240970219,0.2172605677590477,0.3704331060739868,0.347645698158339,0.302365471951515,0.2824663715014563,0.2583327304513129,0.3679570774859242,0.3058196221061655,0.3639920561041624,0.3651524660451598,0.3658969563455918,0.3522198345888107,0.3786433798659438,0.3532629899586432,0.3332297407728488,0.2752897008993981,0.3661979035783329,0.3318220499186513,0.319598092981844,0.3370087100467494,0.3175870124295174,0.3446613659884639,0.2895677236962943,0.3867421812922879,0.3562006611408023,0.3159862302752211,0.3004336222791831,0.3102579046155515,0.2776859769600017,0.2974443129454392,0.3577458767488103,0.3747390808754933,0.3478116917908105,0.334503267887885
0.3120893895762301,0.337268788282701,0.3456863538294583,0.2802735385839615,0.298912482262969,0.3657681973383951,0.3635138862843449,0.2483203739003026,0.4107154310486302,0.3698714086480144,0.3548366557420118,0.3424832497751178,0.308715135557298,0.3527495510589107,0.3329991840716604,0.2727529516945166,0.1464117593872861,0.3593112700554216,0.2739143215141176,0.3885885849134209,0.3278479548819947,0.3493884025891806,0.3664569760044066,0.383409611491271,0.3621570078551865,0.3375611884715064,0.2946787085445305,0.3300557907715894,0.3593788019054051,0.2861295957761707,0.3587401459014015,0.3767028192326653,0.3384859844714,0.3378123761504639,0.3210110621259894,0.347978620514376,0.3452714651744426,0.3464397115850008,0.3519020234025317,0.3590966496105664,0.3555534964933285,0.353996390114986,0.32268801277747,0.3484840967204456,0.3530848109677145,0.3444609136986006,0.33292031186064,0.310144363949107,0.3214401010793803,0.3681567507352831,0.3724921628645831,0.3307684548667415,0.3423847886476879,0.3545710387221327,0.3307537385427013,0.3135958586668281,0.3489399553037046,0.359706432754428,0.341699174321877,0.311990246441007,0.3064700818174808,0.2079589006165929,0.3356185476585832,0.3799369532412104,0.4122438530956027,0.2149998648491639,0.3693640633833461,0.3466087223314096,0.3009719920814189,0.2835593393224019,0.2619247427044611,0.3673898161013318,0.3060331766928946,0.3642151913032904,0.366479268728388,0.3649479199979135,0.3504214905589196,0.3783820504254959,0.3521153359154091,0.3324733077190311,0.2749044738255027,0.366269452192054,0.3307375048278556,0.3198566080673279,0.3360930814700706,0.3149342223966744,0.3418736468130943,0.2906851748234507,0.3876216741342992,0.3565172972171964,0.3129976337331169,0.3011948699698708,0.3095109451739402,0.2762851172062902,0.2942209500583838,0.3606985163746214,0.3739282380411404,0.3477203374847046,0.332955522876395
0.3118246099843677,0.3364490913083514,0.3450244761822704,0.2802742412573125,0.2971563226662452,0.366611014263123,0.362155077483841,0.2446672469239756,0.4087714737546258,0.3729002245697454,0.3527089732932179,0.3452092354659896,0.3145897372211451,0.3535644587113832,0.3325362463051884,0.2716361471920581,0.1477417924414855,0.3585420101845245,0.2759347589691538,0.388346508291314,0.3310198239082632,0.3496624553040954,0.3668487575662648,0.3801339708501113,0.3617070655100667,0.3376173906548455,0.2994136540250265,0.3266202076505638,0.3593137658491715,0.287778506252736,0.3601419795738225,0.3765686039415331,0.337214510586131,0.3372423014500787,0.3206315031862568,0.3466902742681498,0.3444490798979934,0.3498132844574545,0.352194760189033,0.3590898469138376,0.3554636700279146,0.3547128322567554,0.3217333606690928,0.3497641017522557,0.3524857553699658,0.3439874452262831,0.3319294378399148,0.3084692682548752,0.3253344920665211,0.3680972194475104,0.3732677236321375,0.3358997905539842,0.3453189218848631,0.3537750311986489,0.3300247436237377,0.3124209862983741,0.3509879971683278,0.3600134893679687,0.3408697677156058,0.3107297349964238,0.3086665276377984,0.2057991871289242,0.3331070084788416,0.3801776302519449,0.4116070431203108,0.2139428357689355,0.3681776753313356,0.3457397343075526,0.2993957868477537,0.2855084898884824,0.2660920165490636,0.3666690355644551,0.3063702549755203,0.3642817415174758,0.367372466060111,0.3640333412117139,0.3487251997615435,0.3777711032749453,0.3509327637798041,0.3320824500084935,0.2752369630249952,0.3660594658761311,0.3296584765475518,0.3204480611293703,0.335196428635085,0.3122651995877937,0.3396766153973202,0.2919703825168395,0.3879523190483263,0.3567332820913137,0.3111552486161021,0.303087219894352,0.3088315912348659,0.2754513169654393,0.2912979093981762,0.3633689259972149,0.3732523454225309,0.3475313151557144,0.3314258193773
0.3117206522796858,0.3356087805606264,0.3444475113708877,0.2812845451494417,0.2954145157317299,0.3673142480074707,0.3607895627628352,0.2409739650313301,0.4055313956472311,0.3753255395680363,0.3509303278861584,0.3475484819764978,0.3203402228588907,0.3542157513514426,0.3319271993941215,0.2713665026843401,0.1490020721950423,0.3571204828596983,0.2784858840782735,0.3881967624864661,0.333767745055538,0.3496844783878122,0.3670989010613784,0.3763896838062069,0.3612426578193418,0.3374571783003786,0.3040435107175698,0.3233214425101447,0.3590951747291792,0.2902477784345624,0.3614064981837258,0.3764680821234639,0.3359013927271582,0.3366867094826947,0.3201423482297982,0.345282947379481,0.3436350132165327,0.3530070115990517,0.3523873171360643,0.3589326184449774,0.3552814515848473,0.3552818299842143,0.320764880855585,0.3508907064775189,0.3517589290061939,0.3434654962604571,0.3308571981119918,0.3067308584800983,0.3291770365464863,0.3680805501514088,0.3742252139771648,0.3408368872559431,0.3479204892687038,0.3529096922004811,0.3294112581724878,0.3112414130746431,0.3530490422665102,0.3601795752887364,0.3399934485885285,0.3093667451222673,0.3109063802711641,0.204067740030693,0.3306352597324339,0.3804092818574013,0.4108432838548723,0.2143338512285227,0.3668971903484521,0.345076751131194,0.2976217584135699,0.2883369308036692,0.270794374001963,0.3658186740374103,0.3068612010434136,0.3641927420505289,0.3679284560161445,0.3631836190527372,0.3471797341216318,0.3768305081362209,0.3497529068761792,0.332033380702981,0.2763808106273784,0.3655975355546961,0.328577101598595,0.3213058191983239,0.3343118627672468,0.3096242140266997,0.3381253131194227,0.2933499618801198,0.3878568935124831,0.3568729757387458,0.3102737726170843,0.3062030195145988,0.3081886689235156,0.2753386876234948,0.2888245148898951,0.3657795884830421,0.3726818298114085,0.3472080349114073,0.3299166939594328
0.3117717379463122,0.3347465499082405,0.343956709930271,0.2833114902604773,0.2937831340910941,0.3678056855130369,0.3594821572459135,0.2375086029012209,0.4009462485241082,0.3771523736683091,0.3496084334654419,0.3495490614819771,0.325868705045301,0.3546979073943745,0.3311786442389897,0.2720625557729921,0.1501506456605804,0.3550924397063113,0.2812106631756627,0.3881187546657361,0.3360463938222541,0.3495104739334754,0.3672305579112353,0.3723341299858757,0.3607941463656834,0.3370961617906769,0.3085867556062882,0.3203153208297522,0.358696828650031,0.2935287454258539,0.3625253611855328,0.3764044293639973,0.3345622803856442,0.3361622573212212,0.3195132611329627,0.3437775999044446,0.3427926671032967,0.3560249322207547,0.3524667647273832,0.3586487687267861,0.3550133500017101,0.3557148688051021,0.319768101389662,0.3518731466529057,0.3509331816441288,0.3429192369442561,0.3297318018669363,0.3049739589748977,0.3328514014165857,0.3681316664936142,0.3753341377191844,0.3454574196313775,0.3502044729948179,0.3519891445695958,0.3289116163873136,0.3100144868143644,0.3550499140195465,0.3601810006717238,0.339079125254649,0.3079125959002164,0.3131958115400475,0.2027060082028633,0.3282987748036799,0.3806460848402194,0.410016876820561,0.2163801537145812,0.3655462684296757,0.3446402615676683,0.2956512837014521,0.2920141001036604,0.2759606588123674,0.3648649584552005,0.3075082548196733,0.3639457646021716,0.3682217031045403,0.3624189172555305,0.3458319915625436,0.3755958597001403,0.3486022598684323,0.3322661200419154,0.2783937863126607,0.3649220067757741,0.3274796824440141,0.3223328196770418,0.3334204977171279,0.3070426847708525,0.3372509143085613,0.2947605643466772,0.387432739317773,0.3569568005559966,0.3101253976635219,0.3105783427132723,0.3075471065346077,0.2760794021337542,0.2869539955930816,0.3679395366670621,0.3721741799071484,0.3467222428622455,0.3284239890147654
0.3119631189791589,0.3338515040981969,0.3435322183951811,0.2863014536780333,0.2923692092030525,0.3680318809031056,0.3582855598257298,0.2345978178473707,0.3950501222524455,0.3784119500191146,0.3488376674109684,0.3512608905998868,0.3311034905687297,0.3550056572227467,0.3303140216718474,0.2737914961634244,0.1511697979217597,0.3525628863046708,0.2837332137040081,0.3880706705301903,0.3378066228531906,0.3491939286349178,0.3672704109128744,0.3681162825368291,0.3603787288631891,0.3365802267485309,0.3129768790718947,0.3177537728100848,0.3580995989094195,0.2975654619397904,0.3634794599464083,0.3763752883900184,0.3332214072873166,0.3356866451619284,0.3187239127116243,0.3421955047574643,0.3418850862885026,0.3588619756442209,0.3524191584627762,0.3582663130962395,0.3546706410735838,0.3560263119885451,0.3187249945206964,0.3527179283320278,0.3500460600840672,0.3423705899303964,0.3285864369837053,0.3032561868130618,0.3362737797129733,0.3682830958879947,0.3765454620203448,0.3496689234728289,0.3521916959916273,0.3510206054662469,0.3285055115046917,0.3087030799867788,0.3569105265526497,0.3599997368545688,0.3381436173911805,0.3063874364324443,0.3155237139658856,0.2016684508707465,0.3261823529855732,0.3809082180977473,0.4092039557732663,0.2202257171366551,0.3641513302656354,0.3444238561870468,0.2935023037968425,0.2964645577169035,0.2814968763878174,0.3638411958854824,0.3082818502428631,0.3635388350195051,0.3682930407975974,0.361754892166273,0.3447250482432036,0.3741144470028797,0.347499482923621,0.3326877371168443,0.2812858042234689,0.3640757239227316,0.3263516580629897,0.3234232213111357,0.3325012905780987,0.3045460948905978,0.3370579191192556,0.2961631757851147,0.3867454526010261,0.3570018348721978,0.3104926461064735,0.3161790182689964,0.3068648753400885,0.2777695656570176,0.285831833714951,0.3698475454366938,0.3716870308288241,0.3460559379836737,0.3269362588424971
0.3122724786393242,0.3328958540004028,0.3431470328444503,0.2901539278058853,0.2912812658902605,0.367955357171394,0.3572476110109003,0.2326073248517082,0.3879708987866778,0.3791637329005894,0.3486901749509981,0.3527135568709101,0.3359954022999518,0.3551406281102596,0.3293623521425354,0.2765548878756804,0.1520794327453288,0.349693161935427,0.285696701566145,0.3879805411551182,0.3390017832045087,0.3487858591688149,0.3672453249055363,0.3638681606844543,0.3599976204352732,0.3359880225008778,0.3171016725244343,0.3157734890713782,0.3573001367133575,0.3022570968832715,0.3642481686317659,0.3763829583073063,0.3318988505539763,0.3352715020217875,0.3177644409815497,0.3405576854057001,0.3408867162222357,0.3614978469195392,0.3522370361064881,0.3578172655365276,0.3542631002609142,0.3562312312211786,0.317615276117165,0.3534267549610355,0.3491419106287837,0.3418384709733392,0.3274519024003678,0.3016534596113548,0.3393984618005141,0.3685719569473994,0.3777908998195224,0.353415797893034,0.3539033420480727,0.350012861908509,0.3281597750984902,0.3072784715095792,0.3585530527823983,0.3596274915714141,0.3372039813779163,0.3048280729639539,0.3178605900433166,0.2009310402278993,0.3243611063492957,0.3812190091042097,0.4084876826110631,0.2259407717292235,0.3627383197336937,0.344391362010832,0.2912156873908929,0.3015690177449459,0.2872906352581667,0.3627845246253292,0.3091349318804132,0.3629768995709566,0.3681605027997188,0.3612059414830728,0.3438892597989634,0.3724432974870664,0.3464558858163174,0.3331743052032319,0.2850151373180672,0.3631055210497868,0.3251773336324154,0.3244854841959766,0.3315398116166334,0.3021615631741843,0.3375259660378829,0.2975444697304353,0.3858410511559637,0.3570263109844008,0.3112277996954402,0.3229025907656591,0.3060945107550623,0.2804575091514349,0.2855727403044765,0.3714917265837714,0.3711927109429716,0.3452039887960632,0.3254425296058799
0.3126734119804136,0.331839213289226,0.3427747384988551,0.2947277657558289,0.2906223902271451,0.3675478149316367,0.3564070156055705,0.2318967443360025,0.379923949257419,0.3794828600183674,0.3491991916808562,0.3539538752406285,0.3405143554871885,0.3551163147154699,0.3283600715925096,0.280282643699184,0.1529477136215139,0.3466619460814512,0.2868054632628368,0.3877533046200982,0.3396018670166564,0.3483358247412395,0.3671705148542664,0.3596970670921373,0.3596486053034644,0.3354245746281939,0.3208015332191726,0.3144740801518793,0.356314227878137,0.3074610324536868,0.3648189943121299,0.3764394546337579,0.330600454484138,0.3349216928777775,0.316635937578047,0.3388876002897959,0.3397879455554574,0.3638975771282342,0.3519276601263913,0.3573337084320114,0.353797629752217,0.3563397548763294,0.3164207168240083,0.3540014662727906,0.3482636549700919,0.3413407252263585,0.3263495299147487,0.3002591104876172,0.3422054474637373,0.3690412865947508,0.3789864097876227,0.3566703010638029,0.3553475989965591,0.3489794974721519,0.3278386415079951,0.3057147206677054,0.3599051077820006,0.3590730844880033,0.3362700831612459,0.3032919850071133,0.3201633293423577,0.2004913169614784,0.3228933591801546,0.3816037166200371,0.4079547275844366,0.2335104301273314,0.3613287380551747,0.3444843912641074,0.2888646704741582,0.307168920483022,0.2932152516861879,0.3617247689737335,0.3100082739977381,0.362276340798932,0.3678327295969282,0.3607798743707265,0.3433334656367478,0.3706489489229434,0.3454676976468118,0.3335718365164523,0.28949197036619,0.3620615261431387,0.3239395155675428,0.3254481036815152,0.33052233381556,0.2999187673521925,0.3386098526944092,0.2989094884409173,0.3847515081160845,0.3570434699248811,0.3122878267903242,0.3305899525985096,0.3051912406826873,0.2841360462619775,0.2862447503133044,0.3728539069329252,0.3706814078439194,0.3441756435445033,0.323934377906995
0.3131394162140577,0.3306393832339871,0.34238157919619,0.2998413699372948,0.2904800718038866,0.3668001720223663,0.355782584994765,0.2327771093070356,0.3711884108934986,0.3794439718113753,0.3503553148292514,0.3550458958088836,0.3446456104118114,0.3549545867097662,0.327356007189897,0.2848405333747338,0.1538822432487748,0.3436336183435489,0.286860034472034,0.3872841365322759,0.3395934322997181,0.3478885134262633,0.3670472405307395,0.3556770480548902,0.3593360422865891,0.3350015734118811,0.3238881300946455,0.3139067459780149,0.3551699828487425,0.3130041241865118,0.3651865029056634,0.3765594908953601,0.3293242071590461,0.3346416860986134,0.3153512818714394,0.3372102934198362,0.3385914568836083,0.3660218125739946,0.3515082666539861,0.3568446554853903,0.353286009759142,0.3563594945100755,0.3151300256188202,0.3544524378800559,0.3474445544094946,0.3408902877234036,0.3252893305602036,0.299172523972038,0.3446897608228659,0.3697395708869323,0.3800313011511016,0.3594245614142419,0.3565191164129217,0.3479299518255338,0.3275069717285765,0.303990675773461,0.3609052472417153,0.3583632614168505,0.33534634508746,0.3018543116216727,0.3223844060509104,0.2003710892932344,0.3218086152539839,0.3820895771463597,0.4076906099336066,0.2428178905880347,0.3599407477248827,0.3446309300946125,0.2865560937788156,0.3130860753993327,0.2991406637447515,0.360681127725467,0.3108210646098435,0.3614674354544053,0.3673093173781941,0.3604760963369458,0.3430440176299228,0.3688026883560992,0.344514300669494,0.3337042558868804,0.294584482748448,0.3609929941383232,0.3226279039279664,0.3262599134629128,0.329431718508763,0.2978487456367789,0.3402347722864383,0.3002829592885804,0.3834860723058541,0.3570513386595968,0.3137329634504189,0.3390302841517785,0.3041203905609196,0.2887362043926755,0.2878678686612501,0.3739222614415826,0.3701554078456375,0.3429952918542908,0.3224019750282406
0.3136444202689552,0.3292519774823613,0.3419208921075906,0.305284817464038,0.2909138067473907,0.3657350948438469,0.3553739809283553,0.2354877754002599,0.3620835266652366,0.3791176057217511,0.3521136310938033,0.3560169938959487,0.3483854114027904,0.3546778545319874,0.3264005328260532,0.2900431185327788,0.1550155739767498,0.3407570795671458,0.285780403738185,0.3864633677804484,0.338970760189544,0.3474774158259933,0.3668731560887545,0.3518456137779098,0.3590647317702899,0.3348199092278834,0.3262171629816417,0.3140780310175494,0.3539001320459356,0.3187004168959813,0.3653490627686352,0.3767545815194092,0.3280692346554436,0.3344370137185693,0.3139348003553764,0.3355471794170505,0.3373115838188441,0.3678360669224746,0.3509966231420906,0.3563741648632281,0.352745666985541,0.3563039634539199,0.313739480276461,0.354800319473706,0.3467047676075153,0.3404886184613199,0.324271116746179,0.2984887012044349,0.3468644018641557,0.3707123767728142,0.3808064771039202,0.3616925037619327,0.3574124901643885,0.3468638883440843,0.3271261240644166,0.3020994207142747,0.3615139759917752,0.357537188638406,0.3344359804970236,0.3006033484264802,0.3244774269284455,0.2006204888469374,0.3211066166105355,0.3827027231618244,0.4077657345601629,0.25363821344012,0.3585887367478063,0.3447469152193936,0.2844219461775863,0.3191480744304167,0.3049466455363546,0.3596685432031574,0.311472962739232,0.3605929035224369,0.3665798290626715,0.3602934207312008,0.3429895331178569,0.3669707295787278,0.3435697627374239,0.3333896911037535,0.3001272267945619,0.3599425129045154,0.3212480209250831,0.3269021292145795,0.3282586060159235,0.2959859030882759,0.3422939060735092,0.3017151557815993,0.3820308469526575,0.3570335146922412,0.3157021192863446,0.3479646045761229,0.3028590492021095,0.294125236190431,0.2904133249399694,0.3747004849672982,0.3696252392503482,0.3417018419781392,0.320834796492711
0.3141612567164081,0.3276243096378707,0.3413469037568729,0.3108464574973324,0.2919498015320863,0.3643995523450038,0.3551714406617661,0.2401729484873972,0.3529520429299039,0.3785734328680034,0.3543923556845201,0.356849836760901,0.3517368945360852,0.3543056667736599,0.325527208969862,0.2956650149299206,0.1565054149864659,0.338162819135101,0.2836201252641133,0.3851805209511581,0.3377392085422577,0.3471235191969088,0.3666471626094301,0.3482125866381413,0.358832106432562,0.3349649069101323,0.3277311893336445,0.3149520953858586,0.3525385989405372,0.3243661044211961,0.3653144460271854,0.3770347296657118,0.3268347725780305,0.3343077717657374,0.3124193286003822,0.3339136008697497,0.3359755649855735,0.3693130697755714,0.3504113881288571,0.3559381982052028,0.3521884566740522,0.3561921723723584,0.3122491536566479,0.3550717214428724,0.3460522783832391,0.3401274534135183,0.3232851001699414,0.2982956893869805,0.3487611770546323,0.3719923058533651,0.381182432722193,0.3635070062702392,0.3580284542273901,0.3457800644654965,0.3266553100703344,0.3000512695042238,0.3617246428671185,0.3566405583150618,0.3335386184305164,0.2996390174701549,0.3263985926530873,0.2013127539198801,0.3207664083432841,0.3834639472076234,0.40821440022482,0.2656512698253336,0.3572771514889376,0.3447369286998458,0.2826112013679863,0.3252042933683783,0.3105292043923992,0.3586990281010146,0.3118672307113784,0.3597011076086442,0.365633881344497,0.3602339202123904,0.3431221588925125,0.3652086011107209,0.3426115587870616,0.3324566666294124,0.3059348436801452,0.3589418338658289,0.3198167760996412,0.3273991774771277,0.327010742654915,0.2943689443451699,0.3446556710792178,0.3032723040705645,0.380370832278861,0.3569672837899306,0.3183855234584559,0.3571035393873605,0.3013944620608466,0.3001173524779844,0.2937970076230372,0.3752050525116243,0.3691106558144692,0.3403434080050522,0.3192272375392702
0.3146641372991191,0.325704139670778,0.3406350034515012,0.3163352016717075,0.2935826921451929,0.3628500049100394,0.3551573695438523,0.2468467925837081,0.344142264475813,0.3778746631090781,0.3570661999949188,0.3575331876641493,0.3547037749977135,0.353857205788848,0.3247492968807136,0.3014580624184272,0.158542380829227,0.3359417899982083,0.2805661442167146,0.3833403898187026,0.3359292105799955,0.3468404417485085,0.3663633080215994,0.3447775952784231,0.3586353275209919,0.3355019841715809,0.3284455188542046,0.3164466999488581,0.3511175883980204,0.3298314782394423,0.3651058893585963,0.377407089238553,0.3256191313483865,0.3342464161457594,0.3108414844210629,0.3323218900769258,0.3346172362822098,0.3704356487578106,0.3497769750804825,0.3555432291986619,0.3516166375996262,0.3560385441648507,0.3106637189524563,0.3552965781445813,0.3454854132493629,0.3397980008239258,0.3223128296842649,0.2986697237200482,0.3504158757942316,0.3735961016536123,0.3810352891271026,0.3649060600247567,0.3583677915060906,0.3446860208280494,0.3260639187512531,0.2978709296932587,0.3615658881316591,0.3557218805429712,0.332646246593324,0.2990707325688774,0.3281092066937757,0.2025307456537441,0.3207511902306948,0.3843873621687521,0.4090202749263269,0.2784657612429903,0.3559990406136269,0.3445025303093996,0.2812857079200505,0.3311334792898989,0.3158027153303021,0.3577753599153313,0.3119296609653582,0.358840555880135,0.3644732181885933,0.3602953142719319,0.3433735381141903,0.3635639241281805,0.3416158750006126,0.3307561613780567,0.3118201319545384,0.3580114465101604,0.3183518616834535,0.3278085471919588,0.3257043418510996,0.2930367745495633,0.3471770048878548,0.305014982063615,0.3785150756592718,0.3568258501577708,0.3219929422564251,0.3661530379626089,0.2997248213464447,0.3064954212204857,0.2978814789394191,0.3754611286422634,0.3686402679019117,0.3389691207390737,0.3175806927055737
0.3151351184565749,0.3234580431018832,0.3397842406952046,0.3215878477687134,0.2957736701893947,0.3611528416899081,0.3553003577542944,0.2553740670404393,0.3359837444476768,0.377065885646165,0.3599745925715095,0.3580727636397035,0.3572828308344945,0.3533541060243205,0.3240685797882855,0.3071807158953049,0.1613425062429579,0.3341355358468627,0.2769165784538712,0.3808824711409118,0.3336012188707729,0.3466366283426212,0.3660100141100649,0.3415442038802663,0.3584825586163914,0.3364614733131474,0.3284497192596683,0.3184369450915882,0.3496639239118417,0.3349553074655756,0.3647567327305105,0.3778683356977206,0.3244274520605568,0.3342453663914079,0.3092367965069864,0.3307832065455987,0.3332672381411794,0.3712041935920286,0.3491197246932399,0.3551904875962415,0.3510333247170374,0.3558487532326228,0.3090020390421237,0.3555072449860665,0.3449934661689569,0.3394949939333646,0.3213297892819338,0.2996605296668159,0.3518532669180745,0.3755255454363009,0.3802594175044007,0.3659235316939057,0.3584314576585753,0.3435934343224114,0.3253414470617883,0.2955998947796125,0.3610929524735724,0.3548300134396207,0.3317460092212312,0.2990073216561388,0.3295791997398049,0.2043564628996007,0.3210094007220962,0.385478159372063,0.4101121952453453,0.2916471773267997,0.3547454690002733,0.3439539176611372,0.2806113221932485,0.3368514092832689,0.3207049558799002,0.3568904533738736,0.3116072182884311,0.3580609515374756,0.3631136080916031,0.3604658066213041,0.3436558591616977,0.3620783175861228,0.3405553698995569,0.328173650414166,0.3176101802569363,0.3571642359785573,0.3168724731574389,0.328200194041487,0.3243525233526491,0.2920235837690651,0.3497134846123859,0.3069896282592195,0.3765002354191063,0.3565763463293915,0.326693279182922,0.3748300839394479,0.2978653310960347,0.3130293271144808,0.3024942759395166,0.375508054882707,0.3682448015976087,0.3376251291917385,0.3159014216684334
0.3155663362795166,0.3208742363265937,0.3388041540388486,0.3264732248325146,0.2984453206450407,0.3593892392160751,0.3555585105811721,0.2654871003931673,0.3287607546481134,0.3761690123173996,0.3629421842390242,0.3584523281610208,0.3594644018941124,0.3528191983668274,0.3234759764955919,0.3126259338022745,0.1651219984747598,0.332750043172645,0.2730442194882419,0.3777888898927602,0.330838829016815,0.3465099307522581,0.3655801603663953,0.338525953990043,0.3583895293303675,0.3378241500951062,0.3279262106870131,0.3207713528662859,0.3481977639589278,0.3396367391069656,0.3643010962471074,0.3784023698314158,0.3232768472177341,0.3343027709496936,0.3076347876998681,0.3293044203332155,0.3319507513295663,0.3716401731947047,0.3484598633587278,0.3548805758943371,0.3504471171494142,0.3556263885537004,0.3073037912189323,0.3557342803216393,0.3445542662405217,0.3392120845542405,0.320308443340742,0.3012777054821241,0.3530899127624095,0.3777641949805032,0.3787751680664822,0.3665907788162972,0.3582322712117615,0.3425077701355379,0.3244928490143473,0.29330056736904,0.360375452740133,0.3540111686963408,0.3308264302480844,0.2995384650998925,0.3307884027032023,0.2068654394678034,0.3214826992874202,0.3867255073562619,0.4113591692725366,0.3047497899612552,0.35351283397627,0.3430159029523726,0.2807387755958144,0.3423167606342378,0.3252004517841829,0.3560347766192261,0.3108644901110291,0.3574119944837376,0.361580753898365,0.3607303338725152,0.3438748974699023,0.3607818639016961,0.3394117424572745,0.3246414571946488,0.3231561263989523,0.3564097375238576,0.3154067687077673,0.3286467389709803,0.3229687811071482,0.291355744560532,0.3521241598360452,0.3092359730094451,0.3743783869834912,0.3561835236370026,0.3325315607365992,0.3828716123811443,0.2958556592422944,0.3194859935787552,0.3074480409960484,0.3754042478037337,0.3679457370598587,0.3363544797019657,0.3141997528777547
0.3159542864986254,0.3179511170628927,0.3377105233397622,0.3309040392582011,0.3014871301586917,0.3576432521765162,0.3558942201515859,0.2768183271538146,0.3226886451054734,0.3751892559357231,0.3657926172305562,0.3586383546485492,0.3612426229609983,0.3522717470623454,0.3229441172830006,0.3176311144628525,0.1700734602631443,0.3317656348124475,0.269360670071526,0.3740863970513934,0.3277446605448749,0.3464448387157156,0.3650762632770059,0.3357519800840101,0.3583668142026857,0.3395219780102479,0.3271144309040868,0.3232880751448533,0.3467331545360193,0.3438160285970314,0.3637735032337485,0.3789852482578046,0.322188981873977,0.3344180748637026,0.306053787933569,0.3278866486715704,0.330689140041415,0.3717808594766309,0.3478117805711576,0.3546115713422577,0.3498615788182563,0.3553781623215871,0.3056236117575919,0.356000847346622,0.3441340969348695,0.3389385952518072,0.3192212019926369,0.3034898419321025,0.3541427302537476,0.3802733465357214,0.3765398048321336,0.3669353157158557,0.3578004927819329,0.3414281903761415,0.3235290497893947,0.2910524250128752,0.359491915424907,0.3533042616172623,0.3298796896524493,0.3007183284475592,0.3317261209182774,0.2101175304876117,0.3221159597092047,0.3880975021628564,0.4125616361252436,0.3173511372482071,0.3522973462778309,0.3416297219518451,0.2817824157684435,0.3475293925998691,0.3292746259591983,0.3551995443797732,0.3096939493874048,0.3569313196113233,0.3599093016937006,0.3610748689522853,0.3439454480566059,0.3596888738903563,0.3381861487949771,0.3201458421462224,0.3283393833618852,0.3557541846677339,0.3139869129940368,0.3292198145334024,0.3215747190875019,0.2910464504483746,0.3542770625536953,0.3117861628670779,0.3722130883542469,0.3556169924817253,0.3393834223948653,0.3900525915810149,0.2937612004261778,0.3256435742570933,0.3125514434699684,0.3752171283220737,0.3677454585049883,0.3351924096422745,0.3124909495712203
0.3162940638274584,0.3146980124322198,0.3365370153783578,0.3348464833725745,0.3047739909508298,0.355984248445751,0.3562834061355757,0.2889251006583913,0.3178977361024483,0.3741209719112054,0.3683580442476727,0.3586294766805388,0.3626213433046074,0.3517236060497331,0.3224307579419734,0.3220779725190804,0.1763537073162968,0.3311327974221852,0.2662800770989733,0.3698536687326397,0.3244405695730269,0.3464215471200523,0.364504468109817,0.3332760994178023,0.3584166336564171,0.3414478385591497,0.3262435053468019,0.3258258482794997,0.3452769263023427,0.347469264057541,0.3632124713850404,0.3795846509022662,0.321179768489584,0.3345862819142821,0.3044974892898699,0.3265298442463422,0.3294949893607781,0.3716741568707324,0.3471883042193607,0.3543761618422181,0.3492699568091713,0.3551118626688557,0.3040245439089625,0.3563212956446559,0.3436961845310276,0.3386628977856942,0.318043949546046,0.3062303283848501,0.3550232652046409,0.3829958228953466,0.3735610967982727,0.3669729031551783,0.3571758120405459,0.340355035964514,0.3224684789971785,0.2889472639921244,0.3585286360526494,0.3527361166979161,0.3289019330544779,0.3025622206566574,0.3323907491629267,0.2141426481268286,0.3228565820085014,0.3895446173427915,0.4134547752288008,0.3290851702630283,0.3510879242757898,0.3397574310071896,0.2838065726688998,0.3525238009191737,0.332925877239392,0.3543731873550831,0.3081256684963647,0.3566323286964851,0.3581438104154149,0.3614788867339905,0.3437961952630414,0.3588032273139042,0.3368909738188188,0.3147282946149017,0.3330789888331598,0.3551979227552894,0.3126340518274854,0.3299775059150231,0.3201950130736065,0.2910882296311621,0.3560592256744745,0.3146500529995762,0.3700867451822729,0.3548536890453974,0.3469828560917009,0.3962089103890583,0.2916675486084852,0.3313153643911224,0.3176200079026631,0.3750064247537353,0.3676241144788479,0.3341570705820764,0.310794787501282
0.3165815380301849,0.3111503987199261,0.3353407588397886,0.3383132162106608,0.3081812733888172,0.3544654115748429,0.3567115248205436,0.3013201182239711,0.314428681698318,0.3729507501923857,0.3704998701082555,0.3584585734692947,0.3636087671544733,0.351181369167431,0.3218940354315738,0.3259007318589365,0.1840727921733193,0.3307784493698793,0.264173083790683,0.3652248569399144,0.3210596484045332,0.346427889797114,0.3638720291206179,0.3311796183160901,0.3585391741095163,0.3434619473267311,0.3255146478359684,0.3282369149614733,0.3438265698471204,0.3506068918923219,0.3626563027136125,0.3801535921861352,0.3202562716847588,0.3348002785754164,0.3029555682257885,0.3252362703788806,0.3283649021209467,0.3713794336957556,0.346596720127863,0.354167560929457,0.3486661898799582,0.3548352095430598,0.3025843551808024,0.3567021728113775,0.3432126992707182,0.3383756123860946,0.3167587619361329,0.3093997685630441,0.355726922615932,0.385864215421314,0.3699039098794931,0.3667069517239185,0.3564001396164559,0.339292009876259,0.3213438550030978,0.2870924152895109,0.357569572535213,0.3523194555242908,0.3278959012069248,0.305051871697392,0.3327890304289311,0.2189306906330846,0.3236495224353169,0.3910038373328138,0.4137341415979303,0.3396710905522856,0.34987071779797,0.3373868659561787,0.2868187134643971,0.3573616100508292,0.3361659024774338,0.3535408248497951,0.3062196884582458,0.3565066088052694,0.3563364212281308,0.3619089184654238,0.3433680482550557,0.3581252018239821,0.3355382854183647,0.3084848652317156,0.3373372414190348,0.3547369851226138,0.311354232772557,0.330950026575986,0.3188464873861769,0.2914508104306224,0.357387283422037,0.317811479428042,0.3680975252269134,0.3538775493354966,0.3549692926379751,0.4012467124834378,0.2896771538012949,0.3363675356193593,0.3224936184942996,0.3748193648038389,0.367542838596495,0.3332470754595842,0.3091339901753046
0.3168192396994873,0.3073732720549726,0.3341873092368151,0.3413450319661095,0.3115885422595466,0.3531287681646745,0.3571685121574363,0.3135244172835028,0.3122354782544695,0.3716633666538744,0.3721328801647058,0.358151426465448,0.3642150725458918,0.3506541570907276,0.3213010234596741,0.3290974488062517,0.1932753003916155,0.3306282115794655,0.2633198664767894,0.3603758701589198,0.317730691094936,0.3464604663437485,0.3631946456339624,0.3295600557179278,0.3587325886309356,0.3453986628062587,0.3251051703129873,0.3304020282523612,0.342370734027988,0.3532705119423213,0.3621352715493437,0.3806340560402305,0.3194136131514972,0.3350553863079099,0.3014066558526894,0.3240069142453718,0.3272816440728047,0.3709654334160289,0.3460317964418571,0.3539888816171324,0.3480527673048316,0.3545588304819949,0.3014030369626772,0.3571408679726424,0.3426680456268818,0.3380678491894532,0.3153543184582109,0.3128691828718689,0.3562387962362475,0.3888026046613058,0.3656872023070689,0.3661370264113761,0.3555192196084512,0.33824197608729,0.3201964623132324,0.2856094789475907,0.3566766714531371,0.3520532206405382,0.3268719590347612,0.3081348109513648,0.3329364286406407,0.2244313823212322,0.3244427943733518,0.3923955565520476,0.4130904054142876,0.3489313353264752,0.3486370007551512,0.3345302629853527,0.2907650455903105,0.3621199386213373,0.339020937062689,0.3526875306165006,0.3040510756230025,0.356534153769578,0.3545417311440865,0.3623248696754,0.3426197627984464,0.3576499751674971,0.3341449185363123,0.3015603658473054,0.3411159473142735,0.3543688625452171,0.3101472985345956,0.3321381061014405,0.3175359251692776,0.2920858893061387,0.3582125375141599,0.3212452957576466,0.3663358399079896,0.3526828675186573,0.3628970179040381,0.4051384400974461,0.287912531455602,0.3407183823397517,0.3270497655963864,0.3746958702619882,0.3674483255402176,0.3324490321305923,0.3075314299555935
0.3170162287204816,0.303447846858374,0.3331320526922616,0.343998698569096,0.3148854440743046,0.3519963700660268,0.3576520694920754,0.3251228254240786,0.3111881398088909,0.3702496124073284,0.3732336444545626,0.3577299158021377,0.3644619914892705,0.3501589640224952,0.3206254151019085,0.3317226112978483,0.2039221228732057,0.3306197866357765,0.2638834925948596,0.3555028073840652,0.3145692297764731,0.3465196960430393,0.3624991016443352,0.3285141197343446,0.3589840280915068,0.3470821306527016,0.3251275111969518,0.3322381927121102,0.3408931507364738,0.3555182609595146,0.3616717605910364,0.3809715366102082,0.3186235271579735,0.3353474939052565,0.2998195401109708,0.3228377624923009,0.3262225787969909,0.3704987379703864,0.3454800352381827,0.3538517767673164,0.3474334119217785,0.3542967643173059,0.3005924419593099,0.357624763608708,0.3420531383695843,0.3377291093198613,0.3138263002825857,0.3164924647675627,0.3565496188414689,0.3917224308796733,0.3610761655917616,0.3652624026853865,0.3545832241838814,0.3372044185714778,0.3190603295695579,0.2846172069722579,0.3558796377570759,0.3519224297237489,0.3258435223276175,0.3117164352275,0.3328610357977077,0.2305595622697161,0.3251960155318293,0.3936227056152118,0.4112371287856237,0.3567914881440358,0.3473811137077013,0.3312180264562306,0.2955308401325676,0.3668754913133862,0.3415219491153201,0.35179826781105,0.3017050307219426,0.3566860766597912,0.3528123546576973,0.3626884139226538,0.3415400430518704,0.3573642726797661,0.3327420561980699,0.2941314175691558,0.3444433892303873,0.3540940022835344,0.3090089524851627,0.333517084195587,0.3162634703690222,0.2929309999571675,0.3585194863052812,0.3249313553985837,0.3648601088526708,0.3512787307956267,0.3702550239822255,0.4079207990429055,0.2865166707146809,0.3443316767941698,0.3312046599298802,0.3746673594650453,0.367276361581751,0.3317432936081479,0.3060045312224069
0.3171813445613867,0.2994671764468022,0.3322186527510817,0.3463444764933818,0.3179884178358,0.3510578821716399,0.3581713003361544,0.3357924450186104,0.3110786792928228,0.3687089687949976,0.3738383689490925,0.3572486463260123,0.364388809816591,0.3497172522828874,0.3198489977357921,0.3338605487884478,0.2158846792470234,0.3307015537966804,0.2659063652439417,0.3508091297907168,0.3116760297469055,0.3466139151524864,0.3618134635711776,0.3281259849531961,0.3592656153820303,0.3483450786178571,0.3256041205718799,0.3336986592936494,0.3393778294163101,0.3574078546444253,0.3612855235205824,0.3811218222088273,0.3178221642831302,0.3356686462958901,0.2981533205922597,0.3217232070025136,0.3251630339188996,0.3700331181210356,0.3449306233888789,0.3537657346984798,0.3468079791383813,0.3540639312547904,0.3002559971124673,0.3581363456923038,0.3413637789231438,0.3373483877146588,0.3121802863214898,0.320124355891305,0.3566583227847802,0.3945242186527065,0.3562687711898863,0.3640802003046858,0.3536410456973122,0.3361765425032839,0.3179564158526713,0.2842152814855031,0.3551851527370408,0.3518987045680053,0.3248221616697032,0.3156613183863083,0.3326070357299562,0.2371998711672028,0.3258742278055713,0.3945828287423936,0.4079357698385211,0.3632670349977778,0.346094615471839,0.327494849072857,0.3009493217587001,0.3716917920037215,0.3436923656832384,0.3508577195528691,0.299278631831877,0.3569238917863794,0.3511966317388253,0.3629612938920014,0.3401506588552617,0.3572504139272065,0.3313670635013215,0.2863842061620417,0.3473616900485007,0.3539107926536983,0.3079207358883788,0.335034990325501,0.3150222205926185,0.293909945235893,0.3583210913122915,0.3288505258806408,0.3636917730976506,0.3496883288017678,0.3765672277055134,0.4096944495254307,0.2856417703784284,0.3472188891908236,0.3349105949355303,0.3747481591725843,0.3669577023288607,0.331101448848197,0.304560255506505
0.317318408844688,0.2955469652218508,0.3314858845464127,0.3484596275038896,0.3208539173762513,0.3502767270632572,0.3587410516380406,0.3453092213270574,0.3116426388641057,0.3670469776486127,0.374044710939087,0.3567798896007855,0.364043069083538,0.34934816282379,0.3189699787446723,0.3356032754433705,0.2289512432603749,0.3308360121987623,0.2693133761002692,0.3464954141043644,0.3091307126492383,0.3467712087619832,0.3611585841677115,0.3284578338423437,0.3595414024515386,0.34904143685279,0.3265301185800243,0.3347735686170012,0.3378129828138102,0.3589925378506737,0.3609934072873325,0.3810453567582249,0.3169081573671224,0.3360077964264039,0.2963629929238685,0.3206603263325595,0.3240758229892104,0.3696100524333848,0.3443763625956886,0.3537342574841646,0.346180128284283,0.3538765660275177,0.3004807974317453,0.3586606094663515,0.3406071928369374,0.336915372283223,0.310435015073217,0.3236348270448412,0.3565630649776806,0.3971077765755523,0.3514737598031613,0.3625913585221745,0.3527358039896253,0.3351546027588686,0.3169004034363144,0.2844853811254548,0.3545882218613685,0.3519449252201435,0.323817697242622,0.3198127307332812,0.3322312806159556,0.2442109489227037,0.3264344499078918,0.3951831184772446,0.4030278445119621,0.3684496355017869,0.3447694732959239,0.3234185488239472,0.3068168178419309,0.3766108081990303,0.3455494301570365,0.3498561909656555,0.2968761431577076,0.3572082177983915,0.3497384167441427,0.3631015330826041,0.3384958481119261,0.3572907663892945,0.3300457556979339,0.2784991295023387,0.3499201997952851,0.3538130236210385,0.3068454702365906,0.3366148484288958,0.3137966691760438,0.294937287793668,0.3576525854310335,0.3329813080638319,0.3628210350418755,0.3479444519214043,0.381511516437012,0.4106122842963223,0.2854325331766894,0.3494402162283911,0.3381546919007508,0.3749336255589047,0.3664282890256635,0.3304851038212652,0.3031961544427092
0.3174281382310005,0.2918258316704478,0.3309621924720541,0.3504106836532917,0.3234746171849997,0.3496071310937866,0.3593717331105936,0.3535544375595009,0.3125936025685863,0.365273704072752,0.3740079111418578,0.3563640252440029,0.3634714956331515,0.3490680871876224,0.3180040732565378,0.3370436884530197,0.2428390333213984,0.3310091803743387,0.2739166039224764,0.3427366413465145,0.306981440775283,0.3470422719782974,0.3605514527888834,0.3295358505458302,0.3597749815256444,0.349056262279457,0.3279253346242231,0.3354909168079519,0.336191457147972,0.3603241895949907,0.3608055194217585,0.3807071353897239,0.315749620329104,0.336354327310388,0.2944131867539771,0.3196459850935467,0.322935921719815,0.3692627632081978,0.3438059839985343,0.3537618726812799,0.3455606629528384,0.3537531955625332,0.3013403539050268,0.359187006721327,0.3398038311451485,0.3364202372633614,0.308623436370619,0.3269188051055601,0.3562630529750584,0.399379840642577,0.3468868087733746,0.3608117106562008,0.3519041121815307,0.3341350489463852,0.3159056621175877,0.2854923929008249,0.3540692718414921,0.3520217088992902,0.3228391245667119,0.3240159625795371,0.3317960741234216,0.2514333833426852,0.3268276202570968,0.3953440884130283,0.396465835572219,0.3724926847107029,0.3434057740808232,0.3190561867147171,0.312910313641944,0.3816422778496869,0.3471128189775249,0.3487927455539495,0.2945992052546215,0.3575107081163213,0.3484775319783074,0.3630689366272827,0.3366315651123604,0.3574628194974898,0.3287892626872181,0.2706414698228893,0.3521701277156366,0.3537938018092225,0.3057364202867522,0.3381728854002315,0.3125649053271674,0.2959298675486234,0.3565633517772429,0.3373119177195006,0.3622048886696071,0.3460859339342553,0.3849309159337315,0.410858258905104,0.286014318231541,0.3510883451054155,0.3409516085347832,0.3752080869139227,0.365639257872644,0.3298533649556261,0.3019040334679811
0.317511685952014,0.288446432316288,0.3306515074380397,0.3522368564560644,0.3258685501416615,0.3489993144984375,0.3600643860848579,0.360518724335585,0.3136519257318556,0.3634048935922542,0.3739170846141536,0.3560084225203024,0.3627250112174811,0.3488957129943749,0.316974932877938,0.338270371351252,0.2572127996979083,0.3312284718871953,0.2794350079747546,0.3396548791061462,0.305244978481597,0.347489808451023,0.3600108624606279,0.3313377944075336,0.3599294535871594,0.3483185645750307,0.3297693638910251,0.3359100368349638,0.3345082852672461,0.3614478491303798,0.3607275598910663,0.3800888742250193,0.3141942356927238,0.3366978628090027,0.2922930833350437,0.3186723886695945,0.3217284003235035,0.3690127241475885,0.3432050962877435,0.3538571913643376,0.3449577046875264,0.3537095762516281,0.3028877560961699,0.3597075024279774,0.338977422640127,0.33585515538005,0.3067933624438221,0.3299039960983154,0.3557714785123906,0.4012531445199077,0.3426738172144703,0.3587723601491999,0.3511735825271976,0.333116078590856,0.3149738171389383,0.2872667535913199,0.3535901376242237,0.3520898435484745,0.321891688813962,0.3281289718666842,0.331366457031774,0.2587034713056143,0.3270131802484153,0.3949993412841379,0.3883261174932898,0.375584878755451,0.3420116214939143,0.3144769777532749,0.3190074272847885,0.3867540299297968,0.3484025602027971,0.3476671047982875,0.2925425524411549,0.3578146147217121,0.3474486584824204,0.3628341705153252,0.3346236818078494,0.357732711787645,0.3276040075526564,0.2629477132617266,0.3541564859012582,0.3538467988832357,0.3045469931420165,0.3396376597640578,0.3113009087808561,0.2968175717879395,0.3551084085747303,0.3418509890971651,0.3617623302342365,0.3441555417982763,0.3867495442264268,0.4106318544482481,0.2874840095716498,0.3522643764671432,0.3433304712092131,0.3755520648145966,0.3645627384278915,0.3291713357741966,0.300668205382065
0.3175690531206824,0.2855424522699477,0.330530971415536,0.3539491171961413,0.3280757771857233,0.3483953883824745,0.3608101816640837,0.366285970620513,0.3145605548720239,0.361461559201946,0.3739653738667929,0.3557161769075448,0.3618635449239262,0.3488530533591678,0.3159073931613456,0.3393546864662741,0.2717134002360854,0.3315115631806958,0.285534845466102,0.3373074220329509,0.3039179187718954,0.3481786293482897,0.3595549339206846,0.3337921736369469,0.3599653193576143,0.3468100944853894,0.3319308947610357,0.336108847960601,0.3327606000372259,0.362391822917868,0.3607671600804076,0.3791966686976599,0.3120831801279104,0.3370260767005189,0.2900245189361325,0.3177295897710292,0.3204509728608694,0.3688641885192093,0.3425675460967688,0.3540244778092937,0.3443721841223168,0.3537530892785984,0.3051385820527456,0.3602185643360672,0.3381457550094722,0.3352176544117571,0.3050089437682073,0.3325550444534036,0.3551169069811051,0.4026455848736956,0.338958486907315,0.3565114397083566,0.3505601970923709,0.3320974304189836,0.314088858793947,0.2897868188919668,0.3531077115980376,0.3521095062876429,0.320973871890989,0.3320250200350517,0.3310100426782507,0.2658689668523371,0.326962719507375,0.3941053955519072,0.3788033729084307,0.3779146433446297,0.3405974802127499,0.3097460840900768,0.3249072115331359,0.3918753237121676,0.3494303255460575,0.3464740406868807,0.2907961292976816,0.3581093407696268,0.3466797217146254,0.3623812680930197,0.3325463866968201,0.3580589396599148,0.3264933245317203,0.2555099339281951,0.3559118855205347,0.3539600122231154,0.3032317473854109,0.340951715922916,0.3099754031053759,0.2975482257709641,0.3533428168266256,0.3466196968653833,0.3613858189968534,0.3421978623849413,0.3869332837460318,0.4101400827618995,0.2898969566799605,0.3530675604638896,0.3453284250505161,0.3759452200716526,0.3631959790902627,0.3284119556528724,0.2994611537584142
0.3175935299335599,0.2832422488746074,0.3305625873668036,0.3555405840821949,0.3301570567416252,0.3477349164240211,0.3615876121828855,0.3709994577163237,0.3151003311762647,0.3594663326927995,0.3743306669182416,0.3554716280126037,0.3609465798344718,0.348959924158478,0.3148281166208499,0.3403402613120476,0.2859903532839692,0.3318810423328263,0.291875588393059,0.3356897013474639,0.3029848937035487,0.3491744200932875,0.3591956736043503,0.3367860890112975,0.3598444124997902,0.344562433040004,0.3342384556009729,0.3361732448565329,0.3309530784936249,0.3631693645187682,0.3609335425823588,0.3780552367836014,0.3092698332388174,0.3373262603636139,0.2876649934597013,0.3168096723719406,0.3191120261734767,0.3688077206791127,0.3419002790779648,0.3542560873516781,0.3438070745288563,0.3538855966687571,0.308063124607845,0.360726883524084,0.3373227595678515,0.3345119701207346,0.3033495797311569,0.334872236759031,0.3543292252229704,0.4034876893812138,0.3358086598628036,0.3540733077705457,0.3500714911616835,0.331078260670648,0.3132255885863441,0.2929859796541198,0.352593864865344,0.352042523083762,0.3200782392679089,0.3356004673156804,0.3307910086902708,0.2728002532292317,0.3266507426321705,0.3926533498320892,0.3681973102204254,0.3796445728062038,0.3391755468696607,0.3049196162352418,0.3304453505848974,0.3969093408082407,0.3502024744598011,0.3452139866205775,0.289445419510733,0.3583931341051061,0.3461934040023628,0.3617063903593038,0.3304716022047145,0.3583992651710503,0.3254480801020112,0.248373015216005,0.3574560482610269,0.3541126748951282,0.3017465972817434,0.3420668363957264,0.3085602031732853,0.2980914855506092,0.3513184217974259,0.351637132039919,0.3609673527836,0.3402565289149613,0.3855394473267852,0.409586194539025,0.2932545318705882,0.3535977206205892,0.3469907407847581,0.3763706560822275,0.361565416695629,0.3275565433248401,0.2982465083859795
0.3175694328321554,0.2816658133570501,0.3307008867908131,0.3569923955980807,0.3321822501175445,0.3469697904650753,0.3623590798217584,0.3748294074610446,0.3151093485498812,0.3574393909350332,0.3751546659687853,0.3552092500435949,0.3600232309745738,0.3492287830980362,0.313762286958406,0.341243388572474,0.2997266584433988,0.3323589380113137,0.2981443129752557,0.3347371866329612,0.3024207425075463,0.3505409035007611,0.358938452979899,0.3401735923465258,0.35953803443423,0.3416484741651633,0.3365951344098126,0.3361893230451805,0.3291030682673895,0.3637895395028628,0.3612305971048445,0.3767018828239955,0.3056376637448444,0.3375894428801361,0.2853119722419991,0.3159038698339312,0.3177303366778757,0.3688290809652864,0.3412159070722553,0.354535778281533,0.3432702433810626,0.3541077125102893,0.3115932152231333,0.3612504684977382,0.3365221387700912,0.3337481907924536,0.3019049980647802,0.3368868259339107,0.3534321691559109,0.4037324406956992,0.333228034235721,0.3515142762125014,0.3497107860603049,0.3300568431046797,0.3123603896691865,0.2967695426101715,0.3520380773149007,0.351858069224371,0.3191929262877042,0.338785818953887,0.3307609704856827,0.2793955532663947,0.3260542232007117,0.3906664601191185,0.3568918100139265,0.3809040755370588,0.3377638578859318,0.3000390535007369,0.3355010179701744,0.4017371019939978,0.3507316982846172,0.3439041258854388,0.2885667102556202,0.3586774666347875,0.3460103773334246,0.3608192395866174,0.3284561012037936,0.3587083353058323,0.3244443998201444,0.2415474327442969,0.358797339008194,0.3542826213978937,0.3000555378111606,0.3429520926034384,0.3070344731988003,0.2984454282089461,0.3490788924285311,0.3569149665566688,0.3604176444325892,0.338369493546091,0.3827497485413043,0.4091537747522984,0.2975011675448821,0.3539511583136521,0.3483630573339571,0.3768198110767065,0.3597252210955078,0.3265994952530913,0.2969879805523847
0.317476108285857,0.2809034920977378,0.3308912638967119,0.3582716186175608,0.3342138480469316,0.346072552292666,0.3630748715427805,0.37794978700554,0.3144911760699899,0.3553962540231256,0.3765094601248672,0.3548316822518294,0.3591359020651656,0.3496633804348124,0.3127232475414026,0.3420581923311249,0.3126538451825715,0.3329525979442906,0.3040774072840232,0.3343262053172708,0.3021970580578813,0.3523269440195523,0.3587838392566337,0.3437870440991865,0.35903205412551,0.3381760639617093,0.3389608516201542,0.3362340158808466,0.3272378328966051,0.3642617455638757,0.3616535919260605,0.3751877803171919,0.3011128627700535,0.3378112888592292,0.2831066035738986,0.3149982510443181,0.3163344366506957,0.3689133418477746,0.3405267664001753,0.3548442161027367,0.3427616971737892,0.3544128310902388,0.3156297213606424,0.3618120581194333,0.335751039877211,0.3329421954205292,0.3007709210349763,0.3386529764025308,0.3524513054251592,0.4033575720348131,0.3311612160546502,0.3489002845638905,0.3494749350939859,0.3290328685372085,0.3114717386137534,0.301016654464219,0.3514376285338256,0.3515360011660003,0.3183015741638919,0.3415487052926994,0.3309570301202097,0.2855849060626759,0.3251654729929729,0.3881908586558895,0.3453186687483551,0.3817889913110687,0.3363875855277651,0.2951282987378678,0.340000244395322,0.4062140353149777,0.3510370965357131,0.3425699327127472,0.2882214663447455,0.3589778527671517,0.3461483272879896,0.3597442821615438,0.326537573152302,0.358932747348035,0.3234539374095302,0.2350235420026955,0.3599333673391733,0.3544526543034082,0.2981396872646534,0.3436058098464886,0.3053857737735603,0.2986406966324621,0.3466540589765127,0.3624541373410255,0.3596714550575597,0.3365634836592096,0.378825404543342,0.4089938352642585,0.3025291623945202,0.3542067448880161,0.3494773437815888,0.3772922507084411,0.3577472430505844,0.3255506445508406,0.2956535305516947
0.3172921883853947,0.2810000127662266,0.3310730992792152,0.3593330908368675,0.3362996040166521,0.3450347830410939,0.3636838162759297,0.3805190210786827,0.3132033713407784,0.3533477973651382,0.378373886727898,0.3542417253043597,0.3583249761953994,0.3502570851718722,0.3117081893199344,0.3427608526631315,0.3245657178774023,0.333649365042666,0.3094773006151761,0.3342869536308279,0.3022926721772285,0.354552014752219,0.3587272346864146,0.3474566016573554,0.3583269633617251,0.3342788022878565,0.3412680430171701,0.3363665800860564,0.3253867691913356,0.3645936238053684,0.3621918666736112,0.3735757148496042,0.2956737161786933,0.3379895651361348,0.2812282069401999,0.3140781118226072,0.3149568066158098,0.3690459460300186,0.3398480420863601,0.3551570772845093,0.3422668371776466,0.3547788621479445,0.3200457659514528,0.3624309574730561,0.3350025810749457,0.3321153718770185,0.3000463297678622,0.3402343105421042,0.3514196754339121,0.4023624918204094,0.3295052506512219,0.3462965609055067,0.3493517898088987,0.3280083897794798,0.3105367452971849,0.3055807751808312,0.3507977883794383,0.3510659944924591,0.3173855340457118,0.343887900500934,0.3314054368313061,0.2913340488841561,0.3239985466228908,0.38529589870926,0.3339106328903442,0.382359990796933,0.3350765804759529,0.290197436302759,0.3439178674326086,0.4101805577220938,0.3511330872143459,0.3412310100003389,0.2884532924586171,0.3592985767043113,0.3466170849583711,0.3585179192517432,0.3247388921934573,0.3590174562330421,0.3224521631442361,0.2287800906266293,0.3608539535935683,0.3546050632666736,0.2960033732047078,0.3440514997416446,0.3036092083756196,0.2987370678816869,0.3440604940389721,0.3682331357926728,0.3586935479804576,0.3348530438344402,0.3740579344512484,0.4092142824273253,0.3081849406630281,0.3544184742734526,0.3503510805297227,0.3777930377171254,0.355709611857727,0.3244294774873313,0.2942140227946647
0.3169938395549726,0.2819593760960815,0.3311930810699042,0.3601311442178497,0.3384737366904548,0.343864012191194,0.3641403351509768,0.3826641374789556,0.3112407436854484,0.3513026367393879,0.3806380540600481,0.3533290700741044,0.3576231204938687,0.3509892703759088,0.3107056831809815,0.3433158804720173,0.3353331916913806,0.3344314347080493,0.3142260859502426,0.3344276515639834,0.3026960581714918,0.3572007032759057,0.3587581360826578,0.351030128353123,0.3574364355998051,0.3300982454237853,0.3434511653326492,0.3366257593828889,0.3235776765968217,0.3647935538835227,0.3628298398166553,0.3719298850474953,0.2893566785133599,0.3381233878936737,0.2798782474709487,0.3131361126002184,0.3136271774844107,0.3692173415652423,0.3391996195485544,0.355442700688262,0.3417679238721753,0.3551731522818963,0.3246949091226077,0.3631188418687777,0.3342609089188887,0.3312913721696672,0.2998261333710361,0.3416895930879372,0.3503698853962912,0.4007689593033136,0.3281180419336838,0.3437611762167278,0.3493260090546444,0.3269860295116449,0.3095336186790672,0.3103113964940588,0.3501400958314198,0.3504457401809236,0.3164285439115289,0.3458258524395749,0.3321203619677454,0.2966423110669911,0.3225819117431236,0.3820768632224839,0.3230597066940313,0.3826451354839267,0.3338617657964194,0.2852495718659105,0.3472723554196422,0.4134884995482902,0.3510276692481632,0.3399050862750622,0.2892863501638039,0.3596301679408554,0.3474167835034201,0.3571849508957641,0.3230724085903699,0.358917978678343,0.3214168671581897,0.2227963977197732,0.36154764282236,0.3547149663473649,0.2936771741140435,0.3443236678665586,0.3017131424328081,0.298815022013545,0.3413095956048931,0.374197567541463,0.3574903098362829,0.3332445947429923,0.3687713707551898,0.4098669497535745,0.3142786986154636,0.3546216298203785,0.3510005104998241,0.3783331480286223,0.3536903237286414,0.3232585575816676,0.2926459832168139
0.3165510142290542,0.2837513606827945,0.3312153463680296,0.3606312360677924,0.3407562655984354,0.3425816248332797,0.3644046048730207,0.3844736696715144,0.3086276857077788,0.3492711591407009,0.3831158884340578,0.3519560736358544,0.3570530108291971,0.3518244337043472,0.309702431331036,0.3436837606782715,0.3449094924112041,0.3352858500879317,0.3182892755874715,0.3345552570871049,0.303400651977559,0.3602237038229142,0.3588608292486597,0.3543825105849655,0.3563863852646204,0.3257652015393011,0.3455454489542736,0.337029931843735,0.3218380540699728,0.3648753225186691,0.3635438885425013,0.3703094314619647,0.2822527863820853,0.3382158633689231,0.2792623641833717,0.312172576491864,0.3123707960074121,0.3694268150760412,0.338599336498967,0.3556681885735632,0.3412537641371906,0.3555643593355045,0.329425899466566,0.3638790500527272,0.3335119837439313,0.3304924083498607,0.30018751678001,0.3430652375293507,0.349325524100718,0.3986247318953422,0.3268285929976119,0.3413434442323541,0.3493859698902774,0.3259676325689652,0.3084461246328022,0.3150794185448096,0.3494972587561313,0.3496790996080305,0.3154174395625027,0.347401239862057,0.3330989358282182,0.3015331744186145,0.3209527464051734,0.3786424100359855,0.3130876610178854,0.3826503967977628,0.3327693734036526,0.2802847854425341,0.3501117042873603,0.4160178920490078,0.3507326400132334,0.3386191186859251,0.2907221053118575,0.3599559554086053,0.3485394382362553,0.3557962428661254,0.3215417802019544,0.3586034636352597,0.3203263427640196,0.2170745106116299,0.3620067391493339,0.3547566079716634,0.2912185592293465,0.3444628093500655,0.2997259930049192,0.2989669111058354,0.3384142162974892,0.3802610747458287,0.3561117800976655,0.3317371710499743,0.363319942927313,0.4109370859819852,0.3206008942561535,0.3548412154235038,0.3514450036004146,0.3789283898215362,0.3517603737612262,0.3220643066555925,0.290940236129971
0.315931114000288,0.286303939557505,0.3311204748861657,0.3608126591289149,0.3431497639365655,0.3412197729718169,0.364445464152743,0.3859996140671028,0.3054133746503282,0.3472687713500582,0.3855483582611251,0.3499957806783048,0.3566369490760528,0.3527163252122176,0.3086796860223251,0.3438235664679244,0.353317185166433,0.3361922218983406,0.3217022987349758,0.3344898698162001,0.3044060339233554,0.363538977848694,0.359014653867606,0.3574179402117209,0.3552129517489659,0.3213890477544732,0.3476687411245606,0.3375762131337812,0.3201942003964778,0.3648545891470643,0.3643012186515138,0.3687683685248117,0.2744921364699724,0.3382754901842961,0.2795753329928605,0.3111905359427289,0.3112071383252731,0.3696782886937952,0.3380562676267683,0.355807125461301,0.3407135071003477,0.3559233941626906,0.3340957622039009,0.3647071871374769,0.332744046725073,0.3297381493612907,0.3011781152148627,0.3443925764047502,0.3483033318616548,0.396000023082128,0.3254555415339288,0.3390814411487234,0.3495218939370643,0.3249548866076292,0.3072627121105141,0.3197783743611463,0.34889532392191,0.3487733302039066,0.3143382972562589,0.3486594305423063,0.3343231190020169,0.3060460116095422,0.3191590247964922,0.3750944854554118,0.3042238679262198,0.3823733598053962,0.3318147649104288,0.2753041423572979,0.3524990811557543,0.417674180300792,0.3502663224931371,0.3374019548754447,0.2927332368471264,0.3602504787272682,0.3499664700951624,0.3544038191697143,0.3201448854974087,0.3580537712443592,0.3191646484478142,0.2116609621846515,0.3622285347814734,0.3547135705385405,0.2887119027051046,0.3445169310875706,0.2976935430906964,0.2992877650126692,0.3353879129599397,0.3863076266270448,0.3546364538509334,0.3303177050866994,0.358037181413696,0.4123409473400187,0.3269397552403517,0.3550934507163026,0.3516968648725752,0.3795915838820363,0.3499709413337652,0.3208793891265127,0.2891084998157354
0.3151099726574035,0.2894983887718077,0.3309030371117076,0.3606684483553514,0.3456405443450601,0.3398184916779189,0.3642515502764559,0.3872652089335709,0.3016598345694217,0.3453168437612543,0.3876196980744141,0.3473666003053833,0.3563998710384702,0.3536130853667079,0.3076085789100466,0.3436925192403078,0.3606249136582268,0.3371150382588646,0.3245415584963477,0.3340823826115039,0.3057225817680254,0.3670356428439674,0.3591940463330752,0.3600748514379106,0.3539587943232264,0.3170505142446431,0.3499000273588732,0.3382409500485783,0.3186657944128553,0.3647423946513899,0.3650627538185717,0.367349077699303,0.2662251303971143,0.3383125973415818,0.2809844118806128,0.3101959674310639,0.3101432493371904,0.3699736517023479,0.337572102329836,0.3558391134463905,0.3401306167372305,0.3562167402555438,0.3385801964237594,0.3655919634305579,0.3319406833449549,0.3290436263154022,0.3028112808575201,0.345682453411254,0.3473181736955736,0.3929747045519605,0.3238244126901236,0.3370017334816328,0.3497221592232177,0.3239501131127661,0.3059736001463645,0.3243167976374291,0.3483461374554334,0.3477376847476421,0.3131761894582218,0.3496444940169221,0.335767542578679,0.3102328800075994,0.3172566520545556,0.3715220637011239,0.2965901820169502,0.3818164524835349,0.3310023371783999,0.2703210351107164,0.3545047579276136,0.4183871860560762,0.3496437862581473,0.3362679200284257,0.2952583019583971,0.360473314529414,0.3516618890780998,0.3530540565982123,0.3188801646899934,0.3572639811851923,0.3179277191980366,0.2066557409716641,0.3622162407979747,0.3545753531365163,0.2862707989456967,0.3445340370297876,0.2956736688977168,0.2998637611559738,0.3322435152349256,0.3921864706436347,0.3531531586291292,0.3289619371829093,0.3531905631640056,0.4139250894676649,0.3330941781129754,0.3553846115466247,0.3517589570878557,0.3803254189831636,0.3483429713177264,0.319736836141592,0.2871853686336987
0.3140793233915789,0.2931838008092634,0.3305754075316821,0.3602104340869323,0.3482040748494405,0.3384214191377838,0.3638399151920553,0.3882773019734868,0.2974293813000481,0.3434426864556761,0.3890032072817947,0.3440114164169069,0.3563564983873512,0.3544601524755725,0.3064560768374043,0.3432510748338927,0.3669287565049157,0.3380214338158153,0.3268930817113561,0.3332347017673474,0.3073633454843355,0.3705843758191074,0.359370484771487,0.3623299991228413,0.3526695972963832,0.3127917093579634,0.3522352187296659,0.3389828981716906,0.3172614324208773,0.3645479312063572,0.3657849106575283,0.3660688772558166,0.2576103884131197,0.3383338454316678,0.2836086247864541,0.3092010925335468,0.3091678557644992,0.3703127630239967,0.3371446430479378,0.3557466748052486,0.3394897553136584,0.356410120788048,0.3427846507593186,0.3665148723672213,0.3310830149149321,0.3284135402130819,0.3050639882454677,0.3469208593943745,0.3463818951625321,0.3896266382469179,0.3217734080373299,0.3351235307962016,0.3499775084667302,0.322956171472843,0.3045718886632689,0.3286306668284448,0.3478547151316723,0.3465845394408362,0.3119204609793788,0.3503961945115431,0.337402854311571,0.3141512845143903,0.3152987572962752,0.3680054648879344,0.2902004177809736,0.3809978957033956,0.3303301918044704,0.2653772612695901,0.3561995259486396,0.4181237253514664,0.3488721623358108,0.3352188686163657,0.2982033704270241,0.3605756192594585,0.3535707608174344,0.3517850196066828,0.3177552286284508,0.3562529811998308,0.3166227830370572,0.2022099083823603,0.3619804127233237,0.3543262238412046,0.2840380629092242,0.3445498633213738,0.2937405664643495,0.3007590096957571,0.3289986816095289,0.397713049407065,0.3517518516331226,0.3276452304903788,0.3489872748277047,0.4154632765175738,0.3388871773159635,0.3557132759094711,0.351638293063267,0.3811232757759771,0.3468694044918534,0.3186586929389602,0.285229600148414
0.3128450520599803,0.2971981046769659,0.3301704904963402,0.3594735294944069,0.3508090592361171,0.3370661624459229,0.363250548812442,0.3890396763346614,0.2927832093328186,0.3416799818644658,0.3894073581031783,0.339883009958536,0.3565048767236838,0.3552025412429032,0.3051962983352257,0.3424714860328498,0.3723414820042895,0.3388970451323289,0.3288315684074633,0.3319099314903382,0.3093250482361362,0.3740495909058692,0.3595147040108141,0.3641915147475245,0.3513908476598432,0.3086104986450638,0.3546473979133708,0.3397448233177271,0.3159780740005809,0.3642847319225492,0.3664195167699918,0.3649172303541322,0.2488092848235157,0.3383408843818523,0.2875007613120234,0.3082212339334622,0.308254866624177,0.3706960580648977,0.3367655692542275,0.3555190744964048,0.3387835823080327,0.3564806827087549,0.3466499128855837,0.3674486822607229,0.3301618141053872,0.327839549922881,0.3078752416319964,0.348075926458869,0.3455015475648197,0.3860270297086678,0.3191571884862031,0.3334590520197618,0.3502859166277703,0.3219753691781231,0.303056656125873,0.3327006235968246,0.3474220768389649,0.3453283779958779,0.3105668774825182,0.3509472919082739,0.339194724706891,0.3178483196226671,0.3133317557731037,0.3646116072713941,0.2849760671334495,0.3799543230204268,0.3297896707925481,0.2605528576511418,0.3576447029921998,0.4168960355363067,0.347958239589855,0.3342575635544458,0.3014517316716313,0.3605159867577218,0.3556256551690894,0.3506264268910869,0.3167936734941574,0.3550621380311716,0.3152631695111781,0.1985197759462795,0.3615380608554914,0.3539467297085512,0.2821737603712452,0.3445872274016293,0.2919894554887862,0.3020044265253886,0.3256837340980907,0.4026879744993657,0.3505157776900867,0.3263493350773019,0.3455888974140124,0.416663522403525,0.3441831683374782,0.3560749742069741,0.351353444654984,0.3819703098740694,0.3455241856662815,0.3176501442186322,0.2833238964560694
0.3114232604871113,0.3013785357799713,0.3297357360706932,0.3585099657880183,0.3534201170273903,0.3357754783396086,0.3625332387208707,0.3895605120988473,0.2877888242514957,0.3400675406822629,0.3885956484384675,0.3349846993987704,0.35683814367097,0.3557887536106649,0.3038133618607127,0.3413403842690901,0.3769811645164207,0.3397366096488721,0.330409856220742,0.3301288502185731,0.311580106134233,0.3772986943116833,0.3595974152063203,0.3656841547559143,0.3501621701990777,0.3044678949322693,0.3571110126191574,0.3404543751130816,0.3148010858276412,0.3639664099199731,0.3669180573753036,0.3638673690946406,0.2399813443206501,0.3383339979653549,0.2926381247070931,0.3072679671537253,0.3073715381839637,0.3711211234417034,0.3364161291569136,0.35515733817023,0.3380101233697568,0.3564189820057238,0.350146669006993,0.3683584954611189,0.3291828144573431,0.3273050100572209,0.3111505379445718,0.3491126522417715,0.3446833243332308,0.3822356213471291,0.3158614693146455,0.3320091255102905,0.3506487239361288,0.3210069070977188,0.3014340065172911,0.3365411220522758,0.3470375494563157,0.3439802962492585,0.309113836716828,0.3513181934683426,0.3411067986600928,0.3213493787054601,0.3114011657852644,0.3613823521066753,0.2807707302557448,0.378733350653387,0.3293596812512298,0.2559661275578208,0.3588841884903427,0.4147550461780873,0.3469143081832022,0.3333833171871718,0.3048751246691865,0.3602665341704735,0.3577515643626431,0.3495943019180971,0.3160349559577526,0.3537454612512212,0.313864678654164,0.1958179048366924,0.3609112721875367,0.3534269119882894,0.2808353970833723,0.3446637946530716,0.2905266927714746,0.3035937302130377,0.3223427212108679,0.4069205550690924,0.3495072453684854,0.3250568305621197,0.3430974025851233,0.4171949025365595,0.3488982201522034,0.3564658830508837,0.3509244202008651,0.3828376646442484,0.3442658104806657,0.3167022587578724,0.2815702304361902
0.3098412615911854,0.3055676410175407,0.3293229622711816,0.3573786616527278,0.3560013893415885,0.3345590979058117,0.3617412152714174,0.3898539018432991,0.2825255433847227,0.3386426450405734,0.3864010121141957,0.3293969059146754,0.3573503951731023,0.3561763149721043,0.3022941522451422,0.3398584618293657,0.3809550442676845,0.3405344143752294,0.3316509447017892,0.3279621367895347,0.3140852888055708,0.380212508881393,0.3595924268498883,0.3668391719608551,0.3490100394598202,0.3003022110362637,0.3595560588077958,0.3410313553674433,0.3137030206606688,0.3635977673992334,0.3672408448551544,0.3628838515079665,0.2312806708860253,0.3383148853433045,0.298919570292737,0.3063483813921189,0.3064807461574125,0.371576914274142,0.3360686370911817,0.3546697571034873,0.3371722241339142,0.3562200004556805,0.3532690928553046,0.3692081465973021,0.3281587813247475,0.3267886134174743,0.3147724425465101,0.3500007849981392,0.3439371415195179,0.3782912854763754,0.3118208453344507,0.3307669827898511,0.3510653910537457,0.3200450337524791,0.2997179636144605,0.3401732953219845,0.3466775248835125,0.3425443045681769,0.3075616250764503,0.3515163072462346,0.3431050314584611,0.3246633319549264,0.3095510763205878,0.3583346916410685,0.2773976340243727,0.3773865307164199,0.3290078645234279,0.2517711537141052,0.359944836017355,0.411785307389173,0.345754901155308,0.3325748674899944,0.3083415676009266,0.3598089316095372,0.3598645734730752,0.3486826854073296,0.3155274935203212,0.3523634530229821,0.3124453773233065,0.1943551236118783,0.3601286540010474,0.3527699830175465,0.280167000227645,0.3447914620683908,0.2894551771046967,0.3054888763977667,0.3190288497451944,0.4102396743303091,0.3487555144088607,0.3237476497253692,0.3415479152293929,0.4167214921034508,0.3529940160250153,0.3568837653944562,0.3503650178224312,0.3836800865770272,0.3430379837140775,0.3157968650989737,0.2800847925016375
0.308140114131766,0.3096255519276659,0.3289810581187355,0.356141772579328,0.3585185864251229,0.3334191622826888,0.3609313505416153,0.3899424662075773,0.2770850842065397,0.3374303896618218,0.3827547874816762,0.3232411400252716,0.358022210938385,0.3563378076320646,0.3006231301422438,0.3380487296097378,0.3843460455920694,0.3412950212608542,0.3325416416649128,0.3255239654784905,0.3167869509057875,0.3826995054351068,0.3594840974887301,0.3676905943156583,0.3479448942254398,0.2960394486353435,0.3618619415735153,0.3413988877239695,0.3126441282877822,0.3631777065610881,0.3673622820177181,0.3619188785538502,0.2228604798162491,0.3382844853896092,0.3061662325112533,0.3054676510482474,0.3055386221477288,0.3720437476473607,0.3356935865810038,0.3540633599857938,0.3362832846929601,0.3558811600163033,0.3560365614393946,0.3699678949585164,0.3271014110634639,0.3262599929794302,0.3186086878736727,0.3507142891720868,0.3432757478193617,0.3742077601096833,0.3070260507241446,0.3297311650417187,0.351535215353321,0.3190817712654825,0.2979342990563697,0.3436170310987936,0.3463175299755744,0.3410198335666253,0.3059189323838007,0.3515448197509528,0.3451552238228383,0.3277941131824715,0.307812966741496,0.3554716611035161,0.2746588559990431,0.3759692385069511,0.3287004461276309,0.2481566028636398,0.3608414929099482,0.4081118484207385,0.344494191111378,0.3317920303021617,0.3117238234310898,0.3591370403192187,0.3618726608623496,0.34786438949854,0.3153225235531595,0.3509799999878617,0.3110260912400125,0.1943725889339453,0.3592248920923578,0.3519815940233108,0.2802979178355861,0.3449679272225671,0.2888732235285838,0.3076306501771748,0.3158015511756393,0.4124996466450112,0.3482560259099124,0.3224089660065864,0.3409339025260786,0.4149288146920984,0.3564652755884723,0.3573257754289086,0.349690814354326,0.384446259498875,0.341778656520481,0.3149081500253526,0.2789958295626962
0.3063725550752944,0.3134423144951874,0.3287515599044784,0.3548670286772312,0.3609381887023642,0.3323450563708278,0.3601587538700991,0.3898613544505658,0.2715716153639869,0.3364371778111321,0.3777028800645527,0.3166538810164546,0.3588113387147887,0.3562650830220085,0.2987874088100549,0.3359697039295983,0.3872103578272642,0.3420372859497118,0.3330343914712602,0.3229627088612422,0.3196129638165723,0.3847056668047387,0.35927184577011,0.3682702673764556,0.3469644939597355,0.2916031305725643,0.3639183200182539,0.3414863011825142,0.3115765128063608,0.3627106940104719,0.3672679156480973,0.3609140571788847,0.2148881813628406,0.3382398545375442,0.3141298806143172,0.3046248503754514,0.3044972062684812,0.3724958547617198,0.3352659323712534,0.3533444173377355,0.3353652467749743,0.3554100992455014,0.3584924394677663,0.3706171094168261,0.3260231086697339,0.3256772388772097,0.3225174866519423,0.3512347129072137,0.3427110027800328,0.3699822382975136,0.301525643302854,0.3289093195240193,0.3520580365542582,0.3181116275744441,0.2961262888100127,0.3468976460009767,0.3459423874318903,0.3394047015679868,0.3042086538450484,0.3514115399822417,0.3472191435856739,0.3307423389494582,0.306201477891989,0.3527865565321189,0.272370987966851,0.3745376187910124,0.3284073844599154,0.2453386750657899,0.3615804255771949,0.4039022275204619,0.3431478399704326,0.3309961283423011,0.3149134023381577,0.3582669540717674,0.3636850834865187,0.3471017855865062,0.3154722230734885,0.3496536784534254,0.3096280455333622,0.1960706904319925,0.358233792713999,0.3510639807553676,0.2813323904823385,0.345175660021706,0.2888772924051949,0.3099478572414153,0.3127257167547541,0.4135965039363087,0.3479760163550507,0.3210438990030451,0.3412252910960671,0.411550075737902,0.3593346687642838,0.3577861778945739,0.3489254540340917,0.3850899897318298,0.3404351210973459,0.3140017562670562,0.2784370989721236
0.3045967254495536,0.3169416554935857,0.3286647910591207,0.353624006382795,0.363228563926154,0.3313052491673116,0.3594641362081208,0.3896551398892772,0.266102022463719,0.3356534104912231,0.3713832305852728,0.3098161225405357,0.359666845888241,0.355968818329977,0.2967859050964426,0.3337179397050949,0.3895846974311775,0.3427738658470397,0.3330595476803643,0.3204455979969461,0.322468889213105,0.3862131170111593,0.3589668547330448,0.3686021285147415,0.3460564720390695,0.2869321469150393,0.3656558253160613,0.3412239737131507,0.3104496232578408,0.3622093128597608,0.3669511982067446,0.3598155297191725,0.2075611929682609,0.338175923632928,0.3225105659344626,0.3038053240055618,0.3033130449799488,0.3729002155805734,0.3347667431005047,0.3525249001513193,0.3344375059642141,0.3548255179675179,0.3606888270739039,0.37114238986013,0.3249415235944247,0.3249963805291236,0.3263605012630678,0.3515605162066351,0.342251827627998,0.3656067756356002,0.2954339563515048,0.3283080042306693,0.3526273996217307,0.3171303851411743,0.2943600275399369,0.3500362438492288,0.3455450420795787,0.3376937400029194,0.302468314704099,0.3511283707654635,0.3492593192564908,0.3335003057491121,0.3047248483583997,0.350260761927771,0.2703800603693522,0.3731359817689747,0.3280987467512951,0.2435416390549046,0.3621617693225542,0.3993532330129135,0.3417304836384829,0.3301579670235677,0.3178350033953645,0.3572383043056374,0.3652242078457091,0.3463546878205126,0.3160241692806957,0.3484276803451608,0.3082672637469312,0.1995828316045968,0.3571831565945891,0.3500247674638173,0.2833268068471627,0.3453895248157846,0.2895479643936128,0.3123658482651311,0.3098687724281607,0.4134877542976388,0.3478597469831597,0.3196641939968482,0.3423562111673817,0.4064026911732268,0.3616511403914574,0.358258299039692,0.3480914593077834,0.3855688975419699,0.3389720352193527,0.3130353210826601,0.278531898955539
0.3028682467056714,0.3200804180260512,0.3287363033167545,0.3524731054792893,0.3653639501463975,0.3302555596788792,0.3588661327534539,0.3893664093198151,0.2608016791659699,0.3350583472369985,0.3639901603634057,0.3029633813442687,0.3605426619797554,0.3554743556894686,0.294632337933095,0.3314193668508787,0.3914950139300387,0.3434983192748022,0.3325437516798017,0.3181403302562662,0.3252518441238469,0.3872342221471086,0.358589166904967,0.3687037616227234,0.3451957538990942,0.2820014021604146,0.3670125678751692,0.3405454815227395,0.3092148038025237,0.3616869318940281,0.3664168665163571,0.3585858724317394,0.2011105666404408,0.3380902517521019,0.3309767437727539,0.3029815733766685,0.3019533080750327,0.3732170089970225,0.334182112850327,0.3516210052098725,0.3335148509140923,0.3541468270343862,0.3626703516335078,0.3715369077192111,0.3238773384986839,0.324181975215232,0.3300226409223487,0.3517100589297655,0.3419036886042,0.3610708893178362,0.2889393026500322,0.3279266449752681,0.3532267209537177,0.3161285652630591,0.2927268193299654,0.3530282604433016,0.3451234333900647,0.3358782067855386,0.3007512686469419,0.3507074099403977,0.3512455823396623,0.3360549799454465,0.3033929788786128,0.3478698166053076,0.26856692793406,0.3717877154695235,0.3277454227299283,0.2429712492102629,0.3625833349403524,0.3946781096469937,0.3402490235666044,0.3292480902499319,0.3204518619829843,0.3561035601713256,0.366431662983285,0.3455799572775003,0.3170073390432056,0.3473278551873007,0.3069502299020172,0.2049570341231635,0.3560998626237985,0.3488851727213858,0.2862781999528512,0.3455802791294719,0.2909289667004748,0.3148205984104538,0.3072961798540501,0.4121975108076899,0.3478366182092074,0.3182794541031793,0.3442230149886542,0.3994224014795146,0.3634790001215348,0.3587380654256064,0.347200314471321,0.3858403589791128,0.3373708634598284,0.3119643482036223,0.2793776098312249
0.3012308094212902,0.3228479755871766,0.328963253208922,0.3514591372760992,0.3673243930600538,0.3291579177330144,0.3583647567700639,0.3890270416354987,0.255792214913151,0.3346176286763639,0.3557560987373323,0.2963341814799975,0.3613900545946506,0.3548185614064776,0.2923533069487477,0.3292242532709831,0.392961498236817,0.3441994333456601,0.331430067239684,0.3161975377077793,0.3278684204738096,0.3878096554618082,0.3581720902949376,0.3685944611569843,0.3443443004908869,0.2768318998302638,0.3679111530906204,0.3394010052140643,0.307829345911719,0.3611555071060134,0.3656848091246903,0.3572021976160539,0.1957919245584158,0.3379844835235266,0.3391832434391745,0.302121243066233,0.3003965136366068,0.3734081719569099,0.3335039421815358,0.3506446535428025,0.3326162880323892,0.3533880685169439,0.3644731821788841,0.3718026695478039,0.3228481105536455,0.3232042895253382,0.3334222867311727,0.3517143187723782,0.3416684041557941,0.3563632680366399,0.2822990506634497,0.3277617764087061,0.3538351489866746,0.3150901238343158,0.2913389491996574,0.3558417675234948,0.3446824076169243,0.3339496283398701,0.2991311852199376,0.3501637004529145,0.3531510469840957,0.338398720702359,0.3022114409344982,0.3455948921045711,0.2668498805474888,0.3705003006609549,0.3273289842450723,0.2437919763494391,0.3628434719136141,0.3901045148759488,0.3387033329171717,0.3282366479729342,0.3227616157613048,0.3549183634312845,0.3672693307212132,0.3447326448747686,0.3184212210719566,0.3463637376065509,0.3056750280999895,0.2121437508294253,0.3550148384040293,0.3476744010691842,0.2901341201229808,0.3457120197549362,0.2930246093990442,0.317276667619768,0.3050684021783716,0.4098076595128242,0.3478341305328623,0.3168996899420709,0.3467162814241118,0.3906758136221289,0.3648803180028182,0.3592218629345168,0.3462557006734219,0.3858692789141318,0.3356313124232291,0.3107539468386097,0.2810399558059934
0.2997082293254122,0.3252610135345601,0.3293221036105855,0.3506149799722207,0.3690910944617204,0.32798527469736,0.3579480606489964,0.3886589969227866,0.2511732001644953,0.3342785688013446,0.3469341445509683,0.2901359382523968,0.3621510569309248,0.3540487803016712,0.2899916313385244,0.3273079837785714,0.3940017517720783,0.3448687343727232,0.3296950558714487,0.3147372926069125,0.3302404078041719,0.388005710372158,0.3577640014252014,0.3682999385700642,0.3434602478598733,0.2714894709186923,0.3682822338817048,0.3377665020622048,0.3062605429325583,0.3606316976060502,0.364785469455191,0.3556541141643456,0.1918738641118176,0.3378624221237448,0.3467921998893454,0.3011899949256976,0.2986342997087483,0.3734462343866209,0.3327346647057419,0.3496026225215967,0.3317643017479266,0.3525626508381455,0.3661295484161259,0.3719512690862134,0.3218652776621837,0.3220323854709529,0.3365068914029703,0.3516099568062077,0.3415436048304086,0.3514854693749033,0.2758248540573102,0.3278051425745307,0.3544308161264045,0.3139988510041487,0.2903189277703982,0.358435393593487,0.3442345107270419,0.3319019780177016,0.2977023184570284,0.3495210961504998,0.3549455396487598,0.3405346286249952,0.301174907663125,0.343423696256627,0.2651845747416614,0.3692724292127619,0.3268464819445417,0.2461118520525357,0.3629416246851957,0.3858681080030056,0.3370934890818807,0.3271094077621669,0.3247903203565181,0.3537372690099428,0.367719520490833,0.3437749321968839,0.3202393884910333,0.345523732047269,0.3044347720913466,0.2209897985202717,0.353955194354031,0.3464192418941649,0.2948016641515595,0.3457435294330575,0.2958104379150124,0.3197376500041625,0.3032371055664321,0.4064495454020029,0.3477878446630636,0.3155413234464898,0.3497482623480057,0.3803549786573898,0.3659048447743347,0.3597007450829536,0.3452585322909617,0.385639678859109,0.3337762188138548,0.3093902583738221,0.2835492251215901
0.2983034450376584,0.3273532242942302,0.3297722665324002,0.3499664193332925,0.370647930082761,0.3267129589509315,0.3575946520103363,0.3882779565017558,0.2470042969553047,0.3339769279525488,0.3377596236305051,0.2845692130741534,0.3627738172196977,0.3532191870582936,0.2876167029622029,0.3258629193032882,0.3946359590475807,0.3454808698226377,0.3273561584564833,0.313842482709547,0.3323048636395941,0.3879029499894918,0.3574161173511604,0.3678507517527371,0.3425092464208485,0.2660832732751751,0.368087904040882,0.335640180352591,0.304488873371983,0.3601393973702886,0.3637502538902296,0.3539516286542931,0.1896259005496846,0.3377299446406433,0.3534997474532541,0.3001485195026931,0.2966781891558448,0.3733136634082413,0.3318915462632649,0.3485052722768476,0.3309712714673476,0.3516868827406998,0.3676617172943185,0.3719999947983652,0.3209338309933739,0.3206409443405721,0.3392493776570578,0.3514376054805339,0.3415198432394374,0.3464685308988194,0.2698682821086058,0.3280327215184044,0.3549844529751834,0.3128414190327202,0.2897888931374239,0.3607668785750658,0.343795852504883,0.3297295161832114,0.2965725428297236,0.3488114074942846,0.3566020772080697,0.3424733314634947,0.3002729178863885,0.3413424736035548,0.2635567479331451,0.368091782888042,0.3263027127132887,0.2499709092696349,0.3628797801209628,0.3821921742804423,0.3354190333140244,0.3258742521170464,0.3265866536289114,0.3526071776242296,0.3677861084712834,0.3426851451725756,0.3224180634515781,0.3447727435611735,0.3032168525156192,0.2312430749270844,0.3529346839790973,0.3451419040829111,0.3001420572888494,0.3456342889054083,0.2992317597265931,0.3222436121511318,0.3018378069195433,0.4022977912058293,0.3476439652875983,0.3142202784315282,0.3532503633409067,0.3687680895271891,0.3665912877887673,0.3601614491771779,0.3442024327654673,0.3851546060418259,0.3318496226037891,0.307883112641878,0.2868904295712962
0.2970020846523724,0.3291674416557963,0.3302649884985555,0.3495302558679181,0.371992107970401,0.325320069502532,0.3572752029252982,0.3878919948720655,0.2432946423697636,0.3336531418787651,0.3284134608197347,0.2798324427731419,0.3632285905904024,0.3523828238313299,0.2853305176770763,0.3250766010817225,0.3948933016782652,0.345983874064861,0.3244699990042268,0.3135571269873083,0.3340210343933379,0.3875815836233694,0.3571655494318088,0.3672813267405044,0.3414672258794667,0.2607667352851255,0.3673201745245367,0.3330377595791187,0.3025105577571224,0.3597045283368625,0.3626072014214557,0.3521296773571886,0.1892947733237815,0.3375969400484432,0.359059129107503,0.2989546491396718,0.294566330468493,0.3729992267552269,0.3310040804760494,0.3473700561682099,0.3302346027661039,0.3507756138325562,0.369074485137677,0.3719658712167427,0.3200508044161487,0.3190237390665006,0.3416526385179165,0.3512377093292461,0.3415762388184347,0.3413727357522596,0.2648010015287194,0.3284038490945115,0.3554574702566689,0.3116026195053159,0.2898632360992292,0.3627883306577902,0.3433817015805599,0.3274285281910817,0.2958559871100089,0.3480676962673767,0.3581089894461674,0.3442301464267508,0.2994976188235794,0.3393341937102407,0.2619712863911603,0.3669351005867916,0.3257035312079491,0.2553311774189367,0.3626654163664106,0.3792674482085897,0.3336695845073906,0.3245493397966777,0.3282102735611968,0.351558824756089,0.3674967157694546,0.341459554527867,0.3248951067722661,0.3440632177816296,0.3019995512235101,0.2425715913635334,0.3519604079565406,0.3438630964316951,0.3059720836904532,0.3453467384899042,0.3031927668246915,0.3248627283988082,0.300883621966669,0.3975555640774302,0.3473619798815524,0.3129410783531937,0.3571696871768814,0.3563223358801115,0.3669708874667888,0.3605942913957284,0.3430705667801775,0.3844290131355353,0.3299057980140975,0.3062600179402894,0.2909978465539057
0.295771724459646,0.3307510471975608,0.3307484491834279,0.3493101625069004,0.3731401565012833,0.3238030968392528,0.3569578781898557,0.3874976168990621,0.2400008488169807,0.3332602342062175,0.31901582979186,0.2760713774132487,0.3635011963368871,0.3515846078418619,0.2832622803863771,0.3251097402523485,0.3948146318931489,0.3463235117723694,0.3211317716800739,0.3138841072500749,0.3353784432845471,0.3871140266555834,0.3570312873711454,0.3666325215250055,0.3403179403091239,0.2557301747202397,0.3660003757066109,0.3299956033264795,0.3003416527294945,0.3593504154799634,0.3613826394085261,0.3502376245845555,0.1910653962137201,0.337476267838251,0.3632916268024843,0.2975725675703149,0.2923642438258874,0.3725019735905315,0.330105991860489,0.3462140749789883,0.3295460860305728,0.349838599962862,0.370362157231874,0.3718619281263557,0.319203891479045,0.3171931419767987,0.3437477994459529,0.3510414610909141,0.341681052426832,0.336273065355716,0.2609785419823057,0.3288727280306284,0.3558128034448187,0.3102641578693608,0.2906375636718079,0.3644511097317478,0.3430030678349866,0.3250056276954417,0.2956670442128566,0.3473201970390202,0.3594686139248413,0.3458261975766712,0.2988406859748469,0.3373823762160574,0.2604471264386437,0.3657811049402612,0.3250604710637887,0.2620728856051154,0.3623118736937399,0.3772404610428145,0.3318234348900534,0.3231558349151819,0.3297132237231701,0.3506053076661925,0.3669035636328203,0.3401108916789831,0.3275869641457251,0.3433490097687959,0.300753862349873,0.254592329235453,0.3510461164752169,0.3426015911901474,0.3120889248377295,0.3448460609855394,0.3075617584877446,0.3276829358637718,0.3003657684826237,0.3924309032402512,0.3469221184136357,0.3116986739866748,0.3614810475241951,0.3434864513451058,0.3670679335490273,0.3609954409236264,0.3418447553861236,0.383488261108245,0.3279992029667405,0.30456095628408,0.2957648607093619
0.29455762072635,0.3321482903793423,0.3311665923255171,0.3492981061094907,0.3741206919556886,0.3221790723600046,0.3566159639545334,0.3870797709390664,0.2370298869767678,0.3327593278614189,0.3096359065737494,0.2733528298571946,0.3635816043297318,0.3508587360194724,0.2815598749485076,0.3260826072221267,0.3944494512526679,0.3464661311696445,0.3174785847784191,0.3147839179823224,0.3363938179831454,0.3865626578458452,0.3570206125827402,0.3659519436946653,0.3390553230282859,0.2511790440331545,0.3641853908446803,0.3265742748228991,0.2980239274658606,0.3590972491969482,0.3601008161193129,0.3483254035915065,0.1950231514868267,0.3373796689318076,0.366090851173769,0.2959797825419915,0.2901610622262758,0.3718369593752879,0.3292307582517536,0.345048727418465,0.3288955061240749,0.3488827844924774,0.3715202323351971,0.3716966054887692,0.3183732753662252,0.3151697706600981,0.3455787101957567,0.3508657063091852,0.3417993416974134,0.3312510999450985,0.2586973796769257,0.3293906888015314,0.3560235536070962,0.308813130792125,0.2921709285716913,0.3657232810872264,0.3426617256838608,0.3224812603086791,0.2961087085599059,0.3465967514475458,0.3606865425751191,0.3472880554667409,0.2982879649604751,0.335468328799795,0.2590187290465567,0.3646215890262207,0.3243955466413869,0.2700021974018757,0.3618359901289639,0.3761975266746067,0.3298587704394264,0.3217253411373877,0.3311240290005947,0.3497466402352298,0.3660774131102854,0.3386684092541061,0.3304003400531898,0.3425862278212492,0.2994504405436624,0.266901824290122,0.3502098869077569,0.3413713829150039,0.3182973433744134,0.3441063452776831,0.3121927653545043,0.3307988067765478,0.3002573376677002,0.387116307559954,0.3463296964210919,0.3104859473836618,0.3661856666938633,0.3307400861567884,0.3669009765883235,0.3613606299614832,0.340517588360654,0.3823680421857842,0.3261796278153681,0.3028390854930471,0.3010584129778803
0.2932864102083961,0.3333917573408834,0.3314626100746918,0.3494806038551762,0.3749662050845533,0.3204742304260796,0.3562334448347465,0.3866176024580133,0.2342454986019296,0.3321195566931505,0.3002954269044801,0.2716969875561502,0.363470237511666,0.3502267866511881,0.2803865435310044,0.3280639533670587,0.393851649612821,0.3463930101722237,0.3136851261660993,0.3161830534562049,0.3371002839158037,0.3859745457370893,0.3571282634623491,0.3652876915473917,0.3376885417490073,0.2473074100350528,0.3619610384681107,0.3228556953397707,0.2956281388684698,0.3589604782877452,0.3587796318271056,0.3464402815932111,0.2011347612433986,0.3373159299677634,0.3674284701704337,0.2941690338402966,0.2880669834366269,0.3710311221996922,0.3284130554511703,0.3438852857050813,0.3282631293974674,0.3479142490460522,0.3725441682581712,0.371473525118624,0.3175348979130948,0.312984970917687,0.3471884224811771,0.3507157047750836,0.3418992721046676,0.3263970676062588,0.2581662886348582,0.329897032488386,0.3560694733461573,0.307248482109126,0.2944726075356434,0.3665985072378626,0.3423476007991529,0.3198830510870607,0.2972560615659766,0.3459230204826222,0.361770796287663,0.3486436345253373,0.2978249440633955,0.3335637382149555,0.2577364455939661,0.3634568410603371,0.3237341927650409,0.2788693156576795,0.3612577472675653,0.3761406004988487,0.3277618037220167,0.3203016444745988,0.3324423505140784,0.3489705959431837,0.3650940987256466,0.3371760411317785,0.3332520174660517,0.3417293062300788,0.298062467508078,0.2791061114861913,0.3494623355311278,0.3401814826387876,0.3244164627239461,0.3431201781141114,0.3169388770504029,0.3342905254691878,0.3005136149976551,0.3817776447870415,0.3456093790673944,0.3092913642415002,0.37128345083139,0.3185304257059268,0.3664876898244476,0.3616830109443666,0.3390973573397154,0.3811067577367316,0.3244864675604755,0.3011601736915731,0.3067238500366626
0.2918798770227378,0.3345014553690232,0.3315917816783941,0.3498432854514192,0.3757161463590048,0.3187191568952657,0.3558070050510985,0.3860930584054461,0.23148212767033,0.3313283558855349,0.2909787987710272,0.2710927871430013,0.3631871088915769,0.3496939370277261,0.279915125146952,0.331059894007064,0.3930778831629031,0.3460948626829729,0.3099465375654384,0.3179910654150101,0.3375409412561915,0.3853759929520014,0.3573261547078021,0.3646785077380782,0.3362404977222547,0.2442786927661398,0.3594278408265264,0.3189390186833735,0.293250300932636,0.3589471192405156,0.3574289874070786,0.3446276456939081,0.2092445809597228,0.3372918379975668,0.3673560553134982,0.2921516189316562,0.2862128286345435,0.3701140150457899,0.327687440197057,0.3427411791304667,0.3276198836797155,0.3469368150834777,0.3734242049282906,0.3711885961727427,0.3166617932893411,0.310695633562088,0.3486184053274896,0.350588625537114,0.3419507683654862,0.3218046944153967,0.2594938976654492,0.3303233317080298,0.3559352335694016,0.3055775379970836,0.2975028646482965,0.3670907516778159,0.3420430289093494,0.3172413839951118,0.2991464859744632,0.3453207671529928,0.36273936741069,0.3499183834152903,0.2974460684579303,0.3316296056059543,0.2566644815608112,0.3622897876799277,0.3230940487732824,0.2883906290995086,0.3606017294589387,0.3769731899045621,0.3255231394398226,0.3189255151349029,0.333639619326284,0.3482499445152856,0.3640235493149671,0.3356849975940568,0.3360754350885289,0.3407399824528772,0.2965625019757077,0.2908512579322742,0.3488089982259085,0.3390371410046904,0.3302798729220966,0.3418998953163563,0.3216530434437392,0.3382036520071662,0.3010709502754997,0.3765472057386004,0.3447955286243759,0.3080929713490565,0.37674416705164,0.3072422581571527,0.3658506629804945,0.3619601469009676,0.3376120889335982,0.379738392065777,0.3229412893103328,0.2995929135709408,0.3125883730204195
0.2902663118085716,0.3354891904135835,0.3315301467035211,0.3503706250141982,0.3764223369244266,0.316954893737701,0.3553446810051346,0.3854981067984741,0.2285680514211055,0.3303941689560135,0.281665306753098,0.2714685777317075,0.362762718808438,0.3492475542321208,0.2803090894109359,0.3350107135858511,0.3921856156942835,0.345586837552797,0.306462430863108,0.3201121865802041,0.3377674350600557,0.3847754025384191,0.3575608245522398,0.3641453199556774,0.3347416211877853,0.242212600792735,0.3566956984685296,0.3149381851638299,0.2910037445135923,0.3590547531648332,0.3560540137382441,0.3429240609152043,0.2190765865877787,0.3373111951556115,0.3659939668400087,0.2899629957355304,0.2847457684846828,0.3691156223371281,0.3270792575394976,0.3416357038891499,0.3269392593602532,0.3459521292670552,0.3741540186963636,0.3708252577855773,0.3157245661798378,0.3083869224156683,0.3499071192313524,0.3504739391758411,0.3419235823885095,0.3175537607014321,0.2626775734968362,0.3306155448909257,0.3556197001788465,0.3038145767762498,0.3011792669399499,0.3672298969306463,0.3417276027046823,0.3145955110868637,0.3017791471320545,0.3448065434200674,0.363617491651953,0.35113444917917,0.297153782171808,0.3296194004631891,0.2558824911757998,0.3611341599888122,0.3224825920668238,0.2982703620619075,0.3598954235821514,0.3785039065341501,0.3231335598705718,0.3176209994901967,0.3346581574867288,0.3475453765052542,0.3629285299945971,0.3342447577293319,0.338814359627151,0.3396026050605251,0.294923645983944,0.3018501655090187,0.3482628226014631,0.3379401781320758,0.3357498837865064,0.3404716871435482,0.3261964521331207,0.3425383511775065,0.3018512025727541,0.3715176519440676,0.3439274052433747,0.3068624751768505,0.3824869531304233,0.2971739591126975,0.3650206058215458,0.3621977071307232,0.3361185320331347,0.3782954661962899,0.3215459618961697,0.2981946998355054,0.3184776163525462
0.2883837147913673,0.3363593396523662,0.3312697718886739,0.3510431446997354,0.3771425041876745,0.3152305107713797,0.3548622862020225,0.3848370197662629,0.2253513932923122,0.3293330469447346,0.2723642150931419,0.2726903258948317,0.3622237261131898,0.3488616036507577,0.2816970973835699,0.3397988281279787,0.3912275466032589,0.3449144240002199,0.3034322560859754,0.3224456038002564,0.337835272559507,0.3841710436359848,0.3577666713680454,0.3636868152175486,0.3332275237669285,0.241170023933434,0.353877379243653,0.3109753910127528,0.2890145843243695,0.3592736469253619,0.3546575952674785,0.3413471995857484,0.2302477090096267,0.33737197486401,0.3635122632824888,0.2876643463487864,0.283816656276169,0.3680685394335216,0.326595956655183,0.340581096823931,0.3262018972510074,0.3449618003519663,0.3747427080458085,0.370353130062711,0.3146939283739899,0.3061576011317095,0.3510782594598751,0.3503558323929436,0.3417931610473439,0.3136972566413514,0.2675918235818051,0.330746564091144,0.3551412902429437,0.3019913476361673,0.3053780251029526,0.3670627895535949,0.3413772516771908,0.3119982875665961,0.3051129280963891,0.3443921183988191,0.3644250267975397,0.3523121213933635,0.2969516079740195,0.3274790245280611,0.2554895310828081,0.3600216877021915,0.3219012823167612,0.3082216399743659,0.3591655653747457,0.3804528622593426,0.3205880516589878,0.3163976377223821,0.3354126198386013,0.346815169005358,0.3618652717215883,0.332897328541769,0.3414231734422145,0.3383254819624254,0.2931299122190298,0.3118982419636859,0.3478418484870037,0.3368907501392131,0.3407343071770822,0.3388754106893864,0.3304576349219507,0.3472446160609574,0.3027713912067402,0.3667408686243863,0.3430476145655721,0.3055725089330845,0.3883538290326936,0.2885195738710701,0.3640359861607961,0.3624030419963978,0.3347078280531252,0.376811446505687,0.3202860662125853,0.2970030851310986,0.324237551409732
0.2861847432049261,0.3371079642637118,0.3308136251198686,0.3518357478610309,0.3779268114301014,0.3135881862326427,0.3543797950514422,0.3841244908042809,0.2217207183886505,0.3281586747031556,0.2631309083376103,0.2746061350684771,0.3615933265744962,0.3485033073287364,0.2841566815737851,0.3452615648011119,0.3902472650906699,0.3441336196703869,0.3010511174439182,0.3248870577055582,0.3377951319795763,0.3835535034389269,0.3578819504481782,0.3632802571401878,0.3317380434867749,0.2411368348922354,0.351071376192187,0.3071702657012767,0.2874210521631842,0.3595882259874722,0.3532396692058835,0.3398932218133139,0.2423020286771224,0.3374665170293786,0.3601154008792452,0.2853399688738662,0.2835634692862404,0.367003635654702,0.3262272966071306,0.3395809226963791,0.3253895192511059,0.3439671908659561,0.3752086864839278,0.3697337682470278,0.3135446445745745,0.3041100447502667,0.3521337973806854,0.3502200043479643,0.3415490053819756,0.310262529273188,0.2739929850400842,0.3307085589406593,0.3545292695708508,0.3001669989876795,0.3099380262039719,0.3666497385588181,0.3409646668071943,0.3095083730520965,0.3090605883530495,0.3440864284484309,0.3651724883601605,0.3534722723096754,0.2968452304794163,0.3251493998974538,0.2556005265180722,0.3589900549842889,0.3213460210974508,0.3179870329279646,0.3584382275185281,0.3824580974078871,0.3178901374426056,0.3152565325272162,0.3358028581529755,0.3460233379863173,0.3608757318179331,0.3316730474545499,0.34387564566736,0.3369299569514704,0.2911853862940209,0.3208778561176381,0.347554151036429,0.3358911966925794,0.3451848495685874,0.3371705390383459,0.3343622750451944,0.3522177732851222,0.3037514401167088,0.3622344354704198,0.3421975138717498,0.304194401514762,0.3940916854501074,0.2813654067562651,0.3629400439270593,0.3625797209147862,0.3335011175170173,0.3753109806303835,0.319131029836844,0.2960335333584375,0.329744046458068
0.2836488061533569,0.3377272573827925,0.3301826254202664,0.3527186760763902,0.3788116225933817,0.3120551556866892,0.3539180837723137,0.3833849132161196,0.217617610007223,0.3268887748657449,0.2540735676089484,0.2770651618420595,0.3608962335481779,0.3481376140059833,0.2877079599064505,0.3512060461193335,0.3892818248672635,0.3432965138867629,0.2994958900338505,0.3273410117735009,0.3376870235479692,0.3829046663855242,0.3578556959236989,0.3628867747386422,0.3303095509912236,0.2420171155054541,0.3483528274197356,0.3036332175457402,0.2863670535284643,0.3599779429868834,0.3517980046065448,0.3385401412945332,0.2547564332467908,0.3375841149669644,0.3560301215419828,0.2830964053006747,0.2840995260591573,0.3659420898538972,0.325950255566687,0.3386347431495698,0.3244870618920343,0.3429684580972946,0.3755644195159408,0.3689292344580169,0.3122587905409083,0.3023535206530981,0.3530636573579563,0.3500597752245939,0.3411955444216867,0.3072549753900746,0.2815487820324649,0.330507188359749,0.3538155877054543,0.2984230918329804,0.3146792112842769,0.3660554280049787,0.3404675270201801,0.3071792991586237,0.3134921332373315,0.3438980295201843,0.3658673408787518,0.3546372332519406,0.2968493190636002,0.322577697807538,0.256332868575925,0.3580656804157601,0.3208031004474905,0.3273552727732063,0.3577404809682174,0.3841016331283871,0.3150485348881436,0.3141875054238499,0.3357351579127652,0.3451428706451576,0.3599768125887929,0.3305846913820602,0.34616447702361,0.3354458531675963,0.2891137646944972,0.3287565375628185,0.3473958569456151,0.3349476651437135,0.3490850512531592,0.335433671073765,0.3378675224136291,0.3572996847623333,0.30471721365658,0.3579925003471855,0.3414096857177311,0.30269506470969,0.3993748526878141,0.2757013295979134,0.3617773526125747,0.3627305008267102,0.3326404239344805,0.3738002811186249,0.3180323392509104,0.2952764809942544,0.3349019072958906
0.2807918380412814,0.3382109019012141,0.3294238646125744,0.3536593854596185,0.3798203504548202,0.3106476967399953,0.3534941706266055,0.3826547006445916,0.2130428975101159,0.3255499593395928,0.2453620520657789,0.2798989839766392,0.3601518669968589,0.3477301384292719,0.2923064289009092,0.357428583288032,0.3883657755026571,0.3424574557711774,0.2989117731530732,0.3297317752824997,0.3375398282758054,0.3822031230620099,0.3576514122680412,0.3624575530141045,0.328965363163135,0.243640247835207,0.3457815926309843,0.3004641822519568,0.2859851613397559,0.3604197986400611,0.3503325660394606,0.3372505883083033,0.2671404338909116,0.33771072732003,0.3514878074196341,0.2810620232757203,0.2855071668058276,0.3648948085728014,0.3257306871589638,0.3377391568539227,0.3234944509620689,0.34196707806484,0.375816870917322,0.3679056611236912,0.3108292627780641,0.3010016531972124,0.3538564201200384,0.3498779569168087,0.3407470131938204,0.304656348459103,0.2898792040664421,0.3301682671256142,0.3530375298078197,0.296852679038428,0.3194271306185274,0.3653422980190943,0.3398747982898911,0.3050577573200537,0.3182522302656705,0.3438353777726328,0.3665133893980591,0.3558280490896948,0.296986048355319,0.3197262962154614,0.2577921521380744,0.3572631957609581,0.3202474847925425,0.3361702759508434,0.3570972193500317,0.3849586963807576,0.3120721388596431,0.3131652840533187,0.3351382821251951,0.3441575317035168,0.3591586421285515,0.3296226198226356,0.3482894125914093,0.3339145316885243,0.2869566568953948,0.3355775757675223,0.3473619359151457,0.3340681153201504,0.3524464193732927,0.3337434768924009,0.3409569267466794,0.3622939382125456,0.3056024393336069,0.3539966325668331,0.3407024696975592,0.3010464587589971,0.403853393946069,0.2714391577101895,0.3605914042888941,0.362859295331478,0.3322780774220173,0.3722732044201444,0.3169310507535514,0.2946939873655409,0.3396466707655469
0.2776682794993107,0.3385533990932678,0.3286061341224536,0.3546224521310643,0.3809609795651299,0.3093704674154831,0.3531162861326741,0.3819817886146122,0.20805759185751,0.3241668414725864,0.2372255349494928,0.2829342705387733,0.3593656763207084,0.3472507874822638,0.2978349146351153,0.3637339609914137,0.3875274913489935,0.3416703373660852,0.2994089241419924,0.3320002928317243,0.3373730675101993,0.3814340479796347,0.3572559791432163,0.3619386386146894,0.3277157161204443,0.2457742723957126,0.3434075004518074,0.2977489425880942,0.286379401723926,0.3608908826974394,0.3488481612357916,0.3359754385788459,0.2790300122126322,0.3378272494905964,0.3467034319057867,0.279379780847172,0.2878292615405082,0.3638670278521383,0.3255231661022194,0.3368832634583484,0.3224269877438995,0.3409676374339361,0.375979219572837,0.3666318682069622,0.3092649286170933,0.300154295464584,0.3544958762992676,0.3496858685246216,0.3402242254243151,0.302426842591395,0.2985918014736665,0.3297389643423402,0.3522370215216264,0.2955587086585687,0.3240270799307869,0.364566120083466,0.3391825350306076,0.3031854369248789,0.323178064735704,0.3439040166724573,0.3671009484240467,0.3570620276405453,0.2972751059306277,0.3165706679354052,0.2600622212986991,0.3565922145052382,0.3196466254062909,0.344332072673895,0.3565269952636807,0.3846451113574051,0.3089715752205548,0.3121547403733353,0.3339701870547512,0.3430634937972269,0.3583909076335194,0.3287563446269807,0.3502507704836035,0.3323842998459368,0.2847806164182089,0.3414382357689204,0.3474435483968615,0.3332605293785108,0.3553072873458645,0.3321680884682148,0.3436429863668533,0.3669905136024323,0.3063515362130397,0.3502246816868306,0.3400789785662748,0.2992378335001282,0.4071827697468462,0.2684352708231697,0.3594220853837894,0.3629659129678468,0.332559542860355,0.3707222164361223,0.3157730716983635,0.2942239466024083,0.3439475006980418
0.2743734015323769,0.3387499643426389,0.327811949809843,0.3555676672946056,0.3822203156072054,0.3082076994026037,0.3527835526163611,0.3814180605299798,0.2027784703081506,0.3227539149977169,0.2299289901416225,0.2860373685449764,0.3585332546870307,0.3466782744921408,0.3041071157709138,0.36994639718171,0.386782286085503,0.3409673330928719,0.3010593068667178,0.3340945520959318,0.3371994106358471,0.3805921072805074,0.356687552692798,0.3612767194609982,0.3265640832727056,0.2481389627659015,0.3412670043095139,0.2955525217348513,0.2876186980676426,0.3613687314792089,0.3473515579758905,0.3346614204277421,0.2900834641443501,0.3379126164834619,0.3418621321125356,0.2781938711865069,0.291056889483728,0.3628577656854342,0.3252746588298781,0.3360464807750292,0.321302574790755,0.3399735639295662,0.3760688859871389,0.3650813552070829,0.3075948045506863,0.2998812745908472,0.3549569693670746,0.3495009951127614,0.3396535797690198,0.3005165334843223,0.3073104945895671,0.3292754850852719,0.3514473146783691,0.2946552645943236,0.3283490988026397,0.3637696412717313,0.3383898243599718,0.3015944200067404,0.3281082702745178,0.3441051567324992,0.3676046903809288,0.3583559181359999,0.2977286817298573,0.3130984422117596,0.2631949173883587,0.3560506522439089,0.318967515627902,0.3517917531409313,0.3560451952733514,0.3828501985080283,0.3057648094035793,0.3111194460296685,0.332225024856161,0.3418692933758302,0.357627492217646,0.3279422029884808,0.3520507088255054,0.3308976284355561,0.2826850839336856,0.3464611939031409,0.3476117213228664,0.3325322062911963,0.3577202812543805,0.3307648212321167,0.3459654215495231,0.3711869831206578,0.3069206978208218,0.3466575664475653,0.3395291144512318,0.2972747663640575,0.4090369834748452,0.2665174786637537,0.3583021496487302,0.3630433326412597,0.3336004799118117,0.3691360676504226,0.3145160452213213,0.2937917449276538,0.3478011301703586
0.2710481760641462,0.3388040336500508,0.3271396489050009,0.3564502005045688,0.3835645951882932,0.3071220235344172,0.3524897277637609,0.3810101638993164,0.1973686070143185,0.3213269145504784,0.223743233787184,0.2891192035578822,0.357648307968469,0.3460051575570456,0.3108861173415715,0.3759150362865548,0.3861352635165989,0.3403508586233109,0.303886157161497,0.3359690182085663,0.3370284523015012,0.3796771491804091,0.3559919501937348,0.3604285304129608,0.3255071472760739,0.2504227403817122,0.3393892780595827,0.2939173751279261,0.2897352555759371,0.3618316949396138,0.3458470211437737,0.3332582282516655,0.3000698025369393,0.337949805187171,0.3371149159385361,0.2776380174873465,0.2951234645794303,0.3618566970579532,0.3249312331475984,0.3352036860944783,0.3201385110099616,0.3389831845826735,0.3760930417195692,0.3632408627406526,0.3058679791723474,0.3002203334322239,0.3552175803615159,0.3493448603242362,0.3390639303529705,0.2988756801124421,0.3157052202161767,0.328833167950871,0.3506832275866435,0.2942560963638959,0.3322962391696806,0.3629795040117316,0.3375045229776853,0.3003009797906827,0.3328916272821032,0.3444387992361709,0.3679940089216461,0.3597300275007049,0.2983541504710745,0.3093197271783377,0.2671980731867419,0.355612715079302,0.3181831103667629,0.3585420520658846,0.3556692970801394,0.3793713842656651,0.3024797308420224,0.3100255748088372,0.3299441116065139,0.3405947362812818,0.3568087583989162,0.3271309048427772,0.3536872094489079,0.3294853649750076,0.2807976105856211,0.3507728706273414,0.3478163574349674,0.3318871840216908,0.3597368687748425,0.329581447752956,0.3479788126524244,0.3747020540742319,0.3072750559581222,0.343284902948674,0.3390320456319824,0.2951733792601234,0.4091410181486283,0.2655090714306948,0.3572549564936327,0.3630834081516447,0.3354676896295007,0.3674919476665735,0.3131246437240399,0.293318278729187,0.3512210625872913
0.2678745771586088,0.3387325683653353,0.3267063400469921,0.3572248984657902,0.3849478347115763,0.3060627564761836,0.3522240681056598,0.3807952232725342,0.1920240304476632,0.3199152546474391,0.2189195373449151,0.2921057319313899,0.3567018172778961,0.3452416797241731,0.3179070802385198,0.3815218549915476,0.3855925645324018,0.3398069894448573,0.3078588302698688,0.3375903405338253,0.3368702582476933,0.3786933634293214,0.3552311832470003,0.3593712122259095,0.324529421085833,0.2523082907802778,0.3378063831826028,0.2928663523709874,0.2927172136451837,0.3622612592817038,0.3443356727368857,0.3317212636485469,0.3088725739992255,0.3379268694655204,0.3325754985527262,0.2778263167177289,0.2999126211695806,0.3608490067748101,0.3244442127638654,0.3343328637147523,0.3189614158437953,0.3379938227299252,0.3760464528085664,0.3611174646817662,0.3041509852252332,0.3011767751729557,0.3552732765209649,0.3492433221018561,0.3384824384982512,0.2974562707583556,0.3235193744534083,0.3284649790607576,0.3499468121545456,0.2944554073399925,0.3358143051109584,0.3622114142392168,0.3365463053936895,0.2993057075389027,0.3374025352584793,0.344905605604154,0.3682413812920856,0.3612035357047958,0.2991528327551652,0.3052746554198982,0.2720288528346913,0.3552330709834121,0.3172747751919609,0.3646049102678296,0.3554146113680316,0.3741553746787031,0.2991527084460381,0.3088442464526436,0.3272197421092332,0.3392690679914008,0.3558674008606594,0.3262712600781932,0.3551424024402649,0.328170033467245,0.279260261906719,0.3544926771919752,0.3480047057685808,0.3313231509844778,0.3614048389544875,0.3286473788557791,0.3497382209549768,0.3773882637710739,0.3073838828552988,0.3401092710259932,0.3385579700971655,0.2929671139454828,0.4073165128626939,0.2652414900831314,0.3562949130274142,0.3630808094753296,0.338167100466107,0.3657609851504358,0.3115715073960953,0.2927204039098363,0.354232406566547
0.2650579560838766,0.3385594952802762,0.3266371003891488,0.3578513301269028,0.3863191129736189,0.3049681532718589,0.351968166316587,0.3807979793523857,0.1869591466928392,0.3185559316206761,0.2156617704949349,0.294944652942491,0.355679949753003,0.3444141031821033,0.3248972042718302,0.3866869492711334,0.3851652616673216,0.3393116737718473,0.3129013919428994,0.3389358819697708,0.3367368597541762,0.3776531479074195,0.3544762296137785,0.3581077089899714,0.3236047977461988,0.2535013356423925,0.3365427029590845,0.2924034268304714,0.2965011739829769,0.3626436598835826,0.342818513648926,0.3300148451023605,0.3164733418619881,0.3378343525509469,0.328317873143683,0.2788413649111225,0.3052718226164528,0.3598250863208455,0.3237762288585105,0.3334175612878092,0.3178074460023989,0.3370070081223093,0.3759244781395006,0.3587369485814476,0.3025262111386991,0.3027153021750122,0.3551348859801354,0.3492259294506291,0.337932720905498,0.2962126109452541,0.3305823474579852,0.3282153661235116,0.3492338530589476,0.2953183016823518,0.3388908958345878,0.3614767265083043,0.3355353086810115,0.2985945289479132,0.3415534276873175,0.3455015194401971,0.368321785385358,0.3627840975187659,0.300112018828695,0.3010251873265456,0.2775958993653687,0.3548618529926193,0.3162311150834485,0.3700183762616157,0.3552857283460822,0.3673201032877707,0.2958278783175327,0.3075559178384431,0.3241847756972477,0.3379264886207355,0.3547360431097125,0.3253138002847144,0.3563844921607245,0.3269646589191066,0.2782212922439011,0.3577246524221407,0.3481300852700971,0.3308318043998794,0.3627718420684437,0.3279631733499335,0.3512901938877767,0.3791473021191041,0.307217651662868,0.3371457861404975,0.3380708649444464,0.2907197278160284,0.4035041092674071,0.2655574655705051,0.355428172124649,0.363029497862542,0.3416344217711206,0.3639221521982068,0.3098508502520501,0.2919147947569989,0.3568679527566151
0.2628118454664918,0.3383081611682153,0.3270485730008547,0.3582956882830695,0.3876245543287216,0.3037619536986087,0.351696941991207,0.3810230659877128,0.1823935659287339,0.3172854063001837,0.2140987969844739,0.2976357263889817,0.3545701424187828,0.3435568679694454,0.3315971282051835,0.3913605247317454,0.3848618503525557,0.3388281652603429,0.3189005773848198,0.3399860558890955,0.3366424111449404,0.3765760073002815,0.3538045160954173,0.3566641967106704,0.3227058010160601,0.2537542830621762,0.3355953551732426,0.2925138411370027,0.300977502202521,0.3629688272580179,0.3412991127325803,0.3281199173877349,0.3229334891880879,0.3376676506713881,0.3243824590718604,0.2807221196242765,0.3110208700408708,0.3587824690193315,0.3229068565402326,0.3324435597728589,0.3167074754532398,0.3360247321708955,0.3757285012385786,0.35613791699557,0.3010898849076106,0.3047567291098267,0.3548173168013473,0.3493173159973388,0.3374334551884846,0.2951075936672169,0.3368033482343384,0.3281090096361978,0.3485287307121558,0.2968806710125879,0.3415446189690858,0.3607842806718859,0.3344810569373862,0.2981341021927895,0.3452945038542697,0.3462114182404444,0.3682126147762218,0.3644655522351566,0.3012027309771085,0.2966442729045053,0.2837653666340331,0.3544486719649802,0.3150482086539712,0.3748249981167573,0.3552790912917148,0.3591405659235878,0.292561664516913,0.3061524037027001,0.3209978178817397,0.3366005294785475,0.3533511276054407,0.3242190565899924,0.3573823403887206,0.3258645661447922,0.2778306294172549,0.3605471937279291,0.3481425917970558,0.3303998925742079,0.3638794981695894,0.3275032762083598,0.3526688380746886,0.3799410062935819,0.3067484881378794,0.3344147051958538,0.3375345691616745,0.2885255911065473,0.3977657260491648,0.2663124723142654,0.3546530071919578,0.3629226261280163,0.3457312671036894,0.3619653957654328,0.3079861077115794,0.290831856675944,0.3591569735682081
0.2613524204944203,0.3380052344455485,0.3280417343796631,0.3585312172390607,0.388809315890179,0.3023610401026422,0.3513868555536801,0.3814468830853169,0.1785395759171866,0.3161493673590475,0.2142744384106165,0.3002146865384871,0.3533676709974102,0.3427056556047477,0.3377851950761708,0.3955072726871401,0.3846842813358911,0.3383212394889605,0.3257044596077152,0.3407232991909791,0.3366024487323621,0.3754812878149504,0.3532910066679137,0.3550816111492752,0.3218095885009712,0.2528854706371574,0.3349397128150016,0.2931707932192275,0.3060041990604026,0.363229309491478,0.3397827385755978,0.3260404149708065,0.3283765463449284,0.3374328659638071,0.3207900740199454,0.2834605096622907,0.3169594106944126,0.3577208342984672,0.3218331235058151,0.3313971643306266,0.3156791177817237,0.3350427434809611,0.3754581063890406,0.3533697238306401,0.2999453460193905,0.3071895611106085,0.3543407391307077,0.3495248521211725,0.3369952095390819,0.294117867976589,0.342158411949966,0.3281498481201574,0.3478008479195683,0.2991438660396187,0.3438161377805929,0.3601419956293418,0.3333882823603495,0.2978692480756371,0.3486072472766673,0.34701162790564,0.3678990491320046,0.366235472071574,0.3023884667896054,0.29221635858147,0.2903695795408778,0.3539364100071124,0.3137337971127995,0.3790624534417184,0.35539357288808,0.3500152321296144,0.2894316565424668,0.3046345186630739,0.3178337755041135,0.3353220396062871,0.3516565970547048,0.3229674291365501,0.3581098232763844,0.3248450830263135,0.2782251111259361,0.3630077825589943,0.3479885930585867,0.330006110019279,0.3647537710524698,0.3272284731478434,0.353896156759505,0.3797904494916226,0.305951673528921,0.3319318297435504,0.336920039362084,0.2864985228365037,0.3902941516886165,0.2673755108233218,0.3539636626762882,0.3627614927293408,0.3502544597999008,0.3598845543351206,0.30601792508831,0.2894280473441626,0.3611152402403405
0.2608870668185148,0.3376861384442798,0.3296967310554345,0.3585414422240103,0.3898240645499697,0.300692304838734,0.3510221871697731,0.3820193028371319,0.1755883412583745,0.3152131185657528,0.2161544895530713,0.3027116468016086,0.3520754321664429,0.3418960958053727,0.3432967391783051,0.3990990784320359,0.3846353530894408,0.3377752018870298,0.3331285068515656,0.3411389425381905,0.3366308190805696,0.3743842864412791,0.3529911209174967,0.3534061133081822,0.3208982135922167,0.2507976748853682,0.3345494780055985,0.294344712713119,0.3114148671384972,0.3634210450439175,0.338272082762949,0.3238015965854887,0.3329600773143025,0.3371457954242549,0.3175530001256861,0.2870065446088427,0.3228842183563311,0.3566422017744936,0.3205645968189987,0.3302706301428832,0.3147327494104899,0.3340524500203132,0.3751092486756248,0.3504930359945528,0.2991925215597145,0.3098851391032396,0.3537407475798857,0.3498373483162761,0.3366185834032915,0.2932313294842374,0.3466807723257665,0.3283295641110666,0.347015296793198,0.3020640537700511,0.3457622495251277,0.3595600476046967,0.3322664618352734,0.2977306897256718,0.3515005271442765,0.3478773205521735,0.3673780830191873,0.3680783698475374,0.3036325746459685,0.2878374817169068,0.2972239302891081,0.3532637551899276,0.31231040778723,0.3827569939230945,0.3556304322715705,0.3404305019191923,0.2865419098933046,0.3030116012069455,0.3148741066279237,0.3341193955005307,0.3496127388188594,0.3215626432753694,0.3585374882184911,0.3238696436845825,0.2795046806688727,0.3651279592057906,0.3476290752912365,0.3296189338120802,0.3654071973357297,0.3270918029725354,0.3549841698774788,0.3787653008307535,0.3048052855804546,0.3297038359756448,0.3362084911471703,0.2847648522579228,0.3814156431948097,0.2686242798104481,0.3533568182166119,0.3625608519683886,0.3549557986841009,0.3576762060636491,0.3039883474854276,0.2876851488002983,0.3627485744316219
0.2615871487611799,0.3373883905704453,0.3320562245294214,0.3583256505866857,0.3906323359134683,0.2986984557092623,0.3505926882929862,0.382674394827494,0.1736984304325816,0.3145499921401141,0.219633294342847,0.3051553870589462,0.3507037739300449,0.3411618374738421,0.3480326893577241,0.4021167783362637,0.3847239828372626,0.3371829916220966,0.3409781154970995,0.3412366331541838,0.3367351994376753,0.3732975463642889,0.3529298264508874,0.3516822244495167,0.3199601205718003,0.2474914870158078,0.3343934920131103,0.2960048465834119,0.3170234076078238,0.3635439404948001,0.3367644032334069,0.3214434429883682,0.3368423689192919,0.3368242828133962,0.3146797300613401,0.2912717936393418,0.3286124890045782,0.3555563758662785,0.3191207306057222,0.3290692663996187,0.3138730787063535,0.3330474687854543,0.3746842913735574,0.34757573649013,0.2989189109358707,0.3127060176550335,0.3530675725781262,0.3502359039371182,0.3362960528609645,0.2924417052976136,0.350448708218287,0.3286291058141733,0.346145698239035,0.3055518027523307,0.3474452574857812,0.3590491875164742,0.3311231714048628,0.2976457374780325,0.35400536190345,0.3487830283597511,0.3666582641607303,0.3699685010914791,0.3048956083220088,0.2836019700599504,0.30415010541732,0.3523784674313392,0.3108123837586231,0.3859203282223269,0.3559814510383981,0.3309163906183925,0.2840172667743512,0.301305963846427,0.3122902984377874,0.3330145081222626,0.3472041802249566,0.32002736293482,0.3586347137750751,0.3228977503635256,0.2817179339563153,0.3669140777663244,0.3470515071782125,0.3292032290442996,0.3658496274204195,0.3270354402682871,0.3559330401323943,0.3769715762051084,0.3032899463189537,0.3277277556204294,0.3353903372170631,0.2834614567813309,0.3715543407677257,0.2699350544566413,0.3528326383386551,0.3623425329453475,0.3595637965984588,0.3553461188380017,0.3019405943227915,0.2856059661081216,0.3640622766998767
0.2635619807540463,0.3371416697547381,0.3351063067170211,0.3579011680887297,0.3912120478370653,0.2963328529822941,0.3500895155135153,0.3833383417662951,0.1729926255340811,0.3142237245338489,0.2245419795871279,0.307597368956139,0.3492736971666848,0.3405259527049851,0.3519603616588106,0.4045487628277645,0.384957057574381,0.3365301183852313,0.3490659224459327,0.3410294877183087,0.3369151977896957,0.3722291153563068,0.3531068074629552,0.3499479276718359,0.3189928512912692,0.2430676942589676,0.3344189754036481,0.2981147671937077,0.3226403682829315,0.3636014610007353,0.3352554337057948,0.3190159804214216,0.3401624658933402,0.3364854345342279,0.3121808575279535,0.2961289260881279,0.3339959148378302,0.3544794217964226,0.3175332901606435,0.3278099178463162,0.3130909329147143,0.3320237321964381,0.3741962525555741,0.3446834272537025,0.2991934458899924,0.3155154097460668,0.3523728623547232,0.3506986357041161,0.3360145930230385,0.2917458932864593,0.3535631322838579,0.3290141781286422,0.3451751412738176,0.3094857430296431,0.3489198917121734,0.3586157894748049,0.3299521354985817,0.2975418349601351,0.3561628998995818,0.3496971614403226,0.365759572193909,0.3718647736211897,0.3061325775938254,0.2795885061762049,0.3109929290374479,0.351245405831418,0.3092793231306681,0.3885489144135998,0.3564244516928196,0.3219874916164514,0.2819909209146518,0.2995558619551449,0.3102287682815127,0.3320161853588613,0.3444389443959187,0.3183976550449847,0.3583861493829545,0.3218869750312567,0.2848628720428694,0.3683679804526289,0.3462619799051669,0.3287297513190848,0.3660924355277349,0.3269930143345926,0.3567273426709902,0.3745409947829575,0.3013943694386593,0.3259886050202297,0.3344654563885587,0.2827265798187041,0.3611776884880278,0.2711754864933018,0.3523891977771113,0.3621293491113022,0.3638084729952566,0.3529109953512658,0.299925178567104,0.2832215913776589,0.3650621235926796
0.2668516653918025,0.336968911765601,0.3387723020462952,0.3572994347005231,0.3915502349502938,0.2935658886317318,0.3495079794235931,0.3839304233861385,0.1735596574315872,0.3142891334974702,0.2306746485181817,0.3100856836181259,0.3478151385348892,0.3399925163007645,0.3551095726828165,0.4063866259123815,0.3853285652732069,0.3358165619255999,0.3572081487932297,0.3405401559818838,0.3371636896927887,0.3711774240160618,0.3535075648783327,0.348228061687771,0.3180010079261793,0.2377229489662014,0.3345609309195045,0.3006311468858806,0.3280973277064821,0.3636016476335401,0.3337467055566601,0.3165768325587136,0.3430351245178354,0.3361494426665479,0.3100781819034126,0.3014179258228374,0.3389221288291125,0.353424114596873,0.3158454227682943,0.3265115440626358,0.3123627086952036,0.3309757484287531,0.3736605903021064,0.3418712986533472,0.300060113516107,0.3181935154277462,0.3517007182880901,0.3511920777630742,0.3357572839827008,0.2911418192534916,0.3561253498986678,0.3294405289345349,0.3440929883763948,0.3137268671285748,0.3502276968219289,0.3582639904703114,0.3287386040461015,0.2973477541243355,0.3580118410012947,0.3505822017023531,0.3647129585824448,0.3737178189739576,0.3073002952041041,0.2758599350852091,0.31762559938113,0.3498439744805111,0.3077503674147399,0.3906242311200077,0.3569320412203056,0.3140841153520829,0.2805960236795256,0.2978120969092877,0.3088051021950225,0.3311197671538758,0.3413439572187944,0.3167196715609239,0.3577973565218756,0.3207956521246629,0.2888878130080474,0.369496513535582,0.3452778664765674,0.3281758355162091,0.3661455567702986,0.3269036324120303,0.3573414457381407,0.3716184424464697,0.2991270618423038,0.3244564285124497,0.3334457673247418,0.2826829677859295,0.3507607575325511,0.2722077191615403,0.352020940834359,0.3619489126302342,0.3674519413328225,0.3503935056988262,0.2979924961950878,0.2806040430456143,0.3657522440895471
0.2714295116719273,0.3368916057999413,0.3429251668481083,0.3565592409310255,0.3916379647742809,0.2904064375827995,0.348853743895652,0.3843678155112892,0.1754505968927057,0.3147972816960198,0.2378223782591253,0.3126235815301871,0.3463598649919601,0.3395472293822371,0.3575625472163347,0.4076299230542761,0.385819977462553,0.3350839852764852,0.3652196870344263,0.3398060918670615,0.3374671650076656,0.3701318940179469,0.3541058977858603,0.3465260368835742,0.3169917948354093,0.2317455777385456,0.334768722403371,0.3035048925625241,0.3332589334646808,0.3635595696784472,0.332245590798529,0.3141868406650665,0.3455460723115691,0.3358387737786105,0.3084086045816654,0.3069649825264385,0.3433155373121479,0.3523954863603066,0.314102382319349,0.3251906262827783,0.311660937774083,0.329898340646923,0.3730899621092848,0.3391813828957007,0.3015314704753561,0.3206499520444693,0.3510887800409014,0.351667793461116,0.335506087429738,0.2906244385348256,0.358231654073161,0.3298669461280373,0.342898950463241,0.3181264938290664,0.3513982137322219,0.3580017824359582,0.3274746718173436,0.2970019097395528,0.3595829802051595,0.3514021897492982,0.3635552238010727,0.3754812630979509,0.3083668286091133,0.2724659161854812,0.3239531716711082,0.3481647548055125,0.3062594009217939,0.3921155004815295,0.3574767840793862,0.3075278123214615,0.2799608065228888,0.2961328366897864,0.3080993857918195,0.3303132635035785,0.3379662903622389,0.3150443027708728,0.3568824628747959,0.3195906496241928,0.293685498693543,0.3703185369837282,0.3441330259305621,0.3275211538140842,0.3660181819066518,0.3267241384999292,0.3577537223637111,0.3683460201355704,0.2965261857393216,0.3230903582494814,0.332354172546504,0.283424375783164,0.3407554517060382,0.2729004544451633,0.3517254226944197,0.3618371203783497,0.3703136199173974,0.3478190678222014,0.2961768714937112,0.2778662573235738,0.3661428807158629
0.2771975680137182,0.3369263413512344,0.3473843441315752,0.3557221602644764,0.3914719640423706,0.286914775940443,0.3481442147905814,0.3845819393439347,0.1786700311143759,0.3157813317805979,0.2457879077263389,0.3151854180768716,0.3449398360850489,0.3391626039830481,0.3594375733453666,0.4082987642900978,0.3864058430046184,0.3343892124788223,0.3729261775682612,0.3388805370227034,0.3378035896863594,0.3690790846637774,0.3548611298087611,0.3448197730893474,0.3159744596863639,0.2255074566872953,0.3350078456889777,0.3066773935314727,0.3380196232243271,0.3634973689181325,0.3307564808281448,0.3119026024934071,0.3477465557995866,0.3355699560694615,0.3072188238503905,0.3126040343097765,0.347142956174484,0.351395544312075,0.3123424778238466,0.3238667663897929,0.3109578946669131,0.3287908579831251,0.3724979633093815,0.3366424651623332,0.3035861346408696,0.3228251442703195,0.350569345646486,0.3520764854803911,0.3352451404085391,0.2901827030794282,0.3599802770669657,0.330259586020953,0.3416083168428495,0.3225358558281019,0.352447971851034,0.3578361561751237,0.3261599904140963,0.2964646500997563,0.3608976653783711,0.3521270689721311,0.3623224566624831,0.377115738527663,0.3093110291392273,0.2694356925296001,0.3299201747115518,0.3462104423580905,0.3048312912711933,0.3929869323143492,0.3580246706198464,0.3024903372482523,0.2801959269947756,0.2945825897925269,0.3081452873688949,0.329580342924655,0.334375640535518,0.3134183423904157,0.3556585915559968,0.3182550013732055,0.2990952411613997,0.3708662712379236,0.342878424169557,0.326751575707204,0.3657243422345447,0.3264276082224704,0.3579542249554042,0.3648490790059057,0.2936616847245925,0.3218492453541777,0.3312179390488035,0.2850079813237551,0.3315351233750053,0.2731415673833434,0.3515065346209018,0.3618315817526455,0.3722783141315209,0.3452146054258931,0.2944921645633041,0.2751506641726301,0.3662613150322683
0.2839817582205917,0.337078728103928,0.3519214826147364,0.3548305356963872,0.3910591501613339,0.2831960724489671,0.3474045565208699,0.3845355527088569,0.183174004297112,0.3172379432258332,0.2543838350807917,0.3177522339459959,0.3435905936788127,0.3387993555720901,0.3608706507899669,0.4084392298256621,0.3870514483962111,0.3337581434291515,0.3801745224689103,0.3378255301113233,0.3381422735690872,0.3680035737012769,0.355723656651767,0.3430659393188927,0.3149601839931479,0.2194442867464602,0.3352414455043863,0.3100750262336923,0.342303300390526,0.3634403479380306,0.3292762525328229,0.3097683342359373,0.3496606181848368,0.3353493771684626,0.3065575737037214,0.3181881523257508,0.3504140448532107,0.3504253163020528,0.3105963210449155,0.32256656272414,0.3102190991433141,0.3276557847145731,0.3718974230712205,0.3342693369680276,0.3061708527779483,0.3246900321666354,0.3501653627841531,0.3523821258017401,0.3349612444597437,0.28979908831757,0.3614711166272271,0.3305884214108755,0.3402490583434187,0.3268210019201873,0.3533777132629122,0.357760219542952,0.3247900019717089,0.2957254849457481,0.3619647927138731,0.3527304662037664,0.3610480940145149,0.3785874827609177,0.3101165206883897,0.2667721501700875,0.3355120572612332,0.3439971834391866,0.3034815490521559,0.3932063347697239,0.3585312546312679,0.298978948347212,0.2813739395472426,0.2932335963414146,0.308924577499462,0.3288980253960148,0.3306582477082986,0.3118780150544768,0.354156697937189,0.3167904300586101,0.3049225324443152,0.371182255857205,0.3415687559945896,0.3258677334896327,0.3652853578135583,0.3259963376499457,0.357941135995679,0.3612300420801485,0.290633642868017,0.3206992207744376,0.3300627200573556,0.2874464966111063,0.3233443870890434,0.2728459504173543,0.3513667873644235,0.3619639314365229,0.3732953264291237,0.3426030692824936,0.2929386411390785,0.2726243515224411,0.3661505214492828
0.2915436178230053,0.3373461409195818,0.3562779338012463,0.3539241277751301,0.3904144235924852,0.2793913408088355,0.346663652406858,0.3842248050217776,0.1888781458031625,0.3191313056298968,0.2634383045747528,0.3202944655787305,0.3423468598350285,0.3384078485015028,0.3619983653066964,0.4081190733396717,0.3877062972639986,0.3331948140034171,0.3868213567060286,0.3367058731801635,0.3384488404118173,0.3668829643540283,0.3566477572644603,0.3412090946087757,0.3139564159278698,0.2140281154079459,0.3354309393625381,0.3136105057170293,0.3460716121412858,0.3634121207845497,0.3278016995866329,0.3078098434234865,0.3513040738082466,0.3351776643370038,0.3064699889551471,0.3235919012465026,0.3531699983152884,0.3494780917807997,0.3088888128708155,0.3213150820563256,0.3094046669819917,0.3264958439019837,0.3712889000340176,0.3320618471795128,0.3092039964874152,0.3262491411840764,0.3498871208126796,0.3525587143229772,0.3346440382569632,0.289449753366127,0.3627960873865154,0.3308293496943009,0.3388552945069291,0.3308737477926382,0.354176081023525,0.3577524423507164,0.3233553280973857,0.2948052335874273,0.3627797511123938,0.3531889394098683,0.3597626167466817,0.3798696201763017,0.3107711337493198,0.2644587916340452,0.3407415704741834,0.3415540690996351,0.3022172393967244,0.3927492382300277,0.3589502356780061,0.2968498866080726,0.2835161483290198,0.2921639534771381,0.3103779374103759,0.3282376979314755,0.3269059607600436,0.3104470742980129,0.3524247202234628,0.3152159988851473,0.3109618802822944,0.3713168215916756,0.3402518222013041,0.3248825834813658,0.3647273080744332,0.3254233533752511,0.3577199997660488,0.3575691618570314,0.2875721983491172,0.3196153206426188,0.3289110984642143,0.2907007983715727,0.3163019326512526,0.2719630281523058,0.3513003066521259,0.362260447257766,0.373381715994651,0.3399963092155015,0.2915033749558142,0.2704827748053577,0.3658604183780672
0.2996064041455197,0.3377234501073827,0.3601913161579281,0.3530336354638629,0.3895523730002423,0.2756776899668073,0.345952929156015,0.383669449413121,0.1956650505035305,0.3214080365469909,0.2728041108932095,0.3227428361903219,0.3412309031282584,0.3379365006199649,0.3629425581808191,0.4074263612430363,0.3883062297101386,0.3327173403877295,0.3927174306725037,0.3355893880939982,0.3386921277029731,0.3656893052122545,0.357595993131158,0.3391909413397482,0.3129614047781756,0.2097411988940133,0.335554953927148,0.3171885901726315,0.3493253077624959,0.3634311506347171,0.3263366029788137,0.3060326263316554,0.35269746063691,0.3350524207698284,0.3069902174934063,0.3287149976219413,0.3554692497882512,0.3485344844878668,0.3072362699882977,0.3201239416906907,0.3084810582395897,0.3253166710912458,0.3706564246429302,0.3300056332529336,0.312581102121682,0.3275364446706946,0.349733702661779,0.3525828698337709,0.3342905119759398,0.2891050840867712,0.3640375111158885,0.3309698998823872,0.3374636866827794,0.3346131456236075,0.3548289671575383,0.3577893881320905,0.3218546085005524,0.2937580674065564,0.363329839858154,0.3534859055976153,0.3584893404642825,0.3809467411001281,0.3112689942977817,0.26246767593843,0.3456292830737245,0.3389205418288106,0.3010337592334843,0.3915993331149622,0.35924306876968,0.2958461915501068,0.2865931095661957,0.2914513934994393,0.3124188268802138,0.3275719273249019,0.3232107296064929,0.3091336490720617,0.3505115874789848,0.3135654797244924,0.317009489857014,0.3713259571534269,0.3389695879898597,0.3238093138315989,0.3640786564789685,0.3247191536801908,0.3573106019550719,0.353928340932035,0.2846359661512982,0.3185849642979753,0.3277816730727289,0.2946804365121419,0.3104371446984883,0.2704894850341755,0.3512970568496147,0.3627431903570813,0.3726219809714529,0.3373934177797509,0.2901527439306807,0.2689430685230957,0.3654474482587507
0.3078790091553378,0.3382020538711641,0.3634177500377141,0.3521748862448776,0.3884851251332865,0.2722664629987784,0.3453069707965115,0.382908910341328,0.20338640888521,0.3239956609102102,0.2823475508286793,0.3250182831451945,0.3402485028203267,0.3373411125961434,0.3637986685055659,0.4064725845292481,0.3887829486595771,0.3323389248415443,0.397713738946385,0.3345460164655152,0.3388491090377047,0.3643991605698341,0.3585297500654387,0.3369597933814022,0.3119667799163929,0.2070500392339794,0.3356136566003533,0.3207078966342773,0.352092541015871,0.3635072015559766,0.3248857013703504,0.3044237889091777,0.3538670051323119,0.3349640042707498,0.3081310874825964,0.3334898860907762,0.3573788298790848,0.3475685410589906,0.3056429842237458,0.3189913862889794,0.3074250899910186,0.3241287859743378,0.3699774620977913,0.3280752964851501,0.3161855730015059,0.32860032551159,0.3496967489922253,0.3524408892126521,0.3339086550722807,0.2887313934986636,0.3652783321359154,0.3310073088384938,0.3361096561217269,0.3379848403363821,0.3553251727413239,0.357850432967891,0.3202989499265504,0.2926723037125265,0.3636022507902576,0.3536135709750572,0.357240024928768,0.3818177059955799,0.3116058105773104,0.260757348810876,0.3501918487727342,0.3361398692099185,0.2999103862474735,0.3897522802645269,0.3593787893198377,0.2956386924515832,0.2905268004623265,0.2911671733242841,0.3149339251232314,0.326879108696645,0.3196624652414733,0.3079248414727021,0.3484560840497096,0.3118843695147274,0.3228746132050017,0.3712650805678997,0.3377563445942226,0.322657595718029,0.363370109147108,0.3239098587038387,0.3567469514539639,0.350357639159151,0.2820040423537069,0.317615072126324,0.3266853558713167,0.2992527238199194,0.3057097569727899,0.2684806549371289,0.3513487917200277,0.3634235459016358,0.3711489717623454,0.3347823833715433,0.2888336265803286,0.2682196734452628,0.364978590244377
0.316072819225462,0.3387679599462466,0.3657505463715663,0.3513484542203905,0.387230022882413,0.2693883149483655,0.344762567007916,0.3820077724791154,0.2118699855118082,0.3267945137620855,0.2919239947892892,0.3270752536998751,0.3393942457765037,0.3365864785540298,0.3646305456318002,0.4053859138599413,0.3890695187034042,0.3320222960701393,0.4016792483653604,0.3336394815574062,0.3389081125926538,0.3629984241431755,0.3593984839024617,0.3344802978380227,0.3109623112319215,0.2063737052098914,0.3356181328494853,0.3240613296013559,0.3544174680595001,0.3636358153390798,0.3234451427489903,0.3029543039287877,0.3548448267588683,0.3348935519189766,0.3098772583052852,0.3378850941521966,0.3589671668541196,0.3465579266457551,0.304103818383719,0.3179117100874198,0.3062181148476218,0.3229415612543595,0.3692294386114904,0.3262398812507879,0.3199009977042795,0.3294915943703043,0.3497637427314915,0.352139799901134,0.3335117249480391,0.2882922959481893,0.3666055239309558,0.3309432649908962,0.3348213501733326,0.3409637958728397,0.3556560795263737,0.3579090558277859,0.3187007093560995,0.2916659451872744,0.3635892263358741,0.3535701840866261,0.3560158069372018,0.3824949254137287,0.3117713869303616,0.2592734432745874,0.3544363917875179,0.3332517209799044,0.2988133582299367,0.3872242662824853,0.3593311193182032,0.2958635712407573,0.2951884934810045,0.2913733616908521,0.3177805994459886,0.32614305132823,0.3163415991139984,0.30678765207638,0.346295167910021,0.3102265778695905,0.3283991823708135,0.371179968744689,0.3366282677806258,0.3214407527114347,0.3626345406551182,0.3230265646515607,0.3560657777151848,0.346904978709022,0.2798644405163178,0.3167324051555556,0.3256216901772291,0.3042545915639479,0.3020195934491032,0.2660487392404347,0.3514454180047519,0.3642966519019077,0.3691135213694551,0.3321390422580587,0.2874862222157602,0.2684996067604945,0.3645237156882051
0.3239198553840243,0.3394058217449782,0.3670413130763862,0.3505439987209942,0.3858143710232983,0.2672713851148706,0.3443528322112986,0.3810534218674809,0.2209351241298449,0.3296902875070235,0.3013693603265929,0.3288865586418577,0.3386528491303348,0.3356460150891706,0.3654712906405735,0.4042912965578423,0.3891016000606158,0.3317003906893525,0.4045076313534819,0.3329177745171997,0.3388713168597012,0.3614756613832894,0.3601373492470101,0.3317389892596846,0.309934210048468,0.2080508059757205,0.3355888903955338,0.3271434890655544,0.3563553639200239,0.3637922861460524,0.3220059223907226,0.3015794874871988,0.3556726055924867,0.3348191865148101,0.3121847487647118,0.3418989857225495,0.3602938245973029,0.3454872818931776,0.302608283588485,0.3168782053129308,0.3048488946872513,0.3217581601211172,0.3683823024105238,0.3244694621018868,0.3236176707265499,0.3302614398594503,0.3499195738608294,0.3517028395511473,0.3331092503017634,0.2877509270348665,0.3680975273271301,0.330785303217761,0.3336165349326689,0.3435537978070951,0.3558156226631448,0.3579310289082124,0.3170641354511506,0.2908779637930784,0.3632919253222389,0.3533588145835529,0.35480978936399,0.3830027867166763,0.3117510140523615,0.2579617985640319,0.3583512289834808,0.3302916600813116,0.2977047105529143,0.3840573924851801,0.359081857488964,0.2961690237646118,0.3004050819819003,0.292120472353666,0.3208006092663309,0.3253535241037999,0.3133096534426404,0.3056784310132813,0.3440700430235939,0.3086489211196229,0.3334738263209841,0.37110211758008,0.3355802882994949,0.3201765428090657,0.3619051273842388,0.3220992870353936,0.3553004995869057,0.3436252597399099,0.2784038146824023,0.3159725137012977,0.3245783786964203,0.3095050806508849,0.2992454851988884,0.263350753464189,0.3515696045094262,0.3653452571937041,0.3666639364282688,0.3294259652104745,0.2860523185434165,0.2699308566244667,0.3641399226786357
0.3311943437810723,0.3401016165234037,0.3672159316678192,0.3497445124582936,0.3842696169142153,0.2661205036101383,0.3440986806134903,0.3801366165508728,0.2304047397272816,0.332578598133128,0.3105076287208153,0.3304150783110351,0.3379946311891755,0.3345080738919566,0.3663274525052057,0.4032934301312524,0.3888241901929819,0.3313339485252053,0.4061205847406418,0.3324108265397068,0.3387551083315868,0.3598166961181657,0.3606672934465884,0.3287442104251076,0.3088626100465932,0.2123138606239237,0.3355604916612033,0.3298631300126353,0.3579649992987845,0.3639293606077053,0.3205650639532275,0.3002409548990499,0.3564003618086572,0.334722561438133,0.3149821083141698,0.3455494741229268,0.3614028863235469,0.3443459060671616,0.3011393773126854,0.3158762489390779,0.3033269027933565,0.3205811754052547,0.3673938214664729,0.3227402879477404,0.3272350546165348,0.3309571326483348,0.3501460715486612,0.3511570258168439,0.3327085106495831,0.287078186967992,0.3698108860846856,0.3305488286074729,0.3325031789936172,0.345777730072262,0.3558032021317585,0.3578873390896676,0.3153893280371519,0.290458298402648,0.3627255210306107,0.3529904896205492,0.3536069181844799,0.3833777033108603,0.3115334396679386,0.2567786470100681,0.3618932920559583,0.3272957872432576,0.2965460003355105,0.3803168763090257,0.3586261847367746,0.296268014667056,0.305981140691755,0.293440284629554,0.323841856433141,0.3245085954577518,0.3106079046947176,0.3045497384115058,0.3418141024352413,0.3072018610525374,0.3380371169184801,0.3710504886224626,0.3345954751441509,0.3188769302220668,0.3612110519986012,0.32115915766872,0.3544875700838868,0.3405849575813144,0.2777962815787269,0.3153686206235843,0.3235338594616098,0.3148202020141535,0.2972985429402926,0.2605807040448847,0.3517007129164662,0.3665442795538712,0.3639379701032805,0.3265967615828923,0.284473435830949,0.2726142497664031,0.3638663441444516
0.3377292447392905,0.3408391256601077,0.3662762448900187,0.3489286262146175,0.3826263450766156,0.2660965714314088,0.3440057645727593,0.3793314094675702,0.2401081222892848,0.3353727186246958,0.3191518298868052,0.331639404712288,0.3373767898308981,0.3331819757758783,0.3671855680870419,0.4024716177114715,0.3882036512919357,0.3308941697622824,0.4064868864581896,0.3321334319546487,0.3385876207915809,0.3580102382180158,0.3608909913891006,0.3255263490722432,0.3077267646676736,0.2192698526667321,0.3355753209399331,0.3321517606365871,0.3592975571608162,0.3639812078986161,0.3191263936610287,0.2988732538899787,0.3570790516405921,0.3345893966860616,0.3181725580029932,0.3488672130003258,0.3623250104161656,0.3431276424270051,0.2996718890406338,0.3148795037324495,0.3016863105734699,0.31941891513247,0.3662220099019519,0.3210366278793701,0.3306689174509556,0.3316100489645699,0.350422415924337,0.3505324331171438,0.3323229130063732,0.2862644182451616,0.3717779873151671,0.3302513881905179,0.331478219689711,0.3476649200634388,0.3556261154241192,0.3577630241723331,0.3136796690642495,0.2905564531642456,0.3619224146812044,0.352486184072428,0.3523854305687261,0.3836687564624396,0.3111126215032342,0.2556857288173539,0.3649811003769266,0.3242990547332706,0.2952968294745533,0.3760859322224156,0.3579732453547313,0.2959710839438493,0.3117223849406981,0.2953360842367663,0.3267655561803523,0.3236125954050258,0.3082618827532572,0.30334882176643,0.3395427578990176,0.3059207093411669,0.3420677405577902,0.3710335617139548,0.3336505441576061,0.3175437055263706,0.360572644810382,0.3202374058335441,0.3536680325111589,0.3378640319883679,0.2781886568528067,0.3149493846474784,0.3224620328001494,0.3200289885791204,0.296141160590213,0.2579661087790769,0.3518212714169959,0.3678560115833246,0.3610534808645291,0.3236035559509287,0.2826925204399086,0.2765871982140694,0.3637293964873057
0.3434214538319219,0.3415995548410883,0.3642936997960128,0.3480736075229443,0.3809192627001488,0.2672977763838412,0.3440686915152883,0.37869143140135,0.2498858120771653,0.3379980343662836,0.3271014572826884,0.3325845917259955,0.3367513095554306,0.331693316770819,0.368020746272271,0.401875495544326,0.3872336239836403,0.33029417552622,0.405647810771874,0.3320870721967128,0.3384050750066888,0.3560550835377009,0.3606906717327273,0.3221407645792033,0.3065117239703321,0.2288832222917541,0.335674092553218,0.3339669535495633,0.360393798919205,0.3638705252181601,0.3176911229535187,0.2974117720777876,0.3577553457428557,0.3344092926276901,0.3216433782670057,0.3518910880899101,0.3630800801061628,0.3418342445301149,0.2981775489668799,0.3138564518689365,0.2999776252233634,0.3182794446423392,0.3648404220884829,0.3193502122816055,0.3338617868950505,0.3322304345997041,0.3507292878787537,0.3498681627449754,0.3319699688543056,0.2853222405066276,0.3740062041479698,0.329907649787288,0.3305261116735068,0.3492447301571731,0.3552997040729522,0.3575514268708378,0.3119414516367386,0.2913083684004234,0.360930442074465,0.3518742287467914,0.3511226617665388,0.3839346263986471,0.3104827702510617,0.2546455508677638,0.3674967153207308,0.3213268982440497,0.2939192896812692,0.371465428510542,0.3571445790059561,0.295187614873979,0.3174478067273095,0.2977795998271478,0.329441695225716,0.3226707811946506,0.3062810230780303,0.3020181207727925,0.3372624639269217,0.3048232319006156,0.3455833343453438,0.3710483925852598,0.332712387774252,0.3161766114380283,0.3600010553972291,0.3193561028603137,0.3528758767741365,0.3355574186445637,0.2796880242687045,0.3147368947921927,0.3213369747221906,0.324987023277743,0.2957722910778891,0.2557525538175872,0.3519156944774767,0.3692233906564404,0.3580962872076136,0.3204035752779159,0.2806652423906105,0.2818074954349454,0.3637410322695952
0.3482276973577183,0.3423671414895693,0.3614025787992772,0.3471602651977499,0.3791907663066011,0.2697503158516217,0.3442730173834805,0.3782536637166084,0.2596014204614142,0.3403981420354495,0.334157450016122,0.333293880828678,0.3360686811021439,0.3300750900203704,0.3688052578470338,0.4015137804626785,0.3859312588242132,0.3294097597711732,0.4037261331123101,0.3322603123185761,0.3382473617791374,0.353956828301871,0.3599359000737189,0.3186650146295134,0.3052072193154666,0.2409691110286596,0.335894013506123,0.3352949996316689,0.3612883628011138,0.3635133354734623,0.3162551248007372,0.295797326449468,0.3584691776636951,0.3341789718476968,0.3252814634592542,0.3546609450636803,0.3636740651422219,0.3404775175008628,0.2966324690637202,0.3127783493829011,0.2982662800160695,0.3171614936008416,0.3632376007008658,0.3176795532458112,0.3367848512364352,0.332816339008496,0.3510525044876803,0.3492065338272074,0.3316583250676064,0.2842787180557389,0.3764685499149368,0.3295328453115093,0.3296240685674362,0.3505456500877495,0.3548460340175822,0.3572482469947453,0.3101783894769931,0.2928233177098976,0.35980826047354,0.3511867868261581,0.3497987987067027,0.384234794797268,0.3096386064032796,0.2536303523502299,0.3692934067365134,0.3183939608424037,0.2923890060987535,0.366575472345607,0.3561739089096458,0.2939135169921903,0.3229991419692717,0.3007175984415699,0.3317549338457534,0.3216887206912111,0.3046541552266733,0.3005053196254192,0.3349812950747566,0.3039107205210788,0.3486380707030125,0.3710814503224354,0.3317418766956879,0.3147783009041143,0.3595036659635406,0.3185218549913637,0.3521306558056786,0.3337715716785593,0.2823576121691877,0.3147352439004405,0.3201336687417054,0.3295855215142093,0.2962172876882922,0.2541741759162008,0.3519672675680349,0.3705726302470611,0.3551178331245456,0.3169663800822946,0.2783689925180537,0.2881516769316116,0.3638890175493312
0.3521562913734595,0.3431282123679696,0.3577864224580366,0.3461767858558535,0.3774816947697094,0.273409382356569,0.3445905382574817,0.3780326640060817,0.2691469009473862,0.3425489462939655,0.3401482832914908,0.3337933608926789,0.3352775780943628,0.3283662180363121,0.3695152705011426,0.4013475322821003,0.3843326068141266,0.3281929728226307,0.4009203344977913,0.3326304230020898,0.3381518055017188,0.351718870154087,0.3584982316945548,0.3151848700070172,0.3038043663686525,0.255205537161454,0.336262374907386,0.3361527482010797,0.3620069195640735,0.3628228666507906,0.314816062049137,0.2939800364072385,0.3592476294990075,0.3339038363219258,0.3289832344449488,0.3572095330678067,0.3640989811947562,0.3390781435888761,0.2950182331609329,0.311619463392449,0.2966412724382403,0.3160574921279484,0.361408877673454,0.3160300968687567,0.3394293528085091,0.3333620867354156,0.3513803251813917,0.3485793583841021,0.3313828810971931,0.2831726165074488,0.3790938892516741,0.3291446035773147,0.3287503018745185,0.3515935397316053,0.3542909949708552,0.3568546167699312,0.3083889573254487,0.2951719634161187,0.358620382834584,0.3504581895394262,0.3483955691956423,0.384620655852724,0.3085827411487256,0.2526307717751282,0.3702070132785088,0.3155126483353924,0.2907011389149255,0.3615512215844741,0.3551053092042882,0.2922196153756046,0.328257495363449,0.3040790343831384,0.3336215893169125,0.3206753833189277,0.3033517043331457,0.298773166055354,0.3327030083320095,0.3031649280090116,0.3513065220057546,0.371115299105241,0.3307090329680314,0.3133482580468476,0.3590878435449446,0.3177301940309625,0.3514453730419454,0.3326110366741334,0.286215348912525,0.3149191729647587,0.3188260247178971,0.3337557033249999,0.2975245693107257,0.2534304487664421,0.3519615925904121,0.3718207223160925,0.3521451070658778,0.3132816087735668,0.2758038368400934,0.2954277299756439,0.364137661773598
0.3552580765766495,0.3438619409413239,0.3536535178423631,0.3451191873991002,0.3758202750013539,0.2781631411696461,0.3449788525083485,0.378010511065587,0.2784344480612233,0.3444564156420647,0.3449429694033514,0.3341118216037123,0.3343305168648689,0.326612156077706,0.370135704003067,0.4012992479066335,0.3824920524759503,0.3267142496193028,0.3974990921939201,0.3331651342059928,0.3381467484228767,0.3493400037764326,0.3562650539033892,0.3117786469607664,0.3022986676090315,0.2711571455998946,0.3367828971545948,0.3365849343527896,0.3625577472877618,0.3617202303647065,0.3133757580152058,0.2919269822894606,0.3600985350929346,0.3335950797569494,0.3326548110422687,0.3595600176743601,0.3643436751717753,0.3376624308075243,0.2933197238386255,0.3103537861257761,0.2952136370284444,0.3149619890349114,0.359359402559227,0.3144141694023567,0.3418001196302836,0.333856473088397,0.3516987699377225,0.3480046659246702,0.3311340728260543,0.2820636289808411,0.3817668774344033,0.3287565129285472,0.3278854120797531,0.352407954501763,0.353660946300203,0.3563777754514197,0.3065692403713369,0.2983767039668951,0.357431180795034,0.3497229007347838,0.3468970405523548,0.3851331293277172,0.3073290448300694,0.2516501513342482,0.3700711640624736,0.3126964049631393,0.2888696833172124,0.3565325647365482,0.3539875149857641,0.290231772505014,0.3331569832633653,0.3077757990284936,0.3349961074981893,0.3196410980345589,0.3023364154438982,0.2968000257122038,0.3304190627721952,0.3025438413597881,0.3536634625557888,0.3711371216558222,0.3296011643235508,0.3118799132338433,0.3587577868814284,0.3169711565146939,0.3508342043788693,0.3321594346399788,0.29122708976336,0.3152379851087235,0.3173899021761262,0.3374685521050259,0.2997413250901929,0.2536786002736088,0.3518891335808092,0.3728774722261353,0.3491908573780429,0.3093616195617428,0.2729962207649344,0.3033923331998637,0.3644430132970174
0.3576161484252963,0.344539816568309,0.3492134275696441,0.343990085927469,0.3742232109365482,0.2838386768687251,0.3453925597604027,0.3781392040661224,0.28738969618085,0.3461399556122925,0.3484543726226537,0.3343034361909881,0.3331939048920108,0.3248565760012534,0.3706626968340775,0.4012695563230416,0.3804795205291399,0.3250702338496539,0.3937918645863422,0.333823386534349,0.3382485197847112,0.3468194630985151,0.3531516947589529,0.3085110642691966,0.3006931084927435,0.2882993203503584,0.3374377908858227,0.3366572932255973,0.3629345849789852,0.3601517354668406,0.3119328804668253,0.2896299419358634,0.3610129475303955,0.3332675992207846,0.3362140084095661,0.3617283755204019,0.3644046485458345,0.33625741561602,0.2915286743152079,0.3089568610626717,0.2940998003402182,0.3138697855586037,0.3571145779938828,0.3128488389939965,0.3439166630439343,0.3342827772675333,0.3519930394893979,0.347492446930687,0.3309042986658943,0.2810358899006865,0.3843344849465093,0.3283752297159343,0.3270101604560015,0.3530005248405944,0.3529822673619707,0.3558235913325601,0.3047189057849172,0.3024078639026362,0.3562988325473893,0.3490116036146987,0.3452948288555776,0.3858023236532097,0.3058990731372532,0.2506969985000547,0.3687362505488358,0.3099525836847809,0.286930670110991,0.3516553788801372,0.3528675046466973,0.2880960166647774,0.337682810876838,0.3117038899262264,0.3358619407497459,0.3185915523266612,0.3015727820866731,0.294579525029404,0.3281151737809479,0.3019867151718787,0.3557757229247639,0.3711426196834466,0.3284169961234632,0.3103685882163816,0.358511082732416,0.3162261757848263,0.3503080356818732,0.3324636849731835,0.2973000529911111,0.3156301809978004,0.3158115178710112,0.3407308041479455,0.3028718522886773,0.2550245878220941,0.3517400764772668,0.3736448235189203,0.3462572037761718,0.3052388397847263,0.2700098683276811,0.3117686793227858,0.3647640854474946
0.3593317136237485,0.3451371372246928,0.3446630487409423,0.3427977742626328,0.3727000262857389,0.2902165919171265,0.3457937409059333,0.3783526413038341,0.2959568218079962,0.3476245364121766,0.3506530081592842,0.3344163723222286,0.3318517549370441,0.3231303868886124,0.3711024953355373,0.4011477064175391,0.3783707289214639,0.3232994602851809,0.390161717935317,0.3345584610055892,0.3384614888992531,0.3441604233071583,0.3491143728092227,0.3054323583290504,0.2989935047250739,0.3060479101313298,0.3382063076954927,0.3364483692398218,0.3631301557147883,0.3581002148367052,0.310478437836582,0.2871065591105614,0.3619732985766387,0.3329401822825678,0.339601349164005,0.3637241572519056,0.3642846539979368,0.3348850891270332,0.2896515666018259,0.3074120411207556,0.2934095279922843,0.3127685726196098,0.3547191107213503,0.3113509856701421,0.3458108607866066,0.3346289717344591,0.3522512664675544,0.347043490158312,0.3306820216257083,0.2801822638236995,0.3866136947896688,0.3280063040068602,0.3261104695763096,0.3533775025573852,0.3522830910397971,0.3551931545615215,0.3028453333629756,0.3071870040206377,0.3552724712179171,0.3483473079442585,0.3435889008031815,0.3866393994301645,0.3043216341510672,0.2497895667567783,0.3660933858091343,0.307281010563318,0.2849494232083329,0.3470497880032371,0.3517859103602859,0.2859428869960997,0.3418605093497623,0.3157532219406003,0.3362247160929323,0.3175278488345783,0.3010298359226914,0.2921283600738084,0.3257792311171283,0.3014266695060835,0.3577009156291449,0.3711350977321125,0.3271635482734561,0.3088157146056541,0.3583421468680557,0.3154633589672446,0.3498705043487825,0.3335235556306127,0.3042886411973122,0.3160315804811535,0.3140900421841615,0.3435774459238768,0.3068475861304201,0.2575031103062078,0.3515016898698779,0.37402294145233,0.3433374342063212,0.3009652524539922,0.2669516288768588,0.3202666517566923,0.3650613041932403
0.3605075483386092,0.3456362715373582,0.3401734280145254,0.3415546389805359,0.3712467931974623,0.2970548008534064,0.3461501011621817,0.3785718852168088,0.3041035374690534,0.3489423023086889,0.3515835032036617,0.3344636730334867,0.3303035708785266,0.3214509370463877,0.3714681589934385,0.400817404570986,0.3762356769113029,0.3214149493348083,0.3869659487229557,0.335325165200629,0.3387776862556337,0.3413676950069469,0.3441619283246511,0.3025727828286152,0.2972043680025163,0.3238038734326813,0.3390671832570562,0.3360410357333048,0.363141384257295,0.3555830765102064,0.3090001160777007,0.2843979474930181,0.3629571155541479,0.3326322903335312,0.3427885643270956,0.3655492838844792,0.363987780966978,0.3335590519719755,0.287713429415321,0.3057137446709195,0.2932453463599668,0.3116406440011434,0.3522235770947399,0.3099321258467578,0.3475152634650776,0.3348950989347399,0.3524616294257348,0.3466430389689949,0.3304474903075436,0.2795855905339441,0.3884030282386392,0.3276542998224495,0.3251857161768426,0.3535450506624926,0.3515917996569166,0.354488049695241,0.3009622309092413,0.3125925273087835,0.354391352583205,0.3477425938532299,0.3417816865244112,0.3876238426812763,0.3026382195383353,0.2489620741464556,0.3621034444988787,0.3046861140160158,0.2830198102866778,0.3428417078437467,0.3507738497710064,0.2838660490708494,0.3457479064668254,0.3198204236766537,0.3361144229528283,0.3164518342289484,0.3006816616113871,0.2894943687836286,0.3233956828310871,0.3007975469633694,0.3594798223241018,0.3711248838933259,0.3258635489957232,0.3072207378084448,0.358247193998829,0.314642165819337,0.3495253043190191,0.3352839977221735,0.312011323263872,0.3163753569325164,0.3122314525762231,0.3460602593100381,0.3115124831827798,0.2610662293622481,0.351165511323069,0.373921942971052,0.3404204471065553,0.2966140198230446,0.2639657842881092,0.3286055092494484,0.3652963034005631
0.3612367701554615,0.3460156812752647,0.335873307343824,0.3402738618414417,0.3698387217303352,0.3041131232083957,0.3464320134953,0.3787045198376321,0.3118146808529732,0.3501247444551868,0.351359030528291,0.3344518674807568,0.3285648873758006,0.3198270072977614,0.3717768363868535,0.4001679306267158,0.3741315377005703,0.3194681248733501,0.3845210766899725,0.3360857338702218,0.3391760574745561,0.3384436985258332,0.3383612362758959,0.2999360571490986,0.2953353865741445,0.3410020020251938,0.3399817652367816,0.3355139743669638,0.3629639208539736,0.3526467161165124,0.3074851105089368,0.281571066713805,0.363937950657731,0.3323575707193108,0.345772252634317,0.3672005498939849,0.3635251773680298,0.3322851669862381,0.2857573030166767,0.3038656887266034,0.2936958478407801,0.3104689929245055,0.3496756232147507,0.3085972789980626,0.3490538651008792,0.3350882884404112,0.3526073970334958,0.3462642771789632,0.3301809738442448,0.2793168956887735,0.389499962008492,0.3273131567072724,0.3242467201323011,0.3535143670838961,0.350932021752461,0.3537111913998078,0.2990862988059681,0.3184647063368365,0.3536812176218741,0.347197298664826,0.3398761651873194,0.388700260621698,0.3009038244354609,0.2482605616505428,0.3568231073779284,0.3021853250667352,0.2812548174490108,0.3391494286091693,0.3498511893435925,0.2819135231567871,0.3494257437101646,0.3238147574587995,0.3355827533065025,0.3153656017755986,0.3005091585999996,0.286755572454983,0.3209402531662099,0.3000328963869007,0.3611282287162181,0.3711316078164563,0.3245578058199814,0.3055755120806035,0.3582231196634934,0.3137233579628079,0.3492827585147023,0.3376320194034145,0.3202644251564749,0.3165989747445124,0.3102479816878086,0.3482355048760466,0.3166092326695956,0.2655960186423992,0.350731679774695,0.3732704522277669,0.3374960644508991,0.2922732925477305,0.2612267603918478,0.3365374877077495,0.3654423454743111
0.3616003868545847,0.3462470611490022,0.3318434152644094,0.3389661830952279,0.3684377771675922,0.3111725883598654,0.3466224531270552,0.3786524679409898,0.319084247436238,0.3511866220501374,0.350137193117579,0.3344106078001888,0.3266689181075518,0.3182572395176143,0.3720471217840718,0.3991094684777863,0.372098742855926,0.3175342356699514,0.3830740138370492,0.3368099387743777,0.3396248134516332,0.3353873395361139,0.3318332888054877,0.2975020152249176,0.2934111176696977,0.3571439397238165,0.3408955554756219,0.334933527297897,0.3625935346054356,0.3493664721634195,0.3059152125251242,0.2787240859426095,0.3648911146562994,0.3321218248284059,0.3485597128416325,0.3686750860342359,0.3629237224286936,0.3310623908654907,0.2838457249635021,0.3018803792675892,0.2948165557844342,0.3092339338703553,0.3471220131702926,0.307347938765094,0.3504443638640854,0.3352175893837825,0.3526707870971197,0.3458791339585509,0.329872195300966,0.2794409175382188,0.3897206716814433,0.3269651558153482,0.3233056651325647,0.3533033795387673,0.3503208981891341,0.3528587812439226,0.2972389004228586,0.3246153559112962,0.3531491456868928,0.3466974957417011,0.3378815040225462,0.3897865587500468,0.2991800932986481,0.2477387190100165,0.3504167758171539,0.2998005903965459,0.2797803474371592,0.3360731750502064,0.3490254180624035,0.280086032467592,0.3529798940125995,0.3276597356927595,0.334689977918312,0.3142652657873684,0.3005013643549188,0.284017351423552,0.3183901721986935,0.29906971665845,0.3626410485486829,0.371185421497687,0.3232933811796343,0.3038718699233281,0.3582645726999877,0.3126738985468227,0.3491547285009728,0.3404022008815816,0.3288269634909391,0.3166615968400788,0.3081697455821249,0.3501568627144731,0.3217738649433416,0.2709245541532254,0.3502013966554885,0.3720189944635513,0.3345578671014583,0.288031084407914,0.2589348751501821,0.3438689832746391,0.3654932991815299
0.3616663789384422,0.3463103491701516,0.3281276677827446,0.3376388320289672,0.3670068795765585,0.3180493673885986,0.3467288328724365,0.3783261659066557,0.3259166746476435,0.3521218085245913,0.3481012995763649,0.3343704533458388,0.3246626878195348,0.316725391724213,0.3722949378804608,0.3975817557020117,0.3701570054113612,0.3156612436056498,0.3827726938494292,0.3374736832659745,0.3400865782142703,0.3321959069766459,0.3247395410747083,0.2952358658595153,0.2914724815590684,0.371815730424808,0.3417628605775235,0.3343458061972497,0.3620370621590969,0.345844362738189,0.3042633890248091,0.2759845091161189,0.3657999251117851,0.3319259351408924,0.3511613653391782,0.3699718470773964,0.3622207934599104,0.329880457280328,0.282063429908564,0.2997846998437781,0.2966171156085881,0.3079066599937868,0.3446094916662081,0.3061831879466248,0.3517017073067405,0.3352982968453069,0.3526406064664266,0.3454605518377,0.3295188262074382,0.2800086406262284,0.3889202866788024,0.3265939072114639,0.3223732056921476,0.3529341805695588,0.3497724730254302,0.3519178102085101,0.2954505904908271,0.3308453082652028,0.3527845073055428,0.346217700627589,0.3358153969357208,0.3907802358031028,0.2975325275040512,0.2474641981682626,0.3431546067715626,0.2975481244328338,0.2787321299754465,0.3336858870802263,0.3482886469432549,0.2783445442930718,0.3564834585438458,0.3312978138863234,0.3334938010512948,0.3131415168498612,0.3006550884652696,0.2814155698495983,0.3157355327697074,0.2978607432386909,0.3640028184156242,0.3713219600453818,0.3221111988703151,0.3021092000522334,0.3583658121642409,0.3114687975061219,0.3491476927629562,0.3433903668034863,0.3374665442483422,0.3165556607198643,0.3060516475880294,0.351873642821333,0.3265564308788407,0.2768422534565952,0.3495719831956893,0.3701432737115819,0.3316014768062564,0.2839637315714622,0.2573046315053659,0.3504719536120793,0.3654605852785618
0.3614855360511985,0.3462039369167397,0.3247443976847458,0.3362960788606348,0.3655120306165209,0.3246031583801888,0.3467788755160483,0.3776489326163271,0.3323288960391017,0.352913617468049,0.3454499162867575,0.3343435810824111,0.3226014034570496,0.3152035793458788,0.3725308053656125,0.3955517509673837,0.3683028724746259,0.3138719503016758,0.3836417130745702,0.3380620447590866,0.3405223171894295,0.3288672591227242,0.3172614179550155,0.2930931585298109,0.2895746403553949,0.3847042871854146,0.3425524631773875,0.3337717839574218,0.361315745212097,0.3421954037012668,0.3024995266251054,0.2734988266448091,0.3666544431281945,0.3317657552939324,0.3535896335094537,0.3710899250312958,0.361450730921288,0.328718305557759,0.280514516298854,0.2976266642101576,0.2990651983618964,0.3064558432625684,0.3421772029354918,0.3050952807812246,0.3528322045462652,0.3353544510081965,0.3525101512809574,0.3449779950523899,0.3291213760219348,0.2810429177075359,0.3870131556233329,0.3261901233325326,0.3214637401403737,0.3524304117737635,0.3492995338437006,0.350875745643715,0.2937588608765369,0.336962403594926,0.3525674797219655,0.3457257419214732,0.3336992385944424,0.3915592862968357,0.2960365847330517,0.2475237404846247,0.3354051902612012,0.2954442151106018,0.2782434565837291,0.3320336542388583,0.3476151611941815,0.2766268821062604,0.3599887833273478,0.3346941644371664,0.332046366350137,0.3119886014124282,0.300972783852283,0.2791156042693309,0.3129747412624062,0.2963827558851922,0.3651913302731934,0.3715721833476673,0.3210443757220076,0.3002910210822596,0.3585224826768796,0.3100970777853422,0.3492637262058447,0.3463725743572131,0.3459552467051505,0.3163019658458186,0.3039634370306929,0.3534270580408259,0.3304611479696923,0.2831058098874653,0.3488459166435176,0.3676488276843054,0.3286194733651396,0.2801332446500698,0.2565424660088958,0.3562810390298219,0.3653666585334194
0.3610923652986612,0.3459358911544371,0.3216866077152082,0.334939893156231,0.363917352415361,0.3307392587803194,0.3468083921590501,0.3765523251077681,0.3383430201758783,0.3535425234907889,0.3423804218163345,0.3343539458553333,0.3205472686757253,0.3136598007395864,0.3727618115900482,0.3930070045364992,0.3665121112355396,0.3121995668445172,0.3855748466706248,0.3385742297400406,0.3408936982170939,0.3254002446047437,0.3095801965937425,0.2910211084011094,0.2877903843924468,0.3956116956171523,0.3432275506236312,0.3332107135622763,0.3604574843208227,0.3385305617396003,0.3005987029984587,0.271423580686276,0.3674488123330262,0.3316287107875388,0.3558548870403882,0.3720317183079432,0.3606428098997683,0.3275489407452578,0.2793142763486028,0.2954744392312858,0.3020927671715723,0.3048610862908049,0.3398491641497502,0.304065317968291,0.3538267371972798,0.3354105297635097,0.3522697440244596,0.344402405714874,0.328685166431139,0.2825381363357651,0.383987449650005,0.3257414760743565,0.3205944442849384,0.3518188133672578,0.3489113091445353,0.3497290093034458,0.2921989822475308,0.3427935424598688,0.3524764647339058,0.345187581192635,0.331557356551084,0.3919908515290855,0.2947799312452555,0.248015094110376,0.3276203178790088,0.2935164403722877,0.2784255641124179,0.3311414789882947,0.3469663377761927,0.2748665137688121,0.3635231347201798,0.3378321345668593,0.3303907128138358,0.3108077660517098,0.3014567724185986,0.277296534009097,0.3101076672032032,0.2946348384720292,0.3661784265060501,0.3719542877622004,0.3201190818296759,0.2984231971350042,0.3587270767989318,0.3085667766740226,0.3495015554093651,0.3491281511153064,0.3540889830315402,0.3159392658562219,0.3019795805747913,0.3548433997567304,0.3329888826597209,0.2894628511974285,0.3480382520637042,0.3645731799826958,0.3255997560220814,0.2765835046866746,0.2568273778779503,0.3612836543750736,0.3652445698194499
0.3605169013355845,0.3455156546242792,0.318925454953761,0.3335711871130261,0.3621908771426953,0.3364064087190827,0.3468604420902067,0.3749795954163499,0.3439770391130597,0.3539860961432738,0.339068496766866,0.3344610108828017,0.3185672059994494,0.3120588749544235,0.3729945919728645,0.3899516651273802,0.3647465221440574,0.3106865808389248,0.3883454647777398,0.3390238760337135,0.3411669348506115,0.3217941764007583,0.3018628673449247,0.2889660404989849,0.28621412436667,0.4044520653836219,0.3437449755569976,0.3326497258536023,0.3594937194641837,0.334947423913246,0.2985436527386575,0.2699211481501328,0.3681861345494015,0.3314955179704962,0.3579585637672388,0.3728094448812713,0.3598297338893202,0.3263480116005104,0.2785817012800776,0.2934084720028853,0.3055950552774688,0.3031144094864193,0.3376346862319977,0.3030663651988509,0.3546655369810643,0.3354839133488471,0.3519097471645175,0.3437193100904986,0.3282244467244313,0.2844726648531864,0.3799104380682568,0.3252276331648027,0.3197749468219274,0.3511317265116666,0.3486134097144711,0.3484810968956376,0.2907996092861746,0.3481949656105276,0.3524880492741056,0.3445705750514187,0.3294240857922446,0.3919519287689707,0.2938526264541246,0.2490357622569735,0.3202989031147882,0.2917990110888833,0.2793563303233506,0.3310121159661349,0.3463009629297039,0.2730103451497348,0.3670799201864585,0.340706271280806,0.3285537400597939,0.309599148727151,0.3021004905734195,0.2761308564982057,0.3071463980876869,0.2926375430391122,0.3669381287330161,0.3724718273888553,0.3193488783962944,0.2965256359750896,0.3589639658286832,0.3069001655429187,0.3498505572022373,0.3514631068606175,0.3616974345778277,0.3155215953279469,0.3001861293906609,0.35613315082982,0.3336821902766228,0.2956825250906545,0.3471677584200667,0.3609829165756099,0.3225325914027118,0.273330249632089,0.258299718019693,0.3655126623169361,0.3651370629982458
0.3597953060245927,0.3449616828773434,0.3164275855407389,0.3321935663533565,0.3603173593265769,0.3415919009346842,0.3469917295587482,0.3728981949807824,0.3492431517403487,0.3542226812722072,0.3356575355969191,0.3347343628564652,0.3167231664065481,0.3103605855177705,0.3732339071920826,0.3864049199022646,0.3629622984465579,0.3093555706888454,0.3916289536616046,0.3394347205180266,0.3413168411994629,0.3180497151932691,0.2942519604120156,0.2868857551640594,0.2849576205096233,0.4112305084002516,0.3440823717278105,0.3320690373472656,0.358464105556426,0.3315236011556378,0.296324628017367,0.2691512039402998,0.3688825703669866,0.3313465938432108,0.3598904820122394,0.3734439872759064,0.3590470717737145,0.3250977841172374,0.2784321362874292,0.291517881240022,0.3094344638682886,0.3012138944405169,0.3355324070370232,0.3020710340949137,0.3553289790374319,0.3355875018319882,0.351430800409283,0.342931964094592,0.3277600780684124,0.2868153087889538,0.3749302650150615,0.3246316405946331,0.3190010820128187,0.3504042478063331,0.3484124818493652,0.3471392895383933,0.2895877491481495,0.3530634974189167,0.3525743293373369,0.3438461250912105,0.3273462966030313,0.3913472197857887,0.2933369003242759,0.2506807349851919,0.3139313668017002,0.2903159981731745,0.2810785996991661,0.3316166375236255,0.345579835618351,0.2710364521992282,0.3706144783597865,0.343322745755345,0.3265444308714453,0.308353981083229,0.3028835463242542,0.2757748247759612,0.304133212440263,0.2904401636269126,0.3674560094617166,0.3731138149930983,0.3187278154505669,0.2946449660535841,0.3592110594096808,0.3051261942070025,0.3502855204285885,0.353227542387516,0.3686427456620995,0.3151179353231618,0.2986902294765625,0.3572992553054471,0.3321763376524791,0.3015723596675413,0.3462467076527013,0.356967025369846,0.3194202227345432,0.2703552052287174,0.2610459839183752,0.3690378717016288,0.3650875880932216
0.3589669471444224,0.3443084042541184,0.3141705812075832,0.330819705677745,0.3583002600841463,0.3463116668712221,0.3472679003369778,0.3703034173691417,0.3541480273985551,0.3542426769891555,0.3322587098220392,0.3352327195627316,0.3150622495376319,0.3085258040383813,0.3734798717939767,0.3823980186716971,0.3611178332143951,0.3082071735502929,0.395035009368411,0.3398368080919809,0.3413266501163918,0.3141712113388212,0.2868566646824916,0.2847550464738974,0.2841406014004764,0.4160220746257037,0.3442445396708276,0.3314416084064126,0.3574146879051052,0.3283062001929273,0.2939442139030856,0.2692535725588482,0.3695587749538599,0.331163623850889,0.3616295125772281,0.3739563988740878,0.3583213495089851,0.3237853083358652,0.2789647713963728,0.2899051410984169,0.3134578777291872,0.2991699680458715,0.333531789300674,0.3010540648097407,0.3558012978449157,0.3357322734146997,0.3508429334288716,0.3420521936081433,0.3273145604845231,0.2895236456101692,0.3692758089692816,0.3239484170892112,0.3182591058873789,0.3496679334664818,0.3483180112677263,0.3457175012907321,0.2885935378575466,0.3573405550635973,0.3527053161469595,0.3429939135772787,0.325376594420819,0.3901151440985972,0.2933074823915356,0.2530413034470052,0.3089451786313059,0.2890745430020074,0.2835946764003886,0.3328894735975559,0.344764021459174,0.2689658823783078,0.3740552390330481,0.345701737454142,0.3243592118972149,0.3070568534064793,0.3037743803939736,0.276363385927933,0.3011430267121243,0.2881266331224003,0.3677296277175371,0.3738515372070294,0.3182296345875456,0.2928533787300558,0.3594429504766682,0.3032829128745374,0.3507685564798443,0.3543264383563346,0.3748169790655583,0.3148015713410724,0.2976109966728116,0.3583440900800914,0.3282444124399216,0.3069851326964306,0.3452867619093505,0.3526288733679737,0.3162799803205029,0.2676112857468866,0.2650777263154956,0.3719474984927464,0.3651305046572435
0.3580679285828524,0.3435971184733211,0.3121415195113552,0.3294764867945184,0.3561544445705119,0.3505957362467367,0.3477501944872394,0.367209236233356,0.3586874968287831,0.3540580291677746,0.3289551283223208,0.3360219092743685,0.3136146613956244,0.3065267334620197,0.3737301397866363,0.3779684332279935,0.3591794998227419,0.3072441281814625,0.3981471886056955,0.3402646244331917,0.3411851958929631,0.3101683872280346,0.2797511240564003,0.2825623520377253,0.2838821021521177,0.4189594885743386,0.3442359207061873,0.3307404392749645,0.3563875765265806,0.3253071609399808,0.2914268978365067,0.270332300451366,0.3702275248957568,0.3309269339797676,0.3631428575929091,0.3743660788653497,0.3576657973179609,0.3224022693627208,0.2802480330284571,0.2886866685514405,0.3175152102525211,0.2970223489791988,0.3316138449916606,0.2999889650011696,0.3560683843552538,0.3359225679190993,0.3501542898099563,0.3410959593183406,0.326910451431989,0.2925485129399107,0.3632424526969176,0.3231780512368128,0.3175310357755938,0.3489490473100896,0.3483368954048652,0.3442387677108341,0.287847894257192,0.3610050413421368,0.3528555406369352,0.3420083357243271,0.3235700910793108,0.3882325548069046,0.2938325692028418,0.2561937370373234,0.3056647987851669,0.2880730367366955,0.2868573161408229,0.3347349087085797,0.3438199633056067,0.2668606735647379,0.3773209092962987,0.3478703297886377,0.3219866533476214,0.3056920655649449,0.3047335424746646,0.2779949618779627,0.2982726460616183,0.2858114379539717,0.3677662705888453,0.3746350722455844,0.317811862269952,0.2912417513147921,0.3596295635944683,0.3014230739707823,0.3512525084879216,0.3547275949762545,0.3801444241816035,0.3146313953301578,0.2970612039883701,0.3592681759555638,0.3218270735626594,0.3118279595359481,0.3443078772263901,0.3480777576216025,0.3131446012856221,0.2650305409991967,0.2703234935669623,0.3743260339499837,0.3652894337044287
0.3571365865885886,0.3428651333789319,0.3103301369046681,0.3282033345322191,0.3539054135215341,0.3544763316326354,0.3484905184622347,0.3636434504520791,0.3628412801075344,0.3537042073158842,0.325812262850589,0.3371777843380603,0.3123934744127598,0.3043498296620886,0.3739842091857651,0.3731538332584547,0.3571245527508957,0.3064779336749039,0.4005630382030544,0.3407542330041926,0.3408877691259989,0.3060579408021547,0.2729863595144105,0.2803078959994613,0.2842891607092478,0.4202206273681058,0.3440481237429437,0.3299563680350569,0.3554158015603718,0.3225127355247498,0.2888263663498654,0.2724494299899152,0.3708939731398261,0.3306191931668769,0.3643877884943858,0.374698308987133,0.3570897200253508,0.3209497702387275,0.2823121904144995,0.2879786616563815,0.3214686206631856,0.2948443691071346,0.3297543571269981,0.2988478167261841,0.3561197224882911,0.3361554248499557,0.3493692949411544,0.3400889405479723,0.3265678858358002,0.295845290043995,0.3571589120175136,0.322320071033054,0.3167940379949812,0.3482716118752765,0.3484680830562726,0.3427321022975173,0.2873789797892571,0.3640663963343403,0.3530074237331012,0.3409030576825043,0.321990761901295,0.3857247906618682,0.2949621829468713,0.2601840800434499,0.3042792958116678,0.2873069608267239,0.2907716687645125,0.3370358610132609,0.3427334900742194,0.2648128614055884,0.3803285465090925,0.3498506853195572,0.3194117415958124,0.3042457432364729,0.3057104286588188,0.2807106443520996,0.2956353305959544,0.283631706319651,0.3675865690002434,0.3753967601147801,0.3174222245009634,0.2899198922189029,0.359735980655527,0.2996050887703017,0.3516830067524558,0.3544621813523284,0.3845822402497305,0.3146391373064908,0.2971414289144238,0.3600690303938615,0.3130510311931247,0.3160668554199576,0.3433310889827423,0.3434194485123144,0.3100681761984361,0.2625277141035568,0.2766415005562719,0.3762439079961163,0.3655789156392816
0.3562227733034547,0.3421478815297603,0.308731372828034,0.327043029633137,0.3515932683486044,0.3579837909563998,0.3495330343535489,0.3596544405174412,0.3665745884090365,0.3532371479276315,0.3228937413482234,0.3387483901577439,0.3113890355242075,0.3019937224239364,0.374242492048209,0.3679900881467241,0.354942702018636,0.3059118411246403,0.4019321957370597,0.3413382917009107,0.3404402340978685,0.3018682466735631,0.2666095685107176,0.2780071289153925,0.2854413931988719,0.420010519350827,0.3436814512956749,0.3291078469183088,0.3545249772493409,0.3198941773110634,0.2862250834818066,0.2756226426649509,0.3715638423241716,0.3302338911415379,0.365320446293163,0.3749854615762016,0.3566051180069968,0.3194413976182073,0.2851490534628384,0.2878784755254038,0.3251999681492365,0.2927304917616931,0.3279278678614971,0.2976085981903398,0.3559547508273908,0.336429434561313,0.3484989184852833,0.3390676941778486,0.3262972975507659,0.2993773719560311,0.3513524051557282,0.3213797290595666,0.3160185439197989,0.347657062789771,0.348704358164901,0.3412291838272849,0.2872143536603278,0.3665649655540211,0.3531482266793001,0.3397080060083722,0.3207141791546956,0.3826687382065177,0.2967123476986454,0.2650200614543503,0.3048142635459926,0.2867623906394458,0.2952080887885458,0.3396565799378191,0.3415156797265907,0.2629348394459493,0.3829970998142682,0.3516571213244233,0.3166270375740314,0.3027058405110285,0.3066391418435669,0.2844852472091141,0.2933624279659508,0.2817425901439312,0.3672259410021337,0.3760615992983983,0.3170071102292481,0.2890166811939217,0.3597283811467862,0.2978730231656988,0.3520046724137159,0.3536091147545795,0.3881118767779208,0.3148282002193858,0.2979417601646351,0.3607478567108464,0.302232822064217,0.3197164061904914,0.3423661000038313,0.3387461747316974,0.3071313545760816,0.2600052825756847,0.2838341347450337,0.3777586266070904,0.3660020472057773
0.3553820169468147,0.3414820263761894,0.3073488990965948,0.3260319431255002,0.3492661814347718,0.3611460026869428,0.3509060732212683,0.3553155899268373,0.36984280447686,0.3527269659632534,0.3202699661101044,0.3407350637747639,0.3105642356205035,0.2994727346650827,0.3745021956709223,0.362514621382881,0.3526385273983406,0.3055321273884522,0.4019937332294935,0.342040371615932,0.3398593369443161,0.2976460442178479,0.260679055329488,0.2756918446722048,0.2873799906090813,0.4185477608291653,0.3431560346551219,0.328232743541917,0.3537306656912498,0.3174077817700112,0.2837274113384725,0.2798188523375974,0.3722427734162722,0.3297750868055676,0.3659029914884317,0.3752554593333409,0.3562222534359673,0.317899521433955,0.2887096313265848,0.2884585571801218,0.3286229481577148,0.2907880812328905,0.3261105045402205,0.2962629837264241,0.3555860912442899,0.3367484064541605,0.3475635310733001,0.3380696837873194,0.3260949099059986,0.3031094369328541,0.3461256982696867,0.3203720845240937,0.3151700978315964,0.3471191769285058,0.3490368401366867,0.3397640580049063,0.287386377934005,0.3685678148715857,0.3532656483028099,0.338460646764583,0.319817998216145,0.3791798440804759,0.2990628038274217,0.2706681747257016,0.3071229449367425,0.2864085360383254,0.3000117528996998,0.3424456419299538,0.3401932518594417,0.2613486213009183,0.3852600603111156,0.353300442384565,0.3136460219241624,0.3010648461523346,0.3074434138990671,0.2892330852282114,0.2915986010204011,0.280311230385704,0.3667261339173146,0.3765567664658773,0.3165186947804359,0.2886679260011184,0.3595789117719056,0.2962486452284977,0.3521700367641978,0.352270517895266,0.3907269586621567,0.3151772380554448,0.2995329702386751,0.3613163079781538,0.2898542652635895,0.3228245056447312,0.3414141013255151,0.3341303119300366,0.3044332882121877,0.2573648535205763,0.2916529568985618,0.3789134882652856,0.3665486761051476
0.3546594486211538,0.3408968994152317,0.3061869795189986,0.3251959305378656,0.3469659043606726,0.3639855768913089,0.3526065828744151,0.3507180243445219,0.3725955872578156,0.3522489201880256,0.3180163486448026,0.3431166267182963,0.3098577082976829,0.2968247800526562,0.3747574978235562,0.3567718812498087,0.3502326534545443,0.3053206101078924,0.4006065068333992,0.3428695933237174,0.339168343379078,0.2934591587357236,0.2552742263119428,0.273406502919804,0.2901045162291218,0.4160636250918434,0.3424909577768506,0.3273799752719915,0.3530335542539419,0.3149975455561032,0.281453243368557,0.2849489270967115,0.3729278411684088,0.3292485078824287,0.3660989500267377,0.3755238143506178,0.3559462211174337,0.3163498967133638,0.2928996206285024,0.2897692957006184,0.3316902855873457,0.2891411080956435,0.3242832226482118,0.2948180978135445,0.3550380629411532,0.3371133081327119,0.3465828720519678,0.3371242793803709,0.3259474941718495,0.3070040381844673,0.3417344265672912,0.3193147235594868,0.314213292177241,0.3466634587923314,0.3494541415798742,0.3383702902924149,0.2879348741817982,0.3701507832285685,0.3533479942683433,0.337200908979092,0.3193709919291959,0.3753942675423073,0.3019661862901881,0.2770501015697409,0.3109082671112586,0.2862015668001492,0.3050097963437987,0.3452468190639872,0.3387997799998613,0.2601660236546969,0.3870823926091007,0.3547871044993688,0.31050613993782,0.2993241695589432,0.3080478167696872,0.2948163277003383,0.2904866925093874,0.2795037959094437,0.3661277198502348,0.3768161602840167,0.3159177497509151,0.2889981977420469,0.3592644464105451,0.2947402709980835,0.3521423436751679,0.3505571024480745,0.3924296161496307,0.3156428458358277,0.3019521605731262,0.3617936203473951,0.2765138865303675,0.3254642446160113,0.3404784415064928,0.329626145162826,0.302075686996022,0.2545183770854775,0.2998115880427987,0.3797322084466514,0.3672003059378878
0.3540851748028563,0.3404059467347402,0.305238991783323,0.3245474817290661,0.3447226679278298,0.3665173080270705,0.3545943713417055,0.3459605055125916,0.3747845392580824,0.3518742834971003,0.316214028216327,0.3458574471608086,0.3091899204332303,0.2941140979371396,0.3750020743716605,0.3508170478505605,0.3477567974886196,0.3052680345140056,0.3977619399313429,0.3438171624920866,0.3383952602887874,0.2893937333190942,0.2505065345103312,0.2712075178566624,0.293568828892443,0.4128069478056001,0.3416894746212142,0.3266148354584183,0.3524239645107084,0.3126138404931708,0.2795367605554243,0.2908733743405547,0.373605988769177,0.3286595617580131,0.3658651203752425,0.3758005672004486,0.3557816851441611,0.3148201950340336,0.2975842806726076,0.2918329502010242,0.3343884135986099,0.2879274058534985,0.3224359425188416,0.2932958456265667,0.3543440704265386,0.3375196206562679,0.3455711535577375,0.3362530047392156,0.3258390848986912,0.311026058316796,0.3383549319231799,0.3182223169349172,0.3131156872004362,0.3462942328934923,0.3499367109940125,0.337073745611805,0.2889041422609852,0.3713806921040621,0.3533871413017662,0.3359720098183775,0.3194303123757321,0.3714578435413185,0.3053512578648966,0.2840416413283278,0.3157659625972285,0.286094401870717,0.3100287256433208,0.3479121728772492,0.3373782055477513,0.2594674883395779,0.3884647078507598,0.3561139947074084,0.3072644638743282,0.2974990009544485,0.3083836465034352,0.3010509993767569,0.2901500367094214,0.2794701791525633,0.3654727122322591,0.3767847896926302,0.3151767330559811,0.290108691606658,0.3587672528168896,0.2933471012254713,0.3518943415193817,0.3485835231314493,0.3932345159037707,0.3161639120260472,0.3051993901205281,0.3621987517111215,0.2628758229275185,0.3277240579312419,0.339563875995038,0.3252763090667655,0.3001543166081343,0.2513939240816761,0.3080187809811366,0.3802216562872728,0.3679361882863381
0.3536820482086681,0.3400102730826916,0.3044865929402442,0.3240753124835929,0.3425607863589585,0.3687515273869298,0.3567964362471014,0.3411448066551384,0.3763749373064333,0.3516620882208599,0.3149541949820759,0.3488797220678695,0.3084673120079707,0.2914282830191635,0.3752263328571548,0.3447178113779349,0.3452433851596099,0.3053682869343142,0.3935797916026764,0.3448576170560612,0.3375756976277406,0.2855516987701416,0.2465261285519968,0.2691678298081215,0.2976748646724446,0.4090430073748414,0.3407522138950055,0.3260215459413105,0.3518904742364173,0.3102317840489624,0.2781243059958318,0.29741708173061,0.3742604638376813,0.3280206443866676,0.3651549169960948,0.3760981592992836,0.3557360900212666,0.313338449887889,0.3026059168672335,0.2946281505772426,0.336728920242314,0.2872794374532109,0.3205701133583186,0.2917355827555414,0.3535433880563529,0.3379685597935153,0.3445444026879823,0.3354711866972297,0.3257506243474263,0.3151439992473972,0.3360604068862896,0.3171105557355614,0.3118512847671324,0.3460193505098032,0.3504533888981251,0.3358880421795297,0.2903346116218961,0.3723131192517531,0.3533774493060976,0.3348168085798121,0.3200402701116837,0.3675158073738133,0.3091175206881735,0.2914790694107564,0.3212337079998093,0.2860406659821403,0.3149164289311587,0.3503099908475896,0.3359806107578982,0.2592949854320412,0.3894343530946992,0.3572702731875927,0.3039998404787818,0.2956258796303539,0.3083875488326693,0.3077174949877514,0.2906771670373165,0.2803316753973212,0.3648057520943891,0.3764277836148556,0.314287033463455,0.2920680121334676,0.3580822806154823,0.2920489148205246,0.3514137682463233,0.3464541884055453,0.3931681323443896,0.3166708123163951,0.3092399990510873,0.3625472540588023,0.2496219786771927,0.329687248535178,0.3386690233328395,0.3211143569713485,0.2987551724091561,0.2479409964510201,0.3160118659164797,0.3803841126449545,0.3687339005097809
0.3534657533105197,0.3397038982643759,0.3039056616013426,0.3237295399236353,0.3405000780464769,0.3707014200928945,0.3591061703482958,0.3363727049484725,0.3773543199850227,0.3516505381685693,0.3143287801494164,0.3520605048179692,0.3075903010279013,0.2888758847341813,0.3754119121788939,0.3385558139801905,0.3427178302425464,0.3055993106039593,0.3882954728254086,0.3459542836944285,0.3367532368516344,0.2820511913214605,0.2435121172974768,0.2673782294590248,0.3022779501513471,0.4050447041135837,0.3396883330499224,0.3256875468054228,0.3514193200170506,0.3078488648459798,0.2773614882713678,0.3043832902810527,0.3748737278211652,0.3273515316155487,0.3639280351031762,0.3764258651117765,0.355816019647825,0.3119259713399916,0.3078009199853325,0.2980842108637209,0.3387457267386043,0.2873046208658797,0.3186989261004856,0.2901974896598774,0.352677273103453,0.3384725326322149,0.3435233748215383,0.3347843954236593,0.3256569477821833,0.3193226741288374,0.3348229219117611,0.3159970746600873,0.310401293807048,0.3458454850719973,0.3509639884622728,0.3348166759512542,0.2922540148709054,0.3729963283460185,0.3533102534804519,0.3337647341610052,0.3212257517537749,0.3636955693869587,0.3131375158945356,0.2991709105455791,0.3268435737910616,0.2859933896941135,0.3195496612488621,0.3523317511550671,0.3346548059504931,0.2596557372333924,0.3900396467486045,0.3582452247130483,0.3008188431311471,0.2937707640817846,0.3080026961230223,0.3145793731864938,0.29210989504239,0.2821689751122123,0.3641643788992098,0.3757397329361284,0.3132634126767817,0.294899162090275,0.3572212611194497,0.2907989657488679,0.350712685886522,0.3442387299628543,0.3922611048748005,0.3170970181912344,0.3139985150961923,0.3628528206998427,0.2373979679197437,0.3314156154222442,0.3377880059418267,0.31716329081648,0.2979408069665012,0.2441389350654934,0.3235699698603921,0.3802261833683005,0.369569550688736
0.3534333697272566,0.3394699386811285,0.3034684182935614,0.3234169166675545,0.3385499098088552,0.3723868023604902,0.3613772690918884,0.3317406223282485,0.3777360129322415,0.351851179746144,0.3144052519614884,0.355271368421975,0.3064682191976013,0.2865842152254345,0.3755326244980141,0.3324266355995015,0.3401985693156317,0.3059156499614228,0.3822387413137189,0.3470639993609,0.335973611740727,0.2790240152347139,0.2416481248905344,0.2659418308763498,0.3072084412969909,0.4010829349054216,0.3385068340604916,0.3256864279494883,0.3509914960058354,0.3054738504414464,0.2773727224451294,0.3115646220393631,0.3754258645593716,0.3266685773504953,0.3621497983261888,0.3767817817345124,0.3560251152993034,0.3105898994781316,0.3130069628793284,0.3020927120374861,0.3404909114456811,0.2880786830301369,0.3168465415455105,0.2887602990535,0.3517872467805037,0.3390423989161639,0.3425238664560173,0.3341854863758102,0.3255301158977491,0.3235167163512463,0.3345288151601782,0.3148932345637695,0.3087517738833542,0.3457720408153745,0.3514254516747426,0.3338570524556507,0.29467537764265,0.3734655682381039,0.3531726457906143,0.3328223510265602,0.3229860013715783,0.3600906894347812,0.3172743833482848,0.3069115907780292,0.3321763110886565,0.2859077374262218,0.3238295257376386,0.3539024140045166,0.3334322141957835,0.2605200009118749,0.3903519373365612,0.3590303055400628,0.2978483895160065,0.2920292632318318,0.3071872366238312,0.3214058687284634,0.2944374507418325,0.2850088266617472,0.3635712934316063,0.3747457313914393,0.3121386096484356,0.2985702019911658,0.3562073046907574,0.289533086513365,0.3498266707912825,0.341963823249202,0.3905475116915132,0.3173886447795428,0.3193531969646085,0.3631283217389967,0.2267587433874262,0.3329513899295939,0.3369164530698355,0.3134399868644248,0.2977315683658012,0.2400036872087871,0.330517921398369,0.3797604688885967,0.3704236326550397
0.3535598113440295,0.3392772077903029,0.3031437735526546,0.3230115897357793,0.3367068690722418,0.3738316286215368,0.3634277053606115,0.3273339907810987,0.3775627066840679,0.3522501689834066,0.3152069787887132,0.3584009915767864,0.3050328271549756,0.2846926137543705,0.375560268912018,0.3264359465966281,0.3376994708439175,0.306264738848949,0.3757983067766831,0.3481391347887518,0.3352780696920174,0.276605205776207,0.2410974323879765,0.2649697929980862,0.3122938651365312,0.397419401577327,0.3372114736552092,0.3260778087828384,0.3505921238010324,0.3031292336735324,0.2782482664711029,0.3187569890183305,0.3758970403864774,0.3259800329198665,0.3597831290877405,0.3771587582738687,0.356366329899105,0.3093242787722264,0.3180687798169454,0.3065212920310817,0.3420216635062356,0.2896422658416774,0.3150456843714677,0.2875139961383302,0.3509148950568039,0.339676725602465,0.341550426914384,0.3336571700597538,0.3253469946282333,0.3276732409608486,0.3349910607437077,0.3137986263483031,0.3068938560726593,0.3457931074977091,0.3517968444227325,0.3330017816729727,0.2975998531182297,0.3737353304620039,0.3529545806716186,0.3319793719602268,0.3252939421888946,0.3567571687399742,0.3214009889779192,0.3144962980791926,0.336905815375179,0.285748476328108,0.3276855410389247,0.354986397743428,0.3323295671808024,0.2618137789705468,0.3904622268086442,0.3596156442777308,0.2952144820142224,0.2905167675966293,0.3059223878049371,0.3279924225025352,0.2975965893024429,0.2888162513556214,0.3630396981159849,0.3734931928183512,0.3109543518553125,0.3029972560236025,0.355069256550442,0.2881808949796912,0.3488036093430081,0.3396317174104618,0.3880775103103486,0.317510216995073,0.3251474398745005,0.3633853427117013,0.2181289725555163,0.3343243183764782,0.336048420931096,0.3099682339354066,0.2981010465170761,0.2355912719720813,0.3367378838798784,0.3790090960043988,0.3712858553510162
0.3538096958361389,0.3390868106456445,0.3029022248627337,0.322369882727872,0.3349588771695403,0.3750597791634388,0.3650567395399987,0.323221293475499,0.3769085336206298,0.352812895282764,0.3167087801922053,0.3613418751796932,0.3032455555482903,0.2833417419549009,0.3754658046667795,0.3206929404909683,0.3352271752192687,0.3066040595204093,0.369378178397227,0.3491314178042813,0.3346995968388834,0.2749189156630883,0.2419826824970588,0.2645822902063037,0.3173695958620965,0.394295708773601,0.335809904386214,0.3269084220405061,0.350222202649584,0.3008589007221028,0.280042889103959,0.3257773225378207,0.3762726457129689,0.3252949344880428,0.3567922226636918,0.3775566670101938,0.3568396328473409,0.3081172825417812,0.3228522343226788,0.3112192922143009,0.3433872605719348,0.2919903470694316,0.3133327772666133,0.2865535355407616,0.3500980366745451,0.3403702916243662,0.3406038413758914,0.3331754090164939,0.3250925662662581,0.3317396747789451,0.3359691202296534,0.3127044111582184,0.3048302146169621,0.3459031835641181,0.3520409645120653,0.3322380416391383,0.3010124711580544,0.3738058864245766,0.3526546259519761,0.3312196022105027,0.3280970269516365,0.35371914059325,0.3254073381374651,0.3217357758016703,0.3408247500010847,0.2854930725819715,0.3310881079695328,0.3555831761793601,0.3313522175921227,0.2634257523096975,0.3904657694183012,0.3599924324015325,0.2930261095821794,0.2893574887385006,0.3042127117508898,0.3341749670421097,0.3014731342152712,0.2934980814369099,0.3625796868950582,0.3720432690004288,0.3097575260678161,0.3080529848347783,0.3538421170449229,0.2866655296530481,0.3476955290017859,0.3372393535168198,0.3849288137764652,0.3174471247632114,0.3312076869107185,0.3636323157294807,0.2117739389627206,0.3355480058271806,0.3351712260899761,0.3067875745540309,0.2989853122250799,0.2310036270794713,0.3421788482100714,0.3780095994864906,0.372151087748427
0.3541474589300262,0.3388602965726251,0.3027220708710867,0.3213391511725235,0.3332886683159462,0.3760935065911649,0.3660632268883047,0.3194468338883038,0.3758728609063536,0.3534866106618327,0.3188341645241257,0.3639918791755029,0.3011050918968644,0.2826620209722157,0.3752167689253357,0.3153043850761571,0.3327757669327578,0.3068916483762007,0.3633578128180996,0.3500002735361538,0.3342584644237709,0.2740672943670028,0.2443628345258708,0.2649055202393311,0.3222865881907021,0.3919116369730538,0.3343166724790031,0.3281961448257725,0.3498935172402189,0.2987192015921402,0.2827728181345217,0.3324781453662218,0.3765429740599579,0.3246283759479476,0.3531592380831746,0.3779832523370668,0.3574346189205266,0.3069541454451051,0.3272590229925282,0.3160249911084739,0.344627076301837,0.2950648173376089,0.3117439708515102,0.285974779573558,0.3493643882660547,0.3411239908616417,0.3396884563425096,0.3327103757422809,0.3247579633058414,0.3356689049632235,0.3372075945782433,0.3115966324713731,0.3025817494397829,0.3460976241854422,0.3521249603499538,0.3315470676089427,0.3048695350953236,0.3736776250795277,0.3522752194730754,0.3305203666032771,0.3313183293017762,0.3509747173528879,0.3292015986868571,0.3284698848930817,0.3438538367930427,0.2851273443649861,0.3340476814454123,0.3557208065341233,0.3304881042541089,0.2652322673732577,0.390446513830136,0.3601612875240027,0.2913710820383162,0.2886792758822663,0.302081795488147,0.3398350712573838,0.3059057334488564,0.2989134125629876,0.3621951911795862,0.370468048240223,0.3085974110840194,0.3135725273866125,0.3525648697979899,0.284903600515264,0.3465564058207621,0.3347788933533899,0.3812028477933096,0.3172050216647847,0.3373486047907717,0.363870617561034,0.2077745418272336,0.3366170306649172,0.334271499913289,0.3039476067918089,0.3002872055621957,0.2263964435920079,0.3468478447497456,0.3768126683577999,0.3730126840990606
0.3545350225807286,0.3385612126369181,0.3025925186142731,0.3197667074011492,0.3316763534321924,0.3769533425330674,0.3662619179825478,0.3160280460560176,0.3745692524378117,0.3542064162761897,0.3214507554575699,0.3662809212516838,0.2986577104913029,0.2827612539439392,0.3747802655465646,0.3103693671377754,0.3303272652680792,0.3070674038867491,0.3580573004818982,0.3507207413060303,0.3339554953518798,0.2741224698856164,0.2482085051234303,0.2660575761411644,0.3269250733726545,0.3903974397771722,0.3327461947324895,0.3299161468308654,0.3496154611855817,0.2967597388165577,0.2864045084257386,0.3387538431923428,0.3767002003328088,0.3239921112070498,0.3488949693637632,0.3784462544974223,0.3581294532675834,0.3058136094381692,0.3312288440030222,0.3207824033995786,0.3457733975868651,0.2987632501596304,0.3103146631910684,0.2858675773773587,0.3487307135505463,0.3419358722078153,0.3388071404347831,0.3322292755324661,0.3243384899919773,0.3394200927669297,0.338475326102455,0.3104554111737037,0.3001878753634445,0.3463690790800143,0.3520236806502702,0.330905044244993,0.3090945300714616,0.3733549610408889,0.3518153022774296,0.329846138329376,0.3348630357655363,0.3485000660521428,0.3327157959553284,0.3345809129963063,0.3460352360560441,0.2846418012382993,0.3365971343758959,0.3554549331723698,0.3297055199421591,0.2671189810069806,0.390472572295052,0.360135066152593,0.2903093872392973,0.2886081159281947,0.2995708772173564,0.3448988752786045,0.3106984215980606,0.304883718406343,0.3618831071031836,0.3688472519261065,0.3075166154368534,0.3193643840552484,0.351271364964247,0.2828188240823862,0.345437008128233,0.3322377593288715,0.3770133585693153,0.3168057603886416,0.3433744466455207,0.3640933381637763,0.2060287886561119,0.337520491630308,0.3333435958964279,0.3014961807738507,0.3018742331902732,0.2219788957260738,0.3507918444415716,0.3754727502838797,0.3738625626107263
0.3549304584108944,0.3381567451754814,0.302517105564191,0.3175174650402096,0.3301050529381,0.3776562731792074,0.3655040469762546,0.3129611895178865,0.3731190479895962,0.3549105670290886,0.3243792312275575,0.3681754690866047,0.2960009558189123,0.2837126648769301,0.3741303866041138,0.3059721046552512,0.3278590543095695,0.3070660858906519,0.3537041203404201,0.351285821751667,0.3337675256453045,0.2751180995345526,0.2533905497183782,0.268130687943744,0.3312062916902483,0.3897951283589679,0.3311147027016242,0.3320129479119624,0.3493958888016468,0.295016143260821,0.2908494323701293,0.3445405515335278,0.3767406937177542,0.3233859659961475,0.3440382831219775,0.3789528073703224,0.3588973713818869,0.3046661540083671,0.3347318756287502,0.3253574356930156,0.346847208695642,0.30295650633744,0.3090780552549698,0.2863040909364255,0.3482077738455302,0.3427883862359953,0.3379544231459961,0.3317025066372852,0.3238330816347698,0.3429587414875446,0.3395848897167349,0.3092558370120796,0.2977041917786698,0.3467066420624329,0.3517247749111629,0.3302868077001685,0.313591009358711,0.3728424417955568,0.3512734933147752,0.3291540356418871,0.3386287523849793,0.3462546515443379,0.3359141250299022,0.3400034868921595,0.3475041407711542,0.2840335479190292,0.3387780327605083,0.3548655563277177,0.3289653621460912,0.268985133683732,0.3905979696770016,0.359934572388878,0.289857800333375,0.2892535919596971,0.2967417866425542,0.349336433615865,0.3156409441477918,0.3112026861382928,0.3616423734624339,0.3672553847943992,0.3065409349761759,0.325232846952392,0.3499855088288975,0.2803587407475739,0.3443767961774385,0.3296157147316202,0.3724830977848713,0.3162799266924625,0.3490965791804478,0.3642920293932795,0.206299942624655,0.3382594719886407,0.3323851775455734,0.2994754847225024,0.3035881967944887,0.218001603747608,0.3540865176235899,0.3740450049332713,0.374693373233828
0.3552987930528427,0.3376239193970681,0.3025185613172751,0.3144948691161498,0.3285646708806491,0.3782130991242234,0.3636989955027756,0.3102265933639471,0.3716468069160782,0.3555551040425072,0.3274173079028926,0.3696575120472233,0.29327555270651,0.2855471086351147,0.3732499485890288,0.3021735804524854,0.3253506195991986,0.3068536007105215,0.350409544461308,0.3517053936537517,0.3336468069048757,0.2770407825059474,0.2596896987884348,0.2711796547839218,0.3350929742395144,0.3900554983835334,0.3294487389982853,0.3344196220393449,0.3492498327104342,0.2935132384374012,0.2959761593611164,0.3498137931521974,0.3766685086179733,0.3228044524547754,0.3386607438415093,0.3795162696405772,0.3597083836035222,0.3034787668052059,0.3377644551987377,0.3296431091737122,0.3478515119968903,0.3074997283678768,0.3080588035218831,0.2873283168909274,0.3478020809982033,0.343654422808466,0.3371203054217772,0.3311076149796979,0.3232432602379001,0.3462594229920657,0.3404029684958635,0.3079712638285118,0.2952043412649273,0.3470973626464788,0.3512307272288278,0.3296710142742084,0.3182558519279055,0.3721494735831041,0.3506572831424855,0.3284091340562594,0.3425114301251743,0.3441888645118846,0.3387938506879699,0.3447232877838146,0.3484451514464765,0.2833070857499742,0.3406390441629737,0.3540441246895688,0.3282324622507111,0.2707438260821483,0.3908620908338109,0.3595868075896209,0.2899806964529887,0.2906893804841368,0.2936796963458004,0.3531605909217659,0.3205272747985999,0.3176506623630498,0.3614780394968485,0.3657449744314736,0.305677412252321,0.3309996706581781,0.3487261262027632,0.2775002031392549,0.3434012332524767,0.3269410027181994,0.3677472208878017,0.3156580075879925,0.3543579612376374,0.3644646773755755,0.208284033434401,0.3388489709580762,0.3313884680931075,0.2979241976312324,0.3052687604891636,0.2147416349419947,0.3568264903645173,0.3725892132531553,0.3754936426729417
0.3556226095460606,0.3369524997281741,0.3026380228684105,0.310653739143151,0.3270486899287435,0.3786288975604625,0.360826373986856,0.3077862021990495,0.3702683501592836,0.3561147862543478,0.3303610712930421,0.370722496043101,0.2906526228715056,0.2882486152274885,0.3721271486268387,0.2990066966696548,0.3227851685007422,0.3064356159733968,0.3481652549441304,0.3520055859991687,0.3335208749655762,0.2798257570553669,0.2668177117152278,0.2752136995872199,0.3385827318245246,0.3910421286315909,0.3277811030245451,0.3370540769773053,0.3491934023362981,0.292261440526412,0.3016275971340687,0.3545852527225051,0.3764914752249262,0.3222465923814606,0.3328814776459879,0.3801563827366422,0.3605241580290667,0.3022213704137242,0.3403491886314117,0.3335604015210583,0.3487754661983598,0.3122372264277007,0.3072679488372702,0.2889525973982896,0.3475126391760466,0.3445107985863394,0.3362976190860889,0.3304291674030311,0.3225727681953439,0.3493103930292376,0.3408653721539553,0.306576383580328,0.2927837134407027,0.3475258104009626,0.3505569682658869,0.3290422007788782,0.3229789206579231,0.3713015721568647,0.3499825068957337,0.3275909935692435,0.3464081634432578,0.3422537200519744,0.341376967396758,0.3487660913054325,0.3490543561912277,0.2824689148731915,0.3422324115389547,0.3530795841807418,0.3274726342641449,0.2723338526239032,0.3912889955242482,0.3591269587375038,0.2905974144188025,0.2929415227210567,0.2904921573213968,0.3564178569863697,0.325169324243834,0.3240150253241814,0.3613923605408856,0.3643419795480948,0.3049179607458909,0.3365117402230804,0.3475088425892418,0.2742519516331952,0.3425225340219367,0.3242651910064869,0.36294985143055,0.3149640722499833,0.3590405820810332,0.3646137993115809,0.2116564037597954,0.3393122006551638,0.3303438377482783,0.2968732727621904,0.3067712348447192,0.2124895913714356,0.3591072494332906,0.3711663188207633,0.3762407577653143
0.3558981828169684,0.3361420941333888,0.3029262430249037,0.3060043137251509,0.3255519239614235,0.3789067685646687,0.3569383471149144,0.3055837272540223,0.3690764050913125,0.3565769590647414,0.3330203143535319,0.3713931596099461,0.2883210721982371,0.2917498629716704,0.3707574843140708,0.2964772314274505,0.3201500004805634,0.305833707170591,0.3468552655215497,0.3522267420215643,0.3332935159419239,0.2833607654244713,0.2744398877053195,0.2801850084760827,0.3417003056317352,0.3925365777334398,0.3261414318805725,0.3398063189831623,0.3492273278365126,0.2912489648857077,0.3076282260426131,0.3588971208311153,0.3762152968002898,0.3217126672563073,0.3268739848607305,0.3808903457298262,0.3612986828253559,0.3008694960149765,0.3425298686499687,0.3370634695804982,0.3496066957010898,0.3170129235934787,0.3067063258215363,0.2911585890445729,0.3473307440102937,0.3453358572516091,0.3354814144768652,0.3296595333461719,0.3218301204640876,0.3521146941803724,0.3409825137139771,0.3050554325390734,0.2905580370382259,0.3479729773676264,0.349730216445668,0.3283887787099248,0.3276428313888164,0.3703412251098946,0.3492629966325605,0.3266881907385969,0.3502255832975237,0.340409243386107,0.3436993939461217,0.3521898517861008,0.3495149280230571,0.2815231672540772,0.3436030212974566,0.3520529301337053,0.326650142023591,0.2737340495176737,0.391892012118319,0.3585959362339611,0.2915954841238987,0.2959884734709904,0.2873048210339782,0.3591723667964276,0.3294107724628671,0.330111505427388,0.3613808238683985,0.3630552301812223,0.3042406252234272,0.3416427598576559,0.3463380380380852,0.2706669692572051,0.3417360236180206,0.321651227570155,0.3582305197027468,0.3142143267536236,0.3630594510828441,0.3647396701122126,0.2161046504705083,0.3396848253301451,0.3292493648732346,0.2963338702631169,0.3079703744002933,0.2115316151156317,0.361009557572744,0.369826440307736,0.3769025644475038
0.3561259565767476,0.3352025633440749,0.3034348575275459,0.3006140707232219,0.3240759972065201,0.3790505622503671,0.3521589299973454,0.3035582320208611,0.3681369811531358,0.3569428077229927,0.3352413743715718,0.3717088837061024,0.2864710913652943,0.2959320483605158,0.3691502490695367,0.2945680180789085,0.3174394488492172,0.3050813360878119,0.3462723789088722,0.3524164556526404,0.3328522287764579,0.2874979706414375,0.2822014788481785,0.2859787341336537,0.3444867971042421,0.3942551917943031,0.3245602342500426,0.3425494062707655,0.3493337065516335,0.2904445174006002,0.3137887872832943,0.3628116893090775,0.375845744896274,0.3211952791810417,0.3208546388007694,0.3817267575981099,0.3619876581157826,0.2994040389221737,0.3443603293858726,0.340143506191032,0.3503356682353703,0.3216874389716387,0.306370655661817,0.2938968572897174,0.3472440686976755,0.3460990183041675,0.3346646309442449,0.328801433768084,0.3210318574260947,0.3546842017694621,0.340821604961085,0.3034170652590367,0.2886564669377011,0.3484178583586033,0.348787924377112,0.327701605564088,0.3321387159005375,0.3693181080523124,0.3485059036718262,0.3256963282205846,0.3538911956715791,0.3386245609778602,0.3458020036343014,0.3550822162426023,0.3499737812360949,0.2804755149668441,0.3447826485519267,0.3510345295338809,0.325739469757635,0.2749616259834822,0.3926798710208532,0.3580335652005703,0.2928388472302157,0.299764512824916,0.2842564397171003,0.3614935777638232,0.3331394543367114,0.335798638151996,0.3614425035400598,0.3618821029944636,0.3036100603064094,0.3463022878385295,0.3452026014707364,0.2668547913398016,0.3410174065315799,0.3191745035039301,0.353710613291974,0.3134186424429769,0.3663647626363484,0.3648430399398935,0.2213776291210914,0.3400221653473661,0.328110128576444,0.296289355342168,0.3087630034194977,0.2121216370188823,0.3625982638165058,0.3686049891361027,0.3774444603817316
0.3563118334015577,0.3341586922643366,0.3042122055000787,0.2946075344944829,0.3226322796584516,0.3790653421599412,0.34667771646667,0.3016601916713891,0.3674944903961613,0.3572315042860564,0.3369328032072346,0.3717024475828681,0.2852736118098548,0.3006364648966641,0.3673280935035907,0.2932437898231234,0.3146585350982198,0.3042525721677152,0.346141184733969,0.3526197047936473,0.3320810086320928,0.2920691313189392,0.2897624385076892,0.2924149174381896,0.3469866963115868,0.3958850501644098,0.3230741722935817,0.3451650579678719,0.3494852559647539,0.2898065732029566,0.3199231755124241,0.3663971230905538,0.3753932238425826,0.3206805434010377,0.3150668044703631,0.3826669889876317,0.3625545899163343,0.2978111255899929,0.3458969479735823,0.3428222822251361,0.3509494446720915,0.3261507790482252,0.3062522216946209,0.2970865832739995,0.3472374687516496,0.3467653081333091,0.333839689945724,0.327866631235204,0.3202032625346263,0.3570316876303178,0.3404823947113621,0.3017017777932239,0.2872131013695099,0.3488393566751023,0.3477747258481328,0.3269750984118524,0.3363848607589134,0.3682844906811367,0.3477165643577697,0.3246243392935339,0.3573562504251569,0.3368695393247677,0.3477229558461918,0.3575494443109793,0.3505173619911571,0.2793391440769749,0.3457938368424366,0.350077555122476,0.3247352154780644,0.2760560498886272,0.3936580584886901,0.3574751923588241,0.2941776379030948,0.3041607575541565,0.2814952967535184,0.3634501144660674,0.3362909626602808,0.3409810336672784,0.3615841888641842,0.3608011855200967,0.3029831943581924,0.3504454825917584,0.3440856302991534,0.2629782161567172,0.3403312111580296,0.3169236185479995,0.3494882066626035,0.3125818449929207,0.3689506281871965,0.3649344411394021,0.2273370985511402,0.3403922622144283,0.3269315825855466,0.2966982344112243,0.3090750831523507,0.2144521012984989,0.3639241898230516,0.3675310802617496,0.3778306841089267
0.3564748647499114,0.3330480445606199,0.3052980200032169,0.2881592312222657,0.3212329550432211,0.3789595938883215,0.3407317319727622,0.2998534654415686,0.3671732336330247,0.3574730485984431,0.3380718184557353,0.3714038269676485,0.2848636071563001,0.3056827952772907,0.3653194632161325,0.292457027454213,0.3118248007993719,0.3034699065455679,0.3461533628640031,0.3528712571062678,0.3308706479378778,0.2968985926596081,0.2968336505451308,0.299261828410275,0.3492397309345805,0.3971247783041858,0.3217134885791348,0.3475499343787332,0.3496467274674671,0.2892859478824994,0.3258707289814989,0.3697156001483279,0.3748676961863897,0.3201563392933386,0.3097712345150384,0.3837056212351136,0.3629698494107933,0.2960832197756309,0.3471973444891454,0.3451392817231102,0.3514303065645467,0.3303251959542692,0.3063321948482895,0.3006223991016609,0.3472910145604257,0.3473096930760895,0.3330033881692232,0.3268705953426854,0.3193784778399864,0.3591684248780148,0.3400834463007404,0.2999740866679644,0.2863570321731217,0.3492152003280689,0.3467356229734344,0.3262072520456744,0.3403277531760223,0.3672978607610418,0.3469002278398783,0.3234957720296396,0.3605912178671615,0.3351095706029564,0.3494914511805635,0.3596932791381982,0.3511668573676039,0.2781344431742976,0.3466523767607123,0.3492144141822701,0.3236425556030343,0.2770664823523974,0.3948288765449946,0.3569508495078352,0.2954673972629149,0.3090298583857627,0.2791764298820007,0.3651015334371174,0.3388452820443017,0.3456053914860278,0.3618057040175511,0.3597684725459327,0.302317458697231,0.3540688669350464,0.3429755694923284,0.259241355133561,0.3396437312089498,0.3149819403087895,0.3456402496327019,0.3117048796484134,0.3708507541379692,0.3650334598354301,0.2339716743266864,0.3408607403053327,0.3257209528050701,0.2975008934263343,0.3088626551254063,0.218632553199531,0.3650175334420602,0.3666311285838992,0.378021120025733
0.356643241191381,0.3319111030780833,0.306713840297359,0.2814806828182769,0.3198818961192236,0.3787498419743227,0.3345801208642179,0.298109095838712,0.367175873516084,0.3576939687735176,0.338691234525959,0.3708536362637449,0.2853302999507588,0.3108826589654815,0.3631563508048072,0.2921548600359631,0.3089686018364348,0.302869903812975,0.3460075025661065,0.3531921945776298,0.3291258675823203,0.3018144516727271,0.3032025306289981,0.3062511969649267,0.3512776853388475,0.3977133210177573,0.3204896784058292,0.3496054134466146,0.3497691054493851,0.2888260215141149,0.3315053767387511,0.372818794116179,0.3742690232979787,0.3196146457808788,0.3052323361149002,0.3848255625062649,0.3632123890642899,0.2942218822871775,0.3483175236557304,0.3471418426649835,0.3517660988349249,0.3341643240923197,0.3065854817797983,0.3043881226517547,0.3473830557828917,0.347718102434937,0.3321567261998172,0.3258304471329748,0.3186034869590195,0.3611053902088251,0.3397463932529225,0.2983154916512686,0.2861997429271777,0.3495209189242857,0.345711296342769,0.3253975853474011,0.3439330261295594,0.3664171696279636,0.3460568136397535,0.3223395652467842,0.3635851581488882,0.3333098407473323,0.3511237354954629,0.3615944846558979,0.3519013625751045,0.2768881676162588,0.3473649461228538,0.3484609594029515,0.3224630320514948,0.2780496887428209,0.3961968848526649,0.3564808997910246,0.2965894701446963,0.3142006253964887,0.2774561563581922,0.366488554829377,0.340823984810028,0.3496569482214716,0.3620880701005635,0.3587326093261429,0.301574661042769,0.3571956628142225,0.3418652335155663,0.2558838651930506,0.3389260764838305,0.3134056767837194,0.3422261620480527,0.3107877125960871,0.3721214698749931,0.3651579670633773,0.2413696699233471,0.3414848319740434,0.3244922401716908,0.2986214863672939,0.3081039385976901,0.2246756055426991,0.3658860902225023,0.365920164248983,0.3779750549272114
0.3568376714575014,0.3307863077354957,0.3084552328239186,0.2748073780404257,0.318578625682904,0.3784618455048341,0.3284801875142032,0.2964079562739578,0.3674890754002786,0.357911177794588,0.3388686210288662,0.3700902374388687,0.2867096975477876,0.3160498040508798,0.3608790545005403,0.2922851800521561,0.3061312438262451,0.302579394325352,0.3454414080466868,0.3535886711108254,0.3267766308834092,0.3066622821431021,0.3087435837806434,0.3130932245212797,0.3531196084648945,0.3974523867072129,0.3194064163322579,0.3512420597447143,0.3497949668789494,0.2883708554906454,0.3367323620859918,0.3757466499033157,0.373587126859423,0.3190487748835267,0.301692316572783,0.38599439976036,0.3632753653428204,0.2922419182134563,0.3493057692970127,0.3488793757045937,0.3519577796473899,0.3376533673960193,0.306990812055916,0.3082677700732478,0.3474947605235229,0.3479768017033745,0.3313003198595053,0.3247672382093507,0.3179393933021228,0.3628504810974601,0.3395678230840884,0.2968301899803457,0.2868233600893325,0.3497329381138558,0.3447367295496847,0.3245469908778221,0.3471855926374577,0.3656915663236038,0.3451806252839031,0.3211825441938464,0.3663475557744025,0.3314384174049662,0.3526200009554634,0.3633137113446336,0.352686689703917,0.2756418617563803,0.3479313081181919,0.3478186284506684,0.3211967265190605,0.2790678774672107,0.3977745976149484,0.3560728154709982,0.2974605582488169,0.3194961982517894,0.2764820238198475,0.3676333994303989,0.3422848666838221,0.353156892526302,0.3624020245125118,0.3576551514680391,0.300720914178099,0.3598654830573714,0.3407462433531432,0.2531749138778794,0.3381506287759772,0.3122231565620076,0.3392877527220768,0.3098327337382092,0.3728304536135695,0.3653201579548578,0.2496768273349899,0.342313851938328,0.3232625157189774,0.2999678936997022,0.3067940340292399,0.2324878215325277,0.3665301629324053,0.3653972679691364,0.3776626703150967
0.3570617022317764,0.3297121989526235,0.3104908190941321,0.2683878278802828,0.3173254616565979,0.3781265942671037,0.3226639610011003,0.2947501798299838,0.3680945459472468,0.3581322635955648,0.3387207835329322,0.3691358774460984,0.2889796991296549,0.3210162270100866,0.3585351956160114,0.2928011297501804,0.3033593930953372,0.3027315184506708,0.344256400594658,0.3540506064289382,0.3237938477392545,0.3113197351095305,0.3134180394124106,0.3194983888430713,0.3547679191445429,0.3962340797365603,0.3184737464263055,0.352398939066965,0.3496734417043626,0.2878733046771753,0.3414896275977083,0.378522594966058,0.3728100079371444,0.3184546174033149,0.2993447314858573,0.3871675379961221,0.3631654040661339,0.2901747276102155,0.3502009624989839,0.3503976771674454,0.3520126925557053,0.3408057680668493,0.3075331972760284,0.3121492666446026,0.3476058798519003,0.3480721227050992,0.3304320987098741,0.3237043392662814,0.3174598446467033,0.364403246502634,0.3395986468297738,0.2956468594270333,0.2882734665162433,0.3498333296768721,0.3438378626336729,0.3236597171254658,0.3500942773178111,0.3651560901544143,0.3442681828856431,0.3200507542614456,0.3689005249907684,0.3294602002758975,0.3539621841952185,0.3648940618256336,0.3534898317437364,0.2744637051747123,0.3483526276877376,0.347269540063012,0.3198506268015241,0.2801792032159763,0.3995772262604252,0.3557268505510523,0.2980331973164862,0.3247457321412894,0.2763819099331567,0.3685499221440523,0.3433067456518995,0.3561536983603126,0.3627191394949089,0.3565130380738399,0.2997277761804754,0.3621295841292054,0.3396114334025837,0.2513912429958451,0.337294929298192,0.3114452029918982,0.3368465788807682,0.3088455073977583,0.3730539900988986,0.3655314154157443,0.2590414421779132,0.3433822156124248,0.3220446036393326,0.3014387788756056,0.3049455909848448,0.2418699762210364,0.3669568895047946,0.3650559218095096,0.3770728705067488
0.357308615743758,0.3287246319442738,0.3127659149235624,0.262472504192542,0.3161226393671802,0.3777778337627325,0.3173143032949568,0.2931554277943383,0.3689754273781929,0.3583495448333332,0.3383853655697245,0.3680153688560676,0.2920642133640659,0.3256499880447075,0.3561696936026545,0.2936641529037764,0.3006987242057367,0.3034735109230579,0.3423358319878758,0.3545497843539417,0.3202003307069538,0.3157037202701456,0.3172669528220469,0.3252065074204048,0.3562140327264925,0.3940618133178933,0.3176991258564226,0.3530489623160704,0.3493663151670674,0.2872926683298457,0.3457564083708775,0.3811484907469097,0.3719250279975453,0.3178342136846346,0.2983179694833567,0.3882951416884119,0.3628959210118659,0.2880697330590299,0.3510360133097031,0.3517331837920046,0.3519351819924293,0.3436521494832856,0.3081972238212248,0.3159286131001695,0.347688191983257,0.3480023333117821,0.3295489907349924,0.3226598818328267,0.3172422141367742,0.3657560938713786,0.339845595902998,0.2949005298099851,0.2905540928509041,0.3498119215653279,0.3430251250747787,0.3227427437091876,0.3526842079024358,0.3648369964428984,0.3433210064057421,0.3189700608804537,0.3712637886382071,0.3273339472382371,0.3551170643281329,0.3663530307958506,0.354288603780219,0.2734497490611394,0.3486363221992875,0.346777510077065,0.3184324080299489,0.2814284937418502,0.4016092882190474,0.355443060316613,0.2982955634463469,0.3297922574990231,0.2772574057285237,0.3692475237060936,0.3439723548319042,0.3587070339697394,0.3630075869843978,0.3552887946873171,0.2985751595836612,0.3640422573621149,0.3384609658522974,0.2507847526244788,0.3363513967471743,0.3110623303696922,0.3349067212354523,0.3078329344877011,0.372870278990132,0.3658002415175754,0.2695366832215058,0.3446986616987134,0.3208474582834601,0.3029373611315831,0.3025861925767121,0.2525314895535945,0.3671768561256184,0.3648944816214535,0.3762126349025528
0.3575694460717454,0.3278470490632331,0.3152078573012509,0.25730215781824,0.3149589990731637,0.3774534510284211,0.312550063573351,0.2916524674569756,0.3701185333166485,0.3585321041139752,0.3379895281357389,0.3667725666104834,0.2958463653092292,0.3298617175261343,0.3538184943567444,0.2948432505881638,0.2981917787829158,0.3049328291460058,0.3396515027941161,0.355040331644531,0.3160740918389416,0.3197682420013366,0.3203976850741621,0.3300119752530993,0.3574490806551876,0.391044682053801,0.3170741143335016,0.3531878507333378,0.3488450979258473,0.2865913120830413,0.349552525749333,0.3836084184099603,0.3709122269767174,0.3171942462450618,0.2986633552613839,0.3893276678950881,0.3624865287287325,0.2859962334708569,0.3518370066996926,0.3529090835225347,0.3517299678887198,0.3462277928749462,0.3089641546713213,0.3195204071959966,0.3477121039703403,0.3477818536716267,0.3286491223396918,0.3216427955923002,0.3173591069796096,0.3669016864329726,0.3402755895082358,0.2947099961515281,0.293621860780362,0.3496663623695216,0.3422901525624368,0.3218025834475154,0.3549822786412346,0.3647525496631507,0.3423393131773791,0.3179593798247073,0.373448687048435,0.3250236969980011,0.3560464249659046,0.3676777492677234,0.3550892546544892,0.272714952324127,0.3487951019717991,0.3463019789836372,0.3169372157304144,0.2828468653577646,0.4038588289141224,0.3552180736188244,0.2982704737767374,0.3345059886612381,0.2791801268381657,0.3697247744988844,0.3443630714926612,0.3608738607567691,0.3632270379225911,0.3539713582208905,0.2972529511331138,0.3656495846407881,0.337301490504502,0.2515581193410464,0.3353294079560928,0.3110353948476866,0.3334657797814372,0.306801525466828,0.3723484545251304,0.3661216806470316,0.2810844776481723,0.3462456322924835,0.3196785603709953,0.3043795729502621,0.2997514383999638,0.2641160157644178,0.3671986678568066,0.3649117569013113,0.3751050394851281
0.3578269392150807,0.3270861772445666,0.3177326253531424,0.2530972650947105,0.3138140560106153,0.3771926462745427,0.3084259366310485,0.290270959213835,0.3715180347660601,0.3586308699975612,0.3376281886885852,0.3654499168531067,0.3001832902134674,0.333601390921014,0.351511647617274,0.2963076579656595,0.2958775899420918,0.3071867050544741,0.3362551935656985,0.3554662649589367,0.3115503728328393,0.323500484570716,0.3229618510400095,0.3337774084729669,0.3584670318167807,0.3873721529857211,0.3165841303687037,0.3528328947605668,0.3480943714599653,0.2857402881159435,0.3529214741532052,0.3858790385751104,0.3697428547201452,0.3165421977905698,0.3003452498043074,0.3902187542204967,0.3619678585137735,0.2840464548772906,0.3526168624006199,0.3539337631451903,0.351411775562395,0.3485678293732991,0.3098168792115492,0.3228666758260728,0.3476598154972729,0.3474328090039256,0.3277319768247866,0.3206571539421681,0.317874755933517,0.3678359846680809,0.34080767800612,0.2951705067889089,0.2973834185420981,0.3494019824557969,0.3416091721944911,0.320844859497479,0.3570128340786216,0.3649053418118408,0.341320812667857,0.3170252903212918,0.3754635299101119,0.3225119332570859,0.356717359078779,0.3688368220394721,0.3559393354444566,0.2723861692327756,0.348846818224407,0.3458092281205853,0.3153486281895146,0.2844570970693795,0.4063032233632718,0.3550396503467278,0.2980079260150878,0.3387990014456367,0.2821848359406091,0.3699692660347122,0.3445599116546597,0.3627040183213126,0.3633383769022896,0.3525676309936283,0.2957609706303866,0.3669856488065106,0.3361400940548193,0.2538508526433004,0.3342490253543596,0.3113025169216359,0.3325223648153848,0.3057563648827553,0.3715442334361827,0.3664749199602777,0.2934204105813197,0.3479870064466572,0.3185384369040781,0.3056889322717966,0.2964839745130879,0.2762318929742889,0.3670401704731249,0.3650975443429171,0.3737908234066973
0.3580461712340868,0.3264362152995965,0.3202519387600969,0.2500492028888204,0.3126664848792141,0.3770264240842653,0.3049369113565479,0.2890396678219168,0.373176031580618,0.358593402000428,0.3373598478693862,0.364072182674055,0.3049191750310639,0.3368574151774333,0.3492745784024318,0.2980167242834021,0.2937859411371326,0.3102734350791881,0.332264426489381,0.3557744804433324,0.3068228994511982,0.3269176896151399,0.325127054427025,0.336440385502817,0.3592623781704275,0.3832913863116469,0.3162249336492544,0.3520350253827609,0.3471202648510015,0.2847231021667816,0.3559124647233248,0.3879346876304312,0.3683871813491225,0.3158868893071987,0.3032431823256159,0.3909274546681838,0.3613779219835747,0.2823348293352909,0.3533750609439706,0.3548029448434228,0.3510049553496646,0.3507079945553615,0.310741612828289,0.3259347309677496,0.3475237649709586,0.3469794967510907,0.3267966657065323,0.3197058242925885,0.318843071085032,0.3685540002403116,0.3413114114941971,0.2963517469199364,0.3017024142777375,0.3490303795060388,0.3409493671451874,0.3198764475646867,0.3587997345293088,0.3652803864270909,0.3402700480066169,0.3161651966159824,0.3773149464069244,0.3197985307425135,0.3571056924735945,0.3697962334042313,0.3569190135471994,0.2725981064729293,0.3488155353503503,0.3452688217809329,0.3136503264431594,0.2862777666926472,0.4089114242792114,0.3548941726475251,0.2975710699350743,0.3426266288309059,0.2862594714348824,0.3699708934304394,0.3446348818745736,0.3642404192842962,0.363314227354705,0.3511033928324406,0.2941096200671218,0.3680760034659839,0.3349811898104825,0.2577252922989031,0.3331369199759924,0.3117976178613285,0.3320697134862665,0.3046996514101022,0.3705022943071924,0.3668312316453709,0.3060989988739299,0.3498725285945234,0.3174151738086967,0.3067881152124743,0.2928403313231304,0.2884845510886604,0.3667402926724801,0.365434634653385,0.3723293197922424
0.3581813541717101,0.3258807762184446,0.3226809560049188,0.2483123848632147,0.3114945935546778,0.3769730328076635,0.3020197290432906,0.2879838935012788,0.3750954352194601,0.3583705861555517,0.337206501590699,0.362670071139102,0.3098991192161984,0.3396563549407644,0.3471213896545145,0.2999150791394267,0.2919282920381415,0.3142048644492022,0.3278474532298125,0.3559230804300879,0.3021362793753002,0.3300576664341801,0.3270509383833371,0.3380183240780339,0.3598347459646898,0.3790873509991347,0.3159998224611209,0.350879469580434,0.345949954283246,0.2835290777055732,0.3585755877595273,0.3897463778113877,0.3668218919401448,0.3152396255641512,0.3071675324427579,0.3914225486872725,0.3607497529591788,0.2809894134617696,0.3541068324373782,0.3555061729487808,0.3505349337935068,0.3526804542114168,0.3117216008213258,0.3287097868583266,0.3472939534446719,0.3464515386830777,0.3258407307759196,0.3187866561661407,0.3203016657642041,0.3690475786951222,0.3416263905444359,0.2982846543686824,0.3064142697023345,0.3485669218585485,0.3402750565656637,0.3189040950956995,0.3603594807598788,0.3658550841608235,0.339203036143565,0.3153711808714343,0.378999910929082,0.3168943955813452,0.3571960109636974,0.3705243215403604,0.3581194899634541,0.2734810673307501,0.348729118149084,0.3446486831084367,0.3118291299836137,0.2883266111557414,0.4116340314421045,0.3547791431380683,0.2970202949804808,0.3459750314928907,0.2913409089770779,0.3697316710324186,0.3446372432690522,0.3655167845053837,0.3631359872315471,0.3496094479299514,0.2923229489299462,0.368938743485534,0.3338267315122507,0.263153315136272,0.3320253071563139,0.3124580223942191,0.3320863043580708,0.3036298368620287,0.3692575816628083,0.3671553014215354,0.3185122769416167,0.3518401217975331,0.3162897902475075,0.3076017481302519,0.2888963062710298,0.3005089688174669,0.3663494701853909,0.3659081380672182,0.3707945848660644
0.3581938600977576,0.3253904471017126,0.3249483874799753,0.2479964610557372,0.310272952973791,0.3770442442316927,0.2995618753726138,0.2871196649974024,0.3772743021696393,0.3579137313820003,0.3371523560467374,0.3612971948345188,0.3149831911783572,0.3420522030122723,0.3450509852617483,0.301933865890939,0.2902957727668989,0.318938152954459,0.3232012653892358,0.3558798200515479,0.2977686910188381,0.3329625626431478,0.328865094366405,0.3386053954096795,0.3601971885016551,0.3750496246941635,0.3159105596959448,0.3494688398819142,0.344623617600321,0.2821511057763426,0.360963497850932,0.3912863073458185,0.3650324438745575,0.3146090585594621,0.3118750351991067,0.3916892064049457,0.3601059748628069,0.2801394592257296,0.3548086438927487,0.3560330526252599,0.3500262512533589,0.3545037040426099,0.3127333096998373,0.3311930755727751,0.3469592962099845,0.3458841841873558,0.3248626597872053,0.3178890743131574,0.3222624678686938,0.3693100315765484,0.3415832700139843,0.3009478441292968,0.3113411473515553,0.3480300333045674,0.3395537328208302,0.317929369334916,0.3616908288345742,0.3666069751766853,0.3381389214174947,0.3146261991213139,0.3805019466235379,0.313825547373275,0.3569857217829888,0.370993120395794,0.3596263085872311,0.2751395689413033,0.3486156644218591,0.3439231464791268,0.3098694744622748,0.290625947664471,0.4143958459185101,0.3547005112058594,0.2963989676581894,0.3488520456011159,0.2973213752891748,0.3692604008704051,0.3445939655536997,0.3665550801358982,0.3627908292160035,0.3481119672043407,0.2904437856289936,0.3695818866120843,0.3326755007225967,0.2700136679614975,0.3309465087252,0.3132212336767717,0.332539987977329,0.3025432047712945,0.3678370763386387,0.367398566531611,0.3299238844493193,0.3538244937543727,0.3151440012455684,0.3080666238683581,0.2847471980026432,0.3119976178659552,0.3659135001974986,0.3665067787100265,0.3692682999455909
0.3580586942546357,0.3249259558251805,0.3270058402443997,0.2491579784083805,0.3089783369403591,0.3772493216357065,0.2974267162571238,0.2864490071024375,0.379708142923422,0.3571780638816977,0.3371495272856852,0.3600024681362585,0.3200559148129092,0.3441095845281644,0.3430539461870096,0.3039905036028911,0.2888653118258831,0.3243461242143051,0.3185245258741681,0.3556202758268308,0.2940139208145776,0.3356679869465482,0.3306672181934788,0.338354635041224,0.3603738106326842,0.3714307545210911,0.3159621081961021,0.3479100973378575,0.3431907674843047,0.2805982012840943,0.3631252148932096,0.3925388638316414,0.3630159158995792,0.3139943030982099,0.3170815265951171,0.3917333255026371,0.3594640601436241,0.2799053221819741,0.3554726006954491,0.3563751575429445,0.3495080358756386,0.3561787754333744,0.3137514860960916,0.3334022541027654,0.3465231937810022,0.3453114587509514,0.3238669382356304,0.3169992467958121,0.3247062751199915,0.3693403079580685,0.3410100804187075,0.3042713470491731,0.3163042781191255,0.3474414965114092,0.3387601025840685,0.3169464044320342,0.3627779468439936,0.3675092890939903,0.3370928748917136,0.3138991648918889,0.3817993846108804,0.3106393686850992,0.3564912760727994,0.3711860842611982,0.3615057740699184,0.2776358743083781,0.348503105448288,0.3430836478624098,0.3077550650430514,0.2932064863504917,0.4171062961556811,0.3546591544269611,0.2957241383672409,0.35128868189463,0.304058005942191,0.3685664820789195,0.344523156792048,0.3673680565637752,0.3622802303380899,0.3466342194169904,0.2885379067741371,0.3700051450688758,0.3315213901358111,0.2781001873849932,0.3299251968709566,0.3140282508891289,0.3333977690706557,0.3014371346745876,0.3662668025530385,0.3675041125121135,0.3395440979778826,0.3557682622765582,0.3139582234247645,0.3081320942725009,0.2805065905715243,0.3227194591896479,0.3654766980452361,0.3672153800872365,0.3678318864350147
0.357756458328663,0.3244473038845415,0.3288288104985403,0.2517930522290386,0.3075999250032203,0.377586763306722,0.2954809903184872,0.2859576427836617,0.3823891663507746,0.3561370777138363,0.3371302284033128,0.3588071541980741,0.3250292404571192,0.3458954949315007,0.341120824201579,0.3059852744339426,0.2876026743645914,0.3302420109309416,0.3140004862587354,0.355135584023183,0.2911653527255884,0.3382023052810901,0.3325155131695809,0.3374524833561694,0.3603897646816287,0.3684194892355757,0.3161675179514031,0.3463137158571277,0.3417083850836509,0.2789065297997052,0.3650924702811962,0.3935039968176101,0.3607852889272798,0.3133846666755999,0.322486693972943,0.3915789277780516,0.3588388347252562,0.2803894869800905,0.3560822265349296,0.3565282627439943,0.3490142381218635,0.3576979970375063,0.314754195663851,0.335364277477366,0.3460052333923197,0.3447616241477219,0.3228650666632298,0.3161067206873485,0.3275868215642557,0.369140907563024,0.3397409226000518,0.3081498766820688,0.3211371754528515,0.3468236497589794,0.3378767184601466,0.3159435211450699,0.3636030000341839,0.36852516673479,0.3360800800672275,0.3131495175814314,0.3828752500423669,0.3073961872820047,0.3557487672562721,0.3711044083210758,0.3637844224255124,0.28098572533299,0.3484179341038196,0.3421371511745933,0.3054783451028674,0.2961050685966423,0.4196781891492087,0.354649594936549,0.2949854640864242,0.3533370511735141,0.3113769727411956,0.3676669028017414,0.3444389511625743,0.3679655804599327,0.3616241216241042,0.3451953755901346,0.2866938537691049,0.370207703350949,0.3303529945126219,0.2871353433730934,0.3289765338484235,0.3148326032557406,0.3346206294154919,0.3003141767947791,0.3645785802131438,0.3674253364437336,0.346641572463663,0.3576264076327811,0.3127072061233554,0.307748699359131,0.2763033116906364,0.332528489635338,0.3650935104683475,0.3680107791050575,0.3665579756834576
0.3572720133792502,0.3239173885897077,0.3304108012676653,0.2558347689786086,0.3061392221123895,0.3780369227621247,0.2936073006309623,0.2856145475514476,0.385295543788641,0.3547932183276095,0.3370174009214134,0.3577260120264265,0.3298409476985422,0.3474775304383375,0.3392420686355935,0.307803804107814,0.2864589867180713,0.336435362324592,0.3097932856546005,0.3544413951584602,0.2894949391180569,0.3405849997940904,0.3344266360962358,0.3360992170847796,0.3602701934500518,0.366133537717416,0.3165387650405543,0.3447892962398671,0.3402317261777108,0.2771368848894451,0.3668727494506909,0.3941893524683331,0.3583688041359979,0.3127633016531752,0.3278101437927908,0.3912621636769294,0.3582373832796062,0.2816639395146789,0.3566208137257173,0.3564997251061722,0.3485767819239768,0.3590549942317416,0.3157202957506874,0.3371045553154659,0.3454237575965308,0.3442576084347076,0.3218701596050364,0.3152020525260766,0.3308410499392055,0.3687140685570356,0.3376398876601438,0.3124495297247838,0.3257005661648838,0.3461947030249975,0.3368960349868953,0.3149032568927384,0.3641503259059764,0.3696126239271856,0.3351177846628683,0.312338141413798,0.3837191380823487,0.3041533986296873,0.3548087711482575,0.3707653164005543,0.3664283066407612,0.2851573296415854,0.3483798579825217,0.3410984721909147,0.3030436158255226,0.2993598578651846,0.4220353414023231,0.354671515885658,0.2941496633777507,0.3550548061306072,0.3190769474813718,0.366594862912789,0.344343501917922,0.368360140752524,0.3608490418408062,0.3438011454518634,0.2850198818433019,0.3701943264678182,0.3291556085374559,0.2967916463588492,0.3281083054199854,0.3156000189470577,0.336148290789471,0.299188830036827,0.3628107766139513,0.3671347942934967,0.3506517637838724,0.3593670317047548,0.3113652260508387,0.3068638800368478,0.2722750643095788,0.3413616584244053,0.364821608240285,0.3688654033721953,0.3655015287561666
0.3566070958423715,0.3232992709405493,0.3317617464574158,0.2611558461991755,0.3046032029612375,0.3785695848616744,0.2917066215243074,0.285375266438247,0.3883853896886678,0.353174872869104,0.336736004481007,0.3567840050394756,0.3344511119977355,0.348915026623615,0.3374055790551075,0.3093296756431508,0.285372621883236,0.3427552908336783,0.3060428730542331,0.3535729850953086,0.2892266780759809,0.3428185845445772,0.3363835769734196,0.3344957686243706,0.3600467904358907,0.3646159359779551,0.317080411080765,0.3434309971408235,0.3388044027265896,0.2753748897319329,0.3684565321027376,0.3946064581355485,0.3558047347415498,0.3121079305830365,0.3328139549470402,0.3908291706295707,0.3576572114609384,0.2837562318968982,0.3570823650613267,0.3563136360495721,0.3482226765612198,0.3602443880352909,0.3166261841205496,0.338644021188207,0.3447884177881306,0.3438138038788839,0.3208926591099154,0.3142701728829241,0.3343969877840289,0.3680614769498018,0.3346219406880711,0.3170129354192123,0.3298933394315277,0.3455676215980131,0.3358272527926741,0.3138001385945603,0.3644034616953562,0.3707333252531425,0.3342153366825316,0.3114323178857696,0.3843266283107621,0.3009610600578097,0.3537319050022647,0.3702016818405743,0.3693362247366766,0.2900667597646906,0.3483994818482515,0.3399881819714778,0.3004606444498711,0.3030079903559208,0.4241105229904048,0.3547306864346476,0.2931635218028086,0.356489293885584,0.3269426278625792,0.365394332360045,0.3442261309798451,0.3685705363159053,0.359978273490647,0.342440640146382,0.2836422731463196,0.3699759225002588,0.3279162779211,0.3067227255433324,0.3273191355388851,0.3163001725915491,0.3378991993120023,0.2980968199397194,0.3610082230896567,0.3666156172186555,0.3512475694877316,0.3609758983046296,0.3099143887779302,0.3054343693917175,0.2685639015187106,0.3492267929197394,0.3647039097773388,0.3697508418935434,0.3646919174546756
0.3557862098300489,0.322559134695761,0.3329116543871435,0.2675725190175519,0.3030055157747469,0.3791552034658197,0.2897055166239229,0.2851876011171597,0.3916052622360768,0.3513269255676873,0.3362285587057559,0.3559921874718042,0.3388391421509849,0.3502464378646885,0.3356008680489177,0.310457202216569,0.2842824924549851,0.3490355304243991,0.3028539741389526,0.3525702485132476,0.290513731848066,0.3448860579801115,0.3383511959916624,0.3328265682125803,0.3597546683017805,0.3638320722879288,0.317795794040061,0.342305527070989,0.3374581123070537,0.2737443308736181,0.3698296169153075,0.3947775246723135,0.3531394748175253,0.311391727603088,0.3373026522568589,0.390335928194231,0.3570920423904251,0.2866423618469068,0.3574708797241286,0.3560048428227317,0.3479770649539464,0.3612580490290659,0.3174498790763584,0.3400017523323238,0.344113451852596,0.3434286745614655,0.3199433130025501,0.3132912332555157,0.3381758996296152,0.3671859262701385,0.330658955332527,0.321674455650465,0.3336549987533833,0.3449514681631747,0.3346998756819958,0.3126014026048799,0.3643505538901881,0.3718524676229339,0.3333660722547438,0.3104018269210749,0.3847039968802314,0.2978664747461607,0.352585622896123,0.3694658649566923,0.3723454154891349,0.2955780853467996,0.3484831318146174,0.3388316414704195,0.2977393147906419,0.3070823120188012,0.4258507084563191,0.3548245871230673,0.2919560011466603,0.3576758034429229,0.3347659696267985,0.3641088046349213,0.3440779501780093,0.3686237740880647,0.3590378610193324,0.3410950302080968,0.2827023162370597,0.3695688181753669,0.3266294796601464,0.3165929442566979,0.3265942353790851,0.3169042350063682,0.3397872391458393,0.2971007608592582,0.3592242818313095,0.3658583840807731,0.3483636072083899,0.3624601693452126,0.3083449589971205,0.3034397917474747,0.2653152183655736,0.3561838000379633,0.3647673210533084,0.3706366242764571,0.3641274354517839
0.354843713851028,0.3216765703766975,0.3339057079332929,0.2748497254031093,0.3013737797486388,0.3797619281478379,0.2875654026561783,0.2849939005666989,0.3948967673900836,0.3493057527078035,0.3354634000029565,0.3553331369959713,0.3430012055994985,0.351488861357185,0.3338254438182021,0.3110960195950772,0.2831403656526121,0.3551104148170534,0.300293504160986,0.3514704716417403,0.293422997356893,0.3467613989321585,0.3402887595520956,0.3312383337577644,0.3594201551571914,0.3636808239616922,0.3186845617315642,0.3414490803909595,0.3362146347447072,0.2724120840135098,0.370977716945694,0.394737459412043,0.3504287477248793,0.3105900123122938,0.3411239194530812,0.389841477906719,0.3565364283563417,0.2902492659886537,0.3577933782974212,0.35560937934877,0.3478622720404406,0.3620906333304016,0.3181772945935522,0.3411915362237192,0.3434238637020284,0.3430840874740253,0.3190371798639187,0.3122472575567851,0.3420945233822713,0.3660927889880676,0.3257879598354318,0.3262787821679316,0.3369624915995899,0.3443495957938121,0.3335553519769615,0.3112714619158229,0.3639965785816693,0.372932260900003,0.3325540466503478,0.3092168536832841,0.3848744097475824,0.2949121155016674,0.3514373946482877,0.3686235807190252,0.3752397769062452,0.3015179401826001,0.3486363637005346,0.3376525122099154,0.2948904237093968,0.3116022904889407,0.4272314163310468,0.3549356610967394,0.2904482212267638,0.3586421333652738,0.3423607650651555,0.3627806622501481,0.3439038222691969,0.3685530369883939,0.3580612551041001,0.3397434379788989,0.2823440573201841,0.3689958800618793,0.3252970622097579,0.3260962558268398,0.3259061045588277,0.3173868976663232,0.3417290382789842,0.2962876243696182,0.3575175384005765,0.3648742784202152,0.3421831427117431,0.3638430356691416,0.3066532049048128,0.3008831074624218,0.2626712426127344,0.3623235297405497,0.365035353985588,0.3714887340948249,0.3637742652068488
0.3538107620296978,0.3206493346437983,0.3347873756827435,0.2827146687211614,0.2997473555761439,0.3803455037622607,0.2852799927188184,0.2847310625334295,0.3981891567720401,0.3471791725494499,0.3344265336561194,0.3547889667007755,0.346943393063463,0.3526483001836097,0.3320847883214059,0.3111747933525455,0.2819119904442752,0.3608413073787511,0.2984001979015674,0.3503124479605028,0.2979237741343864,0.3484214895861821,0.3421564068799278,0.3298293228366444,0.3590592525339917,0.3640197112945343,0.3197253906269611,0.3408664230394841,0.3350801481738122,0.2715687381605461,0.3718839888991383,0.394521871782558,0.3477323281562685,0.3096872550520359,0.3441831966928538,0.38939554535507,0.3559854548752286,0.2944618638196472,0.3580608746585773,0.355164742094605,0.34789120766696,0.3627501568490516,0.3188012755778101,0.3422151708916268,0.3427395211121241,0.3427539493412307,0.3181898898653993,0.3111233346646251,0.3460730234012296,0.3647925981949956,0.3201269132968166,0.330691307263713,0.3398261564884755,0.3437574359791095,0.3324338134783507,0.309775950329968,0.3633665618587872,0.3739300331458802,0.331763346736761,0.3078562702936168,0.3848778336116675,0.2921288259865635,0.3503462904641772,0.3677360360639346,0.377762050204705,0.3076994964620744,0.3488618045823559,0.3364679953811312,0.2919286392051304,0.3165638949205825,0.4282635494395753,0.3550416962680829,0.2885719818727122,0.359406078261873,0.3495654455509606,0.3614569630850317,0.3437182451929567,0.3683921327909068,0.3570776225747625,0.3383588508714332,0.2826946797312529,0.3682872923365935,0.3239224839492342,0.3349714367192258,0.3252204603781415,0.3177216208325833,0.3436338581045801,0.2957620105031934,0.3559422247287037,0.3637018869396512,0.3331077726273944,0.3651537517114392,0.3048455063913454,0.2977873722584764,0.2607573150334243,0.3677466149630687,0.3655284488656559,0.3722726420720035,0.363570573574518
0.3527181804465276,0.3194879821174923,0.3355866998860368,0.2908801256641338,0.2981641830401778,0.380851344748758,0.2828609734584257,0.2843360217336028,0.4013964969520519,0.3450240969860789,0.3331113944069713,0.3543577679977597,0.3506701730393263,0.3537242657655652,0.3303885856659297,0.3106521260627216,0.2805769326623599,0.366138515699711,0.2971894274058593,0.3491375056167082,0.3038831631783388,0.3498495719834977,0.3439226578305292,0.3286564551011796,0.358689811205965,0.3646875740065345,0.3208716613770409,0.3405315392006203,0.3340407693885999,0.2714056206301879,0.3725311001707199,0.3941565074022212,0.345101330346582,0.3086766804371506,0.3464492604965992,0.3890322176977667,0.3554353651107074,0.2991305791732215,0.3582952843176876,0.3547151576594903,0.3480646464348112,0.3632592738491872,0.3193148054300799,0.34306560438877,0.3420630562253118,0.3424110126359606,0.3174097944131782,0.3099033467098652,0.3500437763281993,0.3633039508442523,0.3138731435846891,0.3348037931747365,0.3422838074384304,0.3431673525665028,0.3313688659605651,0.3080850988294707,0.3624993491672055,0.374801804361929,0.3309748550704571,0.3063199052938052,0.3847652418765767,0.2895379738687163,0.3493605254672534,0.3668517497406421,0.3796367161698314,0.3139427906113229,0.3491608877086893,0.3352907440697952,0.2888758583308977,0.3219360754184475,0.428985281890394,0.3551238851471604,0.2862839009617546,0.3599712825687091,0.3562449966463532,0.3601868365903794,0.3435371413405734,0.3681712230373076,0.356100296801853,0.336907457468215,0.2838496181296309,0.3674791906548936,0.3225100908861721,0.3430198494347765,0.3245027428202588,0.3178728805583878,0.345399389896377,0.2956403789611575,0.3545440553174352,0.3623924411307597,0.3217269739516022,0.3664226250784173,0.3029424611764447,0.2942024957229143,0.2596764578965389,0.3725442440767593,0.3662511188520193,0.3729586704766764,0.3634324369844079
0.3516002584607732,0.3182108185296738,0.3363242375246639,0.2990669730965947,0.2966517992763734,0.3812268793275971,0.2803254237093439,0.2837550746340556,0.4044350052006369,0.3429173468427224,0.3315228690956748,0.3540264704164459,0.3541784403138179,0.3547070135052665,0.3287507847987702,0.3095256108267583,0.2791389665860474,0.3709491581858943,0.2966459450424655,0.347981203006601,0.3110741855741515,0.3510376071757153,0.3455736867607034,0.3277481385266275,0.3583373902886003,0.3655200741399561,0.3220673705115056,0.340395749436402,0.333069321696973,0.2721077115029283,0.3729115732708898,0.3936613564340893,0.3425701912422857,0.3075579295319179,0.3479329280479075,0.3887729436627455,0.354885736701693,0.3040816402104617,0.3585288709696349,0.3543058910195273,0.3483743204943479,0.3636473826187974,0.3197075851475608,0.3437369941336254,0.3413908452559021,0.3420259420072607,0.316695868785376,0.3085718406635057,0.3539506262207587,0.3616532683421669,0.3072764933679692,0.3385415513539936,0.3443896905472375,0.3425764415947487,0.3303886734843613,0.3061794905544539,0.3614458774013923,0.375504055218683,0.3301599213805019,0.3046317002487563,0.3845934497195819,0.2871605660454576,0.3485199007584456,0.3660158246416158,0.3805986905038038,0.3200867041083069,0.3495429413631657,0.3341279407346704,0.2857656553874225,0.3276614671293626,0.429450666456407,0.3551609534999944,0.2835673871014239,0.3603331809364685,0.3622995208489453,0.3590121066812652,0.3433802277681675,0.3679161087384531,0.3551322412455546,0.3353597458197425,0.2858654993724425,0.3666113162082974,0.321073395675648,0.3501146863936726,0.3237239282963086,0.3177980407221566,0.3469256000096541,0.2960431622366624,0.3533631983475307,0.3609940477741388,0.3087789294354671,0.3676790166037001,0.3009763951536292,0.2902151217762179,0.259519685787747,0.3767854346452607,0.3671889631482108,0.3735247069842494,0.36325927006261
0.3504827160318956,0.3168449527228873,0.3370169314302418,0.3070193467333401,0.295229251998233,0.3814265289473547,0.2776906152948132,0.2829463864752708,0.4072399437290014,0.3409243669085548,0.3296864694263223,0.3537569091481509,0.3574635402030673,0.3555803955355711,0.3271914480137061,0.3078268457242969,0.2776381926704813,0.3752316493275824,0.2967192223385235,0.3468667518395115,0.3191916207205399,0.3519928703369293,0.3471144838194734,0.3271092377560948,0.3580266855663833,0.3663684416735233,0.3232522926600205,0.3403988102940387,0.3321330722767999,0.273845080960056,0.3730354001530364,0.3930573849524404,0.3401591162315665,0.3063417567676975,0.3486609667829974,0.3886280823068372,0.3543384806841436,0.3091336413561931,0.358795342916802,0.3539685549508734,0.3488039250937459,0.3639467072926141,0.3199691888175471,0.3442258962138966,0.3407254107937417,0.3415669157550799,0.3160411746191734,0.3071247847833904,0.3577383446154406,0.3598723475806608,0.3006152867874893,0.3418664290590695,0.3462008596845544,0.3419860366025735,0.3295124503758683,0.3040569522189779,0.3602730362048447,0.3759931991944611,0.3292868394521094,0.3028328351053752,0.384422829229028,0.2850204447899457,0.3478540275600539,0.3652746456356655,0.3804175255970206,0.3259980684421295,0.3500285200539649,0.3329741216887004,0.2826457920018164,0.333655085512511,0.4297248117649092,0.3551251556628616,0.2804321820118759,0.360489000127842,0.3676705927092609,0.3579638004772858,0.3432784809298675,0.3676481068844215,0.3541754787818243,0.3337009710877852,0.2887511931575439,0.3657242379689287,0.3196382865215415,0.3561933449094701,0.322864698078159,0.3174562034605103,0.3481277193857791,0.2970799209110054,0.3524305570927317,0.3595543496133723,0.2950804239557959,0.3689448116117962,0.2989910197278417,0.2859479817778224,0.2603745793253587,0.3805141961704247,0.3683187299353083,0.3739557147861853,0.3629435384488817
0.3493696190754892,0.3154262072036058,0.3376729038908987,0.3145200753970292,0.2939100076481536,0.381407054359595,0.2749696103001353,0.2818766303910041,0.4097599568857483,0.3390952005460487,0.3276462604896686,0.3535171384831545,0.3605250537183451,0.356330863964908,0.3257328996703026,0.3056100323640848,0.2761494196679633,0.378955287296002,0.2973287852677821,0.3458071482560977,0.3278670870719796,0.3527388405132076,0.3485595993613814,0.3267227730401065,0.3577747896280628,0.3671214349778968,0.3243483467357207,0.3404744392952173,0.3311922894307235,0.2767440030151578,0.37292602690505,0.3923619526429655,0.3378767603273089,0.3050560420284635,0.3486716967015956,0.388591292204641,0.3537963328009729,0.3141180920650923,0.3591245240063002,0.3537161288023214,0.3493276034685247,0.3641946375327015,0.3200925968841662,0.3445251309251131,0.3400680136913422,0.3410069870728831,0.3154336214967581,0.3055779751886803,0.361344747668668,0.357998058309409,0.2941871353170381,0.344771146019038,0.3477671984980872,0.341395564777917,0.3287429669188726,0.301737423292249,0.3590606284947959,0.3762282201401586,0.3283337171557743,0.3009781206705226,0.3843141524824608,0.2831414062341443,0.347375730113468,0.364663852722242,0.378917366115824,0.3315818665566104,0.3506409002850784,0.3318110019817145,0.2795774583085186,0.3398045040904764,0.4298804871481362,0.3549916669263656,0.2769216730203456,0.3604389513321009,0.3723353350893529,0.3570646389931419,0.3432740113088989,0.3673827542303282,0.3532281077262674,0.3319300433350699,0.2924560998231881,0.3648554787442257,0.3182308145798239,0.3612455575311706,0.3219150562977973,0.3168116190517839,0.3489345190627422,0.2988319023363803,0.3517558547333108,0.3581256188851222,0.2814332334789189,0.3702257800083387,0.2970492526953697,0.2815518236058303,0.2623178410767783,0.3837534214554871,0.3696123725299192,0.3742440585314531,0.36238894349823
0.3482498076140605,0.3139930871835195,0.3382850777917018,0.3214106738683694,0.2926974410041831,0.3811270529535978,0.2721641752976275,0.2805249236307915,0.4119467791459967,0.3374681291129347,0.3254573601729602,0.3533000492784891,0.3633594759108963,0.3569504814418204,0.3243917115724696,0.3029500540848026,0.2747710452621466,0.3821232719911253,0.2983674204802067,0.344808220674511,0.3366897765500495,0.353306320422268,0.3499258395450105,0.3265603137087425,0.3575967763110177,0.3677168543554227,0.3252610135204379,0.3405555899630755,0.3302012876218672,0.2808564008735395,0.3726124800282238,0.3915823850415338,0.3357151322857165,0.3037414621359706,0.3480208801360053,0.3886363434591806,0.3532655953753206,0.3188965748476434,0.3595442247237896,0.3535520596787604,0.3499131485748842,0.3644313167338106,0.3200720063377205,0.3446282528353959,0.3394085579426289,0.3403336697266043,0.3148527868575606,0.3039660032207783,0.3647032894269223,0.3560729073189495,0.288287830245507,0.347271821434969,0.3491263483710017,0.3408039793225022,0.3280644484150533,0.2992670473804003,0.3578898676156862,0.3761754651224138,0.3272919884404751,0.2991426728456518,0.3843214966482852,0.2815463166328998,0.3470798082106113,0.3641999047955469,0.3759982980186246,0.3367879719383759,0.3513995601756051,0.3306189449113142,0.2766370899920841,0.3459787124215144,0.4299890944925435,0.354747705040648,0.2731208410806413,0.3601833852396655,0.3762939330463927,0.3563281826103596,0.3434128856511287,0.3671290701754123,0.3522783104661552,0.330054454866549,0.2968695814579452,0.3640357046856758,0.3168636545845318,0.3653088030286361,0.3208722504097247,0.3158321811269231,0.3492852689697422,0.3013405372862395,0.3513254684492838,0.3567516852209884,0.268546557156002,0.3715093259247876,0.29523718533571,0.2771999617211554,0.2654056368942288,0.3865095677466005,0.371031277864417,0.3743927898964619,0.3615291178184233
0.3471113032471329,0.3125803908681171,0.3388364285873256,0.3276030520914239,0.2915775653744285,0.3805552284169368,0.269260804681377,0.2788950545189076,0.413766463540402,0.3360699603909181,0.3231881309609926,0.3530959889714768,0.3659509297862554,0.357433695832753,0.323175890274841,0.2999462109715011,0.2736201581243561,0.3847804074880704,0.2996979487434406,0.3438671203886841,0.3452427652520092,0.3537282243800776,0.3512343355483773,0.3265980278896753,0.3575122302944171,0.3681384254705258,0.3259057401809952,0.3405877930889355,0.3291220678953558,0.2861527331809237,0.3721297326523028,0.3907207794500182,0.3336457526866655,0.3024403398050647,0.3467736856487433,0.3887242516173362,0.3527570268850152,0.3233692112328838,0.3600805313652324,0.353476885369869,0.3505278809748547,0.3646905109253578,0.3198977699513143,0.3445442125932449,0.3387338523732237,0.3395517569789191,0.3142696145037024,0.3023383759608817,0.3677474139954939,0.3541406888850015,0.2831671206239016,0.3494030196189915,0.3503005752716513,0.3402173276272519,0.3274462689301662,0.2967222114873223,0.3568350264748153,0.3758094741208411,0.326162692820383,0.2974269338552744,0.3844845423839741,0.2802559473256832,0.3469505779139715,0.3638899680261543,0.3716554037198507,0.341607260343801,0.3523238156433229,0.3293845058135444,0.2739236885977722,0.3520418793537129,0.4301089095193217,0.3543896992075649,0.2691535902349277,0.3597287224005767,0.379562130574829,0.3557559693195987,0.3437396979266847,0.366889493410223,0.3513089703633916,0.3280904504147579,0.3018356853445983,0.363287326116623,0.3155388270661539,0.3684602999051863,0.3197439375858694,0.3144925546595555,0.3491368335230261,0.3046027361241962,0.3511149528617296,0.3554505546323301,0.2569990918949116,0.3727688831673901,0.2936555305634615,0.2730825866244556,0.2696775837471057,0.3887775286327751,0.3725252873608063,0.3744183591114834,0.3603350922167828
0.3459407893855866,0.3112168291583017,0.3393097013553839,0.3330730022191176,0.2905176943112012,0.3796786021506469,0.2662344414617636,0.2770217600323868,0.4152174888320014,0.3349088830884411,0.3209293226456094,0.3528745713664754,0.3682781523950243,0.3577786803751108,0.3220897960305974,0.296715116402368,0.2728331544007001,0.3869931045642378,0.3011573394442206,0.3429727128174511,0.3531433665503586,0.3540436309649993,0.3525120214872384,0.3268235653901842,0.3575423946887014,0.368407473120319,0.3262232608107617,0.3405413879085115,0.32793554572569,0.2925291806888873,0.3715236915891566,0.3897817185745053,0.3316279141176811,0.3011912253115654,0.3449891427454724,0.3888134208457833,0.3522788854251158,0.3274762698501773,0.3607525586107617,0.3534836850585097,0.3511386556553316,0.3649952715917877,0.3195574689372116,0.3443001373418976,0.3380404794332318,0.3386791401198168,0.3136511446882877,0.300760283261844,0.3704057908069599,0.3522381127273639,0.2789930450692568,0.3512108909199181,0.3512961956584416,0.3396472054279145,0.3268466585574798,0.2942083098273347,0.3559619714851775,0.3751112144296241,0.3249567745216654,0.2959469565294661,0.384826576564175,0.2792817892069865,0.3469687797360611,0.3637424193335668,0.365985798388988,0.3460577160866974,0.3534335116492479,0.3280966546704741,0.2715629849952623,0.3578627333803298,0.4302767884062936,0.3539193520646749,0.2651747901121565,0.3590971532288101,0.3821677137063964,0.3553412782813184,0.3442959183502008,0.3666594666293609,0.3503055171225436,0.3260636646468084,0.3071685954976118,0.3626254384362692,0.3142581555887643,0.3707958524524665,0.3185532733555919,0.3127807023518894,0.3484700651534558,0.3085687334539701,0.3510971939724086,0.3542174459598669,0.2472294748625355,0.3739678981433006,0.2924103653644138,0.2693942841837318,0.2751621708207256,0.3905493075853997,0.3740386946677135,0.3743486255706548,0.3588138003619269
0.3447153201484132,0.3099233184961731,0.3396901530191097,0.337847480384264,0.2894727442153302,0.3785050701619085,0.2630559355696389,0.2749677120159791,0.4163256930822476,0.3339726145181471,0.3187973698611231,0.3526079362909254,0.3703293437761245,0.3579923321215608,0.321138297073451,0.2933753121027085,0.2725565292311316,0.3888373152083752,0.3025729604153236,0.3421113400028852,0.3600670903074315,0.354296032177531,0.3537828651562214,0.3272297712142643,0.3577044539253319,0.3685743130096171,0.326168854540006,0.3404096644929994,0.3266361302789156,0.2998098808233027,0.3708474276371842,0.3887709416445103,0.3296219404969837,0.300028362032985,0.3427190785895245,0.3888635938962305,0.351831773125043,0.3311978693787007,0.3615686218287247,0.3535547346184861,0.3517094834912749,0.3653616625040811,0.3190459682804394,0.3439275260481883,0.3373317829993723,0.337741896952893,0.3129649152030885,0.2993154719668416,0.3725949516006662,0.3503904134093573,0.2758461839893877,0.3527442521949062,0.3521081418926421,0.3390997733914011,0.3262184206909124,0.2918509665542922,0.3553258451175878,0.374071470210238,0.3236968597221914,0.2948174275172678,0.3853578912946214,0.278618524133304,0.3471117419719868,0.3637620554814982,0.3591813116313082,0.350169832886454,0.3547380765060082,0.3267460570964912,0.2696992394383573,0.3633202966935777,0.4305050756967303,0.3533481955041793,0.2613691936416831,0.358324918674649,0.3841427010459591,0.3550766629769622,0.3451174436616127,0.3664298469120533,0.3492562996159297,0.3240042810591058,0.3126618415938271,0.362058653334788,0.3130217523074442,0.3724106184784146,0.3173345259080817,0.3106990436406743,0.347286834591146,0.3131431863254306,0.3512374233475348,0.3530407515708691,0.2395414253807214,0.375060885383381,0.2916128124515,0.2663207727833295,0.2818653806674165,0.3918256903883891,0.375512321968993,0.3742180130038213,0.357008550310107
0.3434090585425032,0.3087093568633313,0.3399662077624359,0.3419989992549666,0.2883938393054395,0.377061828667844,0.2596971926496271,0.272824112611376,0.4171244563306278,0.3332399941407056,0.3169300954324699,0.352285405677224,0.3721021665650108,0.3580885675516702,0.3203229901679139,0.2900435247301195,0.2729255894203286,0.3904100429876682,0.3037780495847188,0.3412703719730252,0.3657588939200638,0.3545191223406303,0.3550569855957861,0.3278068035043924,0.3580101969496171,0.3687066693045566,0.3257079127465279,0.3402004518647757,0.3252237472695442,0.3077522149983921,0.3701483109309039,0.3876930749788809,0.3275927715696755,0.2989755600436298,0.3400190364187976,0.3888372392231389,0.3514149304599775,0.3345515165485441,0.362528173828597,0.3536695051643357,0.3522070286684624,0.3657991532162725,0.3183752101849875,0.3434551406925189,0.3366090946926752,0.3367722963973336,0.3121801885836303,0.2981048782984396,0.3742245835341697,0.3486136024176326,0.2737228933812188,0.3540486951234532,0.3527262325519966,0.338572486028336,0.325519657778033,0.2897872304574625,0.3549650087519016,0.372699141592119,0.3224123294751236,0.2941439785326551,0.3860766871742464,0.2782428024744021,0.3473527211703501,0.363944122771351,0.3515124312087925,0.3539779455038347,0.3562273163884055,0.3253342745562277,0.2684785677131342,0.3683125929059959,0.4307834798059297,0.3527001706780361,0.2579534104295064,0.3574514141902905,0.3855134234416359,0.3549546357391178,0.3462295210227335,0.3661949799668486,0.3481510906179668,0.3219415498678596,0.3181036591440303,0.3615885659005385,0.3118176500822841,0.373397344999119,0.3161205133057451,0.3082609040074708,0.3456076659496493,0.3181930286448445,0.3514918476264587,0.3519050943710554,0.2341217972725078,0.3759958611447918,0.2913763397178492,0.2640319035424953,0.289751339386998,0.3926242228213735,0.3768835347980018,0.374064147684253,0.3550001927029453
0.3420105655547673,0.3075702259780717,0.3401354572933127,0.3456372330246516,0.2872329972866979,0.3753910782996805,0.2561349735346372,0.2707176871049258,0.4176508022895061,0.3326920225410993,0.3154796216282474,0.3518930027880926,0.373592112345101,0.3580816036783852,0.3196351430369391,0.2868449873241073,0.2740471543990622,0.391818572930627,0.3046220666269039,0.3404355452408615,0.3700505651096581,0.3547279343224406,0.3563310295097932,0.3285410794385912,0.3584650151611106,0.368876493554538,0.3248339486232696,0.3399355040235288,0.3237100800484114,0.3160708004433183,0.3694602683268119,0.386558535605471,0.3255054632347637,0.2980373393962494,0.336951474875135,0.3887053535095273,0.3510332472277627,0.3375826712860341,0.3636242185923686,0.3538146752365222,0.3526093791756785,0.3663034453986779,0.31757444726976,0.3429192932548951,0.3358751174879665,0.3358076468529481,0.3112694379206183,0.2972388955856638,0.3752141994704326,0.346917099220123,0.2725312632926104,0.3551617446579003,0.3531378209404284,0.3380618763214602,0.3247211858800606,0.2881616097895867,0.3548966525950832,0.3710247067575865,0.3211328926200528,0.2940232559122449,0.3869647091436614,0.2781130387302992,0.3476642981225007,0.3642809061293289,0.3433081469981278,0.3575133342775456,0.3578746732470601,0.3238777973237318,0.2680349053301452,0.3727662006591586,0.4310852904959903,0.3520039033097255,0.2551674337617085,0.356514812208367,0.3862985342127856,0.3549627050448556,0.3476422904289062,0.365960000721962,0.3469843112179124,0.3199021493181979,0.3233030193993097,0.3612095207489929,0.3106212121039609,0.3738500526892634,0.3149363901984285,0.3054897424086479,0.3434760083398965,0.3235603022583549,0.3518190848573305,0.3507819296381271,0.2310611013657567,0.3767214626095669,0.2918021307281797,0.2626742649810224,0.2987341957637709,0.3929791703175574,0.3780938905277269,0.3739247372358889,0.352897671226579
0.3405265576173186,0.3064871250364654,0.3402085062615537,0.3488844353151803,0.2859432829292966,0.3735458341254468,0.2523591946275944,0.2688100764960711,0.4179560280727574,0.3323084321326247,0.314602126555951,0.3514049585273716,0.3747929524115495,0.3579846142252095,0.3190560800134856,0.2839168937966237,0.2759955805149252,0.3931232470940876,0.3049862388158101,0.3395895692595248,0.3728803468631678,0.3549265209222871,0.3575979329137608,0.3294162081973472,0.3590641135916566,0.3691489483605291,0.3235805639929068,0.339651477019527,0.322126824247938,0.3244710809693453,0.3688076750584325,0.3853885765013342,0.3233270790322941,0.297200583293386,0.3335785087574379,0.3884542021608507,0.3506915268315276,0.3403493480699632,0.3648414519039472,0.3539838484369261,0.3529049156307926,0.3668543288976665,0.3166859351355815,0.3423702664935284,0.335140894790133,0.3348860699342956,0.3102125627251476,0.2968242786768301,0.3755038948443356,0.3453030141133095,0.2720994369845833,0.3561057950895854,0.353330326774919,0.337565241483332,0.3238041956785605,0.2871188718151179,0.3551166463375216,0.3690949828611834,0.31988864955692,0.2945350667917602,0.3879863336337968,0.278166507535103,0.3480210796440731,0.364766943382471,0.3349323023601779,0.3607931958332143,0.3596422799178049,0.3223996065902458,0.2684821276760765,0.3766399633677023,0.4313748253112185,0.3512856246528433,0.2532567429165264,0.3555555714134986,0.3865150100790923,0.355083769602503,0.3493504604523189,0.365738634746265,0.3457574050199114,0.3179080223517292,0.3281092719668535,0.3609111928222736,0.3094048985088085,0.3738565335594528,0.3138028455392557,0.302421652583986,0.3409583375295162,0.3290761072693881,0.3521884120353971,0.3496316970854439,0.2303632247202989,0.3771961220153945,0.2929645073958069,0.2623575730035472,0.3086781331761237,0.3929363961064984,0.3790972512251897,0.3738308067112656,0.3508182498810647
0.3389708742088725,0.3054290597404079,0.3402030900466902,0.3518473957543712,0.2844808098780064,0.3715901461647319,0.248385132708334,0.2672849222679173,0.4181042280937175,0.3320609676079067,0.3144448174194391,0.3508064462155951,0.3757106709891527,0.3578126998808984,0.3185673908378109,0.2813959138119631,0.2788122412859551,0.3943054247011799,0.3048028923538602,0.338716857786912,0.3742926951456723,0.355116342697209,0.3588535282355601,0.3304101527929434,0.3597911601734221,0.36957205287233,0.3220109232241582,0.3393881813864673,0.3205175654786579,0.3326755501037457,0.3682107144460577,0.3842061941890645,0.3210371272037314,0.2964447849108442,0.3299568734533576,0.3880860551871473,0.3503856401160416,0.3429097715984769,0.3661535373837186,0.3541709448866272,0.3530847399279581,0.3674265244999159,0.3157671804741986,0.3418596184692561,0.3344208319218124,0.3340389067652621,0.3090014690257716,0.2969489066072646,0.375053458576398,0.3437670665375716,0.2722095489910064,0.3568868306142042,0.3533000169730127,0.3370711429202732,0.322758692955776,0.2867866632773638,0.3556019130167545,0.3669670437152875,0.3187095949546173,0.2957257720408749,0.389097207294913,0.278322737045524,0.3483985032136584,0.3653894564580873,0.3267554014969798,0.3638111868736287,0.3614786075586332,0.3209231247084326,0.2699063036653381,0.3799250092062526,0.4316140262894778,0.3505709692751294,0.2524576744295499,0.3546148126323843,0.3861819870725381,0.3553025098683981,0.351336293707101,0.3655457457529822,0.3444773031453215,0.3159716690948447,0.3324155034548229,0.3606837702752645,0.3081423094734186,0.3734895838303301,0.3127356599221764,0.2991065658018981,0.3381345634625823,0.3345761384897964,0.3525745486666208,0.3484223027711349,0.2319564855913329,0.3773931617522555,0.2949074884544415,0.2631449256451446,0.3193922586915114,0.3925481610561015,0.3798553631378223,0.373799407542233,0.3488694116741386
0.3373597042134796,0.3043557573659735,0.3401373872053765,0.3546072495943477,0.2828134895008138,0.3695993104961647,0.244259102905917,0.266334713187961,0.4181567116964959,0.3319195112032154,0.3151344683111318,0.3501011131778395,0.3763682987861148,0.3575818492259139,0.3181607526425581,0.2794067539291471,0.2824977667210284,0.3953283991554274,0.3040626084213673,0.337808205320712,0.3744183502677662,0.3552924589188494,0.3600956186547255,0.3314925446373578,0.36062166579631,0.3701674606410182,0.3202072297881592,0.3391716924206684,0.3189232418925868,0.3404444517781246,0.3676831276959052,0.3830246928661981,0.3186324119042015,0.2957446509199552,0.326137800450426,0.3876157906821093,0.3501066109218534,0.3453173336501923,0.3675245087083462,0.3543691549999224,0.3531431701029374,0.3680019492155951,0.3148967564997417,0.3414260037648653,0.3337241284096195,0.3332844851488588,0.307642542794374,0.2976710791961203,0.3738437900466049,0.342305381580056,0.27263538366816,0.3575041651906451,0.3530610523357675,0.3365567122217054,0.3215920316405455,0.2872570797143436,0.3563155690643876,0.3647072087693984,0.3176161782611523,0.2975999326951329,0.3902540834869404,0.2784975849141336,0.3487729777490324,0.3661176355042173,0.3191216765779054,0.366540810872325,0.3633188903682096,0.3194753964591804,0.2723528637107731,0.3826464988057727,0.4317707583025055,0.3498851079307198,0.2529859282094354,0.3537258662683147,0.3853198420369607,0.3556067487184244,0.3535709606314134,0.3653969091108031,0.3431568589935803,0.3140951269731402,0.3361593602545862,0.3605216551878655,0.3068042658012381,0.372813173889269,0.3117377548096731,0.295608510397596,0.3350890707282009,0.3399171132325276,0.3529529539080157,0.3471409894993864,0.2357239343698352,0.3772989539073266,0.2976426846043109,0.2650555669457977,0.3306264703550048,0.3918687018981965,0.380330274186651,0.3738325372868947,0.347135500943902
0.3357175563090716,0.3032215898868872,0.3400318492545235,0.3572221485422296,0.2809312389929363,0.3676503139036632,0.2400511063587999,0.2661512437274319,0.4181645359284834,0.3318623285703534,0.3167657521400753,0.3492915890307727,0.3767966523167591,0.3573061871527584,0.3178372933864102,0.278063365859433,0.287002331563164,0.3962229615769137,0.3028074954065231,0.3368605415536731,0.3734571834304111,0.355440826808421,0.361322242740624,0.3326275744384948,0.3615258706323447,0.3709297587766,0.3182734726629559,0.3390114113942044,0.3173811899343252,0.3475965173840654,0.3672281464120457,0.3818496036787979,0.3161197287050275,0.2950636246326225,0.3221645684392004,0.3870686241118158,0.3498500055149376,0.3476157774657305,0.368913213000731,0.3545766136905007,0.3530840646004144,0.3685704117489077,0.3141698639015705,0.341097925506197,0.333056851361899,0.3326274615128746,0.3061580279954308,0.2990170700459308,0.3718880239335151,0.3409223942051625,0.2731655361025868,0.3579580309076979,0.3526430237850882,0.3359998342599881,0.3203349834930046,0.2885795238190449,0.3572140641467446,0.362389926984629,0.3166105706548924,0.3001263524391191,0.3914166070793952,0.2786166262677946,0.3491254013813997,0.3669053293939621,0.3123159586492544,0.3689498578972885,0.3650960672688337,0.3180848646967049,0.2758120819990028,0.3848630791737868,0.4318291293151102,0.3492443998648941,0.2550160180288236,0.3529109399188883,0.3839529871979628,0.3559804219245991,0.3560120996103726,0.3653146847840924,0.3418165122345041,0.3122744985268029,0.3393297639751956,0.360422001423445,0.3053603544495849,0.3718935743119206,0.3107964119121105,0.292008258099281,0.3319075269015065,0.344987044013683,0.3533055064309507,0.3457867619801347,0.2415297719752931,0.3769094234860985,0.301139986129325,0.2680702422340997,0.3420829392393455,0.3909488136185382,0.3804911864848926,0.3739200437599687,0.3456631520948168
0.3340767324118345,0.3019790355235,0.3399116786390674,0.3597235121692184,0.2788487619623391,0.3658073439152587,0.2358436216820736,0.2669086536327363,0.4181726079343815,0.3318737666149158,0.3193847629079679,0.3483804771149872,0.3770302753633602,0.3570002845921822,0.3176002851766737,0.2774690631236987,0.2922258925513548,0.3970796707804509,0.3011255646730408,0.3358760522208126,0.3716674536582067,0.3555489736064295,0.3625342721969225,0.3337797799782253,0.362469069267315,0.3718348477602556,0.3163343108196115,0.3389083620793583,0.3159317013301792,0.3540205615365672,0.3668419585080858,0.3806852522233202,0.3135076958758078,0.2943555738417269,0.3180673510191553,0.3864774267817648,0.3496131068979103,0.3498297167517741,0.370276112770484,0.3547987781673546,0.3529183876954486,0.3691243739648432,0.3136826286063136,0.3409014716793206,0.3324266294273491,0.3320615628258617,0.3045882522035685,0.3009807867906013,0.3692383986976674,0.3396328513784626,0.2736240597605693,0.3582451605600277,0.3520808005641793,0.3353883115001747,0.319031226405944,0.2907613924122704,0.3582507982899226,0.3600906781680125,0.3156806450029466,0.3032443008624931,0.392546866135652,0.2786207690784238,0.3494411931287784,0.3676968789994809,0.3065399477002503,0.3710110413554501,0.366751021608765,0.3167690038108839,0.2802123546577713,0.3866585106660716,0.4317950584216609,0.3486519564766372,0.2586532097656284,0.3521851912538948,0.3821190749446618,0.3563978449153494,0.358603724506411,0.36532786774268,0.3404800307929334,0.3105023401934539,0.3419643841900751,0.3603803951953815,0.3037877115861435,0.3707973934391375,0.3098902991404723,0.2884083472717781,0.3286715652603911,0.3497059515399122,0.3536241453430352,0.3443599876076325,0.2491989447361437,0.3762324601640266,0.3053231126208606,0.2721290192654422,0.3534386158662328,0.3898300328591248,0.3803276285438923,0.3740384763106768,0.3444494445200768
0.3324646935735722,0.3005811779614056,0.3398004819366046,0.3621085774631677,0.2766023321573976,0.3641187704675258,0.2317284565936292,0.2687382744784431,0.4182182113186984,0.331936269897199,0.3229757829883277,0.3473962430835268,0.3771140134049841,0.3566820369024697,0.3174533181762087,0.277702719197393,0.2980300253960266,0.397971148052044,0.2991482715235304,0.3348635817268224,0.369342746787356,0.355617375733962,0.3637393444826605,0.3349180639024527,0.3634131534586355,0.3728465458795779,0.3145230731409417,0.3388554761406281,0.3146123486945764,0.3596721173436552,0.3665222236284779,0.3795306543833969,0.3108067585808311,0.2935789516143822,0.3138599325756436,0.3858767377033191,0.3493849352298412,0.3519587100778298,0.3715667018038748,0.355041160436037,0.3526554701529034,0.3696612191257693,0.3135192583537817,0.3408557549618471,0.3318369080620715,0.3315706564850412,0.3029942172966996,0.3035187145466166,0.3659773298490502,0.3384588112995227,0.2738962875445086,0.3583570641579179,0.351412132305801,0.334713740683199,0.3177218277978348,0.2937660152872042,0.3593745108277042,0.3578767123875269,0.3148083288260112,0.306861237433144,0.3936155446514586,0.2784730747184283,0.3497049082555902,0.3684243161689568,0.3019031321860229,0.3727021921691991,0.3682336423864297,0.3155292453049169,0.2854265581632483,0.388131512703568,0.4316936460609448,0.3481048300712669,0.2639150553171516,0.351557817900371,0.3798750075126793,0.3568256857387516,0.3612848311787793,0.3654594805579864,0.3391688493455768,0.3087647549712462,0.3441290705247871,0.3603896418497377,0.3020737321896307,0.3695838393141153,0.3089943341860939,0.2849387950603717,0.3254499061674897,0.3540246408464649,0.353903617673919,0.3428665423020007,0.2584594092536085,0.3752937189055889,0.3100796736676677,0.2771304776367905,0.3643642165287098,0.3885414433233753,0.379847964344609,0.3741482058289851,0.3434429279999385
0.3308943619419364,0.2989855961784626,0.3397125709936452,0.3643468133509506,0.2742503072904061,0.3626247125918723,0.2278062154087503,0.2717107010438447,0.4183228568967345,0.3320324762404695,0.3274636194405543,0.3463919452182494,0.3771029226000218,0.3563697070399585,0.3174060297884568,0.2788026280550853,0.3042530797588411,0.3989307908098849,0.2970377562196557,0.3338380558172669,0.3667758470144035,0.3556582905616712,0.364951687103253,0.3360199877162553,0.3643195413532574,0.3739185872036274,0.312973762646395,0.3388286203634014,0.3134427233754014,0.3645654761627585,0.366272003192491,0.3783718288718786,0.3080301967672768,0.2927044301665331,0.3095383871746394,0.3852977296329351,0.3491469903915822,0.3539833441612264,0.3727346298961363,0.3552986633304852,0.3523037587229049,0.3701921904170362,0.3137472255430258,0.3409650722463998,0.3312788133968135,0.3311283320817018,0.3014577514298288,0.3065462667602004,0.3622043082603247,0.3374277211580887,0.2739414352531177,0.3582933363772109,0.3506832678740568,0.3339646106634579,0.3164432883990671,0.2975099290450588,0.3605297698119593,0.3558019108179991,0.3139686814561993,0.3108534038811762,0.3946084725076814,0.2781706135463746,0.3498986699631399,0.3690060072736582,0.2984227891937623,0.3740060549857841,0.3695042749226576,0.3143589462348169,0.2912857338319094,0.3893910100268298,0.4315655646524717,0.3475994742263545,0.2707278103064753,0.3510286739852248,0.3772931342541039,0.3572270737198045,0.364000737413515,0.3657170829188083,0.3379048423691145,0.3070408735814335,0.3458976187980442,0.3604423378501677,0.3002096482629362,0.368308152902088,0.3080774723425823,0.2817615185318116,0.322294419741632,0.3579268334029064,0.3541348953224687,0.3413273226504703,0.2689123756659131,0.3741347909400294,0.3152734691587355,0.2829423932066038,0.3745408373151519,0.3871001871716732,0.3790679354508275,0.3741993483476996,0.3425529868933281
0.3293664013931792,0.297160511393816,0.3396544160285584,0.3663973188108291,0.2718795403673525,0.3613562954960789,0.2241745858740791,0.2758303899872749,0.4184933280899254,0.3321511110784766,0.3327253115177541,0.3454153052998509,0.3770502623692801,0.3560797376843119,0.3174761148135298,0.2807635417995226,0.3107224137411544,0.3999997418690739,0.2949636501907293,0.3328168553129418,0.3642319867125909,0.3556910064608461,0.3661869711915903,0.3370794915554775,0.3651499422016162,0.3750028261876886,0.3118180575424303,0.3387865496323946,0.312419616306351,0.3687653998107215,0.3660967534230872,0.3771847183834851,0.3051887386594599,0.2917060169720491,0.3050832083912278,0.3847685048997126,0.3488827575966809,0.3558767804416765,0.3737289104827433,0.3555532108056032,0.351878975248408,0.3707446694358684,0.3144104692510192,0.3412236851079862,0.3307336516981015,0.3307004479751939,0.3000769308405865,0.3099465155804752,0.3580336452337107,0.3365726116699324,0.2737808742117595,0.3580725283164308,0.3499463861096644,0.333132451109939,0.315232329036662,0.3018692215324283,0.3616639989479897,0.3539043671406659,0.3131261180112072,0.3150793973236554,0.3955239048075304,0.2777487231835525,0.3500081325980224,0.3693572174311359,0.2960269648891483,0.3749180845958068,0.3705414049342793,0.3132461452774852,0.2975909716645776,0.3905505700798751,0.4314673118777692,0.3471259652134003,0.2789252908786754,0.3505905423622683,0.3744538439973008,0.357561665603007,0.3667055421643391,0.3660956565577002,0.3367141433568733,0.3053089492573149,0.347346811219829,0.3605312608182761,0.2981880760830647,0.3670292326844247,0.3071041348404661,0.2790687484979959,0.3192405584608341,0.3614260697009649,0.3543076894697771,0.3397741706833837,0.2800725804712891,0.372802040313749,0.3207487391265529,0.2894151229511476,0.3836831505663501,0.3855133960077478,0.378010926942802,0.374144752834785,0.3416554937267932
0.3278750197537934,0.2950902562888241,0.3396298817913336,0.368218192371687,0.2696084219319338,0.3603246178453007,0.2209095978010329,0.2810311115582973,0.4187316062689419,0.3322829431462553,0.33859602831028,0.3445053118618424,0.3769996350035335,0.3558320236002135,0.3176813102490216,0.2835412146337051,0.3172645786576604,0.4012250129671716,0.293084827715564,0.3318191231150054,0.3619369531647603,0.3557434218119842,0.3674565031685275,0.338113184507852,0.3658666104773945,0.3760645050309409,0.3111734353105457,0.3386847017202846,0.3115265854052306,0.3723677749304128,0.3660008458042914,0.3759425800623385,0.3022859331587875,0.2905529481763208,0.300470900601696,0.3843152856912927,0.348579739463526,0.3576104008098478,0.3745052048264962,0.3557818448324626,0.3514025494121123,0.3713522195950145,0.3155182354670134,0.3416257479405962,0.3301800424950891,0.3302510113000524,0.2989578940998652,0.3135878492736692,0.3535960960673853,0.3359295061258256,0.2734782720254522,0.3577233597480259,0.3492456191202367,0.3322199447898369,0.3141196653276291,0.3066934572876438,0.3627338110166269,0.3522025204890606,0.3122411803639566,0.3193979277131339,0.3963671264245124,0.2772714993054667,0.3500252718685716,0.3694030353867047,0.294565147347171,0.3754544964360713,0.3713439022538838,0.3121650157844899,0.3041243153446766,0.3917149222857145,0.4314676056280689,0.3466638300949791,0.2882469825139556,0.3502375812823408,0.3714418133535281,0.3577846327693483,0.369357771267832,0.3665842357093859,0.3356182925718199,0.303551450806053,0.3485530425650059,0.3606449176831124,0.2960109879989753,0.3658043728578796,0.3060425287304781,0.2770724938097993,0.3163043950019796,0.3645497590212139,0.354412707079722,0.3382344042256263,0.2914531867884679,0.3713385315240429,0.3263379383870889,0.2963867689800298,0.3915633352307118,0.3837796459439556,0.376718114178482,0.3739454769127372,0.3406002399067547
0.3264091635358843,0.2927783383117103,0.3396394012554585,0.3697670798438966,0.2675793887344199,0.3595196910715452,0.2180579107837509,0.2871698239752178,0.419037054968846,0.3324153733588983,0.3448734700307211,0.3437162922298825,0.3769867562700018,0.3556535585928094,0.3180305251310905,0.2870518128691627,0.3237163180776619,0.402580129888249,0.2915397832326993,0.330868962735658,0.3600619050300935,0.3558516805509999,0.3687649311332639,0.3391578281671288,0.3664361130864703,0.3770891446496246,0.3111283488313187,0.3384865945107219,0.3107421660149045,0.3754707365279838,0.3659881229602031,0.3746161559889379,0.2993220570726129,0.2892172373135398,0.295692627089092,0.383959405873958,0.3482239423421542,0.3591551371852154,0.3750312138330272,0.3559640720191084,0.3508913724200261,0.3720420352139082,0.3170417020074449,0.342165091510541,0.3295952576756191,0.3297469105568106,0.2982066751528939,0.3173366648647608,0.3490294282536832,0.335530469020857,0.2731249286103103,0.3572731329941569,0.3486086338223395,0.3312368178070963,0.3131181337274989,0.3118170486531607,0.3637033690483676,0.3506919755665938,0.3112814890550009,0.3236774110955416,0.3971532147019178,0.2768205479205824,0.3499417547913825,0.3690846978249321,0.2938332989256462,0.3756492342774998,0.3719217315327236,0.3110752311391843,0.3106662202105006,0.3929670813400026,0.4316345380362562,0.3461902053933865,0.2983501985595816,0.3499682099569971,0.3683430137168968,0.357850305286045,0.3719227567962586,0.3671635187161797,0.3346213209320363,0.3017527361361986,0.3495765515940219,0.3607638596762313,0.2936983341515287,0.364677695295395,0.3048680673350893,0.2759898439623084,0.3134814726785935,0.3673206860629987,0.3544380404397428,0.3367231313342627,0.3026439565467717,0.3697859183096517,0.3318815041422676,0.3036868621646622,0.3980232505521059,0.3818913328824548,0.3752470638205405,0.3735660607573102,0.3392336017828321
0.3249517529058845,0.2902499757842141,0.3396767818438672,0.3710084253167167,0.2659448608857995,0.3589233760939724,0.2156412502131247,0.2940332347730451,0.4193992674770631,0.3325391644331172,0.3513358950644622,0.3431136733008881,0.3770372985430603,0.3555713201957329,0.3185234012626751,0.2911705231274646,0.3299357086309845,0.4039234734617795,0.2904362971595564,0.3299945574675763,0.3587027696359445,0.3560514517879565,0.3701101299988742,0.3402608965858032,0.3668331465680697,0.3780772098099574,0.3117412193901716,0.3381636578242523,0.3100376486344477,0.3781565067734287,0.3660632564893895,0.3731744707485109,0.296299387860344,0.2876840665243257,0.2907680598625906,0.3837147289483265,0.3478004704779093,0.3604867347641599,0.3752854451508113,0.3560794482921274,0.3503569491175077,0.37283077050418,0.3189217419943116,0.3428300524162496,0.3289559770769106,0.3291595995572301,0.2979221644282957,0.3210628055417359,0.3444626039266505,0.3353974814961173,0.2728222701524634,0.3567535869944458,0.3480516762852518,0.330190649460436,0.3122230941597927,0.3170673033580325,0.3645391870026805,0.349347590724739,0.3102220417952665,0.3277997668966345,0.3979109258660179,0.2764890064475369,0.3497445835600992,0.3683680412211392,0.2936073831187145,0.3755425352879897,0.3722884337582604,0.3099357042759102,0.3170174612938913,0.3943662020897787,0.4320235083102849,0.345688410762752,0.3088420030721429,0.3497805119891869,0.365237272344306,0.3577197760498323,0.37438291269345,0.3677984717957115,0.333711418779805,0.299895007797978,0.3504473146716262,0.3608626061571816,0.2912886190890803,0.3636804887762442,0.3035589474740727,0.2760282612868899,0.3107577209157897,0.3697507666997077,0.3543690416192255,0.3352493575072923,0.3133570201534518,0.3681866298998138,0.3372442346706576,0.3111470952249863,0.4029766613225447,0.379840006225295,0.3736582999619353,0.3729743853565361,0.337426777211806
0.3234815803061513,0.2875545927760636,0.3397317458222468,0.3719264824912244,0.2648551233809338,0.3585147534291724,0.2136554913968975,0.3013615858622798,0.4197960641314306,0.3326550500675581,0.3577678496758779,0.3427410348833527,0.3771581064013656,0.3556038389565292,0.3191524415050193,0.295741152893843,0.3358099285404732,0.4050490213228548,0.2898419547303383,0.3292203403979767,0.3578750437076978,0.3563706208434368,0.3714809027527836,0.3414728752834349,0.3670385286850252,0.3790423237374388,0.3130446202200342,0.3376942255327766,0.3093723973180532,0.380489101783091,0.3662286939036872,0.3715963348772352,0.2932197756253094,0.2859490330969709,0.2857524331414184,0.3835912194322541,0.3473009477515058,0.3615928777903051,0.3752537835404565,0.3561028238795735,0.349814316387516,0.3737268818008318,0.3210752123568092,0.3436061449724204,0.3282443207600428,0.3284662009336366,0.2981873301777017,0.3246481495942013,0.3400099403056956,0.3355405941912693,0.2726564518252813,0.3562086298337176,0.3475847226166764,0.3290848349485065,0.3114218440042455,0.3222773094312574,0.3652091737815788,0.3481293453342093,0.3090393618735682,0.3316667062620786,0.3986751478701178,0.2763715746879937,0.3494242799430909,0.3672587252250976,0.2936728401100415,0.3751727870352891,0.3724638790637242,0.3087119217400183,0.3230138353606638,0.3959488342269896,0.4326748056977498,0.3451452193861632,0.3193151530906236,0.349671869938558,0.3621892109162789,0.3573670426671829,0.3767408175883781,0.3684400810815637,0.3328714392859622,0.2979607084247865,0.3511700348368803,0.3609137768795914,0.2888355283034207,0.3628388289801523,0.3020967580150479,0.2773651191582305,0.3081234836171537,0.3718439846351575,0.3541949526462778,0.3338213552549262,0.3234452534159212,0.3665783358264171,0.3423155276998029,0.3186116600939334,0.4064100364681219,0.3776232940877866,0.3720106408070145,0.3721514096306073,0.3350868240601869
0.3219788767088028,0.284765648352261,0.3397943744336873,0.372527248080981,0.2644512309126031,0.3582616363931984,0.2120616028464741,0.3088751053053438,0.420198875935393,0.3327633046482242,0.3639744491730388,0.3426140856709684,0.377336815901065,0.3557634704158497,0.3198982426648621,0.3005942443008231,0.3412580248782761,0.4057379163224796,0.2897856595393791,0.3285609503248776,0.3575275191483107,0.3568284071910796,0.3728534990852827,0.3428435686258885,0.367035184043934,0.3800171644239172,0.3150368615770181,0.3370703845276816,0.3086964808605457,0.3825094635279983,0.3664778455299919,0.3698799791867462,0.2900811749738112,0.2840128424076652,0.2807463507317812,0.3835989288281456,0.3467264893022053,0.3624743221770433,0.3749320679531325,0.3560093027487864,0.3492824526787272,0.3747291629059256,0.3233962400064722,0.3444812357288865,0.3274503084218364,0.3276514757474621,0.2990581978627037,0.3280001460978767,0.3357757877644937,0.3359565511626217,0.2726770225919154,0.3556822275017628,0.3472085869227696,0.3279195961241144,0.31069512786153,0.3273033286309003,0.3656850578588774,0.3469872480182347,0.3077141459416959,0.3352073882177263,0.3994749815865542,0.2765479365614771,0.3489849989714519,0.3658097510533634,0.2938460438870604,0.3745756290261502,0.3724753973880208,0.3073683842380547,0.3285309953474138,0.3977232649952104,0.4336120434072722,0.3445468281476643,0.329376433100022,0.3496452716209078,0.3592431453017916,0.3567809705987667,0.3790093425914784,0.3690381075540757,0.3320784612651034,0.2959393425182738,0.3517384231543193,0.3608896387556919,0.2864079941837536,0.3621702780635019,0.3004752535828605,0.2801181667037447,0.3055749214440263,0.3735954867446707,0.3539115074784157,0.3324415068384886,0.3329106782772328,0.3649886902161943,0.3470068301292003,0.3259402399299299,0.4083788052601569,0.3752495054286472,0.3703678492466337,0.3710951877224488,0.3321534943942618
0.3204334675553077,0.2819774025648047,0.339853635487194,0.3728285303023315,0.2648582667505054,0.3581201315683581,0.2107872501325372,0.3162944018086296,0.4205737282973132,0.3328498836944784,0.3697862606998886,0.3427433875430704,0.3775528314907866,0.3560623216393742,0.3207227464726493,0.3055626573123407,0.3462307815910728,0.4057529611527156,0.2902667775914794,0.3280233403038443,0.3575536435489929,0.3574314463828033,0.374193228514163,0.3444164286958999,0.366810048093204,0.3810495137585409,0.3176722623247532,0.3363043226548632,0.3079599268807498,0.384223208799451,0.3667906712708321,0.3680368041046805,0.2868843119752751,0.281891433040297,0.2759063669019652,0.3837434619088098,0.346085111769419,0.363141913425472,0.3743331090381356,0.3557844797194292,0.3487746849339151,0.3758190728964665,0.3257658169428015,0.3454417390846327,0.3265662579851731,0.3267096863366647,0.300556255227868,0.3310593562811043,0.3318559541325281,0.3366249744562081,0.2728889856725002,0.3552016071674592,0.3469150636791789,0.326688648856922,0.3100123581957403,0.3320357213214997,0.3659427602672496,0.3458653551410959,0.3062391909871327,0.3383811968692288,0.4003324501568501,0.2770724404697663,0.3484418775412982,0.3641122181524866,0.2939905095253316,0.3737841190037045,0.3723482260909791,0.3058666580336939,0.3334884975712751,0.3996648169884041,0.4348323961760696,0.343884427858401,0.3386749946979512,0.3497095156347491,0.3564217522807664,0.3559655827503415,0.381202726010989,0.36955102554108,0.3312960136832451,0.2938310902712873,0.3521404374611274,0.3607629464815545,0.2840942273864858,0.3616729113404742,0.2987033017231865,0.2843199259770697,0.3031106780678419,0.3749870715617125,0.3535164042085876,0.3311009599684471,0.3419141049566415,0.3634384144989723,0.3512597070319468,0.3330121170930074,0.4089924448903138,0.3727376963465673,0.3687965055120163,0.3698099820366008,0.3286048465099038
0.3188502744280712,0.2793015330092373,0.3398936863510711,0.3728548191834965,0.2661720760495895,0.3580497781135469,0.2097442339107601,0.3233628738733088,0.4208761147079682,0.3328912757965218,0.3750718026016738,0.3431347294763139,0.3777837696407111,0.3565088391743937,0.3215715673656165,0.3104931624395409,0.3507094825906558,0.4048487412402844,0.2912613973225291,0.3276108196322916,0.3577958550864334,0.3581659112984702,0.3754615743693937,0.3462188605830441,0.3663591982300872,0.3821834884748825,0.3208693544746039,0.3354247902632701,0.3071210803023618,0.385600984393314,0.3671355272933,0.3660822997088864,0.2836452108149911,0.2796335299018956,0.2714411886723694,0.3840163341217824,0.3453915090650353,0.363616379793812,0.3734871009295599,0.3554257955145634,0.3482971566685992,0.3769571690946092,0.3280720791482392,0.3464660897168075,0.3255864065836324,0.3256459144495238,0.3026684767450521,0.3337970437458081,0.3283318779041913,0.3375076234978024,0.2732550029003477,0.354780317795092,0.3466961874456266,0.3253777690393287,0.3093351338489478,0.3363987869464732,0.3659602425837215,0.3447083437927745,0.3046190970818369,0.3411750905236886,0.4012667049401159,0.2779739398154058,0.3478116967487541,0.3622825770993851,0.2940260092450818,0.3728251690727236,0.3720964770151842,0.3041788970765575,0.3378543113945581,0.4017236392576657,0.4362993500142244,0.3431597912692767,0.3469346453508434,0.3498688794491617,0.3537265539036617,0.3549419412148032,0.3833379667386138,0.3699438416694608,0.3304784081886812,0.291646327430752,0.3523576443597521,0.3605107043551498,0.2820051839516639,0.3613260961855231,0.2967983221590969,0.2899097138315512,0.3007415604273634,0.375989741248685,0.3530082529340886,0.3297855554859578,0.3507746558126267,0.3619455038368401,0.3550520007696104,0.3397356657285668,0.4083946468706888,0.3701143617449266,0.3673504819564629,0.3682952638444209,0.3244708719599272
0.3172457353749978,0.2768639375929739,0.3398965642816364,0.3726405853849584,0.2684401777255975,0.3580210908011802,0.2088406482006421,0.3298739216645428,0.4210487786331196,0.3328679655440184,0.3797539236358314,0.3437671232753317,0.3780025908162162,0.3570986727305431,0.3223823942676895,0.3152584810219676,0.3547017335076765,0.4028389058623111,0.2927286148032816,0.3273209994976191,0.3580637186811989,0.3589983801562072,0.3766205989358417,0.3482555992068886,0.3656870284632997,0.3834466050731575,0.3245249650164648,0.3344690210045363,0.3061488986786867,0.3865974086388785,0.3674738882044943,0.3640414764873294,0.2804011063617513,0.2773244156427635,0.2675922818839208,0.3843899103707176,0.3446685016343602,0.3639280858527882,0.3724314367670667,0.3549361132294516,0.3478572035216669,0.378090910370111,0.3302233712312396,0.3475272717205764,0.3245178413285712,0.3244762788194101,0.305350342020291,0.3362114095209449,0.325266450818984,0.3385559691989576,0.2737044645774551,0.3544295391064519,0.3465499311785686,0.3239713373827245,0.3086269347613035,0.3403477598691425,0.3657162832524119,0.3434702770405571,0.3028656619369693,0.3435987060300093,0.4022884536842827,0.2792536764081076,0.3471125860944896,0.3604574738081575,0.293926708179213,0.3717151729751257,0.3717258592113089,0.3022971934496083,0.3416392146371287,0.4038373764119013,0.4379502152111157,0.342380196764409,0.353975351578233,0.3501155981317969,0.3511424735563298,0.3537497977707893,0.3854358569402397,0.3701823845208598,0.3295848658386875,0.2894078044237061,0.3523716266483127,0.3601188245830763,0.2802725555283749,0.3611038410863006,0.2947858001867953,0.2967364572180169,0.2985044434695559,0.3765736043235662,0.3523913946422348,0.3284853929221256,0.3599331223885287,0.3605228297764142,0.3583878896752656,0.3460502822971469,0.4067485960575418,0.3674096504263202,0.3660615399112705,0.366548159019793,0.3198307786346662
0.3156394851351449,0.2747985507429204,0.3398490633362425,0.372228794290419,0.2716487452956362,0.3580052352252028,0.2079764590421348,0.3356896153272614,0.4210220936331079,0.3327627416236601,0.3838101530998136,0.3445952230927631,0.3781802693286587,0.3578119051311987,0.3230872403360357,0.3197665096068225,0.3582331440423381,0.3996322035766377,0.2946219560028179,0.3271403324085276,0.3581694278542927,0.3598850057178012,0.3776312890088964,0.3505105277284316,0.3648004911842212,0.3848533599193307,0.3285155327265165,0.3334794491039726,0.3050216495567625,0.3871664835280977,0.3677624925944652,0.3619568526051004,0.2772092335632013,0.2750770542924866,0.2646143516535078,0.3848154797861524,0.343943843657555,0.3641103459419372,0.3712001919484619,0.3543235904208801,0.3474630661324661,0.3791649270265049,0.3321469552056827,0.3485982667508913,0.323385630526497,0.3232254168217044,0.3085258190873973,0.3383255904936835,0.3227055151941878,0.339720962688346,0.2741485750735193,0.3541540376683957,0.3464752491194781,0.3224579903935818,0.3078552741901894,0.3438696100616001,0.3651919881001241,0.3421211970006967,0.301002861018614,0.345678302417827,0.4033894293326371,0.2808796426327706,0.3463708834382656,0.3587856762661188,0.2937115044338426,0.3704605444733219,0.3712409648200629,0.3002280279300514,0.3448803740025175,0.4059363118294379,0.4397075722224821,0.3415518811983055,0.3597137791081735,0.3504335325341282,0.3486473430457755,0.3524431871440752,0.3875117055036107,0.3702373425632275,0.3285846723305126,0.2871592224463753,0.3521750579039565,0.3595838399352577,0.2790390290121765,0.3609825405995404,0.2927105656032173,0.3045593759864557,0.2964577230288422,0.3767156086332936,0.3516765357304741,0.3271943634886709,0.3698735243377566,0.3591762553569299,0.3612836025102784,0.3519157457696409,0.4042255797344158,0.3646557719840667,0.3649439847616987,0.3645688388134476,0.3147920214252194
0.3140535231725542,0.2732376796856067,0.3397443261440293,0.3716619280070093,0.2757257937613736,0.3579683418275244,0.2070410486510373,0.3407421657032302,0.4207102437901753,0.332549929765685,0.387257558766802,0.3455733662111492,0.3782996859972963,0.3586175158668296,0.3236095131292468,0.3239609961331321,0.3613394808951343,0.3951793614375032,0.296894153450235,0.3270431352783378,0.357955513457816,0.3607738695279543,0.3784538852908748,0.3529518052753617,0.3637086113647883,0.3864091209410946,0.3326992142956153,0.332503040422015,0.3037287932584716,0.3872621089518578,0.3679536633243981,0.3598790728068091,0.274147355937557,0.2730289494492234,0.2627582738728273,0.3852155769575781,0.3432446495499871,0.3641917241670352,0.3698231522421805,0.3536077703370622,0.3471126375331994,0.3801218387933424,0.3337898319017713,0.3496485601424166,0.3222210643181624,0.3219226842050181,0.3120881111754754,0.3401797584462815,0.3206802722199317,0.3409556795412006,0.2744967524963791,0.3539428308340309,0.3464694217225321,0.3208272590035788,0.3069882605921058,0.3469821654307186,0.3643745226526669,0.3406488460581173,0.2990764793807666,0.3474502490781738,0.4045440348279589,0.2827919779564832,0.3456203572832439,0.3574067021001624,0.2934323212623223,0.3690646575158916,0.3706464224623342,0.2979902116985052,0.3476290354333785,0.4079477276424947,0.4414783754413967,0.3406829240933649,0.3641542672900473,0.3508027800242472,0.3462204077911848,0.3510794809418643,0.3895652710187676,0.3700955309515384,0.3274540474478526,0.2849741381311289,0.3517771208279932,0.358912329325517,0.2784444287599396,0.3609378622943034,0.2906433101445038,0.3130539605664599,0.294663339152424,0.3764039158612744,0.3508762372054436,0.325903327875327,0.3810302385642769,0.3579104675880989,0.3637645486950783,0.357306187437338,0.4009919504824801,0.3618877092925678,0.3639965916012513,0.3623551018180472,0.309477439826378
0.3125179130202114,0.2723022531527984,0.3395770431722285,0.3709780831811355,0.2805538264343454,0.3578824277216773,0.205927685251196,0.3450272399015771,0.4200085799129084,0.3321980811568571,0.3901417649438384,0.346658489404219,0.3783656539310006,0.359478079448768,0.3238695871287152,0.327817432542246,0.3640646073109436,0.3894243969616095,0.299485846786988,0.326996244876663,0.3573040031036165,0.3616019836216296,0.3790553510771348,0.355532963154409,0.3624290429389296,0.3881045214186205,0.3369358950587947,0.3315856899882131,0.3022772368359802,0.3868405982676837,0.3679992579929998,0.3578501331806577,0.2713171322263722,0.2713458287668635,0.2622433577660887,0.3854732429397224,0.3425949623670101,0.3641969131522491,0.3683300248042,0.3528166824438955,0.3467914728237394,0.3808991774478328,0.3351289778773311,0.3506380442547917,0.3210499766101817,0.3206017084760386,0.3159095952962593,0.3418167781547933,0.3192080261948613,0.3422136575790742,0.2746737287103379,0.3537770503244382,0.346535501555795,0.3190656721226673,0.3059974736609652,0.3497242023732306,0.3632610544100239,0.3390567854226138,0.2971519908546978,0.3489555973938676,0.4057208057159898,0.2849202380635557,0.344892609814572,0.3564268812948201,0.2931595268314304,0.3675366835687737,0.369944356680677,0.2956272252158388,0.3499483017353837,0.4098105103637549,0.4431489440398897,0.3397877230748474,0.3673807224675829,0.3511957866829375,0.3438450912777512,0.3497107782967096,0.3915820748184089,0.3697632170014659,0.3261804701679318,0.2829559749270893,0.3512032099032289,0.3581200225750398,0.2786144407616692,0.3609443715134628,0.2886725750810058,0.3218392866463799,0.2931795250092084,0.3756455883764969,0.350004956106896,0.3246010056163044,0.3937105621990565,0.3567341470829708,0.3658652693747433,0.3622170324269504,0.3971994959200723,0.3591420164493584,0.363192372802545,0.3598944865380151,0.3040290794293758
0.311067699075184,0.2720934673086724,0.339340973643138,0.3702157857607205,0.2859775021789423,0.3577317606605395,0.2045498364612104,0.3485987256585128,0.4188031476455012,0.3316827356148841,0.3925338607065036,0.3477977372574695,0.3784001809545402,0.3603525986488331,0.3238010644856048,0.3313405815963511,0.3664610807512429,0.3823591111463725,0.3023137330798251,0.3269641009908083,0.3561458879027412,0.3623037290397284,0.3794158620206027,0.3581925565029887,0.3609911789346016,0.3899143670022349,0.341107608485183,0.3307633399082355,0.3006955764730134,0.3858745277682143,0.3678589861037394,0.3559013412221907,0.2688435064646118,0.2702143648686953,0.2632225342037213,0.3854313518597688,0.3420139507487846,0.3641517489564664,0.3667492135723401,0.3519739134317904,0.3464849230722127,0.3814366192304688,0.3361728460693053,0.351521527310776,0.3198970076865273,0.3193022574414295,0.3198593624820544,0.3432731115114881,0.3182916963890463,0.343452490259537,0.2746433606918755,0.3536454649256229,0.3466857397548886,0.3171618570408193,0.3048638810259583,0.3521408042894264,0.3618600065785404,0.3373619080828581,0.2953045740309212,0.350234801954451,0.4068864851396997,0.287193844449539,0.3442115251963629,0.3559075130883858,0.29296200059112,0.3658960889775433,0.3691346246267006,0.2932162916184586,0.3519080461269961,0.4114897464775924,0.444593992629918,0.3388831482150163,0.3695401373293789,0.3515727145159393,0.341510671462708,0.3483838059960344,0.3935399021020246,0.369256792461737,0.3247719861408057,0.2812289374565971,0.3504934080570147,0.3572293568961057,0.2796524955539846,0.3609840014126872,0.2868955276139895,0.3305206543366551,0.2920641527389141,0.3744754778865506,0.3490820471988077,0.3232822972239096,0.4080419816445803,0.3556558263582998,0.3676186360023014,0.3666654711299575,0.3929844278583064,0.3564493897249685,0.362471650361908,0.3571679765419351,0.2986075714375173
0.3097286638011456,0.2726841129699424,0.3390337988832879,0.3694169106622104,0.2918072820148071,0.3575025988022129,0.2028419273944512,0.351560299649117,0.4169884705924584,0.3309894152029476,0.3945209593706317,0.3489383934674292,0.378431232864184,0.3611984433829496,0.3233627897838683,0.334560347390841,0.3685853151182272,0.3741246710942341,0.3052737774519671,0.3269112817560647,0.3544785952444272,0.3628266728897116,0.3795263846275876,0.3608607387007808,0.3594293686178972,0.3918079588664145,0.34511978109043,0.3300581469749875,0.2990337822382777,0.3843612338324859,0.3675071545092105,0.3540600851843046,0.2668679700805562,0.2698188874960652,0.2657628313827067,0.3849044649387304,0.3415120223549282,0.3640808923342722,0.3651003404569075,0.3510933150093593,0.3461838300758129,0.3816898191380207,0.3369449285864623,0.3522591832588381,0.3187924284587481,0.3180664219060535,0.3238171426563618,0.3445794597025715,0.3179160577346789,0.3446411663109179,0.2744324389799815,0.3535447539272212,0.3469303896406447,0.3151135703314539,0.3035758237550238,0.3542745748407923,0.36018960896106,0.3355929141455966,0.2936198694276405,0.3513211866386054,0.4080024951512567,0.2895405790650813,0.3435949049812901,0.3558627819257967,0.2928869753184038,0.3641714699791102,0.3682170777512658,0.290861770791214,0.3535700298520651,0.4129755157255935,0.4456936145417186,0.3379833505570397,0.3708101805367841,0.3518862052270434,0.3392189759781515,0.3471404609122118,0.3954075684200633,0.368594143112396,0.3232557634826655,0.2799290330545288,0.349698168790324,0.3562649366964853,0.2816287803547116,0.3610524237505019,0.2854179898212852,0.3387259214227774,0.2913681383319054,0.3729566710604849,0.3481264213082937,0.321950458279609,0.4239410832759192,0.3546786018752039,0.3690438528614195,0.370672181279882,0.3884685476795306,0.3538249724707785,0.3617518927168296,0.3541592856910815,0.2933784649414893
0.3085096927613479,0.2741098292851699,0.3386633584317923,0.3686234311879757,0.2978330715609419,0.357177416274499,0.2007554209996591,0.354046122478387,0.4144815629535422,0.3301093954242482,0.3961884841248853,0.3500484006427405,0.3784859332644917,0.3619723608185854,0.3225384250259683,0.3375201507899872,0.3704874249768207,0.3650365332285063,0.308246906261343,0.3268041037363426,0.3523709366862646,0.3631333996974552,0.3793831533753983,0.3634723125990093,0.3577736654791055,0.3937551554665193,0.3488998329384979,0.3294809807088624,0.2973638982932499,0.3823159434826932,0.3669342367842468,0.3523450091449934,0.2655388964784523,0.2703173748366477,0.2698445840021239,0.3836919078585195,0.3410901465138958,0.3640006604154233,0.3633895362235384,0.3501865595571721,0.3458755441905105,0.3816325019458365,0.3374697516218987,0.352819477923348,0.3177642763499965,0.3169277733680613,0.3276782521624846,0.3457609336429476,0.3180421444580853,0.3457609942571769,0.2741346262721271,0.3534708151362895,0.347265578910086,0.3129259657083819,0.3021245619641612,0.3561637227419163,0.3582778289768102,0.3337876603907894,0.2922032049363325,0.3522366979149193,0.4090291044520347,0.2918900196861339,0.3430534822016358,0.3562590533884089,0.2929484011292529,0.3623986383448646,0.3671932246287103,0.2886866077334958,0.3549766875117728,0.4142739321709852,0.446337815894169,0.3371013478113351,0.3713658562899311,0.3520910089398061,0.3369924125153337,0.3460092403739123,0.3971379636302262,0.3677971878695729,0.321667832104921,0.2791996629353213,0.348870966399048,0.355250030594012,0.284565504360294,0.3611551439485632,0.284352991504185,0.3461298405452382,0.2911192729074075,0.371172425401405,0.3471462489817774,0.3206104418976698,0.4410913444829266,0.3538037611979016,0.3701484608353651,0.3742454165592017,0.3837563568236745,0.3512669259031757,0.3609440791304501,0.3508565246748824,0.2885037855208596
0.3074095532376008,0.2763638089547021,0.3382468020919862,0.3678753701361473,0.3038488267560834,0.3567463352591695,0.1982693917928653,0.3561948052074159,0.4112331554665197,0.3290450282587564,0.3976073959920022,0.3511111639014007,0.3785879637536137,0.3626339964885956,0.3213347344601054,0.3402628638334837,0.3722053925838917,0.3555113617326109,0.3110932245305833,0.326612791320239,0.3499451896074246,0.3631928701110217,0.3789875988020854,0.3659753099956568,0.3560483018985662,0.3957201988296725,0.3524109082326125,0.3290334176564243,0.2957823557048663,0.3797643378435746,0.3661467002266547,0.3507551842079126,0.2650001167318503,0.2718266182782786,0.2753595822053483,0.3815883683297678,0.3407439553349608,0.3639193295295199,0.3616129573116599,0.3492669407269394,0.34553930271489,0.3812454329163425,0.3377759025670248,0.3531767616691618,0.3168263918850882,0.3159039493300508,0.3313557760303756,0.3468309040090365,0.3186084597582174,0.3468002042824213,0.2738949250278115,0.3534210536515257,0.3476752347076143,0.3106051378370905,0.3005097405241656,0.3578377744691356,0.3561649970970789,0.331985912184406,0.2911752361552383,0.352993995518956,0.4099378741295533,0.2941871090226728,0.3425853012503077,0.3570177772949847,0.2931268644323019,0.36062180597707,0.3660668154057638,0.2868316691724159,0.3561544988471807,0.41540853841287,0.4464207302216094,0.3362500436320721,0.3713622554732509,0.3521490800010914,0.3348750721543512,0.3449952672981101,0.3986670547885769,0.3668967753225221,0.320048069359518,0.2791838303875535,0.3480634693296143,0.3542052675781607,0.2884268278516343,0.3612998185813582,0.2838080290498205,0.3524767750546205,0.291315969396609,0.3692187911678888,0.346138889117117,0.3192656674139045,0.4589090463078564,0.3530364796762613,0.3709369123354379,0.37738638373909,0.37893440110287,0.3487655028075693,0.3599604666380362,0.3472507594385887,0.2841457663854269
0.3064222365412289,0.2793971487730436,0.3378033708418345,0.3672127677959268,0.3096723074539088,0.3562146010322906,0.1954110289829517,0.3581284807433464,0.4072437438211655,0.3278199236189305,0.3988296832878391,0.3521091138684935,0.3787545548612317,0.363155063824707,0.3197889128641739,0.3428240478897994,0.3737682463917129,0.345976826200906,0.3136517938769716,0.3263131202603154,0.3473549421475282,0.3629854191553968,0.3783483719614076,0.3683289079687435,0.3542765899528817,0.3976563536205884,0.3556623722853063,0.3287065079269028,0.2944050085603069,0.3767446316327246,0.3651681204139835,0.3492740209284004,0.2653781087402284,0.2744104878488034,0.2821065417719985,0.3784025676319472,0.3404643918799226,0.3638450924802341,0.3597639382819127,0.3483415998220039,0.3451570069078762,0.3805120847859627,0.3378986050748385,0.3533149106054067,0.3159804418807405,0.3149986695386019,0.3347858161125523,0.3477873417709338,0.3195406730676043,0.3477524719047213,0.2738994521875438,0.3534025823015146,0.3481386475434532,0.3081569876907694,0.2987491052071885,0.3593080242290452,0.3539041127946198,0.3302195730173066,0.2906508957280717,0.3536010110453194,0.4107173807243825,0.296398584797292,0.342175059302478,0.3580272212462303,0.2933779378769484,0.3588944890094976,0.3648408176602733,0.2854506556673929,0.3571223041864311,0.4164275749619198,0.4458451270605469,0.3354362340486689,0.3709278688255692,0.3520309980714068,0.3329264884646413,0.3440843743583855,0.3999208703769334,0.3659271826433603,0.3184389959277473,0.2800057930231124,0.3473235367591206,0.3531460408678339,0.293119623954602,0.3614937473074772,0.2838704994063855,0.3576017562230103,0.2919315427311752,0.3671995956662574,0.3451002262764698,0.3179232113591893,0.4765100855480684,0.3523826312655987,0.3714104182824518,0.3800983342445889,0.3740788004874399,0.3463106117289103,0.3587166367818045,0.3433425379469791,0.2804646058633798
0.3055304655928025,0.2831234572728046,0.3373495188956243,0.366676068404432,0.3151533441982725,0.3555918960554483,0.1922679315120762,0.3599433638652254,0.4025783528408312,0.3264761877464387,0.3998837369957524,0.3530294192624023,0.3789910055509501,0.3635264379770343,0.3179763974338096,0.34523198333066,0.375200548878659,0.3368274617383913,0.3157650565211666,0.3258866636820338,0.3447714816415753,0.3625177208121859,0.3774787617322249,0.3704986224301925,0.3524821705222244,0.3995055364112219,0.3586988926482876,0.328481830311538,0.2933538825787782,0.3733077756382727,0.3640381432685015,0.3478827027908309,0.2667701813720899,0.2780674085903165,0.2898071170501614,0.3739869364364724,0.3402336546460494,0.3637899650772192,0.3578363984513406,0.3474066681988013,0.3447227607375393,0.3794279726208617,0.3378661106859861,0.3532347486002472,0.3152244563872152,0.3142047484034004,0.3379321501450313,0.3486186240848342,0.3207575602515692,0.3486203565236107,0.2743746487024217,0.3534292538953072,0.348629073190779,0.3055909394790546,0.2968790122725734,0.3605631850935947,0.3515558167401282,0.3285083403271903,0.2907241415881147,0.3540614193310131,0.411369325341391,0.2985056285940641,0.3418004963236378,0.3591594561057983,0.2936435980221248,0.3572746979400106,0.3635103954446002,0.2846935618589828,0.3578924924153308,0.4173990211812504,0.4445390098979317,0.3346568387516944,0.3701558812006063,0.3517188112588467,0.3312141579141138,0.3432567337628689,0.4008222567333088,0.364915155284565,0.3168785444272937,0.281749766970828,0.346690112880264,0.3520780296228276,0.2985016120116024,0.3617454794776019,0.2846014270022418,0.3614378665597581,0.2929130049721443,0.3652172305930722,0.3440273801145809,0.3165971280352179,0.4927503619251263,0.351841075627526,0.3715625756764419,0.3823775318482791,0.3692629690580414,0.3438887448034055,0.3571390910589196,0.3391500654391312,0.2776034033741711
0.3047005500881168,0.2874253016943159,0.3369001520771894,0.3663028755952852,0.3201809278965024,0.3548835122417303,0.1889888028677779,0.3617079300848767,0.3973677082534221,0.3250621965621938,0.4007696346621453,0.3538747181377079,0.3792827319736843,0.3637536579395279,0.3160059020908176,0.3475064247175873,0.3765200160568104,0.3284108833115532,0.3173105997829393,0.3253213812226676,0.3423665622103857,0.3618197288863402,0.3763932862041456,0.3724591644191087,0.3506825481107032,0.4011886362725252,0.3615855381085875,0.3283384114831748,0.2927485168387544,0.369509404417923,0.3628055702728647,0.3465602389268134,0.269233270539443,0.2827238908653911,0.2981448642269661,0.3682625935181557,0.3400280328194359,0.3637664993119938,0.3558238164833595,0.3464543139727502,0.3442372627359116,0.3780052685208716,0.3376872610587455,0.3529539553138375,0.3145502679608034,0.3135009730004635,0.3407842595461411,0.3493122475540534,0.3221673218654797,0.3494138592668355,0.2755683216538442,0.3535115615020453,0.3491080837915272,0.3029222524901523,0.2949501747686902,0.3615779311975637,0.3491824375117434,0.3268630367106719,0.2914685174994039,0.3543732131279614,0.4119067006996577,0.3004992180492977,0.3414364642026494,0.3602868893746964,0.2938615656250855,0.3558159989607394,0.3620602231589169,0.2846912936815777,0.3584692277008339,0.4183945176083111,0.4424650501993505,0.333904193624877,0.36909844640447,0.3512087649683291,0.3298071866717365,0.3424893883949597,0.4012929636182026,0.3638775476599722,0.3153919637314287,0.2844484793828941,0.3461869256123496,0.3509964799301428,0.3043915595864956,0.362063320955987,0.2860312937291391,0.364007746921922,0.2941765912169203,0.3633601377222915,0.3429123071246043,0.3153033920505025,0.5063930178416202,0.3514018844490661,0.3713837946092921,0.384200780968512,0.3645565693928459,0.3414785972827401,0.3551780960117148,0.3347064997237416,0.275677609141178
0.3038892648730864,0.2921615919074171,0.3364693854203967,0.3661239641679555,0.324692497866899,0.3540985012498141,0.1857822315955343,0.3634609192385906,0.3917984439656587,0.3236285711472267,0.4014622329045615,0.3546497696119836,0.3795898158805372,0.363848328197423,0.3140047835925647,0.3496545008274865,0.377731841538247,0.3209884633772412,0.3182142316071246,0.3246139874950924,0.3402850890536399,0.3609255988965485,0.3751098652702606,0.3742018951763219,0.3488829618284012,0.4025860592483906,0.364404876233851,0.3282605863787923,0.2927057683628027,0.3654059154033857,0.361518915075087,0.3452725191302719,0.2727713367465579,0.2882384527390665,0.3067979035422497,0.3612273552235178,0.3398298136135936,0.36378567896246,0.3537198357764451,0.3454797817736321,0.3436990686725751,0.3762620593220599,0.3373597136484559,0.3525001166849101,0.3139351195409453,0.3128500147221697,0.3433500002267839,0.3498589953476226,0.3236680016110771,0.3501432620296338,0.2777063128792424,0.3536530076879207,0.3495289675026428,0.3001730721415994,0.2930313294911941,0.3623253459928971,0.3468446136756085,0.3252877510216713,0.2929361569545384,0.3545321583208028,0.4123562853073866,0.3023860439942568,0.3410542479387057,0.3612986234752972,0.2939722119674107,0.3545612933694085,0.36047174701866,0.2855473762473803,0.3588519240044586,0.4194791448413748,0.4396173735271652,0.3331703942106176,0.367775575714079,0.3505112403190251,0.3287693270491229,0.3417460359505525,0.4012543484311653,0.3628273114616482,0.313992029609856,0.288081550732777,0.3458230165688519,0.3498917406841844,0.3105813386214452,0.3624478724177618,0.2881516882487552,0.3654079542608927,0.2956154595897931,0.361695949519885,0.3417402482844765,0.3140543659985031,0.5163359582823447,0.3510495941097169,0.3708710084100666,0.385534343582729,0.3600219102933744,0.3390591556309463,0.352816262211408,0.3300525016355049,0.274774596578017
0.3030513326808876,0.2971769709880409,0.3360658736170102,0.3661587017797228,0.3286738810162527,0.3532564698289457,0.1829161207411594,0.3652080334734315,0.3861023166649102,0.322231338301479,0.4019214635285772,0.3553462074560399,0.3798527264196037,0.3638295832641482,0.312107231792035,0.3516695822032799,0.3788286265548191,0.3146580800215853,0.3184531050138846,0.323771168456212,0.3386240930794402,0.3598696305041221,0.3736532175228466,0.3757346897966892,0.3470792735690882,0.403529476926725,0.3672492810306925,0.3282408648901064,0.2933325918811251,0.3610602621540467,0.3602203001519874,0.3439744683203628,0.2773274100954865,0.2944127916318843,0.3154536014892625,0.352955301361946,0.3396325942296437,0.3638591690288028,0.3515242821945052,0.3444799630141972,0.3431073973157431,0.3742129284070153,0.3368846200537458,0.3519066598226993,0.3133446558763484,0.3122045844585803,0.345648642566324,0.3502548349594308,0.3251621966616034,0.350816884870307,0.2809594428172314,0.3538501427469109,0.3498475929901087,0.2973756327202779,0.2912161084719684,0.3627808375070621,0.3445976175374863,0.3237749796211986,0.2951435628073174,0.3545385303217765,0.4127561275666236,0.3041902709548716,0.3406247986591729,0.3621162592061477,0.2939279000741359,0.353541379605818,0.3587307068197823,0.2873260628398073,0.359041210903033,0.4207106303328786,0.4360207736097408,0.3324432585767317,0.366194047484953,0.3496509206842472,0.3281524829428145,0.3409771919372598,0.4006306028386817,0.3617752375779527,0.3126803652256939,0.2925748916902536,0.3455976000869197,0.3487549494161182,0.3168508214268909,0.3628841707869374,0.2909110453139739,0.3657889998449908,0.2971145253377779,0.3602715348660943,0.3404973528597274,0.3128599158128755,0.5217678374008572,0.3507648754330893,0.3700315680080989,0.3863539252256233,0.3557184220634551,0.3366248978163452,0.3500689098267978,0.3252379820560693,0.2749450805239374
0.3021374047943265,0.3023146451519607,0.3356891334444141,0.3664100398984277,0.332147339114287,0.3523777945588597,0.1807107976474685,0.3669251574005217,0.3805403880537999,0.3209267558420983,0.4021028512994138,0.3559532003168055,0.3800080639743248,0.3637299532121279,0.3104466895283074,0.3535354504414623,0.3797964545188216,0.3093120226982234,0.3180688977702579,0.3228055976416025,0.3374287006446874,0.3586982926013469,0.3720521323690106,0.3770715961308957,0.3452659588533894,0.4038113830165897,0.3701979561554377,0.3282788808282962,0.2947044615708366,0.3565445848582202,0.3589425727721426,0.3426271181062681,0.2827894437094104,0.3010094398455979,0.3238286746602197,0.3435987010587004,0.3394329579794846,0.3640000280251917,0.3492494218462926,0.3434530156331185,0.3424696723107459,0.371874960632327,0.3362659934841077,0.3512122648987564,0.312744180750897,0.3115152090093021,0.3477058141222164,0.3505034242102812,0.3265720410390949,0.3514452976526345,0.2854382814000288,0.3540891123177651,0.3500291494159243,0.2945765086957076,0.2896195493060711,0.362921545820359,0.3424865105805332,0.3223024734110045,0.2980587422773883,0.3543997485333237,0.4131475525984264,0.3059432746715125,0.3401275285348217,0.362702812789794,0.293703558919125,0.3527733314550038,0.3568246057604943,0.290036400856538,0.3590422481677779,0.4221374053822113,0.4317371399921971,0.331704004189655,0.3643626063826709,0.3486680304843206,0.327993222908748,0.3401393515232921,0.3993550819371782,0.3607245237124403,0.3114421961243134,0.2978008448111017,0.3455003440317677,0.3475788478632385,0.3229847826530138,0.3633413748398393,0.2942216800831804,0.3653297947017955,0.2985550759859193,0.3591122702723125,0.3391770577232016,0.3117299987865768,0.5222137515078571,0.3505246306924182,0.3688837847969108,0.3866487958991717,0.3517120317292755,0.3341904762960377,0.3469802826535691,0.320327839244987,0.2761815622173956
0.3010929291148985,0.3074307975566386,0.3353329238194238,0.3668634324022081,0.3351618117158625,0.3514740450401439,0.1795210464847822,0.3685721230669018,0.3753729916929954,0.3197572725468259,0.4019669050143553,0.3564693476146535,0.3800003871249886,0.3635885570159257,0.3091440627323574,0.3552316376882418,0.3806198577747588,0.3047019506163434,0.3171775238979869,0.3217296761095904,0.3366937139984957,0.3574668284553489,0.3703342175331031,0.3782237852410484,0.3434382480051617,0.4031955507439773,0.3733004318790615,0.328380614436861,0.2968478774027819,0.3519337988496132,0.3577054936405036,0.3412055915343674,0.2890044965236315,0.3077768101179806,0.3317038082694749,0.3333840545660811,0.3392238676344171,0.3642196020273565,0.346918532619978,0.3424043484272626,0.3418005153823107,0.3692760100520897,0.3355040034663963,0.3504570570702914,0.312101279889764,0.3107326420503295,0.3495476180935259,0.3506159037502192,0.3278383510094929,0.352040865722014,0.2911871456712132,0.3543448801948304,0.3500485107524408,0.2918393961971481,0.2883664970882624,0.3627337077821326,0.3405447357562411,0.320840588632505,0.3016045844296438,0.3541288954823561,0.4135708034676799,0.3076749859864923,0.3395549513678324,0.3630605029824514,0.2932969416312102,0.3522555662828631,0.3547381584611686,0.2936278261565267,0.3588671229271231,0.4237930384415873,0.4268647496399994,0.3309343821560684,0.3623005405435113,0.3476144812241654,0.3283102831545207,0.339209380364149,0.397377901328803,0.3596679287074199,0.310245021987289,0.3035865566498117,0.3455107790768155,0.3463576643192111,0.3287915972262003,0.3637798007729549,0.2979708478790727,0.3642137162753465,0.2998138554261189,0.3582197485775651,0.3377808258311521,0.3106724761831434,0.5175470405411525,0.3503024934476266,0.36746145482194,0.3864135098428161,0.3480784377960359,0.3317828968920741,0.3436193304536633,0.3153965183821549,0.2784066507913045
0.299866860742482,0.3124048544944686,0.3349883503775757,0.3674897018718706,0.3377901375297875,0.3505538416089792,0.1797084983996568,0.3701070785410806,0.3708247434445856,0.3187424282139499,0.4014879119932998,0.3568904977457645,0.3797837054566298,0.3634353021129457,0.3082913302277153,0.3567364246950413,0.3812827644072981,0.3005550512244584,0.3159496987611077,0.3205554432049581,0.3363623175172918,0.3562183366952665,0.3685259572552433,0.3792004414670374,0.3415879085341223,0.4014236975599441,0.3765767611531251,0.3285581026067183,0.2997425850919448,0.3473025379748879,0.3565111690834792,0.3396899893673875,0.2957866678007511,0.3144744033878771,0.338944412242449,0.3225896711179408,0.3390006691689269,0.3645246963235616,0.3445583829421023,0.3413480136683365,0.341114084661378,0.3664501101544871,0.3346021873895155,0.3496763113429951,0.3113799802007718,0.3098110720873845,0.351193911288966,0.3506073199627046,0.3289134189026133,0.3526107042029698,0.2981601489674,0.3545867650230925,0.3498911176848947,0.2892465116121572,0.2875830436189689,0.3622254609994883,0.3387956507369604,0.3193620383710305,0.3056707263243088,0.353745162881496,0.4140652426211414,0.3094153683134267,0.3389101686495342,0.3632213027767157,0.2927154823578181,0.3519640858142267,0.3524590182816213,0.2979994463828616,0.358536795560909,0.42569293159624,0.4215246749964886,0.3301230935460271,0.3600446482620245,0.346543524276899,0.3290998708501019,0.3381765721703925,0.3946716713672421,0.3585917433916171,0.3090486641973786,0.3097308555108345,0.3456064064804638,0.3450907824031698,0.3341220088083749,0.3641565647493695,0.3020288638310757,0.3626143518846377,0.3007731736485014,0.3575760849468263,0.3363189600230883,0.3096894562034578,0.5080172614188462,0.35006821611419,0.3658171887621083,0.385651498955047,0.3448993496568314,0.329437011258352,0.3400744850915084,0.3105153034349255,0.281483812429369
0.2984196864845654,0.3171426241627882,0.3346389952359928,0.3682447777943869,0.3401198315198144,0.3496296205370744,0.1816091132199374,0.3714906738084553,0.3670629003224582,0.3178794176509634,0.400658682574947,0.3572008193266181,0.3793239731373726,0.3632858583833772,0.3079403117673453,0.3580283590203568,0.3817703789534195,0.2966203730552167,0.314572516920754,0.3193016268062952,0.3363307568012492,0.3549785470555394,0.3666558063783524,0.38001318287513,0.3397038140479222,0.398235006789299,0.3800110071405291,0.328827197413909,0.3033304273567153,0.3427318436602434,0.3553434847704144,0.3380584208868108,0.3029217698769803,0.320889442079884,0.3454905823113076,0.311512401994312,0.3387672085754801,0.3649161621390017,0.3421957409462539,0.3402988589788781,0.3404195401489672,0.3634302180025051,0.3335807977381125,0.3488973252817343,0.3105416308595557,0.3087173673970602,0.3526548222220967,0.3504952691989886,0.3297655691171763,0.3531555594364152,0.3062095600312458,0.3547806031407599,0.3495569263323814,0.2868976676740465,0.2873895015074626,0.361429999409364,0.3372499984754659,0.3178422346054024,0.3101213954963892,0.3532758763014526,0.4146678970240834,0.3111949751225061,0.3382055619027407,0.3632359417907072,0.2919666606301085,0.3518557158226104,0.3499873100133536,0.3030078190249409,0.3580783400884152,0.4278321294627929,0.4158475227080671,0.3292628690401357,0.3576541921595255,0.345502172883124,0.3303315970009264,0.3370311530835274,0.3912338916623093,0.3574799900409596,0.3078129162833898,0.3160226603915222,0.3457729401411762,0.3437867138061133,0.3388808419229543,0.3644261877458644,0.30625925858561,0.3606872743262774,0.3013354559636155,0.3571556711871089,0.3348118011605845,0.3087769894330714,0.4942509432786895,0.3497883081081096,0.3640174753554722,0.3843905162493223,0.3422600724702281,0.3272005096812335,0.3364453316735831,0.3057490607096225,0.2852334345220306
0.2967226500607621,0.3215767794903285,0.3342576959349098,0.3690668565062737,0.3422334097608164,0.3487116126509021,0.185501403312248,0.3726860322851674,0.3641881878890627,0.3171468624609156,0.399491964874497,0.3573899700674068,0.3786105048599932,0.3631479932364295,0.3081007768056096,0.3590885650920719,0.3820750538425045,0.2926551280708218,0.31322210864665,0.3179972821488292,0.3364639935050523,0.3537707935456556,0.3647524815458244,0.380673857418668,0.3377810936737233,0.3934014580452508,0.3835310111605423,0.3292029627006725,0.3075134962029706,0.3383144299233371,0.3541731989669128,0.3362936887637702,0.3101864321900052,0.3268484898079618,0.3513408430634676,0.3004413974426067,0.3385298676973183,0.3653866647480547,0.3398610271746762,0.339267779805259,0.3397215464299064,0.3602529683617,0.3324760529146092,0.3481382863093762,0.3095546350723037,0.3074378045863228,0.3539323014047721,0.3503017563317109,0.3303907680443939,0.3536783036189846,0.3151090977908489,0.3548862242178311,0.349063193804812,0.2849048125442613,0.287887733750275,0.3603965910006128,0.3359009165938466,0.3162563044732975,0.3148027762280637,0.3527542133852641,0.4154119040576329,0.3130374635495652,0.3374645464960089,0.3631623874389674,0.2910639530289376,0.3518766104478947,0.3473356107481722,0.3084717079375222,0.3575193176138924,0.4301805746390704,0.4099677639277732,0.3283470244797265,0.3552107226800678,0.3445313565416397,0.3319501628996801,0.335771762069492,0.3870888881349785,0.3563151876060959,0.3064941107086885,0.3222588182782337,0.3460030874435016,0.342462042119719,0.3430262284225858,0.3645438473320623,0.3105332431154634,0.3585635058914274,0.3014245961599983,0.3569341161626082,0.33328635604804,0.3079260743232069,0.4771846199305281,0.3494332627970307,0.3621360494373974,0.3826871747972288,0.3402508870058495,0.3251353136530325,0.3328308623383768,0.3011615270679912,0.2894409011307105
0.2947598072276836,0.3256694176313262,0.3338171603751905,0.3698822226220156,0.3441947885334978,0.3478025334326574,0.1915777694451354,0.373666084843896,0.3622239034395001,0.3165082244696823,0.3980241746467307,0.357465925568276,0.3776651027336908,0.3630209142802132,0.3087415752407777,0.359904542230683,0.3822009641335864,0.2884637244622474,0.3120481524506464,0.3166753247309786,0.3366128335281529,0.3526178055377476,0.3628387172586188,0.3811878249754343,0.3358275557888227,0.3867597525842695,0.3870049350965092,0.3296940272885723,0.3121508636705591,0.3341511341957618,0.352964786170041,0.3343915472541119,0.3173789886694168,0.3322309401587304,0.356550544278794,0.2896405159448475,0.3382891986200135,0.3659190981529287,0.3375897350792132,0.3382656944236351,0.3390220754245969,0.3569665085197049,0.3313297783488711,0.347405350420357,0.3084004281546288,0.305976326398937,0.3550232876003811,0.350051759854489,0.3308132834782333,0.3541884530002325,0.3245858485464384,0.3548634589621277,0.3484423627054791,0.2833839484454453,0.2891476867240727,0.3591834551733406,0.3347279039395197,0.3145854580168954,0.319557016424747,0.3522131198111636,0.4163300418840408,0.3149541968117622,0.3367178114356437,0.3630528345718113,0.2900334710503792,0.3519684460358875,0.3445234433555062,0.3141882128336317,0.3568870444108011,0.4326815661849909,0.4040152731583641,0.3273735703477374,0.3528138617583992,0.3436651908086091,0.3338818747972902,0.334418899568408,0.3822922179480141,0.35507981398929,0.3050458920748156,0.328262547829802,0.3462893901474008,0.3411373809972641,0.3465618141252709,0.364475477886227,0.314738977877544,0.3563511835408071,0.3009816494261094,0.3568895162701186,0.3317711817949665,0.3071224044470422,0.4579584201120677,0.348985911401162,0.3602528656692801,0.3806156852649627,0.3389650152155201,0.3233070717304033,0.3293170833019306,0.2968128998614699,0.2938691634519126
0.2925412234580614,0.3294132614019168,0.3333041278948929,0.3706204085876497,0.3460504007881888,0.3469053425201019,0.1999175916034396,0.3744225738797945,0.3611065097209312,0.315915175333565,0.3963176258424818,0.3574410651418594,0.3765374779886902,0.3628858086328689,0.309791068415555,0.3604739838043213,0.3821619080692341,0.2839622351026133,0.3111494787250153,0.3153645837586809,0.3366270380526622,0.3515244521449843,0.3609272904612275,0.3815522047818058,0.3338591571820704,0.3782320109472071,0.3902663431312897,0.3302973052974982,0.3170715640104513,0.3303459050123221,0.3516817590656568,0.3323603118973657,0.3243362909479461,0.3369771767421448,0.361226239846824,0.2793286726032179,0.3380416113190618,0.3664881660624897,0.3354154108966714,0.3373044769824415,0.3383220416297977,0.3536259617394811,0.3301874439578424,0.3466913033014089,0.3070724751882443,0.3043543029776446,0.3559216848187833,0.3497669155019304,0.3310744805764984,0.3546952925736211,0.3343353192057685,0.354686110217647,0.3477353314298981,0.2824479135639801,0.2912008333854155,0.3578589452583998,0.3337100470882261,0.3128265044844106,0.3242371041686922,0.3516819661999543,0.4174587607947197,0.3169474558553671,0.3359939241404875,0.362941029434586,0.2889056044479595,0.3520693802460222,0.3415775236865878,0.3199580863452361,0.3562117304034468,0.4352581339042256,0.3980980916661054,0.3263491789790607,0.3505732439860458,0.3429230002019339,0.3360415144711264,0.3330093292001893,0.3769342803080939,0.3537603902784076,0.3034326439206806,0.3338970475419273,0.3466263330016063,0.3398352507220344,0.3495307226629284,0.3642051111089229,0.318781722541877,0.3541475707338609,0.2999739152526177,0.357003498095598,0.3302954429896171,0.306347386753825,0.4378019759512648,0.3484390987257322,0.3584513528218225,0.3782587488396723,0.3384876607858819,0.3217737840059174,0.3259683014770463,0.2927483917565007,0.2982869568776618
0.2901139115028849,0.3328258055829227,0.3327181068718371,0.371222819805986,0.3478316100682654,0.346030947070393,0.2104664101923616,0.3749626525171159,0.3606964845817074,0.315310642356326,0.3944503640747122,0.3573218397343616,0.3752942960218179,0.3627053498994438,0.3111423647926506,0.3608061532997471,0.3819757231242641,0.2791219142341406,0.3105436103685763,0.314091050793135,0.3363693752152598,0.3504753174445206,0.3590218332570808,0.3817598363489682,0.3318928165269998,0.3678453851279007,0.3931363836104914,0.3309953659355782,0.3220977193898948,0.3270043136159913,0.350291865988605,0.3302183213951474,0.3309293690409911,0.3410806741744584,0.3654966271323397,0.2696600001636079,0.337785014618827,0.3670625158945072,0.3333623200365826,0.3363895659713611,0.3376222908748488,0.3502827559286774,0.3291016707196628,0.3459798848077304,0.305578001414796,0.3026180877545034,0.3566211870580407,0.3494616369455629,0.3312233841921795,0.355201241798678,0.3440379124143094,0.3543456307573203,0.3469835901282979,0.2821975036355622,0.2940362405425776,0.3565005259270484,0.3328331193324641,0.3109888177342422,0.328715162372884,0.3511870905370484,0.418835773736839,0.319013374283893,0.3353156860797419,0.362834717613701,0.2877070919892732,0.3521158120785947,0.3385327983108146,0.3256012698910019,0.3555245024760586,0.4378191200372038,0.3922877604511648,0.3252862116422908,0.3485944800497842,0.3423028911223971,0.338338905828723,0.3315787009532663,0.3711371933906086,0.3523511395227325,0.3016372402581031,0.3390684606542461,0.347017171181144,0.338578926646929,0.3520094820579054,0.3637321188951678,0.3225855640990181,0.3520482334729629,0.2984097973449496,0.3572666730318161,0.3288881982164213,0.3055815744607707,0.4179082760675756,0.3477869264386606,0.3568068526558251,0.3757077764410916,0.3388802476622513,0.3205838915736649,0.3228239253257581,0.2889930267724153,0.3025005654432015
0.2875590298001784,0.335939057468799,0.3320602165399045,0.3716391502670223,0.3495496250788983,0.3451936245499591,0.2230332629730573,0.375297658354659,0.3608105414622368,0.3146345141996806,0.3924975140540004,0.3571217272369381,0.3740134252846581,0.3624353954692083,0.3126672204892404,0.3609204959919188,0.381663409978267,0.2738464072374378,0.3101550457530139,0.3128837469103975,0.3357298184958949,0.3494543715483295,0.3571199096917188,0.3818012511139403,0.3299465225544958,0.3557474136752812,0.3954262863240893,0.3317579091108465,0.3270595870213122,0.3242301097571206,0.3487739486819371,0.327994752504009,0.3370618233559468,0.3445715924219939,0.3694786668449401,0.2607179423448079,0.3375185160498807,0.3676050529731371,0.3314466239103112,0.3355159193741168,0.3369230808145172,0.3469825833898695,0.3281261308962955,0.3452514868860298,0.3039446268361913,0.3008415004316397,0.3571204000218417,0.3491456692833699,0.3313129771896921,0.3557055048730249,0.3533950912151037,0.353843312091509,0.346224234808798,0.2827072606313153,0.2975951767785542,0.3551841079964125,0.3320844234146411,0.3090833566457531,0.3328885349855971,0.3507511033222352,0.4204950793120019,0.32113902649295,0.3347033729031519,0.3627170973065786,0.2864743707258194,0.3520507173497148,0.3354244336391066,0.3309618551100409,0.3548506368345961,0.4402591223544809,0.3866170845649341,0.3241996246865582,0.3469641512566168,0.3417859077936045,0.3406858976173901,0.3301581589993841,0.3650448652995428,0.3508564396386751,0.2996533903461728,0.3437239937784272,0.3474698142941885,0.3373885081230724,0.3540942370731806,0.3630673911568837,0.3261014189831162,0.3501458448913718,0.2963392387500705,0.3576807465157806,0.3275718616906067,0.30480667233562,0.3993180272163585,0.3470262887989164,0.3553759218772343,0.3730601617544171,0.3401684760210747,0.3197761271177811,0.3198984515754808,0.2855561635094721,0.3063739102857099
0.2849866197354239,0.3387920141516442,0.3313334708109537,0.371827553770212,0.3511940208251425,0.3444052918017759,0.237308919611462,0.3754410320217371,0.3612537410253895,0.3138353039096802,0.3905211204166312,0.3568673478016377,0.3727804849716648,0.3620325222085334,0.3142327843263306,0.3608453436025089,0.3812528583767821,0.2680262814788003,0.3098297417327483,0.3117732170413705,0.3346324707545184,0.3484520480610453,0.355216496681221,0.3816630845402337,0.3280417745943502,0.3421996600110417,0.396946413683324,0.3325447615503112,0.3318024230988378,0.3221175602607155,0.3471240385231857,0.3257282672414144,0.3426818220664113,0.3475073138882641,0.3732638813942747,0.252526156815668,0.3372409423721189,0.3680751649533579,0.3296802915033832,0.3346725522278519,0.3362236346894172,0.3437685358288217,0.3273039740686413,0.3444856602712308,0.3022225363374915,0.2991140371496373,0.3574261481006874,0.3488282461877813,0.3313963202240192,0.3562101721568522,0.3621629417491214,0.3531909372752095,0.3454877528041444,0.2840116785001347,0.3017728161493095,0.3539717457170546,0.3314488829039013,0.3071224976030545,0.3366882414035669,0.350389348412894,0.4224644877549965,0.3233018162888829,0.3341719630958281,0.3625553674429482,0.2852727405803287,0.3518341226175291,0.3322794695087036,0.3359190744320209,0.354207580731423,0.4424624655128982,0.3810845499886078,0.3231081257528259,0.3457431309712936,0.3413440411376706,0.3430006138740227,0.3287834178544289,0.3588114852308178,0.3492929531588716,0.2974833936134169,0.347853308668183,0.3479861097540199,0.3362755035408472,0.3558812029038745,0.362236767119843,0.3293082520936307,0.3485298989468984,0.2938469259608145,0.358250324426861,0.3263552589012272,0.304005267896674,0.3828718753082094,0.3461676674952791,0.3541969654303801,0.3704078594942525,0.3423373986558546,0.3193715116817304,0.3171819381581527,0.2824327770342096,0.3098378294857695
0.282539359459464,0.3414265631524474,0.3305533411229023,0.3717667992473,0.3527415969983901,0.3436792303235056,0.2528906763341754,0.3754144997176175,0.3618397992134354,0.3128808402717881,0.3885707248104738,0.3565821815349355,0.3716801319014849,0.3614532232174732,0.3157143038432216,0.3606180498108861,0.3807783336722293,0.2617534029516034,0.3093615065469193,0.3107825228959814,0.3330369555014646,0.347450121876653,0.3533070835662579,0.3813295201135248,0.3261994375687818,0.3275515451329197,0.397536551618584,0.3333076539090549,0.3361971839075461,0.3207444793028545,0.3453569856677022,0.3234615588795828,0.3477848237374443,0.349967035878265,0.3769163754772467,0.245064484408326,0.3369548577288234,0.3684347405506377,0.3280679982329784,0.333845104822554,0.3355234839817614,0.340677520873706,0.3266657375097595,0.3436642932598592,0.3004796766258442,0.2975289660463636,0.35755177727638,0.348519657157492,0.3315222282747532,0.3567184170882908,0.370160759286421,0.3524213732572034,0.3447946528885046,0.2861009951415896,0.3064314315354863,0.3529067031817018,0.3309148368906322,0.3051295967044791,0.3400825701014727,0.3501073264694311,0.4247593589687465,0.3254762310871769,0.3337206009080584,0.3623095013378919,0.2841920358921319,0.3514464150051719,0.3291211830855875,0.3404011654502883,0.3536089084003861,0.4443187839881857,0.3756580149157708,0.3220322163562025,0.3449657631715225,0.3409421073785458,0.3452072937184574,0.3274920627173687,0.3525915584963618,0.3476882943886678,0.2951529686860895,0.3514875022799285,0.3485605988320062,0.3352403238586428,0.3574517824081066,0.3612818847005968,0.3321996488699712,0.3472924971233778,0.2910589892399611,0.3589711549327888,0.3252339088254839,0.3031637214432494,0.3692197254615125,0.3452354765646902,0.3532942627424864,0.3678273636008453,0.3453289836480684,0.3193648007714516,0.3146416831216942,0.2795977281425991,0.312892677260343
0.2803935802213185,0.3438828624173798,0.3297471101294228,0.3714635049129069,0.3541641670244578,0.343033731914908,0.2693045344281914,0.3752465762355412,0.3624097158449834,0.3117586113083307,0.3866802151770234,0.3562787656261206,0.3707848684048697,0.3606580855835821,0.3170049595191976,0.3602834805286833,0.3802723687688154,0.2553532197703275,0.3085223715236963,0.3099209268040959,0.3309411212012537,0.3464188411794741,0.3513901885020758,0.3807880307959587,0.3244331371317384,0.31221379095238,0.3970914926917135,0.3339940940976317,0.3401539176352324,0.3201663456937945,0.3435038278657001,0.3212388274266939,0.3523932398078453,0.3520372680265008,0.3804636922030241,0.2382834133821768,0.3366695052149244,0.3686521662409077,0.3266012186506428,0.3330131449546814,0.3348235328848107,0.3377331016395551,0.3262331296155307,0.3427782434120835,0.2987989407057298,0.2961844213974275,0.3575151738093355,0.3482315365521977,0.3317324644829037,0.3572288761654901,0.3772704329965073,0.3515865124342567,0.344151036065535,0.2889247177963648,0.3114133470082332,0.3520139868017236,0.3304783490275894,0.3031381587385552,0.3430698596364979,0.3499014753272497,0.4273672777476401,0.3276403605465311,0.3333300032035299,0.3619387509824397,0.2833269305482856,0.3508839996652924,0.3259766174033727,0.3443814117731761,0.3530664345561541,0.4457387309408874,0.370281579342939,0.3209874415243161,0.3446347051870579,0.3405378345888538,0.3472370483820302,0.326306606374712,0.346530947174855,0.3460743343198126,0.2927202433109221,0.354685676559166,0.3491846004083581,0.3342731339123905,0.3588665247965948,0.3602488117563811,0.334770158500742,0.3465243163262247,0.2881554950286692,0.3598258091599165,0.3241934505816882,0.3022801594120089,0.3587921408101804,0.3442549023687835,0.3526739133428754,0.3653777659679924,0.3490380654679789,0.3197265375082547,0.3122275245316153,0.2770045987628448,0.3155998166961164
0.2787427824171009,0.3461945512053331,0.3289402269447589,0.3709420717951048,0.3554293382707617,0.3424874038645216,0.286036208567837,0.3749634188262274,0.3628535101326464,0.3104716751400797,0.3848589178081248,0.355970542195919,0.3701472213064288,0.3596225794263243,0.3180260782426621,0.3598893194857031,0.3797590467011746,0.2491485637366581,0.3070993418046941,0.3091841274735679,0.3283812560664945,0.3453377699401637,0.3494719384879917,0.3800322239118326,0.3227490261330296,0.2966323481407099,0.3955648370110702,0.334557108858432,0.3436266089251993,0.3204079806634594,0.341607691159468,0.3191070463515811,0.3565357924520851,0.3537934237014178,0.3838875293859498,0.232120450512831,0.336396047888871,0.3687015543238366,0.3252602983701078,0.3321531646095034,0.3341255008828585,0.3349446451013371,0.3260152474850176,0.3418308011822659,0.2972802826836926,0.2951847684887508,0.3573414004281454,0.3479768026102415,0.3320553025739087,0.357735302727991,0.3834437323060922,0.3507389775662011,0.3435484453079905,0.2923942068653123,0.3165473533059841,0.3513023040507536,0.3301373329238228,0.3011777691440171,0.34566854150966,0.3497623742812902,0.430232587551283,0.3297761782991795,0.3329729161991155,0.3614116073261911,0.2827725036096258,0.3501557823985252,0.3228704225411868,0.3478595025946012,0.3525898893391116,0.4466590942500653,0.3648901740073281,0.3199830702732442,0.3447155851955324,0.3400890618182232,0.3490331963821795,0.325226399441254,0.3407582268784797,0.34448120902236,0.2902642121697651,0.3575150716856736,0.349840267159756,0.3333552436030022,0.3601633251293822,0.3591761624646533,0.3370157150204692,0.3462937928252458,0.2853650898590319,0.3607864548522252,0.3232098890519547,0.3013708076924349,0.3517034981570279,0.3432458445623383,0.3523182668412536,0.3631018826530954,0.3533108191539195,0.320410502164341,0.3098809983791885,0.2745931495842393,0.3180595652288503
0.2777726009516321,0.348386514015957,0.328150998277889,0.3702328038090567,0.356505183134432,0.3420547391257781,0.3025792014751249,0.3745874130817111,0.3631203607482572,0.3090415472355892,0.3830916117623332,0.3556712218442315,0.3697946202370796,0.35834070594744,0.318734313166113,0.3594824860291908,0.3792571553585452,0.2433343455013099,0.304932494661036,0.308556228838448,0.3254243145183391,0.3442055076842457,0.3475744429238467,0.3790596982187124,0.3211490251699633,0.2812486697546789,0.3929694836102984,0.3349650080400999,0.3466081190529821,0.3214564380313123,0.3397185806816882,0.3171122866734784,0.3602456445978105,0.355294731874782,0.3871304343651944,0.2265170187776805,0.3361425198009188,0.3685641470173289,0.3240222832713514,0.331248203417065,0.3334325544113886,0.3323098984798348,0.3260023959840064,0.3408335424823895,0.296038120527688,0.2946274572729275,0.3570646041577005,0.347768680104558,0.3324946403602862,0.3582305715649111,0.3887018426875241,0.3499216473334161,0.3429683894747579,0.2963848933016225,0.3216607751741951,0.3507683066204597,0.3298852272491088,0.2992669442565176,0.3479128841987441,0.349678833689941,0.4332500726203457,0.3318681279737817,0.3326216064412307,0.3607206540533026,0.2826317520972839,0.3492838225674561,0.319813416301608,0.3508537828069782,0.3521896496895446,0.4470462231480051,0.3594262261315175,0.3190277035144428,0.3451457767521378,0.3395638586405978,0.3505546325213028,0.3242363608685946,0.3353762296644006,0.3429369002169064,0.2878759020682917,0.360039559004818,0.3504913442752762,0.3324605509217467,0.361356748384695,0.3580962410155486,0.3389388653229275,0.346630353267855,0.2829459040614686,0.3618161654108797,0.3222509265897154,0.3004692249190056,0.3476986034860427,0.3422308766388078,0.3521914340613349,0.3610270429969943,0.357953095440334,0.3213549219083645,0.3075458322092095,0.2722955941858838,0.3203810399095852
0.2776451995699815,0.350473824858634,0.3273983069442124,0.3693740844537581,0.3573715498092456,0.3417473938145349,0.3184820353752652,0.3741434045098268,0.3632074664336734,0.3075115199034536,0.3813503107628661,0.3553758087169288,0.3697268849590791,0.3568204531158689,0.3191206812204006,0.3591089137621733,0.378788118414117,0.2381512835846643,0.3019437141787497,0.3080112324877717,0.3221606018756052,0.3430230827205158,0.3457419293201647,0.3778723505442434,0.3196298771231254,0.2664548940658715,0.3893848542246825,0.3352022382927525,0.349122438611473,0.3232609124259143,0.3378855436308739,0.3152895764878505,0.3635601640726162,0.3565906437876608,0.3901127655620418,0.2214283098154411,0.3359163515554097,0.3682349104587938,0.3228630953459841,0.3302902086416153,0.3327508831160546,0.3298142980523399,0.3261715573144009,0.3398017338053438,0.2951882842019089,0.2945876554142457,0.3567217671510321,0.3476210419629304,0.3330267853382648,0.3587081883672294,0.3931133485824581,0.3491729621419573,0.3423853296071903,0.3007460619646234,0.3266017157824665,0.3504020019784088,0.3297125562757622,0.2974200109174185,0.3498487294865841,0.3496404816182279,0.4362639264840947,0.3339046128518265,0.3322443190369936,0.359890694831225,0.2830046363550437,0.34830179614618,0.316806944517613,0.3534060944288555,0.3518795786442809,0.4469065628000519,0.3538516552243256,0.3181294257986956,0.3458530416917221,0.338943815829272,0.3517705758889661,0.3233146466927747,0.3304547070750318,0.3414664558448038,0.2856688675285735,0.362316916023376,0.3510890449976707,0.3315588349119229,0.3624399040504345,0.3570388738811892,0.3405436703645725,0.3475258418242501,0.281174970476518,0.3628666519182135,0.3212832173582675,0.2996228667535514,0.3462468542543973,0.3412375333626732,0.3522515276389567,0.3591687251787168,0.3627476697824475,0.322480767554967,0.3051766993590097,0.2700386120525506,0.322648138828342
0.2784920596976162,0.3524604746958876,0.3267027056910585,0.3684165097675756,0.3580233662899122,0.3415725122144323,0.3333732939411125,0.3736572813207455,0.3631399192931324,0.305936957109007,0.3796038215238499,0.355060087335464,0.36992003699215,0.3550844215635648,0.3192040564260148,0.3588106342305224,0.3783778231132024,0.2339763977862042,0.2981531405754043,0.3075165058831114,0.3187040917261312,0.3417838522175805,0.344036916642276,0.3764817699343562,0.318181263779864,0.252569155451704,0.384951948562115,0.3352645302610672,0.3512165271383857,0.3257355308594672,0.3361478689482255,0.3136565813142241,0.3665053223811869,0.3577214283438868,0.3927456622874882,0.2168262662712347,0.3357277897714199,0.3677249524173909,0.3217537539969395,0.3292736550163803,0.332086922769043,0.3274323073736622,0.3264973620116791,0.3387554078541326,0.2948329938622211,0.2951178499984984,0.3563436800486658,0.3475510519192515,0.3336102175134736,0.3591596865958361,0.3967683662744959,0.3485278579706739,0.3417678896786873,0.3053176625219996,0.3312529213623658,0.3501891957334548,0.3296078656280021,0.2956500919626262,0.3515222145695402,0.349636909671119,0.4390688404607576,0.3358799468765431,0.3318051847467652,0.3589712768350969,0.2839592411301543,0.3472477449403077,0.313858784178385,0.3555740112930204,0.3516733428538525,0.4462931990614918,0.3481572843971836,0.3172881182928396,0.3467636324037115,0.3382221213102678,0.3526526678342065,0.3224296124207279,0.3260285142286102,0.3400851526468124,0.2837844881691639,0.3643933622320159,0.3515865394438013,0.3306207199707374,0.3633896977220341,0.3560230462383337,0.3418267045802864,0.3489362075083195,0.2803426188064206,0.3638787844042692,0.3202796499992516,0.2988938852915136,0.3467254196194833,0.3402857506600691,0.3524560985725323,0.357536772445389,0.367471991472236,0.3236988899912871,0.3027448146789487,0.2677499894220442,0.324884766973313
0.2804018677102674,0.3543413867631075,0.3260753680014266,0.3674121086148739,0.3584627276522427,0.3415256988227663,0.3469702469235829,0.3731477734326564,0.3629546246018955,0.3043706305202143,0.3778213804767745,0.3547035969098923,0.3703331708404714,0.3531750644490049,0.3190256597903532,0.3586165944510962,0.3780517750954313,0.2310699003610718,0.2936838311483214,0.3070386437481652,0.3151889235376899,0.3404883378729273,0.3425297205343305,0.3749110274117151,0.316790362877127,0.2398308670771082,0.3798498543074802,0.3351588701824073,0.3529505951722756,0.3287592801856381,0.3345297900530364,0.3122160126663425,0.3690829004805149,0.3587126060259122,0.3949423616107588,0.212702037773708,0.3355850351976936,0.3670542329789025,0.320661606549307,0.3281956973142704,0.3314416150091363,0.3251360839300031,0.3269525754806934,0.337719939482101,0.2950535257430558,0.2962518140082845,0.3559543088152341,0.347578343247392,0.3341935424330096,0.3595719569115614,0.3997648294575722,0.3480067029321433,0.3410851924453277,0.30994522610137,0.3355268643796807,0.3501129861660189,0.3295514255626307,0.2939588057803958,0.3529689379284617,0.3496568912589258,0.4414216233371605,0.337793807932193,0.3312758762013919,0.3580235995180875,0.2855172135152903,0.3461572973884875,0.310986579994616,0.357407259642619,0.3515791011276551,0.4452975706468309,0.3423729846134217,0.3164933601922647,0.3477989227245255,0.3374037060360749,0.3531745614312349,0.321538917314669,0.3221050663339147,0.3387925254845548,0.2823713873168097,0.3662944100695059,0.3519405110749393,0.3296219186096185,0.3641750145832692,0.3550470198011001,0.3427805140197983,0.3507693933513633,0.2807290301013418,0.3647892614677344,0.3192208771502648,0.2983623856207291,0.3485523450098019,0.3393796763818327,0.3527607727499375,0.3561391503630497,0.3719127683871231,0.3249239349272267,0.3002413902140374,0.2653708381132046,0.3270298506619516
0.2834030851974476,0.3561088285808824,0.3255141680722395,0.3663986318875927,0.3586976165613316,0.3415896055038384,0.3590880814572068,0.3726280322272846,0.3626829461394962,0.3028609015335728,0.375981113066662,0.3542965748050542,0.3709091516426084,0.3511497414437492,0.3186444507692325,0.3585367920133421,0.3778319283832849,0.2293898278656268,0.2887508858201345,0.306550620085688,0.3117536048251034,0.3391548936019256,0.3412909624692059,0.3731880476228555,0.3154486267251512,0.2283949015089549,0.3742744046916928,0.334907049181797,0.3543887466086257,0.3321793938592787,0.3330396759996911,0.31095874543988,0.3712801428120293,0.3595789194203539,0.3966350671802648,0.209065619538212,0.3354859625094674,0.366244874919966,0.3195591968887984,0.3270645711363967,0.330811136823395,0.3229026729127064,0.3275034965202358,0.336719744606151,0.2959077769847484,0.2979948060768351,0.3555760926765175,0.3477171649215255,0.3347112972145665,0.3599286225046172,0.4021956865644961,0.3476097124713401,0.3403164681270073,0.3144898862387328,0.3393609872326575,0.3501597757361156,0.3295114248203793,0.2923290951268659,0.3542133576190893,0.3496931786708001,0.4430662558445999,0.3396487612719546,0.3306435855122852,0.3571148663707404,0.2876604380068891,0.345062303777448,0.3082054100186943,0.3589362203738714,0.3516010331182726,0.4440364726163707,0.3365733684337337,0.3157312489159472,0.3488817159804631,0.3365056962687023,0.3533176039657397,0.3205993315607023,0.3186756344049905,0.3375750507758848,0.2815624795430355,0.3680229890121808,0.3521034221234091,0.3285454920376011,0.3647672177074758,0.354094886500141,0.3434065653125145,0.3528809295851829,0.2825648833024955,0.3655390184168112,0.3180953233628392,0.2981238774652731,0.3512304392326741,0.3385156800873409,0.3531217594136313,0.3549832124278534,0.3758805844903676,0.3260816630977753,0.2976802722135164,0.2628623996136885,0.3289325700461804
0.2874539347887226,0.357757187598369,0.3250139344108283,0.3653980400056105,0.3587527688848366,0.3417406803036325,0.3696462051350893,0.3721160322730475,0.3623259650780365,0.3014567860290887,0.3740824912227004,0.3538238157795556,0.3715710091610974,0.3490661664204514,0.318128263410221,0.3585695193335686,0.3777376859369173,0.2288383363214254,0.2836359671026775,0.3060409408361218,0.3085285775177887,0.3378059395893101,0.3403867786905782,0.371339606618539,0.3141518224626821,0.2183261128132179,0.3684265666210263,0.3345415904069926,0.3555904074811685,0.3358256187579213,0.3316700873678599,0.3098616764296764,0.3730853564751626,0.3603366791162087,0.3977903088538114,0.2059360739629073,0.3354174936469919,0.3653242362593244,0.3184309183691597,0.3258991106260498,0.3301936470011519,0.3207128036551519,0.3281172506329949,0.3357709576154523,0.2974246185791798,0.3003106006825043,0.3552290330752389,0.3479696860847155,0.3350820744658487,0.3602156818919333,0.4041296202509736,0.3473230712981243,0.3394528933216366,0.3188373088520017,0.3427276015404803,0.3503255290972054,0.3294498242239416,0.2907338263231764,0.3552728564341092,0.3497489354260912,0.4437600906762628,0.3414468461538398,0.3299048300316041,0.3563137241960632,0.2903342354108285,0.3439904637300814,0.3055210510496066,0.360182503935315,0.3517425703635922,0.4426448437732645,0.3308715854368799,0.3149865523439264,0.3499550409600859,0.3355531427397385,0.3530738481795976,0.3195771183876821,0.3157205569094413,0.3364113859006957,0.28147460005145,0.3695675407944517,0.3520286522148963,0.3273829070256551,0.3651489292325036,0.3531503682389142,0.34372037877085,0.355097741057316,0.2860015061892882,0.3660791223680564,0.3169011594772011,0.2982775922056073,0.3543636803082115,0.337688858294815,0.3535033307742283,0.3540792051012101,0.3792236424066167,0.327107333865934,0.2950979559348777,0.2602056596829417,0.3303649182643968
0.2924463079067902,0.359283503782325,0.3245725865379353,0.3644242834081144,0.3586724483816073,0.3419529229622968,0.3786573375046428,0.3716348365752811,0.3618349377297011,0.3002008564149557,0.3721482360279057,0.3532623058417969,0.3722264418439449,0.3469748897122233,0.3175414290756535,0.3587130731703377,0.3777850632270008,0.2295032187855546,0.2786560035353657,0.3055229516592994,0.3056399619122262,0.3364542566938822,0.3398683233236325,0.3693940008276508,0.3128965204097771,0.2096150933675818,0.3624955241355795,0.3340940681097915,0.3566006171742122,0.3395274743734349,0.3303971755561298,0.308886318306768,0.3744872626483839,0.3610057255581556,0.398414442241647,0.2033288757124993,0.3353629620982004,0.3643293665970824,0.3172721566041792,0.3247164384792458,0.3295886243941386,0.3185511497980055,0.328775311980816,0.3348806876823548,0.2995955032971913,0.3031270984226273,0.3549241159496258,0.3483288768075714,0.3352234251860238,0.3604256682408037,0.4056011182813451,0.3471216632538051,0.3384921462803411,0.3229047088379168,0.3456398652433265,0.3506123242837618,0.3293282904724545,0.2891472365135356,0.3561559178643496,0.3498350794892114,0.4432951171239389,0.3431865678089107,0.3290599841973314,0.3556750394724463,0.2934428314868594,0.3429613875780959,0.3029384061118707,0.3611672680789473,0.3520021495326469,0.4412639401162224,0.325403080355319,0.3142367181384663,0.3509889965838539,0.3345741328808955,0.3524448032705639,0.3184507117602417,0.3132096327477059,0.3352719242584113,0.2822114235584362,0.3709104257383784,0.3516873448123214,0.3261347233473923,0.3653157364447061,0.3521973972448526,0.3437464281738889,0.3572497990895926,0.2910981976841455,0.3663749977969763,0.3156460984163365,0.2989119323627579,0.357670757587868,0.3368844597415317,0.3538806788012488,0.353445020045762,0.3818340327846817,0.3279463865935417,0.2925475078873772,0.2574056274982741,0.331044358182359
0.2982181543492439,0.3606901725360797,0.324184557442621,0.3634824683020742,0.3585053430849381,0.3421958652793817,0.3862033178355425,0.3712011933865077,0.3611117611934172,0.299114892290617,0.370214309466416,0.3525985304483842,0.3727813748764385,0.3449211579815738,0.3169361071722865,0.3589652035835208,0.3779814375761035,0.2313942141740063,0.2741285925074717,0.3050387873644914,0.3032126546706852,0.3351099640575831,0.3397563475279567,0.3673854017427448,0.3116823856320333,0.2022114617719625,0.3566368836198131,0.3335882717223517,0.3574436635865784,0.343123282779968,0.3291829006984386,0.3079847414810401,0.375469880617856,0.361599305419259,0.398554901741902,0.2012537299645048,0.3353079515507883,0.3633016625286948,0.3160872455152134,0.3235267428547462,0.3289867722301671,0.3164155562224341,0.3294726516660572,0.3340495794298018,0.3023710151171734,0.3063533520153249,0.3546637334188822,0.3487844440470173,0.3350709955598765,0.360553735027133,0.4066174630987656,0.346965146652864,0.3374389789774628,0.3266412797029961,0.3481353283240172,0.3510174713710717,0.3291065938504752,0.2875442894401402,0.3568582488613795,0.349959341117501,0.4415244299644585,0.3448627918133676,0.3281202049043696,0.3552236101363917,0.2968604113001161,0.3419827094105081,0.3004690302384899,0.3619037934435551,0.3523670239289359,0.4400160489736566,0.3203088710712031,0.3134519399057603,0.3519673008756191,0.3335992783848356,0.3514405284063189,0.3172115783287108,0.3111089104728005,0.3341186252997237,0.2838439245341717,0.3720312901821795,0.3510746031456936,0.3248105636079182,0.3652734084041228,0.3512135745455215,0.3435171461250216,0.3591813149933754,0.2978120169306051,0.3664092671278876,0.3143445081596196,0.3000954992027067,0.3609650110346152,0.3360708312956788,0.3542347268127647,0.353105057851752,0.3836463361488796,0.3285621581597166,0.2900875226053137,0.2545027001330008,0.3306695204659693
0.3045674841933241,0.3619919603381183,0.3238375433513399,0.3625606156415172,0.3582919072743749,0.342436338174982,0.3924130062691138,0.3708219726648676,0.3600234240904972,0.298198580567824,0.3683224780702539,0.3518320942883197,0.3731486649904578,0.3429417624690289,0.3163500659065467,0.359312450124074,0.3783208903678389,0.2341485505439644,0.2703305317855017,0.3046580360717781,0.3013563547533414,0.3337889627367824,0.3400309841665952,0.3653503406953145,0.3105175950690856,0.1960477750009167,0.3509648466446024,0.3330414272161051,0.358126894504321,0.3464660196711435,0.327982280703498,0.3071088590378613,0.3760228138683597,0.3621213174781389,0.3983022309158837,0.1997204840095323,0.3352389318075429,0.3622770054135693,0.3148911389352473,0.3223411576540831,0.3283676135356984,0.3143232049741786,0.3302048257109558,0.3332716901600603,0.3056656202824059,0.3098846306374093,0.3544499754518971,0.3493207894984235,0.3345834036707596,0.3605894867274778,0.4071674489396322,0.3468020651665503,0.3363125145665366,0.3300237957485712,0.3502549443615456,0.3515278747383817,0.3287418128012374,0.2858954546358865,0.357367478411063,0.3501213978419212,0.4383938283224223,0.3464690565353389,0.3271116432566416,0.3549544261537378,0.3004589090316619,0.3410505923737181,0.298125222566697,0.3623937066373459,0.3528149447204618,0.4389822856158131,0.3157237875920441,0.3126050533047925,0.3528776570395044,0.3326595262901609,0.3500798974283441,0.31586747831895,0.3093941674783939,0.332913461116153,0.2863856004763842,0.3729103130180702,0.3502019791811847,0.3234274156480571,0.3650388112384656,0.350176679926144,0.3430802456018309,0.360752148634174,0.3059866311899284,0.3661799425440168,0.3130172575676923,0.3018743049200741,0.3641284756367466,0.3352099259498285,0.3545464489053422,0.3530810076287297,0.3846360900868242,0.3289420159559723,0.2877724045880492,0.2515769098673776,0.328971376155653
0.3112664167856527,0.3632184537821299,0.3235208078945926,0.3616298343760821,0.3580692703785963,0.3426451480946314,0.3974439836704232,0.370503256236573,0.3584157792652427,0.2974386040838961,0.366519367380887,0.3509630567015112,0.373246402314047,0.341054931206471,0.315806310976291,0.3597287042210678,0.3787831593336506,0.237463689750206,0.2674594399654377,0.3044772724580886,0.3001511525145589,0.3325043929115659,0.3406295374376435,0.3633211945393264,0.3094168233721656,0.191048428353743,0.3455577885882031,0.3324636279537745,0.3586489389828671,0.3494365674225297,0.3267522194042301,0.3062153539842457,0.3761556547707318,0.3625759404519615,0.3977849330815881,0.1987396097490361,0.335139223346569,0.3612826879304371,0.3137104783825143,0.3211744829688327,0.3277117194263357,0.3123033564605406,0.3309651290977476,0.3325338814237946,0.3093665534860946,0.3135980704688113,0.3542875386801279,0.3499108876002722,0.3337392170247493,0.3605164543735047,0.4072257405998333,0.3465828684068779,0.3351449796285571,0.3330529383432639,0.3520425371753654,0.3521223233522081,0.3281946987539994,0.2841711437031471,0.3576737612335892,0.3503190352838291,0.4339559937646351,0.3479987783707715,0.3260636018012014,0.3548428099275384,0.30412544306327,0.3401525803195397,0.2959104951605783,0.3626400539461433,0.3533182952068274,0.4382012966989544,0.3117658065032223,0.3116760125774841,0.3537187727402872,0.3317769983460367,0.3483908801110857,0.3144420993036987,0.3080559438628646,0.3316284038850252,0.2897920169761497,0.3735347777607926,0.3490943716705467,0.32200602807334,0.3646433241251313,0.3490786432228978,0.3425009121482225,0.3618540298325259,0.3153543441873066,0.3656944164627948,0.3116916586764343,0.3042679045919335,0.3671562224343934,0.3342709013123616,0.3547970260904093,0.3533813195290121,0.3848188920525153,0.3290954254617806,0.2856470687196489,0.2487380178758198,0.3257666464054476
0.3180770235291891,0.3644078318662596,0.3232296620910109,0.3606547382104849,0.3578777086444385,0.3427999209102262,0.4014615487378313,0.3702543815029901,0.3561284414975674,0.2968091664633042,0.3648510024008967,0.3499929218471522,0.3729968446587178,0.3392574146042911,0.3153125521262808,0.3601887132655922,0.3793328502562494,0.2418375863160157,0.2656180299537282,0.3046186129754895,0.29965150729206,0.331256733451853,0.3414466580229422,0.3613269830345597,0.3083927082990246,0.1871420593650806,0.3404598670811651,0.3318529701090089,0.3590005894987466,0.3519585537639395,0.32545769840591,0.305266311250785,0.3758962623158188,0.3629712720281769,0.3971527733823408,0.1983185365138488,0.3349908026308286,0.360339461793991,0.3125797804554837,0.3200345811604971,0.327009385336339,0.3103884517987978,0.3317535416437144,0.331818487420393,0.3133429614869343,0.3173607806298394,0.3541786217502018,0.3505180499310351,0.3325420650850635,0.3603198997351929,0.4067655699351811,0.3462662215635008,0.3339696313642302,0.3357492790912769,0.3535532381671826,0.3527720716645882,0.3274346933151917,0.2823527932051099,0.3577748058564544,0.350551391495018,0.4283551669931568,0.3494457540103152,0.3249962931085604,0.3548442749985909,0.3077640814175876,0.3392704848558883,0.2938195851552383,0.3626592742346046,0.3538415148567319,0.437677853785837,0.3085213050972704,0.3106458446896704,0.3545018651941367,0.3309584693430747,0.3464128054327182,0.3129686041841368,0.307089158221088,0.3302463499332938,0.2939757991791836,0.3739053727974876,0.3477945111660999,0.320566701537223,0.3641286430013168,0.3479248470339708,0.3418513379590404,0.3624316488397452,0.3255566503694246,0.3649662506116111,0.3103933908313779,0.3072604501524387,0.370218135493555,0.333228129279871,0.3549710270128842,0.3539965943457323,0.3842418161212508,0.3290483013233486,0.2837420290404532,0.2461136326147706,0.3209973637139621
0.3247702409654039,0.3656011027066255,0.3229572145283564,0.3596011286845083,0.3577522168304837,0.342884751689916,0.4046202403052565,0.3700796623276609,0.3530221846492879,0.2962662339911037,0.3633500246246969,0.3489363811047297,0.3723335637572579,0.3375318173179005,0.3148648300464817,0.3606784705680753,0.3799173353330068,0.2484258508333942,0.2648205539918113,0.305217124386425,0.2998923156955491,0.3300386557203307,0.3423375369435459,0.3593987414541001,0.3074521399175516,0.1842799862876876,0.3356820798481587,0.3311955042062694,0.3591624426940782,0.3540006546604116,0.3240753685442111,0.3042315859413637,0.3752812381414009,0.3633094010887656,0.3965586334850806,0.1984678443783643,0.3347833710993009,0.3594606065711621,0.3115355975539506,0.3189155929365638,0.3262533835878668,0.308615955996624,0.3325757551011838,0.3311066936182303,0.3174557354823452,0.321050082263163,0.3541223153838825,0.3511046472363394,0.3310292931076963,0.3599886797815029,0.4057786702248821,0.3458173323807708,0.3328146413801182,0.3381448097409796,0.3548444914248011,0.3534365054644225,0.3264377598497066,0.280438080241648,0.3576746089329137,0.3508100618314859,0.4218019313597515,0.350807453041901,0.323925085405815,0.3548879743176634,0.3113046832569976,0.3383848193006153,0.2918443389897854,0.3624761457584922,0.3543387477552261,0.4373818541856215,0.306030086829732,0.3094958386195331,0.3552316192880006,0.3302012080520847,0.3441989383460605,0.3114835871804718,0.3064807513896007,0.3287583285642973,0.2988111124965676,0.3740386668512851,0.3463604750116424,0.3191263080830536,0.3635354307381429,0.3467215871658618,0.3411986412941981,0.3624825735493285,0.3361737459708379,0.3640172321252009,0.3091363166602697,0.3107934814256105,0.373541032273302,0.3320541616614791,0.3550562838940097,0.3549005703847319,0.3829668966535465,0.3288387809078383,0.2820658844934952,0.2438457774502515,0.3147549286176068
0.3311454048857193,0.3668418507769609,0.3226876483803992,0.3584365617833227,0.3577117827292566,0.342894037465773,0.40705688541435,0.3699719200765377,0.3490141353139142,0.2957525263791353,0.3620261993042536,0.3478154107698423,0.3712099409150868,0.3358517530266778,0.3144559884475728,0.3611886732730491,0.3804678811309212,0.2579552385217681,0.265001141366801,0.3063988391452754,0.3008767384902238,0.3288423047837364,0.3431301402814111,0.3575689125272369,0.3065998269843112,0.1824428897797919,0.3312186597378183,0.3304715166735078,0.3591129544712705,0.3555674638278362,0.3225959837375964,0.303095026111391,0.3743561899734656,0.3635797248464252,0.3961453894787964,0.1992154471404412,0.334521091142095,0.3586493837451836,0.3106123594855675,0.3178056175511415,0.3254318071017698,0.3070301545429535,0.3334278997568929,0.3303804262496513,0.3215689074299043,0.3245644331068987,0.3541209432818855,0.3516367151177726,0.3292695178128719,0.359506360623473,0.4042832793225133,0.3452114628027796,0.3317072056687088,0.3402733700682712,0.3559561189111372,0.3540617526630176,0.3251850152282066,0.2784383469996564,0.3573843017624699,0.3510706496992606,0.4145567436994391,0.3520886879995429,0.3228679687314161,0.3548855249068952,0.314719463342621,0.337479370808944,0.2899740593372599,0.3621150589989472,0.3547615760891582,0.4372443152389461,0.3042806629371928,0.3082193892418206,0.3558894646600739,0.3295016567222722,0.3418113876498437,0.3100238135379681,0.3062077572986937,0.3271669972225224,0.3041318331212491,0.3739658981780098,0.3448552850445134,0.317696852719771,0.3628982992769284,0.3454743496425683,0.3406020276909394,0.3620414099309373,0.3467568617835225,0.3628760821534846,0.3079243942099066,0.3147693497672298,0.3770831312740342,0.3307276671967347,0.3550394384034352,0.3560507518084044,0.3810595633608589,0.3285132589167011,0.2805996950437887,0.2420885611353564,0.3072904295310774
0.337044435062317,0.3681727387938444,0.3224015369709452,0.3571323758307739,0.3577634027518332,0.3428358647704677,0.4088903747381912,0.3699158710890102,0.3441011642491322,0.2952088970408685,0.3608663150538004,0.346644733280891,0.3696017941628151,0.3341815207892584,0.3140813431482495,0.3617025662260067,0.3809070607109401,0.2700395694448277,0.266019482765876,0.3082655759705754,0.3025627572178095,0.3276561754250373,0.343643450615564,0.3558649723048026,0.3058397836643992,0.1816321805386912,0.3270686662361659,0.3296590795403186,0.3588426725214798,0.3566920799870507,0.3210249738530707,0.301859561318162,0.3731783422100451,0.3637661934503349,0.3960306718501667,0.2006101631102455,0.3342179278516431,0.3579003415219589,0.3098387996846731,0.3166948043493641,0.3245364176182324,0.3056707073403627,0.3342896224612721,0.3296256289626186,0.3255609108670784,0.3278213608691667,0.3541802020659942,0.352082799908779,0.3273517346253203,0.3588474571326223,0.4023188696535301,0.3444413973929047,0.3306716189528131,0.3421665130835894,0.3569072965680484,0.3545859924139557,0.3236663637326342,0.2763758416568487,0.3569252746643846,0.3512985525944682,0.4069100336546267,0.3533000473891166,0.3218382252480967,0.3547537965206652,0.3180200635216402,0.3365413601726172,0.2881897238885372,0.3616037169262783,0.3550686701382898,0.4371697130565932,0.3032187941343123,0.3068317377811215,0.3564410651796117,0.328852579030107,0.3393086077870061,0.3086208149367216,0.3062388533763005,0.3254905812001238,0.3097440697149681,0.3737288675648101,0.3433419024796628,0.3162846206466855,0.3622505196824664,0.3441973926894573,0.3401132970964476,0.3611716978258196,0.356864177788583,0.3615679397861963,0.3067608210835742,0.319062876608926,0.3803573816086822,0.3292504978397061,0.3549029748805885,0.357385340344593,0.3785889105401832,0.3281213514467481,0.2792983452145271,0.2409968650981186,0.2990027415515415
0.3423575091783572,0.3696249391578133,0.3220826965748893,0.3556712689927799,0.3579118450325546,0.3427260835536022,0.4102197127269187,0.3698919329434444,0.338362403114996,0.2945743330887093,0.3598399699513298,0.3454381957990964,0.3675064679424213,0.3324805301545393,0.313736987413697,0.3621955384393832,0.3811586532499965,0.2836772706872642,0.2676809271480436,0.3108910588872449,0.3048718101962003,0.3264617100666256,0.3437028953975787,0.3543067007809286,0.3051707309336381,0.1818601697415059,0.3232402152777848,0.3287344371495517,0.3583570614968314,0.3574334403074052,0.3193805604911783,0.3005454017997471,0.3718075298693322,0.363855963760723,0.396287770067385,0.2027109474381443,0.3338874808882396,0.3572015158204105,0.3092331566997852,0.3155722060013176,0.3235728684369167,0.3045592144725838,0.3351353478601755,0.3288365204045926,0.3293336317126544,0.3307596828847141,0.3543008009362055,0.3524148486187801,0.3253778132098895,0.3579890935970506,0.3999462593286534,0.3435166741661876,0.3297177701072772,0.3438534336262707,0.3577113210229242,0.3549467785119479,0.3218808346486108,0.2742847493838538,0.3563276073884043,0.3514606372514616,0.3991429327619464,0.3544539654978511,0.3208340403931058,0.3544267825938109,0.3212325844035477,0.3355599165251671,0.2864618329961447,0.3609798072982046,0.3552255179311093,0.4370617560443838,0.3027593042578924,0.305367364260284,0.3568508577332242,0.3282344334405681,0.3367389623633091,0.3072934967952234,0.3065288342117403,0.3237566659629193,0.3154496417882814,0.3733743125932729,0.341882592536103,0.3148900455315789,0.3616248926982289,0.342913284299761,0.3397704581053019,0.3599621941154224,0.3660970108261102,0.3601047036245208,0.3056454668697843,0.3235314134888899,0.3827815403241005,0.3276532060364889,0.354629102406833,0.3588210452408928,0.3756303979249025,0.3277114282764427,0.2780965934605887,0.2407097749335154,0.2903999036738365
0.3470234587046739,0.3712118631005767,0.3217171615388173,0.3540539333842942,0.3581587203971443,0.3425805467008195,0.4111244353513892,0.3698745729612097,0.3319498972229523,0.2937793031093968,0.358907916757306,0.3442232995758364,0.3649420237025459,0.3307143157179056,0.3134175225318347,0.3626435401571435,0.3811553518706508,0.2980307395320805,0.2697734446319787,0.3143136743752616,0.3077040696748266,0.3252390250433897,0.3431540868466556,0.352908583213086,0.3045827416468952,0.1831423595479214,0.3197440523997998,0.3276782951695731,0.3576689109706764,0.3578694334811009,0.3176905876658208,0.2991821328978241,0.3702959056263359,0.3638384608372195,0.3969349659977361,0.2055790425390342,0.3335408789520508,0.3565329853050816,0.3087986878025038,0.3144210956934797,0.322555210010886,0.3037004645109948,0.3359435847697067,0.3280150160294048,0.3328184178775257,0.3333492738323583,0.3544764497420828,0.3526120502204375,0.3234562373155129,0.3569238822688334,0.397253837914986,0.342458190215439,0.3288383578592874,0.3453592337344911,0.3583825717638224,0.3550884234066936,0.3198317418336003,0.2722139276326922,0.3556254300044374,0.3515268504887834,0.391483967267018,0.3555654889162138,0.3198440870037877,0.3538500762198367,0.3243806767212254,0.3345306993828834,0.2847567393028583,0.3602851862786946,0.3552012936716421,0.4368429382846927,0.3027924607575356,0.3038753597342363,0.3570793887294082,0.3276169003607243,0.3341452381803789,0.3060451110332728,0.3070117179601364,0.3219923225670961,0.3210622962416709,0.3729497109040124,0.3405299310675411,0.313509343913558,0.3610449012282236,0.3416396719109567,0.3395876988161234,0.3585085418336832,0.3741307461842874,0.3584888749164042,0.3045623420782165,0.328022038669668,0.3843539247178059,0.3259872634623139,0.3542071483336759,0.3602594498764582,0.3722621568243741,0.3273260081078751,0.2769149444579557,0.2413377653318219,0.2820459602242682
0.3510278769375199,0.3729326240123349,0.3212916860834668,0.3522994661563542,0.3584963170253524,0.342417309857213,0.4116725713067237,0.3698313828272443,0.3250761927289273,0.2927507271548173,0.3580303355808093,0.3430332123261843,0.3619457478692411,0.328861553985362,0.3131204648268082,0.3630251870582474,0.3808445846226832,0.3124037834255346,0.2720995355747044,0.3185213232739686,0.3109360472966779,0.323972946661281,0.3418811522877624,0.3516798637241802,0.3040600475636078,0.1854845509102551,0.3165976653051458,0.3264858026808064,0.3567982854756932,0.358082704339497,0.3159880282425614,0.2978017078740885,0.3686907838589149,0.3637029648795472,0.3979383953005148,0.2092789785934287,0.3331922288510667,0.3558668394796868,0.308521931961329,0.3132224619493996,0.3214952551982749,0.3030903608792372,0.336690418616871,0.3271655904694255,0.3359779195246634,0.3355921629423583,0.3547012595377986,0.3526615260773408,0.321689292738366,0.3556596348923909,0.3943513587896204,0.3412994780795511,0.3280193519644054,0.3467019915040997,0.3589277814312617,0.3549711281182178,0.3175272972054829,0.2702281963259201,0.3548569292219155,0.3514648625381882,0.3840888900798532,0.3566544116887854,0.3188588982319953,0.3529774720497711,0.3274856062377375,0.3334634308383192,0.2830441998532811,0.3595542866328047,0.3549747236792756,0.4364628416085343,0.3031907170847034,0.3024217177941836,0.3570747955358659,0.3269691396923299,0.3315651764863011,0.3048650169826656,0.3076038567141773,0.3202233225720851,0.3264166770212131,0.372501247321602,0.3393136568168079,0.3121370002502318,0.3605196087530784,0.3403831428311218,0.3395520621500101,0.356888741689665,0.3807389111632236,0.356725062638046,0.3034788837541952,0.3323840509422417,0.3859356735260343,0.3243194367303126,0.3536358050268567,0.3616019047359518,0.3685603728199667,0.3269948781246201,0.2756659408983605,0.2429545745570594,0.2745051265539369
0.3543965678430086,0.3747730822565043,0.3207989355531194,0.3504424194135148,0.3589104378878419,0.3422606388205894,0.4119282633560917,0.3697255795150508,0.3179962165256778,0.2914249527514259,0.3571706352008311,0.3418911500509377,0.3585711206816988,0.3269133763378432,0.3128525431047637,0.3633158591862216,0.3801941000558271,0.3257814083439737,0.2744926096975971,0.3234459920244514,0.3144154652097614,0.3226529634408425,0.3398240416236857,0.3506205515517255,0.3035849082649678,0.1888698508720424,0.3138330039252645,0.3251678520319095,0.3557803566422379,0.3581469909941746,0.314303841736771,0.2964372416933772,0.3670397864086995,0.363443174733145,0.3992169637014763,0.2138715809795482,0.332857740303036,0.3551743267883012,0.3083743003098168,0.311959869608868,0.3204051928456253,0.3027132958343924,0.3373432721234667,0.3262934246197845,0.3388027294622276,0.3375106845382205,0.3549699923713538,0.3525564442090847,0.3201598182668257,0.3542156924351612,0.3913518799168721,0.3400878446027794,0.3272441318381963,0.347892890112563,0.3593407580444793,0.3545779942087191,0.3149876243335021,0.2684059234429991,0.3540661945006705,0.351242862152516,0.3770443983239334,0.3577404768864794,0.3178682458609224,0.3517776398175537,0.330559123638874,0.3323797785667344,0.2812973096565166,0.3588129468539647,0.3545423827481507,0.4359054836180715,0.303824978412012,0.3010905536111896,0.3567821571334171,0.3262640495761258,0.3290192227694489,0.3037300167111095,0.3082149219703912,0.3184775966812443,0.331380979264654,0.3720710724987853,0.3382397770997577,0.3107665407669274,0.3600512138814685,0.3391455640267314,0.3396271385018307,0.3551570540541314,0.3858060018571865,0.3548230835518122,0.3023594349495175,0.3364876322865474,0.3887431135693846,0.3227334213759837,0.3529193435703541,0.3627635845815887,0.3646014057076405,0.3267295280016042,0.2742637328826606,0.2455905905963908,0.2682824537762431
0.3571834301453767,0.3766985174759367,0.3202442627557391,0.3485313391184552,0.3593887681044792,0.3421328689143195,0.4119517871822314,0.3695180337548184,0.3109793890364145,0.2897524461775994,0.3562963746201381,0.3408178367992779,0.3548829085305899,0.3248721942458384,0.3126285611874407,0.3634859031978453,0.37919555266679,0.3369763338025896,0.2768318306584356,0.3289763873782572,0.3179787591386946,0.3212743266363695,0.3369836346823733,0.349719706065297,0.3031374299433674,0.1932557371061316,0.3114872813311186,0.3237451467066655,0.3546626677943358,0.3581202400073277,0.3126593157393581,0.2951239134597744,0.3653842724086596,0.3630623133594077,0.4006433007615299,0.2193912153415606,0.332546204667989,0.3544342774223517,0.3083160011860543,0.3106190116088317,0.3193059612673495,0.3025345482211746,0.3378706256202407,0.3254068458053011,0.3413047218325512,0.3391376143165913,0.3552671087895604,0.352297406121634,0.3189267904141753,0.3526297770719405,0.3883622780844799,0.3388737247572653,0.3264859326159021,0.3489391613320471,0.3596112472535295,0.3539146629079041,0.3122444287331828,0.2668333688057848,0.3532972171311729,0.3508410396449744,0.3703771179366929,0.3588355362009295,0.3168529173223863,0.3502361205601985,0.3335839662193837,0.3313020773290564,0.2794885331163793,0.3580857821537911,0.3539173899595901,0.4351973854152012,0.3045841444628263,0.2999766456254748,0.3561631360022885,0.3254745810989477,0.3265019581798995,0.302605671594228,0.3087573895332557,0.3167797404917734,0.3358693646315356,0.3716929517875814,0.3373000337124234,0.3093892930882793,0.3596438463341259,0.3379269957503922,0.3397554632399843,0.3533521707728316,0.3893215136417081,0.3527923373215781,0.301170669567731,0.3402374275118073,0.3935266843943253,0.3213287759571028,0.3520664759175065,0.3636801454083841,0.3604669983739823,0.3265244749471755,0.2726349919039941,0.2492283058934014,0.2637657250572919
0.3594585200067863,0.3786526441482458,0.3196493744606355,0.3466286910534748,0.3599224105445684,0.3420427083113961,0.4117983738236072,0.3691704027289242,0.30427685017392,0.2876982554317496,0.3553839468257371,0.3398453561656888,0.3509488756038006,0.3227528240280614,0.3124638727302402,0.3635068870683887,0.3778637335753196,0.34536923109909,0.2790603616641752,0.3349707601140441,0.3214763038388747,0.3198422903315625,0.3334171156079356,0.3489580447891375,0.3026940476431775,0.1985743796152616,0.3095840115567993,0.3222488079835719,0.3534910114970382,0.3580423909723856,0.3110627864949736,0.2938946843398255,0.3637529905721984,0.36257217245638,0.4020509992945537,0.225825969865574,0.3322550332769266,0.3536342232440241,0.3083003320364083,0.3091873009236282,0.318223598957364,0.3025051906229887,0.3382552281174192,0.3245160504341911,0.3435105824802736,0.3405148539508746,0.3555639578289543,0.3518954860618786,0.3180239930469093,0.3509672454067062,0.3854844251001626,0.3376982877100618,0.3257093190344569,0.3498472083553564,0.3597352260380498,0.3530059116634666,0.30933136532582,0.2656001748640341,0.3525833669654401,0.3502574837411388,0.3640625550112515,0.3599425248448173,0.315790355766305,0.3483468237077258,0.336509564550419,0.3302484612562859,0.2775942183246167,0.3573972367575671,0.3531231566790189,0.4344077301392683,0.3053829853850515,0.2991752894072985,0.3552018108010814,0.3245732904667961,0.3239920123254465,0.3014514238509294,0.3091541940333571,0.3151406617310151,0.3398432190603682,0.3713895757348087,0.3364750465554481,0.3079935480496466,0.3593027231253369,0.3367201709275834,0.3398578905900659,0.3514951602829291,0.3913600070694538,0.3506419221657798,0.2998730757362712,0.3435743943150869,0.4002310504708533,0.3202111956169988,0.3510947047791198,0.3643111105660388,0.3562456143009048,0.3263622211999982,0.2707271350308293,0.253801390959364,0.2611875560385929
0.3613003775793563,0.3805725850057222,0.3190548964800513,0.3448074421805174,0.3605019335065272,0.3419870697060613,0.4115207505341005,0.368652692332766,0.2980935972411528,0.285251627396377,0.3544232596227848,0.3390069355757954,0.3468308556505043,0.320581603811327,0.3123693771490136,0.3633564777116357,0.3762329239873301,0.3512474311749811,0.2811894950867822,0.3412580835310504,0.3247776970405465,0.3183716414871887,0.3292333240800106,0.3483101973449938,0.3022285824985556,0.2047257228628083,0.3081251907813712,0.3207262141163114,0.3523044576807864,0.3579336525625668,0.309511047924033,0.2927707804966889,0.3621702488297835,0.3619911319801966,0.4032535323003677,0.233116226513204,0.3319770180334869,0.3527670970593103,0.3082771192651562,0.3076567749828667,0.3171786477338826,0.3025763643535354,0.3384937721207666,0.3236271815215524,0.3454557081243335,0.3416902178400952,0.3558314801306453,0.3513704508624475,0.3174541542396036,0.3493187397235865,0.3828100240323197,0.3365936333885732,0.3248863032229938,0.3506256619146683,0.3597155405893014,0.3518961212713516,0.3062812082664772,0.2647984131978604,0.3519461264881195,0.3495031602080132,0.3580434039495562,0.3610580142864098,0.314666171389767,0.3461060885202339,0.3392721545462981,0.3292384088843504,0.2756091207093445,0.3567639613122998,0.3521916313857163,0.4336399193867449,0.3061577950615097,0.2987757973075428,0.3538980044913072,0.3235374304922261,0.3214663871161986,0.300226348158483,0.3093490739703787,0.3135572035861517,0.3433039204233528,0.3711734496301579,0.3357304173027782,0.3065652300829414,0.3590309504516322,0.3355094368374479,0.3398371309716786,0.3495793729730119,0.3920629609579363,0.3483891449145049,0.2984198984829714,0.346473219025711,0.4083043284121557,0.3194796928685611,0.3500309435176212,0.3646455500067497,0.3520304599989922,0.3262142567073069,0.2685143212014131,0.2591971752468073,0.2606160473659907
0.3627888807107197,0.3824050943195037,0.3185207806549285,0.3431406530529513,0.3611171268027338,0.3419601433042649,0.4111675904033522,0.367948871962659,0.2925713179269329,0.2824377282287083,0.3534111143008347,0.338320388979791,0.3425825485883985,0.3183931277284012,0.3123518141515278,0.3630174601451894,0.3743535280632808,0.3553175644689568,0.2832822309644442,0.3476432720309088,0.3277694998320948,0.316882688013168,0.3245851136878136,0.3477450880059806,0.3017141265676725,0.2115725920280526,0.3070916673805536,0.3192363679745251,0.3511430725330373,0.3577931506223333,0.307990561886243,0.2917550225340711,0.3606655382334086,0.3613454704976728,0.4040638457026108,0.2411597534331293,0.3317049107561802,0.3518314083127364,0.3081974636154653,0.30602531179008,0.3161848532139218,0.3027049127358034,0.3385905190473242,0.3227407303314485,0.3471762009762602,0.3427075699110274,0.3560477626213549,0.3507455886168215,0.317187046353706,0.3477916754381121,0.38040917192166,0.33558592833661,0.3240034145841144,0.3512869398827887,0.359559094356881,0.3506493356426983,0.3031339532690617,0.2645206524207394,0.3514031657967468,0.348596054007081,0.3522584306368667,0.3621694626313719,0.3134714206120657,0.3435135117916665,0.3418133519440376,0.3282933574023408,0.2735567284505367,0.3561913614657332,0.3511616306426871,0.4330224082605484,0.3068637275743612,0.2988557035822959,0.3522675236988364,0.3223516506071743,0.3189006940876729,0.2988903361983492,0.3093158799957974,0.3120206926877079,0.3462853853330596,0.3710494670154691,0.3350202545301978,0.3050887489838773,0.3588324790513139,0.3342772089297788,0.3395888857774517,0.3475775679650323,0.3916236869375095,0.3460625905738627,0.2967720630355418,0.3489423617470009,0.4171284735427333,0.3192174460666282,0.3489038959263701,0.3647066243413658,0.3479166727110461,0.3260410226810734,0.2660041335330176,0.2652639229819754,0.2619608240075828
0.3639960425640846,0.3841094594508398,0.3181216198407457,0.3416870624030044,0.3617595513127888,0.3419519604252321,0.410774854203875,0.3670547471286627,0.2877810261713704,0.2793193003911559,0.3523373806445779,0.3377947829609744,0.3382535926826882,0.3162274234304961,0.3124145555804612,0.3624789020780434,0.3722887526579208,0.358059022705344,0.2854359905455038,0.3539277390245525,0.3303715494044192,0.3154023761813875,0.3196505744826801,0.347227508707717,0.3011228290796029,0.2189500726908234,0.306438604942879,0.3178353450434602,0.3500475255476939,0.3576008683492311,0.3064769112822918,0.2908330117760656,0.3592686372374923,0.3606692021526701,0.4043064830891615,0.2498081795019307,0.3314276314013363,0.350834216222444,0.3080223519042214,0.3042968976413235,0.3152537014122932,0.3028488591166829,0.3385591657770779,0.321855722225569,0.3487006092219157,0.3435994809070411,0.3561887759817141,0.3500458496109652,0.3171706424410583,0.3465068209660876,0.3783293617129514,0.3346874225935816,0.3230509626775203,0.3518440908318491,0.3592783561917306,0.3493408741712794,0.2999387542596686,0.2648529418506617,0.3509702544758984,0.3475618446448764,0.3466710383289649,0.3632529867186842,0.312193203178389,0.3405684059657354,0.3440843052783852,0.3274256525650275,0.2714868929966722,0.3556807931880648,0.3500721045143904,0.4327005414308289,0.3074785414081868,0.2994731994579356,0.350349385730881,0.321008123510182,0.3162654817682041,0.2974044573058554,0.3090595778377271,0.3105199758565265,0.3488450055935345,0.371017314912959,0.334299476698919,0.303547513222127,0.3587145631062262,0.3330063487041794,0.3390152329588903,0.3454664374812329,0.3902603876611364,0.3436950248438686,0.2949090765683226,0.3510217804097992,0.4261284409128902,0.3194869019932018,0.3477384551774723,0.3645487178944182,0.3439955917817543,0.3258003765771606,0.2632440867458451,0.2718240156326822,0.2649873583151958
0.3649800285915027,0.3856557564426806,0.3179416854606076,0.3404800147188017,0.3624215357014222,0.3419407765977543,0.4103615135033086,0.3659761578088973,0.2837221128184498,0.2759982948199523,0.3511801135913671,0.3374423269193537,0.3338897076449302,0.3141255969340413,0.3125569010340379,0.3617433219032185,0.3701079908987201,0.3596021573738016,0.2877762240096107,0.3599273070839869,0.3325569403694635,0.3139660791636155,0.3146106980176474,0.3467204584460732,0.3004252132464857,0.2266794604960735,0.306093446912359,0.3165700363766137,0.3490449313393725,0.3573242659866426,0.3049366093429249,0.2899774310541554,0.358001903822555,0.3599997243984883,0.4038282554231056,0.2588647274175221,0.331129548158548,0.3497912892396884,0.3077312690460222,0.3024878772005342,0.3143914054638889,0.3029673857458805,0.3384261606474859,0.3209702475405112,0.3500465230148418,0.3443873452850374,0.3562222763069064,0.3492990091880772,0.3173455581426642,0.3455944214030156,0.3766038037769926,0.3338883563084834,0.3220188431210904,0.3523061362182322,0.358893762878671,0.3480444108421629,0.2967434324538073,0.265866621609879,0.3506526380390438,0.3464357657536827,0.3412882252291183,0.3642817986732609,0.3108202004267287,0.3372623530954495,0.3460544932712269,0.3266310869262798,0.269471702572809,0.3552376389695781,0.3489585680774228,0.4328249090855738,0.3080017409484344,0.3006605316687925,0.3482034445530892,0.3195109008936224,0.3135368878432966,0.2957362941656946,0.308610717475092,0.3090365843653156,0.351050553233175,0.3710731069679359,0.333531937714162,0.3019252671740864,0.3586829238710301,0.3316776309706088,0.3380355702439624,0.343240532396984,0.3881788178930201,0.3413190835131753,0.2928252661808351,0.3527723769934327,0.4346632230057211,0.3203258922729881,0.3465592498119698,0.3642485698472283,0.3403460038197305,0.3254614104714537,0.2603242576921139,0.2786882403915731,0.2693508465748526
0.3657859075628092,0.3870304424023442,0.318073610911936,0.3395220911573186,0.3630933818688643,0.341896645538641,0.4099345010973951,0.3647343576819709,0.2803285456574663,0.2726274949913178,0.349908281741648,0.337268130143782,0.3295271143170377,0.3121223901711985,0.312774711176789,0.3608299290202383,0.3678761386627093,0.3599996230936275,0.2904450834929871,0.3654720919765885,0.3343455864663565,0.3126088586362027,0.3096371465504666,0.3461848667396714,0.299591805323895,0.2345739037032231,0.3059665554534173,0.315482665260724,0.3481425467613617,0.3569261306545255,0.3033328386627201,0.2891489326585219,0.3568848481442685,0.3593738784484827,0.4025111906591609,0.2681004795476646,0.3307979460622273,0.3487245504919878,0.3073233239231026,0.3006353936680971,0.3135931036811216,0.3030285340695428,0.3382225598327179,0.3200765203170424,0.3512222451165747,0.3450830261488291,0.3561204395579181,0.3485344663689973,0.3176504794979419,0.3451813476225523,0.3752516078451304,0.3331639819094679,0.3209103262737729,0.3526801282251257,0.3584320202436079,0.3468240267047502,0.2935890356672565,0.2676133338421184,0.3504411239499488,0.3452589285952603,0.3361662980041139,0.3652364365645237,0.3093570824047247,0.3335826588527307,0.3477323812311086,0.3258951829598999,0.2676103236341999,0.3548701218939899,0.3478562524587826,0.4335368412230109,0.3084432222223737,0.3024191383060758,0.3458978409108925,0.3178816608172693,0.3107113947739377,0.2938663434606053,0.3080203013557999,0.3075433729930005,0.3529689755623829,0.3712095846353345,0.332691146427899,0.3002089313485684,0.3587370801556275,0.3302738646400037,0.336596969619005,0.34090699091109,0.3855493354014564,0.3389717618594191,0.2905293387364253,0.3542624017881901,0.4419888221232475,0.3217422196267646,0.3453931475657421,0.3638958120935805,0.3370277911987028,0.3250092204871107,0.2573748864520339,0.2856661841240803,0.2746502514325744
0.366447602331358,0.3882417666779201,0.3186122103218263,0.3387807768301477,0.3637635012637766,0.3417931375841363,0.409490684581202,0.3633683406957493,0.2774876276378571,0.2694140017285729,0.3484763841042557,0.3372564573660833,0.3251930837121998,0.3102414792915853,0.3130627809368714,0.3597671246686562,0.3656439620608163,0.3593991643770597,0.2935729779110865,0.3704044239964295,0.3357843833404343,0.311352494561313,0.3048857962079814,0.345577759465009,0.2985958647306743,0.2424452837521254,0.3059625524081624,0.3146077528360652,0.3473392274431786,0.3563684586524285,0.3016307734061589,0.2882953922079704,0.3559391116078774,0.3588260590137632,0.4002807505801182,0.2772823894421121,0.3304266198067502,0.3476598140717178,0.3068115597511673,0.2987967132265666,0.3128466744528481,0.3030130130456212,0.3379727789086171,0.3191602057168836,0.3522280479073428,0.3456891494373089,0.3558730094746564,0.3477795308956515,0.3180249829984009,0.3453780836188606,0.3742693587168471,0.3324858789465648,0.3197490215080071,0.3529783527829949,0.3579226459880236,0.3457304940397012,0.2905181734026495,0.2701196680576903,0.3503215556201999,0.3440713258158763,0.3314023532480029,0.3661023207776984,0.307824637792763,0.3295263488372748,0.349174951173583,0.3252001359977882,0.2660331822132244,0.3545837928675217,0.3467972175030361,0.4349555188134954,0.3088113807264099,0.3047165163312643,0.3435016110867485,0.3161577323142228,0.3078037054693841,0.2917897552841628,0.3073548812361544,0.306010112764404,0.3546597665689536,0.3714163562082604,0.3317618524357066,0.2983935375981986,0.3588725261702565,0.3287889090398664,0.3346855859297433,0.3384835957421034,0.3825082172177421,0.3366948681244459,0.2880589356712824,0.355558496675855,0.4473338906117953,0.3237084640706203,0.3442614834419168,0.3635835097471369,0.3340798948370227,0.3244390191386495,0.2545608124801666,0.2925770978052384,0.2804801770715924
0.3669865024887812,0.3893144354267233,0.3196384250014008,0.338183672849451,0.3644189983931446,0.3416100658224573,0.4090104902697902,0.3619253595588505,0.2750710736530445,0.2665981721213235,0.3468158070838307,0.337378582265357,0.3209164630231635,0.3084970082808689,0.3134165172149473,0.3585846855660076,0.3634458481230557,0.3579918656433611,0.2972487574454906,0.3745914428574301,0.336946497454648,0.3102037388178685,0.3004835068390027,0.3448519706178591,0.29741496368172,0.2501235172547048,0.3059824438020002,0.3139569651919713,0.3466350727175968,0.3556134115937781,0.2997994519172126,0.2873561554887328,0.3551799867266151,0.3583849965321982,0.397107039986475,0.2861918645787595,0.3300109530836496,0.3466235772367575,0.3062194380429895,0.2970420467317098,0.3121392108972761,0.3029103317007786,0.337695575623929,0.3182058196379653,0.3530559060103059,0.3462017585479605,0.3554811886498202,0.3470564831518193,0.3184195325260787,0.3462755892718564,0.3736296792022328,0.3318216553781191,0.318563659180172,0.3532187188673635,0.357396146225887,0.3447959302388109,0.2875806851149876,0.2733783394609803,0.3502845096533553,0.3429072463972821,0.3271160399663507,0.3668631971296976,0.3062489069945824,0.3251073207638592,0.3504743959594039,0.3245207618850506,0.2648918217377123,0.3543825925733668,0.3457978383774305,0.4371664554557079,0.3091097275332937,0.3074896437205089,0.3410850899080929,0.3143849721641116,0.3048356874391095,0.2895177809995402,0.3066865171005297,0.3044080127440041,0.3561669774265098,0.3716829134661828,0.3307437440093518,0.2964906084938406,0.3590820516530194,0.3272271826273166,0.332335271225519,0.3360110540334828,0.3791620954792682,0.3345236072734225,0.2854929041946026,0.3567194701222765,0.4499714629054976,0.3261626255325564,0.3431722492447685,0.3633971529637332,0.3315179410997066,0.3237548812607952,0.2520740008185896,0.2992669398377762,0.2864669214782078
0.3674113781527933,0.390280210038576,0.3212077985589355,0.3376192487276116,0.3650435738275726,0.3413282239768219,0.4084571492496282,0.3604512744488425,0.2729655734919563,0.2644274003491861,0.3448447133608563,0.337604278552842,0.3167352793658287,0.3068943744723271,0.3138333519198492,0.357316827917952,0.3613043485912727,0.3559308064353092,0.3015071630010812,0.3779371769649096,0.3379397536041111,0.3091605016019215,0.296514308137521,0.3439555531105177,0.2960335963311785,0.2574746866108606,0.3059307356198951,0.3135109099862145,0.3460259248522827,0.3546281461342463,0.2978123688310954,0.2862714504308711,0.3546086237231924,0.3580706914804303,0.3930065058552113,0.2946313425621125,0.3295475854797728,0.3456377269748225,0.3055817959866677,0.2954538126580261,0.3114522730056439,0.3027163793281511,0.3374100999447854,0.3171978275748674,0.3536935938584037,0.3466147243329027,0.3549458605321625,0.3463799205419609,0.3188046361193694,0.3479432920034509,0.3732874793993274,0.3311321641001921,0.3173738264008364,0.35341601290574,0.3568824203365268,0.344029666689117,0.2848267598916484,0.2773421298371258,0.3503226016527765,0.3417939486238805,0.3234299489364889,0.3675079667694902,0.3046626308660473,0.3203544684312214,0.3517408853914767,0.3238209464801725,0.2643408382620598,0.3542745075215976,0.344855375679318,0.4402092148323891,0.3093371462641839,0.3106558329845862,0.3387163105908288,0.3126157337352117,0.3018386445203285,0.2870844102352149,0.3060780917117542,0.3027103235654852,0.3575104659952844,0.3720011925052294,0.3296515391440028,0.2945380464776349,0.3593494986169063,0.3255950495413158,0.3296300457064743,0.3335599494479406,0.3755814226213634,0.332476398035971,0.2829456495673567,0.3577882205578133,0.4492659373002353,0.3290164430315114,0.3421244991457976,0.3634044217111997,0.3293309680079785,0.3229786846372953,0.2501234942565015,0.305623925547659,0.2922980325483644
0.3677238500996543,0.3911735325609715,0.323354917440828,0.3369460369080796,0.3656170469924066,0.3409314424915124,0.4077897305950082,0.3589919739293344,0.27109040045675,0.2631468049613055,0.342493165173346,0.337896650654124,0.3126946809708859,0.3054254508956855,0.3143152987537048,0.3560075155934482,0.3592337883436036,0.3533119852165191,0.3063282018575807,0.3803762108649691,0.3388909301799763,0.3082107105681833,0.293020943068333,0.3428288786844473,0.2944507148866728,0.2644025298823126,0.3057352323009218,0.3132275412774913,0.3454981319640546,0.3533937463457341,0.2956489283957267,0.2849897169316662,0.3542199032169099,0.3578959323880821,0.3880449014297836,0.3024351189323462,0.3290426068303133,0.3447162992794421,0.3049415513186105,0.2941305964425295,0.3107540050383187,0.3024367553539485,0.3371300892505642,0.3161157611354646,0.3541343365124365,0.3469216354666296,0.3542714021899463,0.3457537731598806,0.3191685485223268,0.3504188118680152,0.3731793187345246,0.3303803588761207,0.316196018738505,0.3535770752865003,0.3564074804221505,0.3434209252464517,0.2823035047194475,0.2819261540225045,0.3504236267061772,0.3407507408148937,0.3204503777689747,0.3680432113162243,0.303118325168868,0.315316978626967,0.3530935341486064,0.3230636995171794,0.2645258278790136,0.3542698157858314,0.3439616875266766,0.4440668703707457,0.3094847035764096,0.314120889675176,0.3364517495989858,0.3109100412831094,0.2988628813548935,0.2845528393407042,0.3055707680844395,0.300894401138756,0.3586866767598283,0.3723608171168765,0.3285120692190676,0.2926045304276709,0.3596442356158941,0.3239009837841647,0.3267029385105734,0.3312178366284002,0.3718004605152196,0.3305580738980649,0.2805550269178142,0.3587857290990608,0.4447292785844747,0.3321648344141596,0.3411166512401661,0.3636480016454663,0.3274835555488316,0.3221536107858674,0.2489218743112891,0.3115798058644511,0.2977475837698795
0.367924540306786,0.3920266284862927,0.3260987517264611,0.3360048836934076,0.3661196744287924,0.3404156172890329,0.4069764679877852,0.3575946345167828,0.2694064493700372,0.2629906286227149,0.3397166372244186,0.338209018049686,0.3088454638126344,0.3040659929088947,0.3148698674880297,0.354702828689004,0.3572383975928321,0.3501577874552037,0.3116353235671554,0.3818637531496892,0.3399148081768627,0.3073253957686333,0.2900176692107777,0.341404329939853,0.2926902279629241,0.270844709439423,0.3053590778155872,0.3130527510371271,0.3450375073306071,0.3519085462559754,0.2932961212618222,0.2834696193878647,0.354010276422396,0.3578685322181756,0.3823333807418008,0.3094889550591291,0.3285124675735399,0.343866915205794,0.3043385573287172,0.2931813318303297,0.3100052136350045,0.3020901206154613,0.3368524720155151,0.3149351202236941,0.3543832667308313,0.3471171982564641,0.3534764655493807,0.3451716454648455,0.3195113860553273,0.3536999823301597,0.373213474073981,0.3295427178432585,0.3150520321627107,0.3537067648687952,0.355989928563617,0.3429443944802762,0.2800661520505339,0.2870131569511341,0.3505722887005783,0.3397872150637478,0.3182446828906997,0.368490964929608,0.3016897350150409,0.3100780055607209,0.3546459304021441,0.322224733256829,0.2655735547094427,0.3543711780894301,0.3431122092056123,0.4486597186068354,0.3095323488214923,0.317779348683613,0.3343324165725743,0.3093289608480491,0.2959712839410959,0.2820155366666394,0.3051778887769356,0.29894636114181,0.3596797148183083,0.3727408024898545,0.3273613694612856,0.2907850672755074,0.3599248843967494,0.3221652950716515,0.3237338038502254,0.3290708309756786,0.3678392747038921,0.3287673204230226,0.2784785126966496,0.3597132559690755,0.4360573958131624,0.3354904928805684,0.3401449601006697,0.3641396246223065,0.3259241926936496,0.3213313800034718,0.2486689550660127,0.3171001126538804,0.3026814523546832
0.3680141857088997,0.3928588392553397,0.3294324617198678,0.3346316202542311,0.3665355005864918,0.3397905839226305,0.405996771793654,0.3562968742579644,0.2679277710124,0.2641519808617065,0.336495227238604,0.3384980093177271,0.3052472798854787,0.3027818321290554,0.3155072849147738,0.3534359650096381,0.3553104981381015,0.3464123652190479,0.3172961104555295,0.3823825726592396,0.3411058309509328,0.306460157432481,0.2874966426155559,0.3396121430188406,0.2908070902869802,0.2767791867836825,0.3047926891033918,0.3129224068901853,0.3446397222640858,0.350182043986484,0.2907502784222794,0.2816831118078721,0.3539685935858978,0.3579873515672784,0.3760196486861851,0.3157420628160122,0.327972456624741,0.3430924359848162,0.303800481104317,0.292709487485715,0.3091728698884244,0.3017087740104782,0.3365604369381965,0.3136364543083034,0.354454995632417,0.3472020082716344,0.3525911398043935,0.3446210690185033,0.3198462642088057,0.3577498514185789,0.3732634880247424,0.3286099895100704,0.3139601681139766,0.3538142421015061,0.3556395310669582,0.3425628764851225,0.2781877597236287,0.2924565514080889,0.3507559847539594,0.3389018579934393,0.3168201284479198,0.3688768650042653,0.300458736941041,0.3047584473728637,0.3564798917180612,0.3212933417718462,0.2675733833107828,0.3545693968728017,0.3422954724762174,0.453840664288948,0.309451910805319,0.3215178720028037,0.3323877773585582,0.3079212200649789,0.2932213768069058,0.2795925059922613,0.3048841861454152,0.2968645808784045,0.3604699615458082,0.3731103130014318,0.326238230723088,0.2891947980365753,0.3601464958870434,0.3204207825858539,0.3209425643927506,0.3271967010936759,0.3637307600586022,0.327095027184525,0.2768904759913568,0.3605597012016829,0.423138641569809,0.3388674316358416,0.3391983256712882,0.3648555683708833,0.3245920165048827,0.3205563858039048,0.2495354521513824,0.3221785926778983,0.3070417569802278
0.3679920848248063,0.3936692252842727,0.3333119421981677,0.3326747990971767,0.3668500855105724,0.3390738892701411,0.4048407928104041,0.355116150939763,0.2667300220652928,0.2667483786672966,0.3328423199292257,0.3387304319968851,0.3019641393555177,0.3015364248413232,0.3162388074561598,0.3522243334760574,0.3534360141288749,0.3420272150091045,0.3231365197250725,0.3819543939405602,0.3425522085779253,0.3055650018866222,0.2854276079787136,0.3373856560999889,0.2888858305769986,0.2822289561577834,0.304045394484522,0.3127648968770057,0.3443067819632422,0.3482302400409585,0.2880191544073424,0.279625112916674,0.35406687290891,0.3582365652816798,0.3692863818789335,0.3211999182675939,0.3274312658293304,0.3423892012759095,0.3033429991045971,0.2928021729551299,0.308231307242201,0.3013397975887493,0.336238204907517,0.3122093088078093,0.3543691290273795,0.3471858532989014,0.3516446254780269,0.3440856010312658,0.3201991638625356,0.3625035796025012,0.3731720066930887,0.3275842209584029,0.3129228292729227,0.3539110808241703,0.3553585785083029,0.3422306346817624,0.2767524674010181,0.2980872482410228,0.3509635072974615,0.3380824001104491,0.3161170927327609,0.3692299525495472,0.2995084838416556,0.2995071913384365,0.3586255988963425,0.3202650962353501,0.2705576559790003,0.3548503325092464,0.3414837550838189,0.4593915229809334,0.3092149512406031,0.3252289566000557,0.3306384883922317,0.3067156809582457,0.2906611266370655,0.2774321449180459,0.3046479647449041,0.2946632070857992,0.3610352291679943,0.3734375793887607,0.3251737780029362,0.2879680390925376,0.3602634958680115,0.318699441908652,0.3185735333143281,0.3256633123052879,0.3595300638022751,0.3255185035136366,0.2759683365333527,0.3613067749456877,0.4061054075520942,0.3421693110633118,0.3382630185794061,0.3657386794325155,0.3234193255537206,0.3198624851767148,0.2516488053442994,0.3268382876859715,0.3108323208470043
0.3678567519091634,0.3944391632876998,0.337664429813714,0.3300173627517206,0.3670483344310367,0.3382882402269245,0.4035167184082663,0.3540542964025525,0.2659392323521001,0.2708117002306392,0.3288227779366504,0.3388738593840672,0.2990490329900719,0.3002910730610836,0.3170794782571142,0.3510799006365022,0.3516043080523244,0.3370984502023847,0.3289656353009397,0.3806340880623619,0.3443376076385711,0.304590707807049,0.2837647445079864,0.3346606162842084,0.2870369302364653,0.2872476488842838,0.3031508396492376,0.3125117211288307,0.3440382861328979,0.3460804336451121,0.2851226923942528,0.2773240624702924,0.3542717291374833,0.3585878474828503,0.3623558089212207,0.3259087090026785,0.3269002333118306,0.341745625601029,0.3029717775556073,0.2935275985198982,0.3071540269133004,0.3010461475518171,0.3358755232313858,0.3106467510151793,0.354151381628357,0.3470836194019859,0.3506615882457395,0.3435432246260633,0.3205968272269043,0.3678654081685945,0.372759997607582,0.3264805690221902,0.3119288097014385,0.3540084301037187,0.3551450126027328,0.3419015681138023,0.2758443711420373,0.3037299892802583,0.3511796673092859,0.3373081625766942,0.3160190380063839,0.3695909369486339,0.298927380277615,0.2944947926142227,0.361060437280237,0.3191413234777001,0.2744968594906171,0.3552000806338131,0.3406449772861944,0.4650266336351645,0.3087996186945418,0.3288221287690552,0.3290950045691358,0.3057226144640224,0.288338037864105,0.2757075867335358,0.3044054587140355,0.2923788629892795,0.3613539561128605,0.3736911409833029,0.3241864807895294,0.2872559436585574,0.3602322227718638,0.3170232483336291,0.316873517788613,0.3245194420916329,0.355312542083322,0.3240037643152235,0.2758724706991644,0.3619317399137717,0.3854271847104991,0.345279237722281,0.3373316920864418,0.3667071237994764,0.322337117327979,0.3192761829190051,0.2550799288929428,0.3311262725622024,0.3141110972280782
0.3676089182633181,0.3951368817241553,0.342406479565656,0.3265914801817534,0.3671187298141385,0.3374637923346297,0.4020584868569579,0.3531067301396042,0.2657022123300059,0.2762934197503035,0.3245527055577389,0.3388970305365363,0.2965341990136567,0.2990026847941328,0.3180484414745569,0.3500134449458941,0.3498126785731891,0.3319069362127501,0.3345976980216593,0.3784963515671079,0.3465243503706941,0.3034906571450632,0.2824591104156993,0.3313772385373294,0.2853961925332957,0.2918956324293066,0.3021683608568945,0.3121085715243202,0.3438328479891298,0.3437757792062117,0.2820930906601296,0.2748439430785888,0.3545602384945442,0.3590077592753462,0.3554840320443758,0.3299467961925532,0.3263981467170098,0.3411447585196616,0.3026783144791314,0.2949294099850492,0.3059163954512232,0.3009027910655247,0.335459228398856,0.3089446855321394,0.353835922703063,0.346909545023671,0.3496667939427439,0.3429684226643328,0.3210530993029814,0.3737068479382454,0.3718355541377548,0.3253256646620044,0.310961381657646,0.3541201076709969,0.354995043859122,0.3415365811973746,0.2755467930499657,0.3092214857448484,0.3513858623232473,0.3365538962717964,0.3163683596194465,0.3700078414069295,0.2988051386342253,0.2899137646193317,0.3637158702033141,0.3179352708778437,0.2793054973080723,0.3555994354538146,0.339759226463222,0.4704089234682279,0.308193958657682,0.3322223761597159,0.3277578008383268,0.3049342131609912,0.2862975167751208,0.2746024199823051,0.3040777578960451,0.290076348181653,0.3614150594255895,0.3738321637186333,0.3232852779853168,0.2872112978387217,0.3600177940335931,0.3154085505645824,0.3160699083277337,0.3237820238246953,0.3511784983670871,0.3225143205571694,0.2767305009176456,0.3624123835539847,0.3619074843848128,0.3480946741856063,0.3364022119881258,0.3676618031687668,0.3212858631017405,0.3188119497780231,0.2598297145091648,0.3350972850937286,0.3169709700546478
0.3672547253398318,0.3957186983278976,0.3474473481123266,0.3223829762392702,0.3670595356721967,0.3366357538534381,0.4005230974225504,0.3522605920203965,0.2661594312727163,0.2830615342892381,0.3201774868984819,0.3387864772722006,0.2944334630065189,0.2976275549160405,0.3191609233552717,0.3490259910709724,0.3480633150001035,0.3268178636256743,0.3398661221432052,0.3756366785713977,0.3491461400645983,0.3022253730930417,0.2814620071321289,0.3274930673467622,0.2841227818760342,0.2962264706643769,0.3011672029221836,0.3115208857357658,0.3436949181868037,0.3413681793480056,0.2789796644268034,0.2722792186936309,0.35491495201578,0.3594599377261951,0.3489406390111637,0.3334201765107762,0.3259393144708002,0.3405672699698023,0.3024364573319667,0.2970156550083948,0.3045103233328384,0.3009888708430034,0.3349722968739775,0.3071133341104946,0.3534612800247768,0.3466784924972714,0.3486845484039677,0.3423400224658627,0.3215688078088833,0.3798786941795276,0.3702008832631822,0.3241487529625109,0.3099981535513636,0.3542649288071419,0.3549039844266726,0.3411055075123915,0.2759426614501254,0.3144207364168099,0.3515644684364175,0.335794292096855,0.3169824278672979,0.3705216275102798,0.2992152126846813,0.2859678409448218,0.3664832093960118,0.3166733243336019,0.2848438979937011,0.3560184991678877,0.3388162560209145,0.4751750829579157,0.3073963781487475,0.3353679738258723,0.3266197269298097,0.3043210251005622,0.284569139739804,0.2742924062005386,0.3035807829953457,0.2878473567070111,0.3612261017754228,0.373817321690685,0.3224691414760081,0.2879639121863322,0.3596000937871655,0.3138701783648913,0.3163503010610929,0.323432352051355,0.3472618173784205,0.3210170780501334,0.2786253618231649,0.3627343202777046,0.3365201260377427,0.3505291703024089,0.3354706372392571,0.3684893055905047,0.320222528786857,0.3184628999755961,0.2658204947891889,0.3387979192410656,0.3195087260140081
0.366807500135051,0.3961350559944878,0.3526829072236117,0.3174342763512952,0.3668791917651336,0.3358368774273638,0.3989803835653188,0.351490185510901,0.2674298112921603,0.2908987522400675,0.3158562657974869,0.3385484813629171,0.2927397542968167,0.2961284954471486,0.3204205178277006,0.3481045641778181,0.3463600419701556,0.3221734101851449,0.3446349151901495,0.3721794434052409,0.3522169687454393,0.3007676800571432,0.2807200350527853,0.3229952861595384,0.2833874846279173,0.3002820765513958,0.3002110466422452,0.3107383210601455,0.3436322260998806,0.3389066685105044,0.2758590386298507,0.2697518582030518,0.3553099076853109,0.3599027578609076,0.3429882024115473,0.3364486612238559,0.3255230581713517,0.3399911832859496,0.3022087721594125,0.2997536969044711,0.3029519350315757,0.3013819627919992,0.3344065440576464,0.3051875934432648,0.3530628554465525,0.3464102927279594,0.3477326586002497,0.3416456332111494,0.3221381808490913,0.3862250031192665,0.3676614423110396,0.322978269070453,0.3090094836493177,0.3544624884163867,0.354867330587157,0.3405889831731499,0.2771026848085302,0.3192148766494198,0.3516979352552034,0.3350079561789686,0.3176747802319334,0.3711635524688234,0.3002013200259621,0.2828470072002036,0.3692248643948866,0.3153884059296465,0.2909204435471667,0.35642244140425,0.3378040961820407,0.4789644898865093,0.3064150434883386,0.3382183617685493,0.3256656101861996,0.3038320682383899,0.2831637142445048,0.2749300352961131,0.3028368698627083,0.2858052142268155,0.3608137412410003,0.373616095247107,0.3217193532629135,0.2896023119171552,0.3589741239633178,0.3124142761692861,0.3178426624769557,0.3234218751567784,0.3437255858270439,0.3194848595315814,0.2815834019250088,0.3628965401727723,0.3102261202971024,0.3525153272686627,0.3345330280460383,0.3690684334390673,0.3191192374230145,0.3181999217214026,0.2728999326789548,0.3422603425952221,0.32180983971104
0.3662860598499607,0.3963435861913806,0.3580014415284487,0.3118477958124683,0.3665920817556351,0.3350936164487177,0.3975040904264805,0.3507647312348365,0.2695957353827912,0.2995245161323354,0.3117583913247309,0.3381909877178434,0.2914103606602657,0.2944781400710147,0.3218222926089195,0.3472327123557742,0.3447093178697524,0.3182876149182077,0.3488116639097008,0.3682714805697941,0.3557316685279474,0.2991023588058775,0.280176362908462,0.3178973270887308,0.2833513067268595,0.3040845544491508,0.2993566803663603,0.3097786036245037,0.3436446382939465,0.3364351649362563,0.2728399412909667,0.2674109186598084,0.355714497607723,0.3602915409043585,0.3378688176312671,0.3391440407378779,0.325140774412899,0.3393917291719619,0.3019566549191032,0.3030747981193754,0.3012772531808646,0.3021543641714909,0.3337702955437808,0.3032251952767727,0.3526698284585513,0.3461276500245592,0.3468202314188849,0.3408786937620605,0.3227462391025352,0.3925839772441554,0.3640450668815064,0.321845981938973,0.307964134387983,0.354729481395191,0.3548838429787703,0.3399826329388735,0.2790698912470733,0.3235275987394985,0.3517646419072971,0.3341795015168843,0.3182811547682088,0.371962357717255,0.3017773977259793,0.2807083969264431,0.371794276815921,0.3141121467976516,0.2973098387983038,0.3567799850823095,0.3367117791680744,0.4814509441464899,0.3052687617066229,0.3407587513875024,0.3248708018447148,0.3034020622391501,0.2820830830675017,0.2766283651793835,0.301784319112394,0.2840812577749583,0.3602197670166036,0.3732180909979568,0.3209990245686352,0.2921672192946378,0.3581494308206364,0.3110302764580162,0.3205999875732677,0.3236786161541478,0.3407423225257319,0.3179002077759637,0.2855670106111715,0.3629130037630479,0.2839222890925052,0.3540063736525897,0.33359258734836,0.3692846204299509,0.3179617627242086,0.3179787637366562,0.280855176258041,0.3455011280985124,0.323956128334021
0.3657101542006846,0.3963170190110646,0.3632977460599546,0.3057779292264531,0.366216264301642,0.3344273709061959,0.3961665917826482,0.3500605436507883,0.2726826532660056,0.3086305515974404,0.3080459289943605,0.3377196847682734,0.2903595448746672,0.2926597444185441,0.3233594060313876,0.3464010804921956,0.3431212917896182,0.3154658729702264,0.3523575367510083,0.3640649556159783,0.3596492300272376,0.2972247577029097,0.2797786062381856,0.3122277896215572,0.2841442441941488,0.3076281264070354,0.2986529636917314,0.3086837423557115,0.3437186564964135,0.3339968686164393,0.2700553168783541,0.2654254970780698,0.3561078145696014,0.3605849901644938,0.3337865522436233,0.3415966444384734,0.324785847353523,0.3387454584861589,0.301642329848846,0.3068804527771075,0.2995405062546805,0.3033650597173458,0.3330808511029813,0.3013006730741302,0.3523051853171547,0.3458491666378332,0.3459486952320439,0.3400375219709672,0.3233616367975276,0.3987863033122258,0.3592294519991512,0.3207822193269851,0.3068338852356546,0.3550818657165066,0.3549570677135064,0.3392953010413237,0.2818540188848727,0.3273262670806539,0.3517411184336805,0.3332998720260142,0.3186799601764467,0.3729379838614202,0.3039291123988403,0.2796703592315859,0.3740560345208611,0.3128692650183067,0.3037818733552396,0.3570630562977259,0.3355415129760787,0.4823757293271615,0.3039893165042712,0.3429899273634788,0.3242039413497177,0.3029596371147443,0.2813197206168038,0.2794429275121975,0.3003833278038297,0.2828195770305862,0.3594954599433044,0.3726203395288631,0.3202658768556768,0.2956473292381281,0.3571522267551016,0.3096938872166524,0.3245954739078427,0.3241111207353909,0.3384722172976405,0.3162587334817716,0.2904766314113294,0.3628100202267776,0.2584816836151913,0.3549732661319629,0.3326569925184532,0.3690430744300704,0.3167531666805065,0.3177445550856382,0.2894273837961775,0.3485202843295363,0.3260287063316988
0.3650986840211835,0.3960415189285648,0.3684765670623327,0.299408329689426,0.3657739547654089,0.3338543731205669,0.3950347545369088,0.3493620152497753,0.2766470745561394,0.3179045309285084,0.3048400952083872,0.3371541142581772,0.2894714822076795,0.2906713317069711,0.3250194699922005,0.3456041120870329,0.3416069552285766,0.3139260593530464,0.3552859261950183,0.3597088000631865,0.3638779596987232,0.2951449369875028,0.2794804599153278,0.3060306488920867,0.2858521017624557,0.3108805711101866,0.298129817234365,0.3075096445302692,0.3438325635793603,0.3316321836700666,0.2676514247565106,0.2639690418879792,0.3564766967911561,0.3607479343321847,0.3308802068035265,0.3438765305471237,0.3244482729212657,0.3380357301818277,0.3012250013447803,0.3110483271549237,0.2978195388624481,0.3050466790411674,0.332355685867052,0.2995043146277709,0.3519831011527498,0.3455864878998519,0.3451106331658558,0.3391311837601058,0.3239402222321789,0.4046676239539852,0.3531603998471067,0.3198012196570845,0.3055912774369843,0.3555349339526495,0.3550912706535117,0.3385396047643909,0.285429888508576,0.3306201007038514,0.3516099059464201,0.3323673632743149,0.3188014941456452,0.3740817510064554,0.3066094238219275,0.2798027575752617,0.3759023553993483,0.3116737391551504,0.3101201000666662,0.3572434962024325,0.3343102310302187,0.4815757453025955,0.3026206737663562,0.3449187930104155,0.3236305068966598,0.30243293486119,0.2808433125499197,0.2833607108794003,0.2986211129933006,0.2821643186035263,0.3586943834985506,0.3718205251001492,0.319481544783484,0.2999728992724955,0.3560249705928535,0.3083748410869721,0.3297269771400269,0.3246143896704426,0.337048147759529,0.3145688808476443,0.2961593593278079,0.3626198352641316,0.2347615126855857,0.3554025278307229,0.3317284745075946,0.3682728228043797,0.315514025782094,0.3174336794251069,0.2983255106623684,0.3513031238597022,0.3280946834283572
0.3644729353694846,0.3955172736042146,0.373449240543944,0.292929142389235,0.3652901262914375,0.3333825424248401,0.3941635444823299,0.348656747776297,0.2813825401247115,0.3270455932228013,0.3022037715822921,0.3365293771826686,0.288616900373756,0.2885329570946524,0.3267759670585661,0.3448333405380575,0.3401743881530506,0.3136752299681457,0.3576484016654012,0.3553474829827402,0.368272761034594,0.2928923565331219,0.2792376293353744,0.2993727846580682,0.2885100005613814,0.3137906540387354,0.2977908304884072,0.3063184242721544,0.3439617743594903,0.3293699518210298,0.2657848186872361,0.2632043405375455,0.3568007168276946,0.3607510390890767,0.3291991209177479,0.3460357133790464,0.3241043355934574,0.3372541136931288,0.3006626370503462,0.3154428139421635,0.2962151962511084,0.3071955020021903,0.3316135613959534,0.2979405314492051,0.351706490440981,0.3453472172577382,0.3442905219902436,0.338181685542065,0.324437035364269,0.4100862624978515,0.3458516133833574,0.318898474995538,0.3042106482720886,0.3560955617545135,0.3552859377875091,0.337727464719934,0.2897300053687577,0.3334508868567743,0.3513633100143124,0.3313907917040579,0.3186297776834602,0.3753484365022215,0.3097379035819314,0.2811087039046583,0.3772692075575058,0.3105279241537979,0.3161297370564163,0.3572966540720917,0.333040866145549,0.4790010092056356,0.3012129297128574,0.3465642072689396,0.3231107569326302,0.3017560498617257,0.2805982833599281,0.2883002831036639,0.296517740977523,0.2822432012599085,0.3578675441385652,0.3708317569547546,0.3186076665108687,0.3050165308805292,0.3548198393532001,0.3070384580694458,0.3358243241179566,0.3250799317401268,0.3365649125783835,0.3128514173592297,0.302420870934763,0.3623745046539775,0.2135566234222107,0.3552989732764352,0.3308027152262741,0.3669282700746032,0.314272265860437,0.3169814975494873,0.3072487520814381,0.3538257925034589,0.3302011477154273
0.3638578527845963,0.3947651187684194,0.3781402647489472,0.2865230234832774,0.364788284855947,0.3330091586365705,0.3935845478168055,0.347938452157047,0.2867338315452782,0.3357899109785384,0.3001497179388486,0.3358785705339058,0.2876582514491635,0.2862921069680731,0.3285910701201547,0.344082003637539,0.3388280853616318,0.3145043254076055,0.3595175623622389,0.3511127944771743,0.3726351522302197,0.2905143940893763,0.2790114693865638,0.2923375690149838,0.292097652884326,0.3162957765686192,0.297618082629469,0.3051736118828452,0.3440754249515799,0.3272239885352825,0.2646186056165713,0.2632733495029999,0.3570499787304227,0.360574582551855,0.3286926396798783,0.348101403390928,0.3237195519698278,0.3363976318385676,0.2999202930195305,0.3199274723433124,0.2948400718574163,0.309770390528733,0.3308769733108393,0.2967195104138688,0.3514713230109117,0.345138307404557,0.3434716824894155,0.3372153403645215,0.3248118374788812,0.4149271461172112,0.337384117622777,0.3180637579204927,0.3026769831692855,0.3567554213031098,0.3555361537008802,0.3368753815103533,0.2946404752002822,0.3358816096932952,0.351000987427264,0.3303910685930133,0.3181985036125854,0.3766663433090144,0.313210664178544,0.283519075950667,0.3781472298344302,0.3094239368289818,0.3216517580029652,0.3572062546823651,0.3317581863583975,0.4747198980839756,0.299816481576626,0.3479621187492777,0.3225972280819652,0.3008771957791358,0.2805178017832722,0.2941157308017928,0.2941284904415467,0.2831545774791874,0.3570631894489894,0.3696920806852298,0.3176053214505709,0.3106070541567852,0.3535909540791085,0.3056437777879291,0.342659273639062,0.3254067039874526,0.3370686639874552,0.3111403241027946,0.3090419277443165,0.3621053134788718,0.1955475138297068,0.3546864551310607,0.3298763110703515,0.3649962852273444,0.3130519071160627,0.3163347360521198,0.3159174791936864,0.3560601545465517,0.3323859763986806
0.3632768807062791,0.3938259373118622,0.3824967648718527,0.2803505866334391,0.3642878287449341,0.3327209623316293,0.3932941955849982,0.347212818753117,0.292509632857715,0.3439380561081455,0.298646703284797,0.3352293674819593,0.2864556006965392,0.2840246988738195,0.330427038628482,0.3433537005545521,0.3375697936386855,0.3161130639861678,0.3609761526818532,0.3471119621308663,0.3767140241801341,0.2880730440702022,0.2787808762814477,0.2850044436986838,0.2965361097467477,0.3183351120011491,0.2975772379814246,0.3041303070660893,0.3441305269422231,0.3251982762888454,0.2643038873125056,0.264285163416202,0.3571970869692536,0.3602145637333653,0.3292086158515793,0.350071624955474,0.3232592833580494,0.3354662042043914,0.2989754379840402,0.3243719913394076,0.2938086786599327,0.3126974856730246,0.3301678170854301,0.2959478341619761,0.3512739253148155,0.3449674397503946,0.3426415724634695,0.336253593487581,0.3250269752685752,0.4190959684467258,0.3279205548701184,0.3172857300871467,0.3009908492783362,0.3574931236662796,0.3558362080662574,0.3360050204843008,0.3000120890915906,0.3379836320822356,0.3505281443564828,0.3293957861463524,0.3175782146560524,0.3779435112736748,0.3169132724214423,0.2869093629333387,0.3785788913095982,0.3083431834935387,0.3265823076220132,0.3569624354534936,0.3304902403080091,0.4689105720703814,0.2984807122368489,0.3491527157814573,0.3220413526866731,0.2997640073562149,0.2805310235448435,0.3006030246853618,0.2915397151534658,0.2849576058585363,0.3563244415220709,0.3684465697875938,0.3164498284291262,0.316547479060998,0.3523888075144607,0.3041468795913807,0.3499640485746932,0.3255096426229824,0.3385480120758872,0.3094789933039334,0.3157983265152647,0.3618448257485396,0.1812520034572572,0.353600537919113,0.3289475248756053,0.3625028220675165,0.3118724309695119,0.3154589092615976,0.324097048808006,0.3579785272207847,0.3346803372767655
0.3627477548598151,0.3927483079977739,0.3864824203862466,0.2745308286977665,0.3638053650219163,0.3324961852009664,0.3932538429968271,0.3464939427226184,0.298498299988196,0.3513626992385887,0.2976132099944443,0.334616404281985,0.2848859500565867,0.2818325826313564,0.3322476807420785,0.3426598649303973,0.3363974743818367,0.3182099242808323,0.3621090282015899,0.3434248130867693,0.3802175665382614,0.2856456965069787,0.2785495689368074,0.2774385444691963,0.301690366404611,0.3198699281261908,0.2976171649108876,0.3032222988637965,0.3440765802604398,0.3232916219553745,0.2649541868542938,0.2663011669474053,0.3572209324331049,0.3596830217530383,0.330497716025493,0.3519262081674666,0.3226913346009554,0.3344634104713969,0.2978173161648856,0.3286569459699405,0.2932339638639073,0.3158752393935329,0.3295027134143667,0.2957219583454485,0.3511120048033208,0.3448427905426507,0.3417890112873455,0.3353136258327721,0.3250488709548198,0.4225213320649031,0.3177145543614566,0.3165414440668521,0.2991648088600335,0.3582787915349121,0.3561768524114429,0.33513104835773,0.305677152369661,0.3398238317044222,0.3499562982431065,0.3284287790340363,0.3168581655281846,0.3790613569699724,0.3207294615743699,0.291117176130868,0.3786470552020797,0.3072546420528166,0.330877477034623,0.3565597641922582,0.3292658704612928,0.4618369202247396,0.2972524948125519,0.3501657811027369,0.3214048208316921,0.2984045706135307,0.2805561042591316,0.3075176647952092,0.2888632330474885,0.2876626260769576,0.3556807187062041,0.3671274687806848,0.3151434689389035,0.3226279341653953,0.3512539702178803,0.3025083617417885,0.3574574081097403,0.3253252643321103,0.3409319392899629,0.3079097681093666,0.3224788334863208,0.3616224889041448,0.1709780040336474,0.3520810806037848,0.3280092985378317,0.3595093246039388,0.3107533856547815,0.3143399824310756,0.3316066300043663,0.3595632721558206,0.337091623862786
0.3622849414758202,0.3915785756135858,0.3900646827155131,0.2691295504838778,0.363356547806464,0.3323082398684244,0.3934030634036536,0.3457955694653306,0.3044905371866221,0.3580003019205172,0.2969234341260036,0.3340759535788343,0.2828634296814141,0.2798393891314442,0.3340095080378333,0.3420097990667572,0.3353032487334523,0.3205172684652848,0.3629894783913288,0.3401052950559819,0.3828372157021258,0.283326786554275,0.278346071119241,0.269698893385398,0.3073812091597536,0.3208986073788175,0.2976743412584058,0.3024567781368601,0.3438702300007735,0.3214964828964406,0.2666329244705533,0.2693280373194433,0.3570987925232475,0.359002897380434,0.3322314930779815,0.353642896280196,0.3219830451390373,0.3334000184543165,0.29644685273589,0.3326835663138419,0.2932190155284052,0.3191801787517893,0.32889275912295,0.2961178461349327,0.3509815261712636,0.3447709674820474,0.3409020239116346,0.3344120669947517,0.3248545215601814,0.4251642499270049,0.3070913795461005,0.3157945016878086,0.2972231289252873,0.3590737195915193,0.356536863666776,0.3342515569679467,0.3114568790419061,0.3414572768176185,0.3493022572415788,0.327503931079938,0.3161308328774636,0.3798740550893479,0.324548440386777,0.295945397041853,0.378465508951108,0.3061181631265711,0.3345401080267899,0.3560022333707833,0.3281083928095139,0.4538132996884362,0.2961706063036481,0.3510255743849109,0.3206632030812574,0.2968085611732631,0.2805019844519026,0.3146019871874072,0.2862348190620269,0.2912262190427111,0.3551427276591098,0.3657615299130526,0.3137089298026984,0.3286385049476292,0.3502102174759919,0.3006982395495967,0.364867540096215,0.3248147119072744,0.3440973825848485,0.3064658690889146,0.32889898534933,0.3614545435258464,0.1648148155579506,0.3501749710892264,0.3270490488309927,0.3561021116908198,0.3097108041232957,0.3129884370893207,0.3383247799568292,0.360817733989539,0.3395914153462542
0.3619009966499752,0.3903598877631362,0.3932178526538564,0.264162451523779,0.3629548358801779,0.3321281830010746,0.393670244633948,0.3451289012470193,0.3103007162164435,0.3638448609946435,0.2964340217475863,0.3336247401258629,0.2803462117377746,0.2781858316055837,0.3356623918158509,0.3414077747692401,0.3342736690095704,0.3227793349643108,0.3636643547936778,0.3371763990471643,0.3842748019654719,0.2812261543162564,0.2782251579700426,0.2618459275323281,0.3134047118063734,0.3214587162534635,0.2976832397930497,0.3018176070238053,0.3434840332975096,0.3197977041934855,0.2693538469487849,0.2733217352071754,0.3568057854959175,0.3582047483174737,0.3340360616043031,0.3552000793737189,0.3211048528437051,0.3322961852976067,0.2948800967481663,0.3363824427256046,0.2938392598294718,0.3224771282018219,0.3283417179336441,0.2971758107954105,0.3508797424620082,0.3447554120517953,0.3399741683146732,0.333561848019339,0.3244342382564824,0.4270192277478758,0.2964162732309187,0.3150095917638308,0.2952091938296874,0.3598304229596504,0.3568810225002373,0.3333541936102709,0.3171654643201873,0.3429252811546597,0.3485853128560665,0.3266276328883202,0.3154792522275766,0.3802249360663461,0.3282736420257598,0.3011694507851384,0.3781674644112273,0.3048927475921824,0.3376076001034579,0.3553058215776405,0.3270317076904541,0.4451673759883936,0.2952625302324543,0.3517617709406859,0.3198027122007455,0.2950109165055294,0.2802898674997472,0.3216073132076912,0.2838122910214992,0.2955559017288101,0.3547090736245166,0.3643846923857871,0.3121771668414963,0.3343889951999017,0.3492625675635835,0.2986978279029346,0.3719457520979007,0.3239641308994609,0.3478823388281939,0.3051707369732216,0.3349129774937686,0.3613413780281567,0.162672356506257,0.3479440240011588,0.3260571820033794,0.3523843806701112,0.3087465922176216,0.3114467110986491,0.3441992399203172,0.3617679875705815,0.3421211185949914
0.361601259033385,0.3891283673337284,0.3959352583960255,0.2596008465333309,0.362609570973939,0.3319229733433002,0.3939723424747977,0.3445046703303603,0.3157802444633117,0.3689420020634081,0.2960050571935714,0.3332576211331863,0.2773389889093927,0.2770226670151825,0.3371634941896587,0.3408570611489072,0.3332925867611844,0.3248210012149513,0.3641514276599943,0.3346262811940789,0.384272190805257,0.279465248600727,0.2782711075830431,0.2539376843536499,0.3195537535600247,0.321625456786437,0.2975817070507037,0.3012692442894193,0.3429006239892029,0.318177208199026,0.2730770152292964,0.2781907359315537,0.3563257435921986,0.3573264467825822,0.3355286281924329,0.3565710320351631,0.320038497233848,0.3311774524772714,0.2931514789199226,0.3397108351187941,0.295128129872733,0.3256336127106262,0.3278420663092686,0.2988932876528109,0.3508130512848329,0.3447990193402107,0.33901032680883,0.3327660429715162,0.323789963895464,0.4281042809303332,0.2860796979505273,0.3141596389376742,0.293189310192164,0.3604990163987058,0.3571686054623749,0.3324258939713074,0.3226258764238058,0.3442515836031263,0.34782645690824,0.3258029283408444,0.3149629104713638,0.3799675900549379,0.3318299178809752,0.3065662536455818,0.3778840333740194,0.3035415913952556,0.340147793444084,0.3544906959047047,0.3260383407876795,0.436207035619445,0.2945491455010559,0.3524029438864932,0.3188217175966488,0.2930749453430512,0.2798735836811811,0.3283081018721706,0.2817648977049949,0.3005195413427033,0.3543748891837608,0.3630323714238765,0.3105890646289087,0.3397285997508332,0.3484003958170727,0.296503030357606,0.3784767537112082,0.322782202101274,0.3520980099063525,0.3040363267703982,0.34042277753621,0.3612773302399873,0.1643056542940234,0.3454655834047375,0.3250301206548332,0.3484709775355628,0.3078445074714592,0.3097918255737364,0.349247280030427,0.3624553760532035,0.3445936252946842
0.3613820026774518,0.3879023088092621,0.3982253668723659,0.2553746321782784,0.3623284316519434,0.3316538766638932,0.3942185120719712,0.3439307145878248,0.3208262570246516,0.37337129297247,0.2955018843088289,0.3329600964966183,0.2739014556313573,0.2764979137963245,0.3384837481746451,0.3403594610927224,0.3323432850890311,0.3265557323937262,0.3644491279741412,0.3324173415178472,0.3826452953415761,0.2781702405527017,0.2785948206313119,0.2460308937253212,0.325636504414402,0.3215134088196864,0.297312799809762,0.3007604334224126,0.3421058304289023,0.316622015332162,0.2776994466996267,0.2837944927999141,0.355656258014746,0.3564110600968782,0.3363491951805525,0.357729973648376,0.3187801050695217,0.3300656697812045,0.2913158825945836,0.3426445355991381,0.2970764871778272,0.3285337090482503,0.3273780878529688,0.3012315724066921,0.3507966070538451,0.3449078477335087,0.3380221978771859,0.3320166690252703,0.3229359786227132,0.4284526424229359,0.2764888811304372,0.3132167113877202,0.2912484644588893,0.3610342472426254,0.357361350989115,0.3314506319509161,0.3276918063994092,0.3454371198846271,0.3470476184297005,0.3250273795906516,0.3146064644082599,0.3789802931557541,0.3351667043031281,0.3119467634847989,0.3777222457051538,0.3020319046519446,0.342248494254276,0.3535745084281518,0.325117858171043,0.4271929175252574,0.2940495478562305,0.3529623323644489,0.3177367779432188,0.2910914162345589,0.2792439178295743,0.3345199565334802,0.2802566421842195,0.3059526675061753,0.3541312971149151,0.361720301575201,0.3090016005709057,0.3445529597386755,0.3475996966559658,0.2941300183928788,0.3842901479828815,0.3212949031979593,0.3565415689590833,0.303054710038351,0.3453800533817382,0.3612593695092726,0.1692885084806152,0.3428247688824004,0.3239642664911411,0.3444795386632588,0.3069762699373081,0.3081297912681819,0.3535359183843749,0.362931668093461,0.3468823508316415
0.3612389195671144,0.3866786410306252,0.4000950123778861,0.2513856174314719,0.3621231234826118,0.3312814052001852,0.3943281059978873,0.3434075218046478,0.3253866366695317,0.3772234415722353,0.2947973643743327,0.3327012681979647,0.2701525092178326,0.2767398159486084,0.3395987207307489,0.3399097368899844,0.331407685762084,0.3279031893751237,0.3645446357575938,0.3304980086818064,0.3793118744701484,0.2774596435352258,0.2793251544359751,0.2381982451296923,0.3314908673837664,0.3212729535472137,0.2968331534767241,0.3002317087855571,0.3410961846058949,0.3151280886229681,0.2830592014978872,0.2899514700569179,0.3548024640319465,0.3555017847712109,0.3361948118044727,0.3586692770250681,0.3173386197980034,0.328973874684627,0.2894522324540481,0.3451773778373955,0.2996384695157436,0.331087947796893,0.326935207995222,0.304124206407145,0.3508435348749588,0.3450888220212241,0.3370214962502869,0.3312965615541752,0.3219008016870828,0.4281120691495378,0.2680367357696094,0.312149540464595,0.2894866902969197,0.3613972626520031,0.3574232679356703,0.3304028573442371,0.3322568296681832,0.3464633289335515,0.3462663514663071,0.3242874268611698,0.3143990516591894,0.3771774478975245,0.3382572372456357,0.3171657569634648,0.3777563974276907,0.3003375729450393,0.3439959707580537,0.3525771323768386,0.3242493775131622,0.4183200531035193,0.2937775613462788,0.3534396139046356,0.3165809888730921,0.2891737984854863,0.2784304767395991,0.3401191899265025,0.2794348460367305,0.311667194185246,0.3539628064146475,0.3604484444263115,0.3074793632828348,0.3487994544999328,0.3468244778759914,0.2916209580878699,0.3892668059012115,0.3195381072324749,0.3610154775715095,0.3021925859762002,0.3497796424126741,0.3612831071429727,0.1769997080144795,0.3401074297128095,0.3228538976341729,0.3405181420054808,0.3061067119617457,0.3065869468683853,0.3571570725870134,0.363260470840958,0.3488238862768251
0.3611726001968391,0.3854425491404786,0.4015459823123387,0.2475335926259269,0.3620106632436626,0.330772651444869,0.3942470232857603,0.3429286324807766,0.329456646874705,0.3805875189020042,0.2937850451890307,0.3324157782968063,0.2662598466085114,0.2778424113037575,0.3404837653166539,0.3394945123846936,0.330464949977927,0.328754579653888,0.3644160615528078,0.3288025060142933,0.3743022140776607,0.2774321357581041,0.2806000840196899,0.2305459381097931,0.3369956392516951,0.3210750334365225,0.2961213533411107,0.2996229116464665,0.3398915032822781,0.3136965271751256,0.288957776719731,0.2964631182398781,0.3537743288747876,0.3546362188396977,0.3348577533178709,0.3594051293811838,0.3157357457180336,0.327910713747619,0.2876661040405464,0.3473248212870406,0.3027335866767112,0.3332391034605117,0.3265019183935246,0.3074771875259737,0.3509583708036107,0.3453438970220426,0.3360219316821821,0.3305806226604766,0.3207241762978345,0.4271445099085947,0.2610575673581659,0.310936481593826,0.2880173358385802,0.3615570422150793,0.3573203113223401,0.3292521088206055,0.3362493017677628,0.3473046270959626,0.3454901085678145,0.3235580829129827,0.3143011449119988,0.3745209712918619,0.3410932685303449,0.3221154393005916,0.3780258085818642,0.2984477182537434,0.3454595384753787,0.3515253883903855,0.323406962196612,0.4097130922547021,0.2937368267391764,0.3538330082500584,0.3153937085592914,0.287452050916707,0.2775123072525098,0.3450454635962663,0.2794266357046643,0.317468377334587,0.3538538579870137,0.3592173861924185,0.3060773210893729,0.3524426992327008,0.3460331545694113,0.2890481560252915,0.3933344524766375,0.3175498231589549,0.3653473353317795,0.3013972680689762,0.3536476544721206,0.3613353917175624,0.1866938001534541,0.33739829291431,0.3216979303740584,0.3366749510783702,0.3051919741160782,0.3053021772502147,0.3602157259687127,0.3635141436017394,0.3502460558143926
0.361179953539575,0.3841760510426045,0.402586539951436,0.2437339439594784,0.3620069486552377,0.3301018607520378,0.39394651020118,0.3424836441256091,0.333069223979904,0.3835450967676015,0.2923862116587084,0.3320125943235172,0.2624251667017286,0.2798565771542734,0.3411256042329483,0.3390970006898617,0.329493359904312,0.3290703918306805,0.3640397915984412,0.3272484546574586,0.3677572711268168,0.2781612571379514,0.2825546985053451,0.223216244387271,0.3420765127813162,0.3210931995072806,0.2951740932061562,0.2988751111683748,0.3385318491735659,0.3123272264435048,0.2951823926363781,0.3031356899865436,0.3525932664404196,0.3538408898107115,0.3322505341602519,0.3599654200302142,0.3140062797074809,0.3268863629867059,0.2860846792277969,0.3491181607323736,0.3062479381612793,0.3349631427430004,0.3260623269163123,0.311170153342001,0.3511423698380899,0.3456700988139906,0.3350435563633783,0.3298401423883382,0.319453355439131,0.4256199459916748,0.2558023872762586,0.3095716140003589,0.2869592507999258,0.3614959754836112,0.3570280388190617,0.3279752137837529,0.3396293251653736,0.347937602952711,0.344718254794662,0.3228100671100589,0.3142508496678,0.3710268662397522,0.3436770627829009,0.3267269906745148,0.3785255113183066,0.2963732058187528,0.3466921056969876,0.3504457812928285,0.3225601303735824,0.4014337158435596,0.2939248386747399,0.3541407136178683,0.3142146381242658,0.2860668339932259,0.2766241777672005,0.3492871819634943,0.2803330534733825,0.3231760986672851,0.3537981623958885,0.3580256525647496,0.3048336634081631,0.3554943952310245,0.3451886124973105,0.2865149934056791,0.3964591121566642,0.3153645505511435,0.3693955182628151,0.3006060998863461,0.3570281477696039,0.3613979955816905,0.1976299595118372,0.3347812518749524,0.3205042240896986,0.3330112405855949,0.3041789970926989,0.3044192798033672,0.3628232191933409,0.3637605962521795,0.3509945033804862
0.3612455429285668,0.3828573092697416,0.4032334179113033,0.2399171303258955,0.3621193498745955,0.3292466279087106,0.393416554929056,0.3420591918975902,0.3362861593637907,0.3861600555810021,0.2905428105799807,0.3314022658745575,0.2588751048023694,0.2827828911969879,0.3415322285225374,0.3387000544793728,0.3284747031017979,0.3289701465260399,0.3634057145323141,0.3257488452453701,0.3599188443471541,0.2796904697708149,0.2853023454751468,0.2163850524051435,0.3467039571587353,0.3214922845929629,0.2939996311970138,0.2979317311881863,0.3370613200446308,0.3110185345524152,0.3015176798201772,0.3097855522482004,0.3512947097374139,0.3531279465662413,0.328405150553588,0.3603813335698835,0.3121949543651228,0.3259086705605389,0.2848446535372213,0.3505914240486585,0.3100423833728274,0.3362639447754369,0.3255943623805562,0.3150693374487723,0.3513978409638533,0.3460643366582842,0.334107486551098,0.3290510077651998,0.3181476370550394,0.4236070159770435,0.2524331028157465,0.3080558496394838,0.2864252454951474,0.3612134045951554,0.3565398786396461,0.3265620706478101,0.342393675013535,0.3483424547350093,0.3439491208563928,0.3220180735508226,0.3141715084144605,0.3667664644215115,0.3460161695776761,0.330979618412422,0.3791981608242848,0.2941461891798538,0.3477337584110748,0.3493559741043512,0.3216714729013932,0.3934952892456929,0.294340572206363,0.3543555842129748,0.3130852625556667,0.2851634775322514,0.2759464869521278,0.3528712620778582,0.2822140412410452,0.3286397778710147,0.3537983973009718,0.3568557217703819,0.3037719632178588,0.3579990024499878,0.344263911708358,0.2841521148106017,0.3986405077021753,0.3130106793658503,0.3730420116628995,0.2997490253685963,0.3599719780707401,0.3614580416604244,0.209168847258129,0.3323380873940795,0.3192852205078155,0.3295566785872065,0.3030125307120309,0.3040787683793564,0.3650796938203403,0.3640507160500851,0.3509416985908158
0.3613483240339522,0.3814614689295136,0.4034995672522489,0.2360308470964502,0.362345093189385,0.3281895771768266,0.3926700048765406,0.341640158866883,0.339188082329382,0.3884691422162686,0.2882118390926984,0.3305039973838404,0.2558485107286381,0.2865662007864001,0.3417251135930251,0.3382862612897971,0.3273957407419401,0.3286697418181588,0.3625260938395224,0.3242290435315182,0.3511019403034094,0.2820206442848438,0.2889184440458555,0.2102655909094473,0.3508842671233216,0.3224213169841149,0.2926228690732088,0.2967443976396522,0.3355206769551815,0.3097728771186726,0.3077588524590711,0.316242006363779,0.3499193510615895,0.3524967065685543,0.3234575591975031,0.3606953124478555,0.3103516370568764,0.3249733662666093,0.2840815079052018,0.351775350189846,0.3139671182823532,0.337165112655781,0.3250787872665147,0.3190455354120204,0.3517198553716088,0.3465227341556786,0.3332254073134492,0.3281974664850578,0.3168863286360804,0.4211666712410785,0.2510099962419491,0.3063961765518811,0.2865159635766665,0.3607219104425347,0.3558655694557487,0.3250137871212974,0.3445768371170228,0.3485064330272291,0.3431813531648043,0.3211646824326345,0.3139860467101995,0.3618653613379776,0.3481216566137165,0.3348961880404725,0.3799435620734419,0.2918184530391435,0.3486075385922662,0.3482677412114112,0.3207029422802341,0.3858838441888348,0.2949842097238322,0.3544703411955249,0.3120453265382995,0.284882666973674,0.2756873729646045,0.3558616314408275,0.2850729376404662,0.3337437247047883,0.3538595607804832,0.3556790765666857,0.3028987641768536,0.3600194671174546,0.3432429810467953,0.2821113493501652,0.3999069093618577,0.3105093942685967,0.3761911370787814,0.2987494471774631,0.3625291024499173,0.3615097501610186,0.2207862267796455,0.3301435697134792,0.318053232288871,0.326309473111709,0.3016420206759264,0.3044079724012811,0.3670539353268383,0.364417055163893,0.3500002947738276
0.3614717074802976,0.3799693597308539,0.4033903593616024,0.2320585920852173,0.3626716182918433,0.3269243726179953,0.3917464858584716,0.3412126626417658,0.3418579350892611,0.3904851865347696,0.285368098842327,0.3292391777258653,0.2535721132931247,0.2910979614768693,0.341728291796184,0.3378406905641251,0.326245336732073,0.3283582179703914,0.3614305668778714,0.3226296376822367,0.3416468868612908,0.2851000610373963,0.2934366769158486,0.2051052936238122,0.3546484166777377,0.3240063267888067,0.2910906177298067,0.2952771386601547,0.3339534164441478,0.3085975854133391,0.3137343557710345,0.3223640434002892,0.3485041795243589,0.3519365836277544,0.3176323710860344,0.3609683804601143,0.3085269540308743,0.3240632020037752,0.2839230374287654,0.3527003880117318,0.3178768374964801,0.3377054150003943,0.3245050211674619,0.3229842637014042,0.3520860520080716,0.3470349788334025,0.3323973062742237,0.3272687653709883,0.3157663802017885,0.4183527300627375,0.2514748247764437,0.304621706642875,0.2873144226873395,0.3600421722799056,0.3550246739289736,0.3233412772472648,0.346240625761289,0.348432080812939,0.3424084539788756,0.3202404998521601,0.3136319556019514,0.3564949008085997,0.3500037659627255,0.3385223114903919,0.3806380134545985,0.2894635250694735,0.3493168073476874,0.3471916729506878,0.3196293194714623,0.3785844263423124,0.295852047970084,0.3544876456200296,0.3111211464230812,0.2853467005854504,0.27606563426791,0.3583463168266395,0.2888533163290795,0.338408240244092,0.3539867898343236,0.3544738991378495,0.3021969648758891,0.361620341897213,0.3421227246178945,0.2805613179308295,0.4003024102134604,0.30787388607238,0.3787778110548829,0.2975325055028349,0.3647410356059812,0.3615460971034782,0.2320322948474167,0.3282574567007437,0.3168210072471758,0.3232433400117759,0.3000207134183287,0.3055062496253597,0.3687804262641512,0.3648785870829151,0.3481534024551674
0.3615990384749243,0.378373822772481,0.4029164864767625,0.2280340210912247,0.3630711817977802,0.3254563896096919,0.3906994486150669,0.3407647439748308,0.3443665717337319,0.392208857549386,0.2820037878223513,0.327545926247916,0.2522373162532929,0.2962271867971501,0.3415723891240174,0.3373563363580412,0.325013670375378,0.3281809075059471,0.360159244790813,0.320901318105497,0.3318725751231217,0.2888303800930933,0.2988496716724799,0.2011614896632718,0.3580408792338468,0.3263439597362568,0.2894611105142506,0.2935036445906115,0.3324066507818407,0.3074953386026859,0.3193241791155485,0.3280584865166941,0.3470822027043116,0.3514255009347707,0.3112228686783671,0.361270311195752,0.3067661008275121,0.3231588960589908,0.2844800188211641,0.3533974283954583,0.3216437809203374,0.3379371430166412,0.3238665451028942,0.3267880835606885,0.3524611718153842,0.3475844893036399,0.3316180209284721,0.3262585527618487,0.3148895722659939,0.4152172618990778,0.2536540615864641,0.3027922246759569,0.2888716430343032,0.3592019349675715,0.3540467522871385,0.3215655530074493,0.3474602008067682,0.3481390247226796,0.341616972939879,0.3192438290789189,0.313067264521877,0.3508505701509797,0.3516649148609024,0.3419082480490262,0.3811423420872891,0.2871788832003858,0.3498545911425054,0.3461316196904275,0.3184430053763504,0.3716028110218178,0.2969370342971443,0.3544181138687883,0.3103199894138877,0.2866451657070098,0.2772885724350734,0.3604106175176504,0.2934479915245682,0.342590027127387,0.3541865499819795,0.3532249584242595,0.3016260795469351,0.3628588050267445,0.3409159319182587,0.2796811516450855,0.3998740541722163,0.3051111530735396,0.3807653765931897,0.296036111998714,0.3666319024647836,0.3615532811331409,0.2425130702417788,0.3267192101616526,0.3156019024763004,0.3203165073164541,0.2981039411508434,0.3074272531053562,0.3702710717012666,0.3654408578746382,0.345475880895454
0.3617044792440815,0.3766780202016981,0.4021037914108923,0.2240319127144257,0.3634917128693644,0.3237986765045879,0.3895767969740603,0.340284604630404,0.3467715386099959,0.3936362081422246,0.2781242700874655,0.3254047327067906,0.2519904282786991,0.3017732464849275,0.341302751389948,0.3368364479110122,0.3236975400982514,0.3282968299271962,0.3587638926446394,0.3190109173464793,0.3220482954401721,0.2930804554303501,0.305102863652594,0.1986692921364276,0.3611082309361306,0.3294960305387495,0.2877911261777775,0.2914071662193286,0.3309194502730652,0.3064548832203391,0.3244604596631328,0.3332787794245742,0.3456837008706874,0.350928428120585,0.3045557552845713,0.3616638822804991,0.3051016318240268,0.3222473676025302,0.2858299357897677,0.3538929936689603,0.3251676986332442,0.3379188941883141,0.3231573244240119,0.3303789678366293,0.3528110220492955,0.3481540099053236,0.3308814640652914,0.3251712351640867,0.3143532317887459,0.4118132175970139,0.2572816878131927,0.3009871233537999,0.2911929146391345,0.3582344424365996,0.3529756366429143,0.3197163561319754,0.3483152719299515,0.3476559664154643,0.3407932136654617,0.3181814057124491,0.3122708736855143,0.3451266016717918,0.3530988076536682,0.3451029550070874,0.3813004825260513,0.2850836861584777,0.3502174178609453,0.3450794986263191,0.3171471041221582,0.3649710220758645,0.2982323129485028,0.3542721750094495,0.3096369439041694,0.2888246358609152,0.2795234330803353,0.3621217562796021,0.2987092895678999,0.3462803161931761,0.354464022578366,0.3519096472648271,0.3011293450729855,0.3637834258695671,0.3396481715734447,0.2796436640587136,0.398671456035377,0.3022294023809075,0.3821263651527374,0.2942154004854511,0.3682053453669878,0.3615136634904076,0.2519431931801855,0.3255506365570815,0.3144064675855934,0.317477764389342,0.2958566659584775,0.31016844525396,0.3715231822236537,0.3660926501636307,0.3421273726137439
0.3617583098485046,0.374894439712909,0.4009877025887332,0.2201527529087215,0.363853990626224,0.3219724491298839,0.3884146950274858,0.3397615966755604,0.3491197935339307,0.3947614864012211,0.2737537493498903,0.3228409399787046,0.252927455419721,0.3075386791267426,0.3409723557903124,0.3362926106800752,0.3223047559320752,0.3288624037321092,0.3573086475530111,0.3169542829855049,0.312374354251677,0.2976933945998535,0.3120882632832457,0.1978222262485573,0.3638894805174732,0.333484690185301,0.2861391826839194,0.2889914904223284,0.3295145724780406,0.305453609014741,0.3291181320498553,0.338011130479559,0.3443313111118397,0.3504057286805366,0.2979500943176193,0.3622011456684891,0.3035506205124002,0.3213176088787048,0.2880021551767899,0.3542065064229814,0.3283802902508618,0.3377022699670202,0.322376095067249,0.3337024058146209,0.3531067002666008,0.3487253928966171,0.330177940920839,0.3240243646181935,0.3142493659556131,0.4081903190025264,0.2620207535239481,0.2992960077855253,0.2942399925164716,0.3571723298074819,0.3518650758877801,0.317830086097349,0.3488853879819537,0.3470153062936938,0.3399307023933949,0.317068982040216,0.3112453967128443,0.339500280780196,0.3542970420738791,0.3481488565993702,0.3809494900254226,0.2833123153488951,0.3504115418133116,0.3440231143953529,0.3157519295498763,0.3587394771223527,0.2997282975638677,0.3540621753189634,0.3090604636030734,0.2918827483622532,0.282874989343206,0.3635334241852169,0.3044560237383513,0.3494985781303482,0.3548183719030835,0.3505002991841303,0.3006396244165962,0.3644326603102357,0.3383500309132061,0.2805899440508989,0.3967547714026011,0.2992482085774958,0.3828299388362514,0.2920439382056722,0.3694534053827086,0.3614096134354044,0.2602303760496622,0.3247610044714619,0.3132408645871726,0.3146724263054755,0.293265340571911,0.3136730782693984,0.3725215787414324,0.3668086622414853,0.3383356561452791
0.3617379574601984,0.3730475436469471,0.3996055484700702,0.2165239875666925,0.3640594282590461,0.3200113455571534,0.3872396791541062,0.3391885628376954,0.3514399769770182,0.395583318788156,0.2689489033307717,0.3199130812068814,0.2550825461571608,0.3133266812973984,0.340626552830285,0.3357425314134971,0.3208501502441039,0.3299432142360416,0.3558601083543853,0.3147563757832123,0.3029616410882905,0.3024938710624716,0.3196507168640721,0.1987597499878846,0.3664102450329977,0.3382930150309219,0.2845715523528339,0.2862935344697085,0.3282028563396466,0.3044658073834819,0.3333090241621916,0.3422683786638559,0.3430345829744442,0.3498262700436981,0.2916901375640526,0.3629275264855454,0.3021161736890981,0.3203541854401617,0.2909750890625384,0.3543521463026232,0.3312438467599884,0.3373254262876025,0.3215286435138507,0.3367296124892975,0.3533174705307929,0.3492746541929643,0.3294907871187657,0.3228410595441285,0.3146613994023503,0.4043908856989752,0.2674835829061596,0.2978237771041735,0.2979408917454899,0.3560428753895981,0.3507654180875061,0.3159474031438082,0.3492456991261501,0.3462557009146447,0.3390309607993094,0.3159294575162369,0.3100184232936309,0.3341232850252619,0.355252827918004,0.3510703374300715,0.3799440841468249,0.2820047417705663,0.3504528160756836,0.3429555436133233,0.3142802378900693,0.3529686170537787,0.3014069754069501,0.3538088224655893,0.308567423082063,0.2957656074872438,0.2873746297888113,0.3646872088446378,0.3104841807874745,0.3522818452770345,0.3552406709091383,0.3489821218124448,0.3000846580966042,0.3648308618566324,0.3370528556468079,0.2826104651689422,0.3941951597437964,0.2962035676483092,0.382851374694322,0.2895203001872701,0.370368601870271,0.3612223959385391,0.26750352943771,0.3243456286598869,0.3121087819367217,0.3118526915521373,0.2903417967314941,0.3178356436331693,0.3732471581434606,0.3675600557867444,0.3343866294809818
0.3616245256400779,0.3711705307078465,0.3979992306138433,0.2133071895200871,0.3640026328764955,0.3179599746626579,0.3860629465637331,0.3385588144312972,0.3537344978391291,0.3961143225161614,0.2638028631579635,0.316714899717564,0.2584188292667826,0.3189608235420688,0.3402995641558347,0.3352086070766641,0.3193489733798474,0.3314873945548494,0.3544732121603822,0.3124596126205977,0.2938271642518922,0.3073084314942209,0.3276025953137877,0.2015446545652954,0.3686789235933456,0.3438727269338293,0.2831516542818875,0.2833868478287796,0.326988283232836,0.303463660116726,0.337077476267952,0.3460898779991833,0.3417920116230946,0.3491704536994404,0.2860134075495769,0.3638794561876386,0.3007872656151674,0.3193416704446705,0.294683258224178,0.3543407798388255,0.3337477914103653,0.3368199907496951,0.3206225796233594,0.3394559704794321,0.3534102324299988,0.3497748252201963,0.3287980712623745,0.3216437371104906,0.3156520234389924,0.4004530782771152,0.2732646452723258,0.2966917474479821,0.3021898195927493,0.3548695914442024,0.3497153995590923,0.3141067459593938,0.3494636323043482,0.3454211676485626,0.3380999815215029,0.314788221339003,0.3086347673291617,0.3291097734787735,0.3559587604401901,0.3538661808778515,0.3781759673290483,0.2812947756628177,0.3503677190378534,0.3418713326880125,0.3127676992889198,0.3477222370802078,0.3032438203492514,0.3535362718105056,0.3081201548989941,0.3003696605458523,0.2929722399459762,0.3656020267584409,0.3165860829668286,0.354672228894956,0.3557123593514444,0.3473583370236473,0.2993959960007412,0.3649883167348888,0.3357878776696894,0.2857405223066993,0.3910662449795699,0.2931454802148913,0.3821837265690016,0.2866769084813809,0.3709468453161451,0.3609294691353886,0.2740644911128114,0.3242821357705841,0.3110107646889745,0.3089887562995794,0.2871203643271903,0.3225021878440781,0.3736908507503063,0.3683241136872497,0.3306050275552628
0.3613924633020465,0.3692952419311552,0.3962205361377471,0.2106884273543343,0.3635818482864706,0.3158670434680954,0.3848706585269331,0.3378604848468924,0.3559897877628403,0.396386460624429,0.2584380859447339,0.3133764750759427,0.2628344853034166,0.3242977642268732,0.3400207427226867,0.3347154956908616,0.3178176546540473,0.3333939530193477,0.3531846483978721,0.3101182295953396,0.284921734070812,0.3119873875629589,0.3357352966061354,0.2061384293177889,0.3706841203421916,0.3501492396763345,0.2819260219896454,0.2803830967143048,0.3258653779424701,0.3024134009709956,0.3404884181589096,0.3495316824758668,0.3405972161689267,0.3484249374790825,0.2810997532287918,0.365076623790713,0.2995367277958327,0.3182755837114895,0.2990231996289435,0.3541817194153469,0.3359052672776881,0.3362183249468939,0.3196643970182781,0.3418951132680659,0.3533620220696098,0.3502047792751708,0.3280783713390202,0.3204570282468389,0.3172506882295729,0.3964172238165749,0.2789795365599033,0.29602201396609,0.3068447285099245,0.3536746869294358,0.348744826548683,0.3123356447864198,0.3495965062855938,0.3445515139122632,0.3371459682974188,0.3136686451851493,0.307146268788896,0.3245248910391768,0.3564091299731265,0.3565137089285562,0.3755777704426852,0.2813004524442583,0.3501951121424298,0.3407597532363375,0.3112524130633464,0.3430523421980817,0.305213300500394,0.353262185985035,0.3076764620481324,0.3055480208804719,0.2995309772479807,0.3662742297669743,0.3225709166889325,0.3567077780459004,0.3562031569858652,0.3456396061687932,0.2985168712424803,0.3649086088911428,0.3345817808300392,0.289959101876828,0.38744172614638,0.2901353392464243,0.3808322797690693,0.2835819565952025,0.3711863173263182,0.3605047281418881,0.2803229129091651,0.3245359575901694,0.3099398089345143,0.3060734850186404,0.2836604080436288,0.3274728655809365,0.3738595256370896,0.3690864066656928,0.3273143127989706
0.3610147883678464,0.3674475961688923,0.394327793054836,0.208857789979652,0.3627062536980751,0.3137824868733,0.3836249274436819,0.3370774832543804,0.3581936653472553,0.396448426158079,0.2530030381824804,0.3100398652007582,0.2681793719778251,0.3292327463483747,0.3398130564958669,0.3342871375757378,0.3162780670409713,0.3355775643011111,0.3520131359150762,0.3077994953797109,0.2761725472953982,0.3164109897801134,0.3438286036134252,0.2123982214369335,0.3723987145156458,0.3570175669483151,0.2809271165967658,0.2774402444762622,0.3248183552758006,0.3012781599446166,0.3436095982617442,0.3526500410169409,0.3394411742702314,0.3475854210147283,0.2770596198978105,0.3665191639516685,0.2983240630466613,0.3171651045718595,0.3038551707150061,0.3538866846422107,0.3377477157698715,0.3355493858227568,0.3186636647392684,0.3440693329787582,0.3531691199332651,0.3505490959107984,0.3273164177678118,0.3193089022390781,0.3194489194838231,0.3923267876386898,0.2842926821783541,0.2959203196024031,0.3117413652684022,0.3524766388820292,0.3478766650437732,0.3106485960773035,0.3496880827138548,0.3436760023707924,0.3361791984802849,0.3125902560771572,0.3056093033674653,0.3203854419504279,0.3566095311445209,0.3589767328323301,0.372124435724649,0.2821184350628239,0.3499837759031006,0.3396109406197293,0.3097654357015632,0.3389747329319327,0.3072860799974026,0.3529986769856807,0.3072009960806139,0.3111190290199649,0.3068385326442972,0.3666965691572842,0.3282780143931997,0.3584198404062971,0.3566739418588363,0.3438415808126844,0.2974035972791051,0.3645964306611636,0.3334501727535218,0.2951810746731322,0.3834046386674821,0.2872478652159122,0.3788068461317487,0.2803353688802474,0.3710953867488301,0.3599220715708431,0.2867387898373074,0.3250715381398716,0.3088802214390436,0.303120466027013,0.2800559575347462,0.332517827474688,0.3737733521113923,0.3698394027228982,0.3247961647988538
0.3604787732826084,0.3656511300669633,0.3923761259999813,0.2079988948688289,0.3613030768716976,0.311759410833542,0.3822745118662591,0.3361950309439944,0.360334791121727,0.3963587215494918,0.2476732000774358,0.3068317813764628,0.2742700839929762,0.3337048865730649,0.3396830583755327,0.3339443836395497,0.314753869392852,0.337977815455776,0.3509585143034766,0.305576423150355,0.2675144993284881,0.3204895347267904,0.3516637910148636,0.2200957915279644,0.3737924971462613,0.364340347911639,0.2801810352397541,0.274767327989071,0.3238277994565817,0.3000257797320942,0.3464977039205986,0.3554940174558748,0.3383107576103724,0.3466671468114038,0.2739356749898314,0.3681895178839923,0.2971043257840347,0.3160253906423784,0.3090101182910869,0.3534723095873037,0.3393164196445408,0.3348337610455382,0.317634436580899,0.3460018720638188,0.3528410230325824,0.3507903367398718,0.3265054533234823,0.3182207449624885,0.3221994114724619,0.3882256884731245,0.2889355195202672,0.2964697152891112,0.3167165560434939,0.3512868985667791,0.347119741986738,0.30905188457901,0.349765673856319,0.3428170270583793,0.3352121634893233,0.3115678851718191,0.3040848163394428,0.3166720824986738,0.3565807742343591,0.3612095700431396,0.3678442475785811,0.2838161929465632,0.3497861933257664,0.3384261546366864,0.3083296981593356,0.3354514952502278,0.3094214724661757,0.3527587531797244,0.3066638753403275,0.3168789790250071,0.3146351984510862,0.3668701139905491,0.3335846950408096,0.3598331013215244,0.357084107547316,0.341993752516901,0.2960266869847329,0.3640590068243584,0.3323969894859191,0.3012523587640788,0.3790542617096691,0.2845698773548554,0.3761314139964899,0.2770661610606785,0.3707041188109023,0.3591609978109379,0.2937414784616118,0.3258541373599632,0.3078117331146027,0.3001607229231363,0.2764407085961146,0.3374012352301669,0.3734661005998306,0.3705843424850248,0.3232674475003266
0.3597875155047466,0.3639261599765101,0.3904094476675129,0.2082860875740677,0.3593271439730982,0.309852461673024,0.3807647075141352,0.3351995264488154,0.3623904712141322,0.3961808092433711,0.2426421248806034,0.3038613590796635,0.2809023025012646,0.337699056621994,0.339617979980755,0.3337022804130732,0.3132611328916733,0.3405591283008897,0.3499987503378778,0.3035115554203136,0.2589128082529253,0.3241738037442233,0.3590353879830616,0.2289369046018577,0.3748428181757781,0.3719592865526289,0.2797010547442218,0.2726124669272926,0.3228753974300347,0.2986303858684038,0.3491925575990397,0.3581055427440333,0.3371901247499382,0.3457043042367231,0.2717208691116479,0.3700526125257632,0.2958370160212286,0.3148716714320795,0.314308285824892,0.3529579785619708,0.3406540737201106,0.3340918977953074,0.3165892553465952,0.3477161138327883,0.3523912425301625,0.3509111143450424,0.3256462661616123,0.3171978150889432,0.3254142367289427,0.3841576716525091,0.2927239736522946,0.2977247874148983,0.3216187850021429,0.3501113983510704,0.346461210254356,0.3075448768844057,0.3498421796858301,0.3419931987455081,0.334258928893489,0.3106092300493511,0.3026316155563389,0.3133429047724571,0.3563517020781311,0.3631624412986595,0.3628324235819083,0.2864182157815799,0.3496527400707564,0.3372152687155,0.3069593601645723,0.332391853701395,0.3115695163525285,0.3525536419862396,0.3060344307002547,0.3226232788299208,0.3226403056734843,0.3667967452170077,0.3384133460304204,0.3609631696692548,0.3573937078456362,0.3401390158112474,0.2943784175549031,0.3633053915718156,0.3314185582174142,0.3079619874121964,0.3744999404862859,0.2821878203774718,0.3728579097556809,0.2739303987729073,0.3700625554992636,0.3582112421336623,0.3016522501572206,0.3268429563732341,0.3067119393771156,0.2972395312034057,0.2729826380177799,0.341899708955047,0.3729880129941171,0.3713343766828864,0.322863470820318
0.3589469988709612,0.3622812796804613,0.3884567047196478,0.2098716516583045,0.3567716236900415,0.3081109053473037,0.3790453741435278,0.334073927778119,0.3643295629178688,0.3959832993883266,0.2381020784994689,0.3012201611786762,0.2878653924908361,0.3412357569216219,0.3395938835903504,0.3335674362163408,0.3118061751073426,0.3433230700110525,0.3490909304018266,0.3016479167982018,0.2503915173054999,0.3274630443239196,0.3657559373984775,0.2385752146877147,0.3755337889284783,0.3797103170537749,0.279478877957319,0.2712400809325681,0.3219418535018473,0.2970685973190436,0.3517162061485807,0.3605133409527674,0.3360664902143893,0.3447359680910775,0.2703756974738592,0.3720566690756188,0.2944919766980045,0.3137212731625951,0.3195805732684676,0.3523649359717351,0.3417992712763328,0.3333552960589897,0.315535542298976,0.3492365577368798,0.3518389931273539,0.3509060729740167,0.3247455816174361,0.3162328500702389,0.3289679171689026,0.3801646002406239,0.2955673357423348,0.2996999135942051,0.3263090247453974,0.3489543658011885,0.345871156697567,0.3061151491168776,0.3499218650635446,0.3412148750559248,0.3333327615403703,0.3097128586148249,0.3013002382955924,0.3103454201878194,0.3559539318852952,0.364793270054123,0.3572524315526543,0.2898961795291951,0.3496275157472353,0.3359872712122569,0.3056552532893908,0.3296630558430264,0.3136824445136691,0.3523865751051712,0.3052844915788482,0.3281701451790448,0.3305700189647033,0.3664767718678501,0.3427332091699139,0.3618148239004594,0.3575600281242354,0.3383211098488216,0.2924801084261285,0.3623514597132463,0.3305039101530784,0.315065406639633,0.3698500147678835,0.2801718534297288,0.3690625039499543,0.2711033878881238,0.3692283685285059,0.3570719398082146,0.3106821825225636,0.3279928929864775,0.305554032571958,0.2944106218310915,0.2698748239328795,0.3458147764049757,0.3723998325761685,0.3721105503278869,0.3236181001793392
0.357961480107315,0.3607100749602157,0.3865307608623341,0.2128639321297478,0.3536735036419427,0.3065732342201933,0.3770795394819406,0.332799351713894,0.3661275662496089,0.3958401884885464,0.2342281490555638,0.2989590018364879,0.2949587724218894,0.3443557212973201,0.3395831118369409,0.3335383309276053,0.3103911165098816,0.3462911296278555,0.3481791875621814,0.3000111757229493,0.2420577522586129,0.3303908939082965,0.3716609383908991,0.2486365909469591,0.3758522653771647,0.3874278233198674,0.2794913263184188,0.2709102969306533,0.3210070571416848,0.2953209872691889,0.3540733891600645,0.3627244696445266,0.3349348172314803,0.3437987343152797,0.2698325271470612,0.3741396347858979,0.2930536817497776,0.3125951755560814,0.324679701888897,0.3517209308137548,0.3427835416990647,0.3326618371744571,0.314478835947302,0.3505833785979669,0.3512142501021525,0.3507843814570969,0.3238151589769489,0.3153139823172569,0.3327104540705715,0.3762794259955739,0.2974601995692763,0.3023634205491701,0.3306710934222148,0.3478191328018407,0.3453151166911609,0.3047379908956273,0.3500036471181255,0.340481800862677,0.3324418913512029,0.3088700482560681,0.3001389057037821,0.3076293263909949,0.3554257408990589,0.3660781778531096,0.3513220311102314,0.294173648509713,0.3497447667295175,0.3347498866926265,0.3044036513643792,0.3271001228848593,0.3157212552303898,0.3522568317306726,0.304396715258674,0.333373127935955,0.3381599497821663,0.3659251227788239,0.3465510211924013,0.3623872176534509,0.3575415673067811,0.3365778827958294,0.2903803468854123,0.3612274527173336,0.3296327233360576,0.3223039962166817,0.3652069769298829,0.2785702433367358,0.3648329330385689,0.2687669319023054,0.3682621244819344,0.3557465564594858,0.3209548612489278,0.3292674801954324,0.3043059609273525,0.2917279453450316,0.2673261083466943,0.3489888250676364,0.371758609910587,0.372930066024854,0.3254556254527033
0.356842054135389,0.3591982891008129,0.3846281850733737,0.2173128355050545,0.3501080802298631,0.3052664186372247,0.374848610080409,0.3313631638749068,0.3677661022278529,0.3958239217584411,0.2311687524303866,0.2970700224920046,0.3020073381696246,0.3471132600837074,0.339555685833697,0.3336080763336065,0.3090143608517227,0.3494509075138295,0.347205525340937,0.2986108987000337,0.2340994429946725,0.3330033406821839,0.3766193641049288,0.2587579537120659,0.3757935152009191,0.3949433487035397,0.2797104260176959,0.2718582641601103,0.3200562796862411,0.2933783136565137,0.3562525993635148,0.3647283691597302,0.3337975938591523,0.3429316394595523,0.2699969343521137,0.3762367289841546,0.2915227283059572,0.3115119717130562,0.3294823773196628,0.3510621385561396,0.3436299290133816,0.3320416678555307,0.3134235994192171,0.3517648083188814,0.3505520429770065,0.3505599203418685,0.3228696361215308,0.3144225067753595,0.336482745879715,0.3725206503218104,0.2984672529947771,0.305643888615999,0.3346274840151614,0.3467059517917538,0.3447607389265228,0.3033845134903944,0.3500807516660418,0.3397897285775762,0.3315861960033733,0.3080682202914941,0.2992032066902191,0.3051570508308409,0.3548129180490634,0.3670129073869878,0.3452943601684065,0.2991380954752891,0.3500260460066074,0.3335153406903945,0.3031803873363919,0.3245195650073691,0.3176539758104023,0.3521677879779076,0.3033657787177176,0.3381219576630415,0.3451958385704484,0.3651807080727821,0.3498973034296588,0.3626825561646037,0.3573116886310182,0.3349429336924414,0.2881493180610795,0.3599777114645392,0.3287800254319015,0.3294218225202346,0.3606660706539552,0.2774110018689643,0.3602664040716972,0.2670973714810477,0.3672305316335074,0.3542422198252501,0.3324132795142053,0.3306439035543063,0.3029353907373976,0.2892386256975419,0.2655467061330004,0.3513225931473806,0.3711084283930756,0.3737977409645091,0.3282043348961931
0.3556098910660174,0.3577297626250628,0.3827288601405977,0.2232061411191658,0.3461761728664984,0.3042070187904371,0.3723541053116186,0.3297638363600246,0.3692162723841239,0.3959953116263908,0.229033798761855,0.295502593357926,0.3088748770910954,0.3495732557476296,0.3394813259973152,0.3337656775626568,0.3076632437569676,0.3527268257736343,0.3461170067964732,0.2974374165641144,0.2267590880844889,0.3353537256953703,0.3805395586034402,0.2686211774552053,0.3753707251379751,0.4020925190242581,0.2801006779987272,0.2742650094942898,0.3190836849522593,0.2912428276942418,0.3582289963995643,0.3665095575677741,0.3326620859648486,0.3421738040526947,0.2707585081154599,0.3782833614160657,0.2899132709878492,0.3104806568135742,0.3338937990254726,0.3504258204642716,0.3443532482937448,0.3315152389737334,0.312367868275205,0.3527784841542444,0.3498807366834168,0.3502485509592487,0.3219228550136216,0.3135263546338273,0.3401252802624131,0.3688945891548292,0.2987088459347195,0.3094380071636386,0.3381400303144129,0.3456099421234387,0.344176162440179,0.3020283246355568,0.3501419603886034,0.3391367606090211,0.3307577827209246,0.3072911387283519,0.298553383820239,0.3029084197555765,0.3541590054566355,0.3676108581381389,0.339442576444203,0.3046459407119326,0.3504789643440328,0.3322984385897978,0.3019527460111063,0.3217462325989161,0.3194567978495466,0.3521249239074948,0.3021964737692944,0.3423463603450121,0.351533227914551,0.364291804940115,0.352818486996023,0.3627090223592281,0.35686552103832,0.3334411900878726,0.2858788387835779,0.358652048372271,0.3279259704233854,0.3361893246418165,0.356310191123506,0.2766959011316834,0.3554718994659819,0.2662538853591282,0.3662005912977755,0.3525760686866561,0.344648374011463,0.3321021812101439,0.3014170419296223,0.2869782766236889,0.2647289620347392,0.3527811405426961,0.370480138026966,0.3747074171500954,0.3316177049182242
0.3542875131987538,0.3562839837449756,0.380797223253979,0.2304670940062292,0.3419935743142565,0.3034022969031383,0.3696223556836326,0.3280105912672414,0.3704339430744158,0.3964028254497908,0.2278809977750378,0.2941845966837452,0.3154709923872784,0.3517970759474441,0.3393348648815579,0.3339961943622486,0.3063106363141548,0.3560140001783339,0.3448675303791474,0.2964644751148461,0.2203049234661614,0.3375052780431846,0.3833630503385591,0.2779687393558777,0.3746129710495419,0.408727127687169,0.2806158663075673,0.2782259617494157,0.3180905605736914,0.2889259192193917,0.3599711164316909,0.3680518137795967,0.3315385113839402,0.3415481242641893,0.2720041546787157,0.3802182010357541,0.2882508386212981,0.3095005959048331,0.3378558517561864,0.3498434983917884,0.3449616499348194,0.3311025418920812,0.3113009575552026,0.353620019773857,0.3492188336242741,0.3498765187618915,0.3209864604370013,0.3125843137292233,0.3434848558563237,0.365397066925305,0.2983402290942411,0.3136146808398919,0.341197851362802,0.3445209442531519,0.3435300519334825,0.3006449364532373,0.3501758303786901,0.3385215989126284,0.3299443317072994,0.3065172066928922,0.2982441444123512,0.3008826537571916,0.3534978093693182,0.3679053669144088,0.3340427326775644,0.3105235194437325,0.3510979011013995,0.3311083460515679,0.3006787140477065,0.318644943495695,0.3211220117153273,0.3521297340668468,0.3009094850703846,0.3460254787142325,0.3570953180999036,0.3633012250216598,0.3553702867582254,0.3624790926015953,0.356212496539419,0.3320787816001476,0.2836855294959129,0.3572994171385643,0.3270588698076086,0.3424264566961906,0.3522035126704674,0.2763877977952789,0.3505602463543074,0.2663633799808753,0.3652247952883752,0.3507782098641226,0.3568828151494189,0.3336162941729415,0.2997388856367778,0.284966755592858,0.2650316053789674,0.3533859642422326,0.3698922238735679,0.3756449428689471,0.3353935391522507
0.3528920528642822,0.3548337901193297,0.3787887176357593,0.238952742520772,0.3376846575312286,0.3028504464386599,0.36670799565031,0.3261233081375431,0.371372139218188,0.397090926455162,0.227709934106722,0.2930196575033852,0.3217465203987199,0.3538254791548199,0.3390998599044537,0.3342838605841491,0.3049203038450568,0.3592359760801356,0.3434203563273212,0.2956601666584377,0.2150050518973043,0.3395175102709641,0.3850579777524397,0.2866107248802143,0.3735543053513414,0.4147208074615415,0.2812095387613867,0.2837314500381875,0.3170859728599955,0.2864522500364573,0.3614504747926335,0.3693346957191349,0.330438566951247,0.3410521238827309,0.2736198080637022,0.3819915533389164,0.2865732928025011,0.3085646533467922,0.3413479020931876,0.3493445029252743,0.3454586068546109,0.330823201047098,0.3102074514944974,0.3542863725249221,0.3485793143107953,0.3494800935355731,0.3200714523173656,0.3115581739058979,0.3464286971524981,0.3620060884659891,0.2975257338945846,0.3180237532880801,0.3438132130988971,0.3434258053613732,0.342798371024796,0.2992119044820306,0.3501730365933537,0.3379407798818958,0.3291319208718639,0.3057209499039771,0.2983243803988262,0.2990995187501971,0.3528580090521362,0.3679510811600665,0.329344066082215,0.316579051931556,0.351867064345959,0.3299457885107464,0.2993120274331705,0.3151390589338864,0.3226635132440252,0.3521834850022496,0.2995498744657048,0.3491855748101442,0.3618630548739532,0.3622520606294276,0.3576023734734407,0.3620123896260521,0.3553699695241408,0.3308416864899359,0.2817086834912685,0.3559684981214696,0.3261698082832009,0.3480086313707754,0.3483890314327111,0.276409700178065,0.3456292804828794,0.2675059222629889,0.3643366032549579,0.3488840550663462,0.3681845018457473,0.3351605521303816,0.2979081576587485,0.2832047459586133,0.2665684748333213,0.3532057359346535,0.3693499965863075,0.3765832479641988,0.3392008636506403
0.3514372423511428,0.353350505379734,0.3766595108729875,0.2484611012377641,0.3333736442233049,0.3025388263594429,0.3636838897677424,0.3241320251588637,0.3719867198319904,0.3981017592865385,0.2284663351674625,0.2918862768135997,0.3276828044499634,0.3556797437176009,0.3387691301277493,0.3346162024274746,0.3034524455328764,0.3623662862870371,0.3417572929500372,0.2949961764222292,0.211094395604541,0.3414264042193688,0.3856229861803448,0.2944329649946514,0.3722302914482209,0.4199701302581698,0.2818456800658108,0.2906631547701394,0.3160891336577545,0.2838689784584085,0.3626490386472029,0.3703384651960614,0.3293727933849362,0.3406669225556173,0.2754835521053301,0.3835719964797946,0.2849285080422304,0.3076575061594347,0.3443766833047329,0.3489599579430206,0.3458455932711221,0.3306857858370515,0.309068844203241,0.3547725889664282,0.3479693265815687,0.3490913522800978,0.3191872248354918,0.3104179053371909,0.3488608865916672,0.3586752273384204,0.2964234253622625,0.322511705539006,0.3460246004082791,0.3423114788092544,0.3419717107628787,0.2977152145935846,0.3501257575152776,0.3373919407546558,0.3283064048348313,0.3048762998676407,0.2988442704458556,0.2975943700002477,0.3522682136810027,0.3678166400804755,0.325531323771789,0.3226260129001811,0.3527656820604721,0.3288064596239949,0.2978126654933068,0.3112135857878302,0.3241155072612418,0.3522948080348521,0.2981869176243268,0.3518800268013189,0.3658694588154899,0.36119528035943,0.3595422623960081,0.3613417413898879,0.3543693488602623,0.32970284462012,0.2801032807802857,0.3547074271707648,0.3252502130950587,0.3528603362183204,0.344887387494694,0.2766608375787219,0.3407618902401176,0.2697084435647205,0.3635587697338401,0.346925584348178,0.3776902208728327,0.3367189546221255,0.2959571007179339,0.2816745428673784,0.269393410965042,0.35235230217955,0.368847942092437,0.3774764783550572,0.3427149653944147
0.349935312638013,0.3518111290193376,0.3743724619095934,0.2587469853451513,0.3291723267382876,0.3024436664403635,0.3606228450707608,0.3220727694199527,0.3722306569449133,0.399465372317994,0.2300518904597593,0.2906635408011253,0.3332854268759005,0.3573755815547191,0.338346130537842,0.3349829584859288,0.3018659866188046,0.3654053134587528,0.3398883661960375,0.2944518501780964,0.2087378315886101,0.3432441037094146,0.3850915406921156,0.301398150661529,0.3706831780714426,0.424399008466405,0.2824969857284135,0.2988016702697978,0.3151244896652682,0.2812487087177783,0.3635613185711509,0.3710574967964037,0.3283486025031876,0.3403657347979132,0.2774656153064101,0.3849436704073797,0.2833640531130398,0.3067528028995965,0.3469666249343303,0.3487137324020077,0.3461254176455843,0.330685697967411,0.3078615346606591,0.3550730045501543,0.3473851804958341,0.3487316154610299,0.3183364692346593,0.3091390598825316,0.350727291068956,0.3553402682342836,0.295180653875316,0.3269354942409255,0.3478876390437609,0.3411651157407605,0.3410568835757218,0.2961550539607063,0.3500294845108005,0.3368775830790965,0.3274542149709582,0.3039559134316662,0.2998501414392308,0.2964065512700292,0.3517512241171798,0.3675740666937045,0.3227003502590027,0.3285014482111629,0.353773650491445,0.3276831030963654,0.2961528691113421,0.3069147930256,0.3255308123467396,0.352475735337403,0.2969096487447873,0.3541718372285805,0.3691897103572286,0.3601791496944259,0.3611953937716785,0.3605113799645419,0.3532614897344023,0.3286251928476275,0.2790331321826902,0.3535574579109474,0.324297033876517,0.3569562808863884,0.341693524490977,0.2770314691890099,0.3360324136865405,0.2729458858412224,0.3629062110912696,0.3449327097576952,0.3846838544821206,0.3382832628658704,0.2939457324413027,0.2803452514808946,0.2734833377869186,0.3509734973040762,0.3683754457047497,0.3782663774635842,0.345641089373054
0.3483952007818523,0.350200870107581,0.3718986396338012,0.26953991725959,0.3251711339710646,0.3025362787404441,0.3575903838881853,0.3199844793486345,0.3720591327314575,0.4011932136267703,0.2323372383388559,0.2892538143484531,0.3385812570354431,0.3589242701785324,0.3378460852089946,0.335371819004844,0.3001246600786431,0.3683542632260411,0.3378496729025081,0.2940204416286702,0.2080080502001953,0.3449709881948692,0.3835243737381034,0.3075311227857999,0.3689618573155956,0.4279620059834347,0.2831448934395122,0.3078430338931579,0.3142135939330416,0.2786856562305836,0.3641940748184626,0.3715057570013106,0.327370800013219,0.3401095881076401,0.2794390091063498,0.3861011801997312,0.2819168315683245,0.3058180179335089,0.3491577355825047,0.3486098846285879,0.3463039219728704,0.3308152217101382,0.3065611858816304,0.3551891469091812,0.3468130787788974,0.3484206907919431,0.3175130183548244,0.307704630236884,0.3520086439834373,0.3519315132455756,0.2939253451720495,0.3311715388824737,0.3494551519539522,0.3399718327950501,0.3400737974059342,0.2945457871333933,0.3498881654873582,0.3364031993630605,0.3265630922208627,0.3029289782361003,0.3013644782696346,0.2955707307606188,0.3513174356387649,0.367294558929401,0.3208571199991883,0.3340713307725654,0.3548760707355942,0.3265654145574284,0.2943171193325126,0.3023489467671745,0.3269808682416076,0.3527298050456693,0.2958283575071868,0.3561315733607735,0.3719200976481925,0.3592365097135144,0.3625573083584784,0.3595675590396185,0.3521065334802326,0.3275621483526181,0.2786619626537827,0.3525470576707935,0.3233164816771149,0.3603277437427091,0.3387759808093063,0.2774047225799229,0.3315060507000333,0.2771425260122181,0.3623801602091007,0.3429386355887011,0.3886630850979253,0.3398465540523191,0.291962028220309,0.2791773480869808,0.2787353777603918,0.3492358236875629,0.3679217505037121,0.3788976410935898,0.3477207184674979
0.3468234456775466,0.3485121983815665,0.369221385384108,0.2805635985259003,0.3214356514189699,0.302790864218708,0.3546475128890627,0.3179106558167192,0.3714486442934919,0.4032812673391287,0.2351753667040391,0.2875770597768607,0.3436088620931275,0.3603212484781008,0.3372921112310102,0.3357691982283299,0.298207427431307,0.3712205810131179,0.3356910883675789,0.2937183915079978,0.2088846387810561,0.3465955071629397,0.3809980265091518,0.3128967219458966,0.3671151611747967,0.4306391462705267,0.2837912873918622,0.3174239741524647,0.3133768700011541,0.2762951854526243,0.364567345780159,0.3717108634961854,0.3264418651892907,0.3398463864155021,0.2812895541880538,0.3870521269776256,0.2806115715149695,0.3048232963261217,0.3510024941383378,0.3486359912931138,0.3463886552038117,0.3310674790133939,0.305153812267087,0.3551336621979519,0.3462354122179587,0.3481804977753443,0.316706232858201,0.3061131219018929,0.3527150068543733,0.3483770835155477,0.2927567845790592,0.3351240481194548,0.3507684224095426,0.3387174877690143,0.3390505525673483,0.292915765870228,0.3497153830781201,0.3359733848063963,0.325623981579577,0.301766848963364,0.3033710829802216,0.2951157509456051,0.3509695866108535,0.3670475581235859,0.3199246894972354,0.3392324461215975,0.3560660460235507,0.3254412575079467,0.2923040825992237,0.2976700551335739,0.3285505383260058,0.3530481261663053,0.2950756982721857,0.3578340600572557,0.374157177039563,0.3583891037264,0.363617595395064,0.3585546801884529,0.3509577106648983,0.326466454415537,0.2791381975602591,0.3516924290814315,0.3223198683882528,0.3630512437982895,0.3360836978951946,0.2776589846046239,0.3272353466227485,0.2821726911521846,0.3619709838367972,0.3409771181232513,0.3894983551308471,0.3414039521577516,0.2901222497294964,0.2781233186825809,0.2849831381748373,0.3473043901615447,0.3674809402726224,0.379326719059801,0.3487385445957626
0.3452276431702151,0.346743667408561,0.3663437782051925,0.2915579619968527,0.3180039068298871,0.3031839211624133,0.3518438232837976,0.3158976184003121,0.3704060990607908,0.4057078857725387,0.2384108224945562,0.2855656245354031,0.3484030270068573,0.361547758502189,0.3367083801056058,0.3361648611146281,0.2961144103537751,0.3740356023448301,0.3334694850270584,0.2935879723310677,0.2112626212558078,0.3480875947625068,0.3776023137305401,0.3175822933161131,0.3651909474686626,0.4324286784469559,0.2844648870449653,0.3271531891161224,0.3126405927303466,0.2742169767302795,0.364715149214538,0.3717096905196472,0.3255593365083183,0.3395246968337556,0.2829191171633646,0.3878217983710433,0.2794634870997864,0.3037425990909123,0.3525552051521595,0.3487779489020726,0.3463872552862123,0.331429199202371,0.3036409163013801,0.3549266396406936,0.3456329817683147,0.3480219446092429,0.3159046663835846,0.3043822656925866,0.3528858081554611,0.3446011570332279,0.2917530139617119,0.3387297832002423,0.3518634423746499,0.3373979159116086,0.3380173926857046,0.2913110850651795,0.3495285375900497,0.3355900935129406,0.3246351609141437,0.3004560676298814,0.3058168430560855,0.2950633896714342,0.3507111736785528,0.3668944280213221,0.3197440010243924,0.343917974841401,0.3573444700908781,0.3242985815985552,0.2901321219340029,0.2930560749625676,0.3303260434772515,0.353414706916784,0.2947951326854255,0.3593405780519398,0.3759867929626082,0.3576554467360038,0.3643549356602178,0.3575191129110691,0.3498570841695648,0.325303060992019,0.2805780092584003,0.3509999157976912,0.321317043892205,0.3652188550327391,0.3335555872633691,0.2776838120106969,0.3232665576852014,0.2878675515775784,0.361671457005783,0.3390746881820514,0.387498970356286,0.3429565068509733,0.2885688465576688,0.2771282366612241,0.2920165110285184,0.34533104427017,0.3670588924542975,0.3795211836018228,0.3485367888113038
0.3436159363783929,0.3448993719056528,0.3632909894382806,0.3022968567407115,0.3148859652066481,0.3036889033459961,0.3492021729140259,0.3139840323224815,0.3689619480648144,0.4084186192996751,0.2418872338221026,0.283182820561521,0.3529847064744735,0.3625881517829504,0.3361169104812365,0.3365508191916119,0.2938677462517489,0.3768361385710108,0.331251692245579,0.293690074287308,0.2149632835276566,0.3494081067032703,0.3734422356658611,0.3216828333904899,0.3632412120379094,0.4333472368800907,0.285212581744524,0.3366466323355513,0.3120315378081329,0.2726104285781964,0.3646826546006484,0.3715494728199944,0.3247142975593444,0.3391056902071683,0.2842490955861421,0.3884479119953738,0.2784763914295712,0.3025486780043381,0.3538634455204943,0.3490232987722975,0.3463083321841618,0.3318792889767697,0.3020361931009213,0.3545934512406466,0.3449837718093009,0.347935702615585,0.3150939018940181,0.3025462584024032,0.3525851125371663,0.3405303890831683,0.2909850349180123,0.3419538429249472,0.3527724564139353,0.3360232890566798,0.3370011093094129,0.2897978543827257,0.3493438868202413,0.3352511625492725,0.3236054432167771,0.2990058187448819,0.3086192663655655,0.2954229327371914,0.3505458385927281,0.3668804065007285,0.3200818246331601,0.3481002859372802,0.358715962131452,0.3231273318032175,0.2878427237088166,0.288687732055146,0.3323843299195609,0.3538092951717687,0.2951226751939096,0.3606850096270244,0.3774761681265011,0.3570452006886384,0.3647436720366823,0.3565072280572592,0.3488412506160499,0.324053003588452,0.2830541388169725,0.3504655129869261,0.3203137588310394,0.3669179688384207,0.3311261706393988,0.277397695796641,0.3196497874170409,0.2940306794720968,0.3614807266632153,0.337249167932422,0.3832343146538561,0.3445100018356434,0.2874596673720641,0.2761350965690957,0.2995932880463531,0.3434509382991673,0.3666774928978709,0.3794619760771409,0.3470194331223781
0.3419948087811539,0.3429894877968993,0.360104668605738,0.3125956554724996,0.3120722536471969,0.3042791573419614,0.3467174768285671,0.3121924615851206,0.3671693586902123,0.4113141015374885,0.245459565877801,0.2804359776923829,0.3573589486935035,0.363436959671707,0.3355377591347857,0.3369148192313929,0.2915162288774339,0.3796084482913788,0.3291119949205305,0.2940955221343791,0.2197542723353037,0.350526836771698,0.3686344628354628,0.325282430597839,0.3613203509722632,0.4334327464960135,0.2860938370337875,0.3455642700063933,0.3115621281379792,0.2716388767767837,0.3645203671309685,0.3712849753959737,0.323895778258025,0.3385603618677422,0.2852291776083498,0.3889678541858349,0.2776387394453499,0.3012156968596693,0.354970299751827,0.3493497903973832,0.3461628001718193,0.3323992523379261,0.3003664832974967,0.3541676126358803,0.3442673784146223,0.3479017868349413,0.3142550439099423,0.3006558863479928,0.3518878680791684,0.3361049278579995,0.2905131089994195,0.3447829088636607,0.3535139156725758,0.3346104664912601,0.3360226888482887,0.2884589637598022,0.3491783658158952,0.3349488183587547,0.322551536235722,0.2974442265131271,0.3116689056727684,0.2961889727634509,0.3504720403628797,0.3670348485580749,0.32066367724897,0.3517848729120547,0.3601838411962917,0.3219229730218778,0.2855012674363785,0.2847354688230022,0.3347883093474788,0.3542044263997836,0.2961757051177799,0.3618819909349737,0.3786647078167749,0.3565530667190418,0.3647743919674929,0.3555541505474455,0.3479410947269527,0.3227105758980518,0.2865891772743021,0.3500761507928925,0.3193114912271174,0.3682315522722258,0.3287292008434923,0.2767519509892232,0.3164388275729888,0.3004568878842007,0.3613955876996038,0.3355137119008552,0.3773074857885534,0.3460726299525511,0.2869496848723311,0.2750917877286762,0.3074518342808234,0.341780522843231,0.3663718649100783,0.3791526854304054,0.3441407261890922
0.3403719856516508,0.3410303882304946,0.3568371179243366,0.322314764200779,0.3095447492180139,0.3049365406668817,0.3443701376687274,0.3105321481894575,0.3651153428651269,0.4142530123563588,0.2490058138659435,0.277361635819761,0.3615129320105029,0.3640890127511956,0.3349869759987969,0.3372397415178663,0.289142806545818,0.3822560883883944,0.3271162029274109,0.2948792775562153,0.2253818840017003,0.3514252745194549,0.36330213976611,0.328438338224429,0.3594771793870828,0.4327420024461403,0.2871871966239306,0.3536391795991495,0.3112272534256136,0.2714521209655223,0.3642774127771798,0.3709700258358783,0.3230964474986079,0.3378671311947826,0.2858442042249177,0.3894116533605301,0.2769244484894269,0.2997310526283883,0.3559178146136919,0.349721740014503,0.3459627038409817,0.3329792783206823,0.2986807486401072,0.3536901446290519,0.3434728068927871,0.3479008371197608,0.3133688957691636,0.298782884364708,0.3508679194840182,0.3312794114157588,0.2903739592140651,0.3472245137944881,0.3540873157949861,0.3331748078360536,0.3350970062504369,0.287389701851477,0.3490518422798085,0.334670993163869,0.3214914376028409,0.2958153326879644,0.3148316591600374,0.2973462598169481,0.350484095766791,0.3673772553931357,0.3212196193504902,0.3550006341675509,0.3617479461927855,0.3206885943339397,0.2831977014503977,0.281343126691209,0.3375821382145466,0.354563725872187,0.2980446653471753,0.3629404337507028,0.3795636073998249,0.3561680990262523,0.3644648079449616,0.3546784894255041,0.3471721752724227,0.3212846398592485,0.2911477560368989,0.3498165079021825,0.3183070288259255,0.3692372673576738,0.326304049752369,0.2757280935096313,0.313685091562656,0.3069482164523417,0.3614095415328607,0.3338772915944196,0.3703127275285586,0.347657101912599,0.2871750233682925,0.2739527388719561,0.3153348598635322,0.3404138047530649,0.3661844976481154,0.3786245933442504,0.3398984236352236
